0.589896267158	600
time	pressure	humidity	temperature
150.811042471	1007.04125977	36.1071586609	33.2156677246
150.811042472	1007.04125977	36.1071586609	33.2156677246
150.811042472	1007.04125977	36.1071586609	33.2156677246
150.811042472	1007.04125977	36.1071586609	33.2156677246
150.811042473	1007.04125977	36.1071586609	33.2156677246
150.811042473	1007.03710938	36.1071586609	33.2156677246
150.811042473	1007.03710938	36.1071586609	33.2156677246
150.811042474	1007.03710938	36.1071586609	33.2156677246
150.811042474	1007.03710938	36.1071586609	33.2156677246
150.811042474	1007.03710938	36.1071586609	33.2156677246
150.811042474	1007.03710938	36.1071586609	33.2156677246
150.811042474	1007.03710938	36.1071586609	33.2156677246
150.811042475	1007.03710938	36.1071586609	33.2518081665
150.811042475	1007.03710938	35.3530006409	33.2518081665
150.811042475	1007.03710938	35.3530006409	33.2518081665
150.811042475	1007.03710938	35.3530006409	33.2518081665
150.811042476	1007.03710938	35.3530006409	33.2518081665
150.811042476	1007.03710938	35.3530006409	33.2518081665
150.811042476	1007.03710938	35.3530006409	33.2518081665
150.811042476	1007.03710938	35.3530006409	33.2518081665
150.811042477	1007.03710938	35.3530006409	33.2518081665
150.811042477	1007.03173828	35.3530006409	33.2518081665
150.811042477	1007.03173828	35.3530006409	33.2518081665
150.811042477	1007.03173828	35.3530006409	33.2518081665
150.811042478	1007.03173828	35.3530006409	33.2518081665
150.811042478	1007.03173828	35.3530006409	33.2518081665
150.811042478	1007.03173828	35.3530006409	33.2518081665
150.811042478	1007.03173828	35.3530006409	33.2518081665
150.811042479	1007.03173828	35.3530006409	33.2518081665
150.811042479	1007.03173828	35.3530006409	33.2518081665
150.811042479	1007.03173828	35.3530006409	33.2518081665
150.811042479	1007.03173828	35.3530006409	33.2518081665
150.811042479	1007.03173828	35.3530006409	33.2518081665
150.81104248	1007.03173828	35.3530006409	33.2518081665
150.81104248	1007.03173828	35.3530006409	33.2518081665
150.81104248	1007.03173828	35.3530006409	33.2518081665
150.81104248	1007.03173828	35.3530006409	33.2518081665
150.811042481	1007.03173828	35.3530006409	33.2518081665
150.811042481	1007.03051758	35.3530006409	33.2518081665
150.811042481	1007.03051758	35.3530006409	33.2518081665
150.811042481	1007.03051758	35.3530006409	33.2518081665
150.811042482	1007.03051758	35.3530006409	33.2518081665
150.811042482	1007.03051758	35.3530006409	33.2518081665
150.811042482	1007.03051758	35.3530006409	33.2518081665
150.811042482	1007.03051758	35.3530006409	33.2518081665
150.811042482	1007.03051758	35.3530006409	33.2518081665
150.811042483	1007.03051758	35.3530006409	33.2156677246
150.811042483	1007.03051758	38.2505493164	33.2156677246
150.811042483	1007.03051758	38.2505493164	33.2156677246
150.811042484	1007.03051758	38.2505493164	33.2156677246
150.811042484	1007.03051758	38.2505493164	33.2156677246
150.811042484	1007.03051758	38.2505493164	33.2156677246
150.811042484	1007.03051758	38.2505493164	33.2156677246
150.811042484	1007.03051758	38.2505493164	33.2156677246
150.811042485	1007.03686523	38.2505493164	33.2156677246
150.811042485	1007.03686523	38.2505493164	33.2156677246
150.811042485	1007.03686523	38.2505493164	33.2156677246
150.811042485	1007.03686523	38.2505493164	33.2156677246
150.811042486	1007.03686523	38.2505493164	33.2156677246
150.811042486	1007.03686523	38.2505493164	33.2156677246
150.811042486	1007.03686523	38.2505493164	33.2156677246
150.811042486	1007.03686523	38.2505493164	33.2156677246
150.811042487	1007.03686523	38.2505493164	33.2156677246
150.811042487	1007.03686523	38.2505493164	33.2156677246
150.811042487	1007.03686523	38.2505493164	33.2156677246
150.811042487	1007.03686523	38.2505493164	33.2156677246
150.811042487	1007.03686523	38.2505493164	33.2156677246
150.811042488	1007.03686523	38.2505493164	33.2156677246
150.811042488	1007.03686523	38.2505493164	33.2156677246
150.811042488	1007.03686523	38.2505493164	33.2156677246
150.811042488	1007.03686523	38.2505493164	33.2156677246
150.811042489	1007.04199219	38.2505493164	33.2156677246
150.811042489	1007.04199219	38.2505493164	33.2156677246
150.811042489	1007.04199219	38.2505493164	33.2156677246
150.811042489	1007.04199219	38.2505493164	33.2156677246
150.81104249	1007.04199219	38.2505493164	33.2156677246
150.81104249	1007.04199219	38.2505493164	33.2156677246
150.81104249	1007.04199219	38.2505493164	33.2156677246
150.81104249	1007.04199219	38.2505493164	33.2156677246
150.811042491	1007.04199219	38.2505493164	33.2156677246
150.811042491	1007.04199219	38.2505493164	33.2156677246
150.811042491	1007.04199219	38.2505493164	33.1795349121
150.811042491	1007.04199219	34.2660369873	33.1795349121
150.811042492	1007.04199219	34.2660369873	33.1795349121
150.811042492	1007.04199219	34.2660369873	33.1795349121
150.811042492	1007.04199219	34.2660369873	33.1795349121
150.811042492	1007.04199219	34.2660369873	33.1795349121
150.811042492	1007.04199219	34.2660369873	33.1795349121
150.811042493	1007.05053711	34.2660369873	33.1795349121
150.811042493	1007.05053711	34.2660369873	33.1795349121
150.811042493	1007.05053711	34.2660369873	33.1795349121
150.811042494	1007.05053711	34.2660369873	33.1795349121
150.811042494	1007.05053711	34.2660369873	33.1795349121
150.811042494	1007.05053711	34.2660369873	33.1795349121
150.811042494	1007.05053711	34.2660369873	33.1795349121
150.811042494	1007.05053711	34.2660369873	33.1795349121
150.811042495	1007.05053711	34.2660369873	33.1795349121
150.811042495	1007.05053711	34.2660369873	33.1795349121
150.811042495	1007.05053711	34.2660369873	33.1795349121
150.811042495	1007.05053711	34.2660369873	33.1795349121
150.811042496	1007.05053711	34.2660369873	33.1795349121
150.811042496	1007.05053711	34.2660369873	33.1795349121
150.811042496	1007.05053711	34.2660369873	33.1795349121
150.811042496	1007.05053711	34.2660369873	33.1795349121
150.811042496	1007.05053711	34.2660369873	33.1795349121
150.811042497	1007.04980469	34.2660369873	33.1795349121
150.811042497	1007.04980469	34.2660369873	33.1795349121
150.811042497	1007.04980469	34.2660369873	33.1795349121
150.811042497	1007.04980469	34.2660369873	33.1795349121
150.811042498	1007.04980469	34.2660369873	33.1795349121
150.811042498	1007.04980469	34.2660369873	33.1795349121
150.811042498	1007.04980469	34.2660369873	33.1795349121
150.811042498	1007.04980469	34.2660369873	33.1795349121
150.811042499	1007.04980469	34.2660369873	33.1795349121
150.811042499	1007.04980469	34.2660369873	33.1795349121
150.811042499	1007.04980469	34.2660369873	33.2337379456
150.811042499	1007.04980469	34.8064651489	33.2337379456
150.8110425	1007.04980469	34.8064651489	33.2337379456
150.8110425	1007.04980469	34.8064651489	33.2337379456
150.8110425	1007.04980469	34.8064651489	33.2337379456
150.8110425	1007.04980469	34.8064651489	33.2337379456
150.811042501	1007.04541016	34.8064651489	33.2337379456
150.811042501	1007.04541016	34.8064651489	33.2337379456
150.811042501	1007.04541016	34.8064651489	33.2337379456
150.811042501	1007.04541016	34.8064651489	33.2337379456
150.811042502	1007.04541016	34.8064651489	33.2337379456
150.811042502	1007.04541016	34.8064651489	33.2337379456
150.811042502	1007.04541016	34.8064651489	33.2337379456
150.811042502	1007.04541016	34.8064651489	33.2337379456
150.811042502	1007.04541016	34.8064651489	33.2337379456
150.811042503	1007.04541016	34.8064651489	33.2337379456
150.811042503	1007.04541016	34.8064651489	33.2337379456
150.811042503	1007.04541016	34.8064651489	33.2337379456
150.811042503	1007.04541016	34.8064651489	33.2337379456
150.811042504	1007.04541016	34.8064651489	33.2337379456
150.811042504	1007.04541016	34.8064651489	33.2337379456
150.811042504	1007.04541016	34.8064651489	33.2337379456
150.811042504	1007.04541016	34.8064651489	33.2337379456
150.811042504	1007.04077148	34.8064651489	33.2337379456
150.811042505	1007.04077148	34.8064651489	33.2337379456
150.811042505	1007.04077148	34.8064651489	33.2337379456
150.811042505	1007.04077148	34.8064651489	33.2337379456
150.811042506	1007.04077148	34.8064651489	33.2337379456
150.811042506	1007.04077148	34.8064651489	33.2337379456
150.811042506	1007.04077148	34.8064651489	33.2337379456
150.811042506	1007.04077148	34.8064651489	33.2337379456
150.811042506	1007.04077148	34.8064651489	33.2337379456
150.811042507	1007.04077148	34.8064651489	33.2337379456
150.811042507	1007.04077148	34.8064651489	33.2337379456
150.811042507	1007.04077148	34.8064651489	33.2337379456
150.811042507	1007.04077148	34.8064651489	32.9988479614
150.811042508	1007.04077148	35.0934753418	32.9988479614
150.811042508	1007.04077148	35.0934753418	32.9988479614
150.811042508	1007.04077148	35.0934753418	32.9988479614
150.811042508	1007.03759766	35.0934753418	32.9988479614
150.811042509	1007.03759766	35.0934753418	32.9988479614
150.811042509	1007.03759766	35.0934753418	32.9988479614
150.811042509	1007.03759766	35.0934753418	32.9988479614
150.811042509	1007.03759766	35.0934753418	32.9988479614
150.81104251	1007.03759766	35.0934753418	32.9988479614
150.81104251	1007.03759766	35.0934753418	32.9988479614
150.81104251	1007.03759766	35.0934753418	32.9988479614
150.81104251	1007.03759766	35.0934753418	32.9988479614
150.811042511	1007.03759766	35.0934753418	32.9988479614
150.811042511	1007.03759766	35.0934753418	32.9988479614
150.811042511	1007.03759766	35.0934753418	32.9988479614
150.811042511	1007.03759766	35.0934753418	32.9988479614
150.811042511	1007.03759766	35.0934753418	32.9988479614
150.811042512	1007.03759766	35.0934753418	32.9988479614
150.811042512	1007.03759766	35.0934753418	32.9988479614
150.811042512	1007.03759766	35.0934753418	32.9988479614
150.811042512	1007.03588867	35.0934753418	32.9988479614
150.811042513	1007.03588867	35.0934753418	32.9988479614
150.811042513	1007.03588867	35.0934753418	32.9988479614
150.811042513	1007.03588867	35.0934753418	32.9988479614
150.811042513	1007.03588867	35.0934753418	32.9988479614
150.811042514	1007.03588867	35.0934753418	32.9988479614
150.811042514	1007.03588867	35.0934753418	32.9988479614
150.811042514	1007.03588867	35.0934753418	32.9988479614
150.811042514	1007.03588867	35.0934753418	32.9988479614
150.811042514	1007.03588867	35.0934753418	32.9988479614
150.811042515	1007.03588867	35.0934753418	32.9988479614
150.811042515	1007.03588867	35.0934753418	32.9988479614
150.811042515	1007.03588867	35.0934753418	32.9988479614
150.811042515	1007.03588867	35.0934753418	33.2337379456
150.811042516	1007.03588867	34.0156707764	33.2337379456
150.811042516	1007.03588867	34.0156707764	33.2337379456
150.811042516	1007.03588867	34.0156707764	33.2337379456
150.811042516	1007.04248047	34.0156707764	33.2337379456
150.811042517	1007.04248047	34.0156707764	33.2337379456
150.811042517	1007.04248047	34.0156707764	33.2337379456
150.811042517	1007.04248047	34.0156707764	33.2337379456
150.811042517	1007.04248047	34.0156707764	33.2337379456
150.811042518	1007.04248047	34.0156707764	33.2337379456
150.811042518	1007.04248047	34.0156707764	33.2337379456
150.811042518	1007.04248047	34.0156707764	33.2337379456
150.811042518	1007.04248047	34.0156707764	33.2337379456
150.811042519	1007.04248047	34.0156707764	33.2337379456
150.811042519	1007.04248047	34.0156707764	33.2337379456
150.811042519	1007.04248047	34.0156707764	33.2337379456
150.811042519	1007.04248047	34.0156707764	33.2337379456
150.811042519	1007.04248047	34.0156707764	33.2337379456
150.81104252	1007.04248047	34.0156707764	33.2337379456
150.81104252	1007.04248047	34.0156707764	33.2337379456
150.81104252	1007.04248047	34.0156707764	33.2337379456
150.81104252	1007.03588867	34.0156707764	33.2337379456
150.811042521	1007.03588867	34.0156707764	33.2337379456
150.811042521	1007.03588867	34.0156707764	33.2337379456
150.811042521	1007.03588867	34.0156707764	33.2337379456
150.811042521	1007.03588867	34.0156707764	33.2337379456
150.811042522	1007.03588867	34.0156707764	33.2337379456
150.811042522	1007.03588867	34.0156707764	33.2337379456
150.811042522	1007.03588867	34.0156707764	33.2337379456
150.811042522	1007.03588867	34.0156707764	33.2337379456
150.811042523	1007.03588867	34.0156707764	33.2337379456
150.811042523	1007.03588867	34.0156707764	33.2337379456
150.811042523	1007.03588867	34.0156707764	33.2337379456
150.811042523	1007.03588867	34.0156707764	33.2337379456
150.811042523	1007.03588867	34.0156707764	33.1976013184
150.811042524	1007.03588867	34.0156707764	33.1976013184
150.811042524	1007.03588867	33.2523536682	33.1976013184
150.811042524	1007.0378418	33.2523536682	33.1976013184
150.811042525	1007.0378418	33.2523536682	33.1976013184
150.811042525	1007.0378418	33.2523536682	33.1976013184
150.811042525	1007.0378418	33.2523536682	33.1976013184
150.811042525	1007.0378418	33.2523536682	33.1976013184
150.811042526	1007.0378418	33.2523536682	33.1976013184
150.811042526	1007.0378418	33.2523536682	33.1976013184
150.811042526	1007.0378418	33.2523536682	33.1976013184
150.811042526	1007.0378418	33.2523536682	33.1976013184
150.811042526	1007.0378418	33.2523536682	33.1976013184
150.811042527	1007.0378418	33.2523536682	33.1976013184
150.811042527	1007.0378418	33.2523536682	33.1976013184
150.811042527	1007.0378418	33.2523536682	33.1976013184
150.811042527	1007.0378418	33.2523536682	33.1976013184
150.811042528	1007.0378418	33.2523536682	33.1976013184
150.811042528	1007.0378418	33.2523536682	33.1976013184
150.811042528	1007.0378418	33.2523536682	33.1976013184
150.811042528	1007.04199219	33.2523536682	33.1976013184
150.811042529	1007.04199219	33.2523536682	33.1976013184
150.811042529	1007.04199219	33.2523536682	33.1976013184
150.811042529	1007.04199219	33.2523536682	33.1976013184
150.811042529	1007.04199219	33.2523536682	33.1976013184
150.811042529	1007.04199219	33.2523536682	33.1976013184
150.81104253	1007.04199219	33.2523536682	33.1976013184
150.81104253	1007.04199219	33.2523536682	33.1976013184
150.81104253	1007.04199219	33.2523536682	33.1976013184
150.81104253	1007.04199219	33.2523536682	33.1976013184
150.811042531	1007.04199219	33.2523536682	33.1976013184
150.811042531	1007.04199219	33.2523536682	33.1976013184
150.811042531	1007.04199219	33.2523536682	33.1976013184
150.811042531	1007.04199219	33.2523536682	33.1976013184
150.811042531	1007.04199219	33.2523536682	33.1976013184
150.811042532	1007.04199219	33.2523536682	33.1614646912
150.811042532	1007.04199219	36.882686615	33.1614646912
150.811042532	1007.04467773	36.882686615	33.1614646912
150.811042533	1007.04467773	36.882686615	33.1614646912
150.811042533	1007.04467773	36.882686615	33.1614646912
150.811042533	1007.04467773	36.882686615	33.1614646912
150.811042533	1007.04467773	36.882686615	33.1614646912
150.811042534	1007.04467773	36.882686615	33.1614646912
150.811042534	1007.04467773	36.882686615	33.1614646912
150.811042534	1007.04467773	36.882686615	33.1614646912
150.811042534	1007.04467773	36.882686615	33.1614646912
150.811042534	1007.04467773	36.882686615	33.1614646912
150.811042535	1007.04467773	36.882686615	33.1614646912
150.811042535	1007.04467773	36.882686615	33.1614646912
150.811042535	1007.04467773	36.882686615	33.1614646912
150.811042535	1007.04467773	36.882686615	33.1614646912
150.811042536	1007.04467773	36.882686615	33.1614646912
150.811042536	1007.04467773	36.882686615	33.1614646912
150.811042536	1007.04467773	36.882686615	33.1614646912
150.811042536	1007.04321289	36.882686615	33.1614646912
150.811042537	1007.04321289	36.882686615	33.1614646912
150.811042537	1007.04321289	36.882686615	33.1614646912
150.811042537	1007.04321289	36.882686615	33.1614646912
150.811042537	1007.04321289	36.882686615	33.1614646912
150.811042538	1007.04321289	36.882686615	33.1614646912
150.811042538	1007.04321289	36.882686615	33.1614646912
150.811042538	1007.04321289	36.882686615	33.1614646912
150.811042538	1007.04321289	36.882686615	33.1614646912
150.811042538	1007.04321289	36.882686615	33.1614646912
150.811042539	1007.04321289	36.882686615	33.1614646912
150.811042539	1007.04321289	36.882686615	33.1614646912
150.811042539	1007.04321289	36.882686615	33.1614646912
150.811042539	1007.04321289	36.882686615	33.1614646912
150.81104254	1007.04321289	36.882686615	33.1614646912
150.81104254	1007.04321289	36.882686615	33.2698745728
150.81104254	1007.04614258	36.1071586609	33.2698745728
150.811042541	1007.04614258	36.1071586609	33.2698745728
150.811042541	1007.04614258	36.1071586609	33.2698745728
150.811042541	1007.04614258	36.1071586609	33.2698745728
150.811042541	1007.04614258	36.1071586609	33.2698745728
150.811042541	1007.04614258	36.1071586609	33.2698745728
150.811042542	1007.04614258	36.1071586609	33.2698745728
150.811042542	1007.04614258	36.1071586609	33.2698745728
150.811042542	1007.04614258	36.1071586609	33.2698745728
150.811042542	1007.04614258	36.1071586609	33.2698745728
150.811042543	1007.04614258	36.1071586609	33.2698745728
150.811042543	1007.04614258	36.1071586609	33.2698745728
150.811043033	1008.24560547	40.5615844727	32.8254013062
150.811043035	1008.23852539	40.5615844727	32.8254013062
150.811043035	1008.23852539	40.5615844727	32.8254013062
150.811043036	1008.23852539	40.5615844727	32.8254013062
150.811043036	1008.23852539	40.5615844727	32.8254013062
150.811043036	1008.23852539	40.5615844727	32.8254013062
150.811043036	1008.23852539	40.5615844727	32.8254013062
150.811043036	1008.23852539	40.5615844727	32.8254013062
150.811043036	1008.23852539	40.5615844727	32.8254013062
150.811043036	1008.23852539	40.5615844727	32.8254013062
150.811043036	1008.23852539	40.5615844727	32.8254013062
150.811043037	1008.23852539	40.5615844727	32.8254013062
150.811043037	1008.23852539	40.5615844727	32.8254013062
150.811043037	1008.23852539	40.5615844727	32.7888717651
150.811043037	1008.23852539	40.5615844727	32.7888717651
150.811043037	1008.23852539	38.4475898743	32.7888717651
150.811043037	1008.23852539	38.4475898743	32.7888717651
150.811043038	1008.23852539	38.4475898743	32.7888717651
150.811043038	1008.23852539	38.4475898743	32.7888717651
150.811043038	1008.23852539	38.4475898743	32.7888717651
150.811043038	1008.23852539	38.4475898743	32.7888717651
150.811043038	1008.23852539	38.4475898743	32.7888717651
150.811043038	1008.23852539	38.4475898743	32.7888717651
150.811043038	1008.23852539	38.4475898743	32.7888717651
150.811043039	1008.23852539	38.4475898743	32.7888717651
150.811043039	1008.23852539	38.4475898743	32.7888717651
150.811043039	1008.23852539	38.4475898743	32.7888717651
150.811043039	1008.23852539	38.4475898743	32.7888717651
150.811043039	1008.23852539	38.4475898743	32.7888717651
150.811043039	1008.23852539	38.4475898743	32.7888717651
150.811043039	1008.23852539	38.4475898743	32.7888717651
150.81104304	1008.23852539	38.4475898743	32.7888717651
150.81104304	1008.23852539	38.4475898743	32.7888717651
150.81104304	1008.23852539	38.4475898743	32.7888717651
150.81104304	1008.23852539	38.4475898743	32.7888717651
150.81104304	1008.23852539	38.4475898743	32.7888717651
150.81104304	1008.23852539	38.4475898743	32.7888717651
150.81104304	1008.23852539	38.4475898743	32.7888717651
150.811043041	1008.23852539	38.4475898743	32.7888717651
150.811043041	1008.23852539	38.4475898743	32.7888717651
150.811043041	1008.23852539	38.4475898743	32.7888717651
150.811043041	1008.23852539	38.4475898743	32.7888717651
150.811043041	1008.23852539	38.4475898743	32.7888717651
150.811043041	1008.23852539	38.4475898743	32.7888717651
150.811043041	1008.23852539	38.4475898743	32.7888717651
150.811043041	1008.23852539	38.4475898743	32.7888717651
150.811043042	1008.23852539	38.4475898743	32.7888717651
150.811043042	1008.23852539	38.4475898743	32.7888717651
150.811043042	1008.23852539	38.4475898743	32.7888717651
150.811043042	1008.23852539	38.4475898743	32.7888717651
150.811043042	1008.23852539	38.4475898743	32.7888717651
150.811043042	1008.23852539	38.4475898743	32.7888717651
150.811043042	1008.23852539	38.4475898743	32.7888717651
150.811043043	1008.23852539	38.4475898743	32.7888717651
150.811043043	1008.23852539	38.4475898743	32.7888717651
150.811043043	1008.23852539	38.4475898743	32.7888717651
150.811043043	1008.23852539	38.4475898743	32.7888717651
150.811043043	1008.23852539	38.4475898743	32.7888717651
150.811043043	1008.23925781	38.4475898743	32.7888717651
150.811043044	1008.23925781	38.4475898743	32.7888717651
150.811043044	1008.23925781	38.4475898743	32.7888717651
150.811043044	1008.23925781	38.4475898743	32.7888717651
150.811043044	1008.23925781	38.4475898743	32.7888717651
150.811043044	1008.23925781	38.4475898743	32.7888717651
150.811043044	1008.23925781	38.4475898743	32.7888717651
150.811043044	1008.23925781	38.4475898743	32.7888717651
150.811043044	1008.23925781	38.4475898743	32.7888717651
150.811043045	1008.23925781	38.4475898743	32.7888717651
150.811043045	1008.23925781	38.4475898743	32.7888717651
150.811043045	1008.23925781	38.4475898743	32.8984603882
150.811043045	1008.23925781	38.4475898743	32.8984603882
150.811043045	1008.23925781	39.9088439941	32.8984603882
150.811043045	1008.23925781	39.9088439941	32.8984603882
150.811043046	1008.23925781	39.9088439941	32.8984603882
150.811043046	1008.23925781	39.9088439941	32.8984603882
150.811043046	1008.23925781	39.9088439941	32.8984603882
150.811043046	1008.23925781	39.9088439941	32.8984603882
150.811043046	1008.23925781	39.9088439941	32.8984603882
150.811043046	1008.23925781	39.9088439941	32.8984603882
150.811043046	1008.23925781	39.9088439941	32.8984603882
150.811043047	1008.23925781	39.9088439941	32.8984603882
150.811043047	1008.23925781	39.9088439941	32.8984603882
150.811043047	1008.23925781	39.9088439941	32.8984603882
150.811043047	1008.23925781	39.9088439941	32.8984603882
150.811043047	1008.23925781	39.9088439941	32.8984603882
150.811043047	1008.23901367	39.9088439941	32.8984603882
150.811043048	1008.23901367	39.9088439941	32.8984603882
150.811043048	1008.23901367	39.9088439941	32.8984603882
150.811043048	1008.23901367	39.9088439941	32.8984603882
150.811043048	1008.23901367	39.9088439941	32.8984603882
150.811043048	1008.23901367	39.9088439941	32.8984603882
150.811043048	1008.23901367	39.9088439941	32.8984603882
150.811043048	1008.23901367	39.9088439941	32.8984603882
150.811043049	1008.23901367	39.9088439941	32.8984603882
150.811043049	1008.23901367	39.9088439941	32.8984603882
150.811043049	1008.23901367	39.9088439941	32.8984603882
150.811043049	1008.23901367	39.9088439941	32.8984603882
150.811043049	1008.23901367	39.9088439941	32.8984603882
150.811043049	1008.23901367	39.9088439941	32.8984603882
150.81104305	1008.23901367	39.9088439941	32.8984603882
150.81104305	1008.23901367	39.9088439941	32.8984603882
150.81104305	1008.23901367	39.9088439941	32.8984603882
150.81104305	1008.23901367	39.9088439941	32.8984603882
150.81104305	1008.23901367	39.9088439941	32.8984603882
150.81104305	1008.23901367	39.9088439941	32.8984603882
150.81104305	1008.23901367	39.9088439941	32.8984603882
150.811043051	1008.23901367	39.9088439941	32.8984603882
150.811043051	1008.23901367	39.9088439941	32.8984603882
150.811043051	1008.23901367	39.9088439941	32.8984603882
150.811043051	1008.23901367	39.9088439941	32.8984603882
150.811043051	1008.23901367	39.9088439941	32.8984603882
150.811043051	1008.23730469	39.9088439941	32.8984603882
150.811043052	1008.23730469	39.9088439941	32.8984603882
150.811043052	1008.23730469	39.9088439941	32.8984603882
150.811043052	1008.23730469	39.9088439941	32.8984603882
150.811043052	1008.23730469	39.9088439941	32.8984603882
150.811043052	1008.23730469	39.9088439941	32.8984603882
150.811043052	1008.23730469	39.9088439941	32.8984603882
150.811043052	1008.23730469	39.9088439941	32.8984603882
150.811043053	1008.23730469	39.9088439941	32.8984603882
150.811043053	1008.23730469	39.9088439941	32.8984603882
150.811043053	1008.23730469	39.9088439941	32.8984603882
150.811043053	1008.23730469	39.9088439941	32.8254013062
150.811043053	1008.23730469	39.9088439941	32.8254013062
150.811043053	1008.23730469	40.2277984619	32.8254013062
150.811043054	1008.23730469	40.2277984619	32.8254013062
150.811043054	1008.23730469	40.2277984619	32.8254013062
150.811043054	1008.23730469	40.2277984619	32.8254013062
150.811043054	1008.23730469	40.2277984619	32.8254013062
150.811043054	1008.23730469	40.2277984619	32.8254013062
150.811043054	1008.23730469	40.2277984619	32.8254013062
150.811043054	1008.23730469	40.2277984619	32.8254013062
150.811043055	1008.23730469	40.2277984619	32.8254013062
150.811043055	1008.23730469	40.2277984619	32.8254013062
150.811043055	1008.23730469	40.2277984619	32.8254013062
150.811043055	1008.23730469	40.2277984619	32.8254013062
150.811043055	1008.23730469	40.2277984619	32.8254013062
150.811043055	1008.23730469	40.2277984619	32.8254013062
150.811043055	1008.23852539	40.2277984619	32.8254013062
150.811043056	1008.23852539	40.2277984619	32.8254013062
150.811043056	1008.23852539	40.2277984619	32.8254013062
150.811043056	1008.23852539	40.2277984619	32.8254013062
150.811043056	1008.23852539	40.2277984619	32.8254013062
150.811043056	1008.23852539	40.2277984619	32.8254013062
150.811043056	1008.23852539	40.2277984619	32.8254013062
150.811043057	1008.23852539	40.2277984619	32.8254013062
150.811043057	1008.23852539	40.2277984619	32.8254013062
150.811043057	1008.23852539	40.2277984619	32.8254013062
150.811043057	1008.23852539	40.2277984619	32.8254013062
150.811043057	1008.23852539	40.2277984619	32.8254013062
150.811043057	1008.23852539	40.2277984619	32.8254013062
150.811043058	1008.23852539	40.2277984619	32.8254013062
150.811043058	1008.23852539	40.2277984619	32.8254013062
150.811043058	1008.23852539	40.2277984619	32.8254013062
150.811043058	1008.23852539	40.2277984619	32.8254013062
150.811043058	1008.23852539	40.2277984619	32.8254013062
150.811043058	1008.23852539	40.2277984619	32.8254013062
150.811043058	1008.23852539	40.2277984619	32.8254013062
150.811043059	1008.23852539	40.2277984619	32.8254013062
150.811043059	1008.23852539	40.2277984619	32.8254013062
150.811043059	1008.23852539	40.2277984619	32.8254013062
150.811043059	1008.23852539	40.2277984619	32.8254013062
150.811043059	1008.23852539	40.2277984619	32.8254013062
150.811043059	1008.23852539	40.2277984619	32.8254013062
150.811043059	1008.23852539	40.2277984619	32.8254013062
150.81104306	1008.23803711	40.2277984619	32.8254013062
150.81104306	1008.23803711	40.2277984619	32.8254013062
150.81104306	1008.23803711	40.2277984619	32.8254013062
150.81104306	1008.23803711	40.2277984619	32.8254013062
150.81104306	1008.23803711	40.2277984619	32.8254013062
150.81104306	1008.23803711	40.2277984619	32.8254013062
150.811043061	1008.23803711	40.2277984619	32.8254013062
150.811043061	1008.23803711	40.2277984619	32.8254013062
150.811043061	1008.23803711	40.2277984619	32.8254013062
150.811043061	1008.23803711	40.2277984619	32.8436660767
150.811043061	1008.23803711	40.2277984619	32.8436660767
150.811043061	1008.23803711	38.7887954712	32.8436660767
150.811043062	1008.23803711	38.7887954712	32.8436660767
150.811043062	1008.23803711	38.7887954712	32.8436660767
150.811043062	1008.23803711	38.7887954712	32.8436660767
150.811043062	1008.23803711	38.7887954712	32.8436660767
150.811043062	1008.23803711	38.7887954712	32.8436660767
150.811043062	1008.23803711	38.7887954712	32.8436660767
150.811043062	1008.23803711	38.7887954712	32.8436660767
150.811043063	1008.23803711	38.7887954712	32.8436660767
150.811043063	1008.23803711	38.7887954712	32.8436660767
150.811043063	1008.23803711	38.7887954712	32.8436660767
150.811043063	1008.23803711	38.7887954712	32.8436660767
150.811043063	1008.23803711	38.7887954712	32.8436660767
150.811043063	1008.23803711	38.7887954712	32.8436660767
150.811043063	1008.23803711	38.7887954712	32.8436660767
150.811043064	1008.23486328	38.7887954712	32.8436660767
150.811043064	1008.23486328	38.7887954712	32.8436660767
150.811043064	1008.23486328	38.7887954712	32.8436660767
150.811043064	1008.23486328	38.7887954712	32.8436660767
150.811043064	1008.23486328	38.7887954712	32.8436660767
150.811043064	1008.23486328	38.7887954712	32.8436660767
150.811043065	1008.23486328	38.7887954712	32.8436660767
150.811043065	1008.23486328	38.7887954712	32.8436660767
150.811043065	1008.23486328	38.7887954712	32.8436660767
150.811043065	1008.23486328	38.7887954712	32.8436660767
150.811043065	1008.23486328	38.7887954712	32.8436660767
150.811043065	1008.23486328	38.7887954712	32.8436660767
150.811043065	1008.23486328	38.7887954712	32.8436660767
150.811043066	1008.23486328	38.7887954712	32.8436660767
150.811043066	1008.23486328	38.7887954712	32.8436660767
150.811043066	1008.23486328	38.7887954712	32.8436660767
150.811043066	1008.23486328	38.7887954712	32.8436660767
150.811043066	1008.23486328	38.7887954712	32.8436660767
150.811043066	1008.23486328	38.7887954712	32.8436660767
150.811043067	1008.23486328	38.7887954712	32.8436660767
150.811043067	1008.23486328	38.7887954712	32.8436660767
150.811043067	1008.23486328	38.7887954712	32.8436660767
150.811043067	1008.23486328	38.7887954712	32.8436660767
150.811043067	1008.23486328	38.7887954712	32.8436660767
150.811043067	1008.23486328	38.7887954712	32.8436660767
150.811043067	1008.23486328	38.7887954712	32.8436660767
150.811043068	1008.23486328	38.7887954712	32.8436660767
150.811043068	1008.22753906	38.7887954712	32.8436660767
150.811043068	1008.22753906	38.7887954712	32.8436660767
150.811043068	1008.22753906	38.7887954712	32.8436660767
150.811043068	1008.22753906	38.7887954712	32.8436660767
150.811043068	1008.22753906	38.7887954712	32.8436660767
150.811043069	1008.22753906	38.7887954712	32.8436660767
150.811043069	1008.22753906	38.7887954712	32.8436660767
150.811043069	1008.22753906	38.7887954712	32.8436660767
150.811043069	1008.22753906	38.7887954712	32.8436660767
150.811043069	1008.22753906	38.7887954712	32.8436660767
150.811043069	1008.22753906	37.7725944519	32.8436660767
150.81104307	1008.22753906	37.7725944519	32.8436660767
150.81104307	1008.22753906	37.7725944519	32.8436660767
150.81104307	1008.22753906	37.7725944519	32.8436660767
150.81104307	1008.22753906	37.7725944519	32.8436660767
150.81104307	1008.22753906	37.7725944519	32.8436660767
150.81104307	1008.22753906	37.7725944519	32.8436660767
150.81104307	1008.22753906	37.7725944519	32.8436660767
150.811043071	1008.22753906	37.7725944519	32.8436660767
150.811043071	1008.22753906	37.7725944519	32.8436660767
150.811043071	1008.22753906	37.7725944519	32.8436660767
150.811043071	1008.22753906	37.7725944519	32.8436660767
150.811043071	1008.22753906	37.7725944519	32.8436660767
150.811043071	1008.22753906	37.7725944519	32.8436660767
150.811043071	1008.22753906	37.7725944519	32.8436660767
150.811043072	1008.22753906	37.7725944519	32.8436660767
150.811043072	1008.22827148	37.7725944519	32.8436660767
150.811043072	1008.22827148	37.7725944519	32.8436660767
150.811043072	1008.22827148	37.7725944519	32.8436660767
150.811043072	1008.22827148	37.7725944519	32.8436660767
150.811043072	1008.22827148	37.7725944519	32.8436660767
150.811043073	1008.22827148	37.7725944519	32.8436660767
150.811043073	1008.22827148	37.7725944519	32.8436660767
150.811043073	1008.22827148	37.7725944519	32.8436660767
150.811043073	1008.22827148	37.7725944519	32.8436660767
150.811043073	1008.22827148	37.7725944519	32.8436660767
150.811043073	1008.22827148	37.7725944519	32.8436660767
150.811043073	1008.22827148	37.7725944519	32.8436660767
150.811043074	1008.22827148	37.7725944519	32.8436660767
150.811043074	1008.22827148	37.7725944519	32.8436660767
150.811043074	1008.22827148	37.7725944519	32.8436660767
150.811043074	1008.22827148	37.7725944519	32.8436660767
150.811043074	1008.22827148	37.7725944519	32.8436660767
150.811043074	1008.22827148	37.7725944519	32.8436660767
150.811043075	1008.22827148	37.7725944519	32.8436660767
150.811043075	1008.22827148	37.7725944519	32.8436660767
150.811043075	1008.22827148	37.7725944519	32.8436660767
150.811043075	1008.22827148	37.7725944519	32.8436660767
150.811043075	1008.22827148	37.7725944519	32.8436660767
150.811043075	1008.22827148	37.7725944519	32.8436660767
150.811043075	1008.22827148	37.7725944519	32.8436660767
150.811043076	1008.22827148	37.7725944519	32.8436660767
150.811043076	1008.22827148	37.7725944519	32.8436660767
150.811043076	1008.22509766	37.7725944519	32.8436660767
150.811043076	1008.22509766	37.7725944519	32.8436660767
150.811043076	1008.22509766	37.7725944519	32.8436660767
150.811043076	1008.22509766	37.7725944519	32.8436660767
150.811043077	1008.22509766	37.7725944519	32.8436660767
150.811043077	1008.22509766	37.7725944519	32.8436660767
150.811043077	1008.22509766	37.7725944519	32.8436660767
150.811043077	1008.22509766	37.7725944519	32.8436660767
150.811043077	1008.22509766	37.7725944519	32.7523460388
150.811043077	1008.22509766	37.7725944519	32.7523460388
150.811043078	1008.22509766	36.774936676	32.7523460388
150.811043078	1008.22509766	36.774936676	32.7523460388
150.811043078	1008.22509766	36.774936676	32.7523460388
150.811043078	1008.22509766	36.774936676	32.7523460388
150.811043078	1008.22509766	36.774936676	32.7523460388
150.811043078	1008.22509766	36.774936676	32.7523460388
150.811043078	1008.22509766	36.774936676	32.7523460388
150.811043079	1008.22509766	36.774936676	32.7523460388
150.811043079	1008.22509766	36.774936676	32.7523460388
150.811043079	1008.22509766	36.774936676	32.7523460388
150.811043079	1008.22509766	36.774936676	32.7523460388
150.811043079	1008.22509766	36.774936676	32.7523460388
150.811043079	1008.22509766	36.774936676	32.7523460388
150.811043079	1008.22509766	36.774936676	32.7523460388
150.81104308	1008.22509766	36.774936676	32.7523460388
150.81104308	1008.22509766	36.774936676	32.7523460388
150.81104308	1008.22412109	36.774936676	32.7523460388
150.81104308	1008.22412109	36.774936676	32.7523460388
150.81104308	1008.22412109	36.774936676	32.7523460388
