0.693336315277	600
time	pressure	humidity	temperature
150.811008571	1008.51464844	40.9823532104	30.6529407501
150.811008572	1008.51464844	40.9823532104	30.6529407501
150.811008573	1008.51464844	40.9823532104	30.6529407501
150.811008573	1008.51464844	40.9823532104	30.6529407501
150.811008573	1008.51464844	40.9823532104	30.6529407501
150.811008573	1008.51464844	40.9823532104	30.6351299286
150.811008574	1008.51464844	40.0578269958	30.6351299286
150.811008574	1008.51464844	40.0578269958	30.6351299286
150.811008574	1008.51464844	40.0578269958	30.6351299286
150.811008574	1008.51464844	40.0578269958	30.6351299286
150.811008574	1008.51464844	40.0578269958	30.6351299286
150.811008575	1008.51464844	40.0578269958	30.6351299286
150.811008575	1008.51904297	40.0578269958	30.6351299286
150.811008575	1008.51904297	40.0578269958	30.6351299286
150.811008576	1008.51904297	40.0578269958	30.6351299286
150.811008576	1008.51904297	40.0578269958	30.6351299286
150.811008576	1008.51904297	40.0578269958	30.6351299286
150.811008576	1008.51904297	40.0578269958	30.6351299286
150.811008576	1008.51904297	40.0578269958	30.6351299286
150.811008577	1008.51904297	40.0578269958	30.6351299286
150.811008577	1008.51904297	40.0578269958	30.6351299286
150.811008577	1008.51904297	40.0578269958	30.6351299286
150.811008577	1008.51904297	40.0578269958	30.6351299286
150.811008578	1008.51904297	40.0578269958	30.6351299286
150.811008578	1008.51904297	40.0578269958	30.6351299286
150.811008578	1008.51904297	40.0578269958	30.6351299286
150.811008578	1008.51904297	40.0578269958	30.6351299286
150.811008578	1008.51904297	40.0578269958	30.6351299286
150.811008579	1008.51904297	40.0578269958	30.6351299286
150.811008579	1008.51757812	40.0578269958	30.6351299286
150.811008579	1008.51757812	40.0578269958	30.6351299286
150.81100858	1008.51757812	40.0578269958	30.6351299286
150.81100858	1008.51757812	40.0578269958	30.6351299286
150.81100858	1008.51757812	40.0578269958	30.6351299286
150.81100858	1008.51757812	40.0578269958	30.6351299286
150.81100858	1008.51757812	40.0578269958	30.6351299286
150.811008581	1008.51757812	40.0578269958	30.6351299286
150.811008581	1008.51757812	40.0578269958	30.6351299286
150.811008581	1008.51757812	40.0578269958	30.6707515717
150.811008581	1008.51757812	38.6530761719	30.6707515717
150.811008582	1008.51757812	38.6530761719	30.6707515717
150.811008582	1008.51757812	38.6530761719	30.6707515717
150.811008582	1008.51757812	38.6530761719	30.6707515717
150.811008582	1008.51757812	38.6530761719	30.6707515717
150.811008583	1008.51757812	38.6530761719	30.6707515717
150.811008583	1008.51757812	38.6530761719	30.6707515717
150.811008583	1008.51220703	38.6530761719	30.6707515717
150.811008583	1008.51220703	38.6530761719	30.6707515717
150.811008584	1008.51220703	38.6530761719	30.6707515717
150.811008584	1008.51220703	38.6530761719	30.6707515717
150.811008584	1008.51220703	38.6530761719	30.6707515717
150.811008584	1008.51220703	38.6530761719	30.6707515717
150.811008585	1008.51220703	38.6530761719	30.6707515717
150.811008585	1008.51220703	38.6530761719	30.6707515717
150.811008585	1008.51220703	38.6530761719	30.6707515717
150.811008585	1008.51220703	38.6530761719	30.6707515717
150.811008585	1008.51220703	38.6530761719	30.6707515717
150.811008586	1008.51220703	38.6530761719	30.6707515717
150.811008586	1008.51220703	38.6530761719	30.6707515717
150.811008586	1008.51220703	38.6530761719	30.6707515717
150.811008586	1008.51220703	38.6530761719	30.6707515717
150.811008587	1008.51220703	38.6530761719	30.6707515717
150.811008587	1008.51220703	38.6530761719	30.6707515717
150.811008587	1008.51220703	38.6530761719	30.6707515717
150.811008587	1008.51098633	38.6530761719	30.6707515717
150.811008588	1008.51098633	38.6530761719	30.6707515717
150.811008588	1008.51098633	38.6530761719	30.6707515717
150.811008588	1008.51098633	38.6530761719	30.6707515717
150.811008588	1008.51098633	38.6530761719	30.6707515717
150.811008588	1008.51098633	38.6530761719	30.6707515717
150.811008589	1008.51098633	38.6530761719	30.6707515717
150.811008589	1008.51098633	38.6530761719	30.6707515717
150.811008589	1008.51098633	43.1842193604	30.6707515717
150.81100859	1008.51098633	43.1842193604	30.6707515717
150.81100859	1008.51098633	43.1842193604	30.6707515717
150.81100859	1008.51098633	43.1842193604	30.6707515717
150.81100859	1008.51098633	43.1842193604	30.6707515717
150.81100859	1008.51098633	43.1842193604	30.6707515717
150.811008591	1008.51098633	43.1842193604	30.6707515717
150.811008591	1008.51098633	43.1842193604	30.6707515717
150.811008591	1008.51098633	43.1842193604	30.6707515717
150.811008591	1008.50756836	43.1842193604	30.6707515717
150.811008592	1008.50756836	43.1842193604	30.6707515717
150.811008592	1008.50756836	43.1842193604	30.6707515717
150.811008592	1008.50756836	43.1842193604	30.6707515717
150.811008592	1008.50756836	43.1842193604	30.6707515717
150.811008593	1008.50756836	43.1842193604	30.6707515717
150.811008593	1008.50756836	43.1842193604	30.6707515717
150.811008593	1008.50756836	43.1842193604	30.6707515717
150.811008593	1008.50756836	43.1842193604	30.6707515717
150.811008594	1008.50756836	43.1842193604	30.6707515717
150.811008594	1008.50756836	43.1842193604	30.6707515717
150.811008594	1008.50756836	43.1842193604	30.6707515717
150.811008594	1008.50756836	43.1842193604	30.6707515717
150.811008594	1008.50756836	43.1842193604	30.6707515717
150.811008595	1008.50756836	43.1842193604	30.6707515717
150.811008595	1008.50756836	43.1842193604	30.6707515717
150.811008595	1008.50756836	43.1842193604	30.6707515717
150.811008595	1008.51220703	43.1842193604	30.6707515717
150.811008596	1008.51220703	43.1842193604	30.6707515717
150.811008596	1008.51220703	43.1842193604	30.6707515717
150.811008596	1008.51220703	43.1842193604	30.6707515717
150.811008596	1008.51220703	43.1842193604	30.6707515717
150.811008597	1008.51220703	43.1842193604	30.6707515717
150.811008597	1008.51220703	43.1842193604	30.4926452637
150.811008597	1008.51220703	41.5442504883	30.4926452637
150.811008597	1008.51220703	41.5442504883	30.4926452637
150.811008598	1008.51220703	41.5442504883	30.4926452637
150.811008598	1008.51220703	41.5442504883	30.4926452637
150.811008598	1008.51220703	41.5442504883	30.4926452637
150.811008598	1008.51220703	41.5442504883	30.4926452637
150.811008599	1008.51220703	41.5442504883	30.4926452637
150.811008599	1008.51220703	41.5442504883	30.4926452637
150.811008599	1008.51220703	41.5442504883	30.4926452637
150.811008599	1008.51220703	41.5442504883	30.4926452637
150.811008599	1008.50561523	41.5442504883	30.4926452637
150.8110086	1008.50561523	41.5442504883	30.4926452637
150.8110086	1008.50561523	41.5442504883	30.4926452637
150.8110086	1008.50561523	41.5442504883	30.4926452637
150.8110086	1008.50561523	41.5442504883	30.4926452637
150.811008601	1008.50561523	41.5442504883	30.4926452637
150.811008601	1008.50561523	41.5442504883	30.4926452637
150.811008601	1008.50561523	41.5442504883	30.4926452637
150.811008601	1008.50561523	41.5442504883	30.4926452637
150.811008602	1008.50561523	41.5442504883	30.4926452637
150.811008602	1008.50561523	41.5442504883	30.4926452637
150.811008602	1008.50561523	41.5442504883	30.4926452637
150.811008602	1008.50561523	41.5442504883	30.4926452637
150.811008602	1008.50561523	41.5442504883	30.4926452637
150.811008603	1008.50561523	41.5442504883	30.4926452637
150.811008603	1008.50561523	41.5442504883	30.4926452637
150.811008603	1008.50561523	41.5442504883	30.4926452637
150.811008603	1008.50561523	41.5442504883	30.4926452637
150.811008604	1008.50683594	41.5442504883	30.4926452637
150.811008604	1008.50683594	41.5442504883	30.4926452637
150.811008604	1008.50683594	41.5442504883	30.4926452637
150.811008604	1008.50683594	41.5442504883	30.4926452637
150.811008605	1008.50683594	41.5442504883	30.6529407501
150.811008605	1008.50683594	39.750743866	30.6529407501
150.811008605	1008.50683594	39.750743866	30.6529407501
150.811008606	1008.50683594	39.750743866	30.6529407501
150.811008606	1008.50683594	39.750743866	30.6529407501
150.811008606	1008.50683594	39.750743866	30.6529407501
150.811008606	1008.50683594	39.750743866	30.6529407501
150.811008606	1008.50683594	39.750743866	30.6529407501
150.811008607	1008.50683594	39.750743866	30.6529407501
150.811008607	1008.50683594	39.750743866	30.6529407501
150.811008607	1008.50683594	39.750743866	30.6529407501
150.811008607	1008.50683594	39.750743866	30.6529407501
150.811008608	1008.50683594	39.750743866	30.6529407501
150.811008608	1008.50610352	39.750743866	30.6529407501
150.811008608	1008.50610352	39.750743866	30.6529407501
150.811008608	1008.50610352	39.750743866	30.6529407501
150.811008609	1008.50610352	39.750743866	30.6529407501
150.811008609	1008.50610352	39.750743866	30.6529407501
150.811008609	1008.50610352	39.750743866	30.6529407501
150.811008609	1008.50610352	39.750743866	30.6529407501
150.811008609	1008.50610352	39.750743866	30.6529407501
150.81100861	1008.50610352	39.750743866	30.6529407501
150.81100861	1008.50610352	39.750743866	30.6529407501
150.81100861	1008.50610352	39.750743866	30.6529407501
150.81100861	1008.50610352	39.750743866	30.6529407501
150.811008611	1008.50610352	39.750743866	30.6529407501
150.811008611	1008.50610352	39.750743866	30.6529407501
150.811008611	1008.50610352	39.750743866	30.6529407501
150.811008611	1008.50610352	39.750743866	30.6529407501
150.811008611	1008.50610352	39.750743866	30.6529407501
150.811008612	1008.50610352	39.750743866	30.6529407501
150.811008612	1008.50512695	39.750743866	30.6529407501
150.811008612	1008.50512695	39.750743866	30.6529407501
150.811008613	1008.50512695	39.750743866	30.7063713074
150.811008613	1008.50512695	39.0451011658	30.7063713074
150.811008613	1008.50512695	39.0451011658	30.7063713074
150.811008613	1008.50512695	39.0451011658	30.7063713074
150.811008614	1008.50512695	39.0451011658	30.7063713074
150.811008614	1008.50512695	39.0451011658	30.7063713074
150.811008614	1008.50512695	39.0451011658	30.7063713074
150.811008614	1008.50512695	39.0451011658	30.7063713074
150.811008615	1008.50512695	39.0451011658	30.7063713074
150.811008615	1008.50512695	39.0451011658	30.7063713074
150.811008615	1008.50512695	39.0451011658	30.7063713074
150.811008615	1008.50512695	39.0451011658	30.7063713074
150.811008615	1008.50512695	39.0451011658	30.7063713074
150.811008616	1008.50512695	39.0451011658	30.7063713074
150.811008616	1008.50292969	39.0451011658	30.7063713074
150.811008616	1008.50292969	39.0451011658	30.7063713074
150.811008616	1008.50292969	39.0451011658	30.7063713074
150.811008617	1008.50292969	39.0451011658	30.7063713074
150.811008617	1008.50292969	39.0451011658	30.7063713074
150.811008617	1008.50292969	39.0451011658	30.7063713074
150.811008617	1008.50292969	39.0451011658	30.7063713074
150.811008618	1008.50292969	39.0451011658	30.7063713074
150.811008618	1008.50292969	39.0451011658	30.7063713074
150.811008618	1008.50292969	39.0451011658	30.7063713074
150.811008618	1008.50292969	39.0451011658	30.7063713074
150.811008618	1008.50292969	39.0451011658	30.7063713074
150.811008619	1008.50292969	39.0451011658	30.7063713074
150.811008619	1008.50292969	39.0451011658	30.7063713074
150.811008619	1008.50292969	39.0451011658	30.7063713074
150.811008619	1008.50292969	39.0451011658	30.7063713074
150.81100862	1008.50292969	39.0451011658	30.7063713074
150.81100862	1008.50292969	39.0451011658	30.7063713074
150.81100862	1008.50195312	39.0451011658	30.6173210144
150.811008621	1008.50195312	39.0451011658	30.6173210144
150.811008621	1008.50195312	41.8023338318	30.6173210144
150.811008621	1008.50195312	41.8023338318	30.6173210144
150.811008621	1008.50195312	41.8023338318	30.6173210144
150.811008621	1008.50195312	41.8023338318	30.6173210144
150.811008622	1008.50195312	41.8023338318	30.6173210144
150.811008622	1008.50195312	41.8023338318	30.6173210144
150.811008622	1008.50195312	41.8023338318	30.6173210144
150.811008622	1008.50195312	41.8023338318	30.6173210144
150.811008623	1008.50195312	41.8023338318	30.6173210144
150.811008623	1008.50195312	41.8023338318	30.6173210144
150.811008623	1008.50195312	41.8023338318	30.6173210144
150.811008623	1008.50195312	41.8023338318	30.6173210144
150.811008623	1008.50195312	41.8023338318	30.6173210144
150.811008624	1008.50195312	41.8023338318	30.6173210144
150.811008624	1008.50195312	41.8023338318	30.6173210144
150.811008624	1008.50512695	41.8023338318	30.6173210144
150.811008625	1008.50512695	41.8023338318	30.6173210144
150.811008625	1008.50512695	41.8023338318	30.6173210144
150.811008625	1008.50512695	41.8023338318	30.6173210144
150.811008625	1008.50512695	41.8023338318	30.6173210144
150.811008625	1008.50512695	41.8023338318	30.6173210144
150.811008626	1008.50512695	41.8023338318	30.6173210144
150.811008626	1008.50512695	41.8023338318	30.6173210144
150.811008626	1008.50512695	41.8023338318	30.6173210144
150.811008626	1008.50512695	41.8023338318	30.6173210144
150.811008627	1008.50512695	41.8023338318	30.6173210144
150.811008627	1008.50512695	41.8023338318	30.6173210144
150.811008627	1008.50512695	41.8023338318	30.6173210144
150.811008627	1008.50512695	41.8023338318	30.6173210144
150.811008627	1008.50512695	41.8023338318	30.6173210144
150.811008628	1008.50512695	41.8023338318	30.6173210144
150.811008628	1008.50512695	41.8023338318	30.6173210144
150.811008628	1008.50512695	41.8023338318	30.5995101929
150.811008628	1008.50244141	38.6138763428	30.5995101929
150.811008629	1008.50244141	38.6138763428	30.5995101929
150.811008629	1008.50244141	38.6138763428	30.5995101929
150.811008629	1008.50244141	38.6138763428	30.5995101929
150.81100863	1008.50244141	38.6138763428	30.5995101929
150.81100863	1008.50244141	38.6138763428	30.5995101929
150.81100863	1008.50244141	38.6138763428	30.5995101929
150.81100863	1008.50244141	38.6138763428	30.5995101929
150.81100863	1008.50244141	38.6138763428	30.5995101929
150.811008631	1008.50244141	38.6138763428	30.5995101929
150.811008631	1008.50244141	38.6138763428	30.5995101929
150.811008631	1008.50244141	38.6138763428	30.5995101929
150.811008631	1008.50244141	38.6138763428	30.5995101929
150.811008632	1008.50244141	38.6138763428	30.5995101929
150.811008632	1008.50244141	38.6138763428	30.5995101929
150.811008632	1008.50244141	38.6138763428	30.5995101929
150.811008632	1008.50244141	38.6138763428	30.5995101929
150.811008632	1008.50341797	38.6138763428	30.5995101929
150.811008633	1008.50341797	38.6138763428	30.5995101929
150.811008633	1008.50341797	38.6138763428	30.5995101929
150.811008633	1008.50341797	38.6138763428	30.5995101929
150.811008634	1008.50341797	38.6138763428	30.5995101929
150.811008634	1008.50341797	38.6138763428	30.5995101929
150.811008634	1008.50341797	38.6138763428	30.5995101929
150.811008634	1008.50341797	38.6138763428	30.5995101929
150.811008634	1008.50341797	38.6138763428	30.5995101929
150.811008635	1008.50341797	38.6138763428	30.5995101929
150.811008635	1008.50341797	38.6138763428	30.5995101929
150.811008635	1008.50341797	38.6138763428	30.5995101929
150.811008635	1008.50341797	38.6138763428	30.5995101929
150.811008636	1008.50341797	38.6138763428	30.5995101929
150.811008636	1008.50341797	38.6138763428	30.5995101929
150.811008636	1008.50341797	38.6138763428	30.6351299286
150.811008636	1008.50341797	41.2600326538	30.6351299286
150.811008637	1008.50537109	41.2600326538	30.6351299286
150.811008637	1008.50537109	41.2600326538	30.6351299286
150.811008637	1008.50537109	41.2600326538	30.6351299286
150.811008637	1008.50537109	41.2600326538	30.6351299286
150.811008638	1008.50537109	41.2600326538	30.6351299286
150.811008638	1008.50537109	41.2600326538	30.6351299286
150.811008638	1008.50537109	41.2600326538	30.6351299286
150.811008638	1008.50537109	41.2600326538	30.6351299286
150.811008639	1008.50537109	41.2600326538	30.6351299286
150.811008639	1008.50537109	41.2600326538	30.6351299286
150.811008639	1008.50537109	41.2600326538	30.6351299286
150.811008639	1008.50537109	41.2600326538	30.6351299286
150.811008639	1008.50537109	41.2600326538	30.6351299286
150.81100864	1008.50537109	41.2600326538	30.6351299286
150.81100864	1008.50537109	41.2600326538	30.6351299286
150.81100864	1008.50537109	41.2600326538	30.6351299286
150.81100864	1008.50537109	41.2600326538	30.6351299286
150.811008641	1008.50219727	41.2600326538	30.6351299286
150.811008641	1008.50219727	41.2600326538	30.6351299286
150.811008641	1008.50219727	41.2600326538	30.6351299286
150.811008641	1008.50219727	41.2600326538	30.6351299286
150.811008642	1008.50219727	41.2600326538	30.6351299286
150.811008642	1008.50219727	41.2600326538	30.6351299286
150.811008642	1008.50219727	41.2600326538	30.6351299286
150.811008642	1008.50219727	41.2600326538	30.6351299286
150.811008643	1008.50219727	41.2600326538	30.6351299286
150.811008643	1008.50219727	41.2600326538	30.6351299286
150.811008643	1008.50219727	41.2600326538	30.6351299286
150.811008643	1008.50219727	41.2600326538	30.6351299286
150.8110094	1009.34277344	39.5112915039	30.9257392883
150.811009403	1009.34277344	39.342464447	30.9257392883
150.811009403	1009.34277344	39.342464447	30.9257392883
150.811009403	1009.34277344	39.342464447	30.9257392883
150.811009403	1009.34277344	39.342464447	30.9257392883
150.811009404	1009.34277344	39.342464447	30.9257392883
150.811009404	1009.34277344	39.342464447	30.9257392883
150.811009404	1009.34277344	39.342464447	30.9257392883
150.811009404	1009.34277344	39.342464447	30.9257392883
150.811009404	1009.34277344	39.342464447	30.9257392883
150.811009404	1009.34277344	39.342464447	30.9257392883
150.811009404	1009.34277344	39.342464447	30.9257392883
150.811009405	1009.34277344	39.342464447	30.9257392883
150.811009405	1009.34277344	39.342464447	30.9257392883
150.811009405	1009.34277344	39.342464447	30.9257392883
150.811009405	1009.34570312	39.342464447	30.9257392883
150.811009405	1009.34570312	39.342464447	30.9257392883
150.811009405	1009.34570312	39.342464447	30.9257392883
150.811009405	1009.34570312	39.342464447	30.9257392883
150.811009406	1009.34570312	39.342464447	30.9257392883
150.811009406	1009.34570312	39.342464447	30.9257392883
150.811009406	1009.34570312	39.342464447	30.9257392883
150.811009406	1009.34570312	39.342464447	30.9257392883
150.811009406	1009.34570312	39.342464447	30.9257392883
150.811009406	1009.34570312	39.342464447	30.9257392883
150.811009406	1009.34570312	39.342464447	30.9257392883
150.811009407	1009.34570312	39.342464447	30.9257392883
150.811009407	1009.34570312	39.342464447	30.9257392883
150.811009407	1009.34570312	39.342464447	30.9257392883
150.811009407	1009.34570312	39.342464447	30.9257392883
150.811009407	1009.34570312	39.342464447	30.9257392883
150.811009407	1009.34570312	39.342464447	30.9257392883
150.811009407	1009.34570312	39.342464447	30.9257392883
150.811009408	1009.34570312	39.342464447	30.9257392883
150.811009408	1009.34570312	39.342464447	30.9257392883
150.811009408	1009.34570312	39.342464447	30.9257392883
150.811009408	1009.34570312	39.342464447	30.9257392883
150.811009408	1009.34570312	39.342464447	30.9257392883
150.811009408	1009.34570312	39.342464447	30.9257392883
150.811009408	1009.34570312	39.342464447	30.9257392883
150.811009408	1009.34570312	39.342464447	30.9257392883
150.811009409	1009.34570312	39.342464447	30.9257392883
150.811009409	1009.34570312	39.342464447	30.9257392883
150.811009409	1009.34570312	39.342464447	30.9257392883
150.811009409	1009.34960938	39.342464447	30.9257392883
150.811009409	1009.34960938	39.342464447	30.9257392883
150.811009409	1009.34960938	39.342464447	30.9257392883
150.81100941	1009.34960938	39.342464447	30.9257392883
150.81100941	1009.34960938	39.342464447	30.9257392883
150.81100941	1009.34960938	39.342464447	30.9257392883
150.81100941	1009.34960938	39.342464447	30.9257392883
150.81100941	1009.34960938	39.342464447	30.9257392883
150.81100941	1009.34960938	39.342464447	30.9257392883
150.81100941	1009.34960938	39.342464447	30.9257392883
150.81100941	1009.34960938	39.342464447	30.8524856567
150.811009411	1009.34960938	39.342464447	30.8524856567
150.811009411	1009.34960938	38.5159187317	30.8524856567
150.811009411	1009.34960938	38.5159187317	30.8524856567
150.811009411	1009.34960938	38.5159187317	30.8524856567
150.811009411	1009.34960938	38.5159187317	30.8524856567
150.811009412	1009.34960938	38.5159187317	30.8524856567
150.811009412	1009.34960938	38.5159187317	30.8524856567
150.811009412	1009.34960938	38.5159187317	30.8524856567
150.811009412	1009.34960938	38.5159187317	30.8524856567
150.811009412	1009.34960938	38.5159187317	30.8524856567
150.811009412	1009.34960938	38.5159187317	30.8524856567
150.811009412	1009.34960938	38.5159187317	30.8524856567
150.811009413	1009.34960938	38.5159187317	30.8524856567
150.811009413	1009.34960938	38.5159187317	30.8524856567
150.811009413	1009.34960938	38.5159187317	30.8524856567
150.811009413	1009.34960938	38.5159187317	30.8524856567
150.811009413	1009.3527832	38.5159187317	30.8524856567
150.811009413	1009.3527832	38.5159187317	30.8524856567
150.811009413	1009.3527832	38.5159187317	30.8524856567
150.811009414	1009.3527832	38.5159187317	30.8524856567
150.811009414	1009.3527832	38.5159187317	30.8524856567
150.811009414	1009.3527832	38.5159187317	30.8524856567
150.811009414	1009.3527832	38.5159187317	30.8524856567
150.811009414	1009.3527832	38.5159187317	30.8524856567
150.811009414	1009.3527832	38.5159187317	30.8524856567
150.811009414	1009.3527832	38.5159187317	30.8524856567
150.811009415	1009.3527832	38.5159187317	30.8524856567
150.811009415	1009.3527832	38.5159187317	30.8524856567
150.811009415	1009.3527832	38.5159187317	30.8524856567
150.811009415	1009.3527832	38.5159187317	30.8524856567
150.811009415	1009.3527832	38.5159187317	30.8524856567
150.811009415	1009.3527832	38.5159187317	30.8524856567
150.811009415	1009.3527832	38.5159187317	30.8524856567
150.811009415	1009.3527832	38.5159187317	30.8524856567
150.811009416	1009.3527832	38.5159187317	30.8524856567
150.811009416	1009.3527832	38.5159187317	30.8524856567
150.811009416	1009.3527832	38.5159187317	30.8524856567
150.811009416	1009.3527832	38.5159187317	30.8524856567
150.811009416	1009.3527832	38.5159187317	30.8524856567
150.811009416	1009.3527832	38.5159187317	30.8524856567
150.811009416	1009.3527832	38.5159187317	30.8524856567
150.811009417	1009.3527832	38.5159187317	30.8524856567
150.811009417	1009.3527832	38.5159187317	30.8524856567
150.811009417	1009.3527832	38.5159187317	30.8524856567
150.811009417	1009.3527832	38.5159187317	30.8524856567
150.811009417	1009.3527832	38.5159187317	30.8524856567
150.811009417	1009.35400391	38.5159187317	30.8524856567
150.811009417	1009.35400391	38.5159187317	30.8524856567
150.811009418	1009.35400391	38.5159187317	30.8524856567
150.811009418	1009.35400391	38.5159187317	30.8524856567
150.811009418	1009.35400391	38.5159187317	30.8524856567
150.811009418	1009.35400391	38.5159187317	30.8524856567
150.811009418	1009.35400391	38.5159187317	30.8524856567
150.811009418	1009.35400391	38.5159187317	30.8524856567
150.811009418	1009.35400391	38.5159187317	30.8524856567
150.811009419	1009.35400391	38.5159187317	30.8708000183
150.811009419	1009.35400391	38.97315979	30.8708000183
150.811009419	1009.35400391	38.97315979	30.8708000183
150.811009419	1009.35400391	38.97315979	30.8708000183
150.811009419	1009.35400391	38.97315979	30.8708000183
150.811009419	1009.35400391	38.97315979	30.8708000183
150.81100942	1009.35400391	38.97315979	30.8708000183
150.81100942	1009.35400391	38.97315979	30.8708000183
150.81100942	1009.35400391	38.97315979	30.8708000183
150.81100942	1009.35400391	38.97315979	30.8708000183
150.81100942	1009.35400391	38.97315979	30.8708000183
150.81100942	1009.35400391	38.97315979	30.8708000183
150.81100942	1009.35400391	38.97315979	30.8708000183
150.81100942	1009.35400391	38.97315979	30.8708000183
150.811009421	1009.35400391	38.97315979	30.8708000183
150.811009421	1009.35400391	38.97315979	30.8708000183
150.811009421	1009.35400391	38.97315979	30.8708000183
150.811009421	1009.35400391	38.97315979	30.8708000183
150.811009421	1009.35400391	38.97315979	30.8708000183
150.811009421	1009.35131836	38.97315979	30.8708000183
150.811009422	1009.35131836	38.97315979	30.8708000183
150.811009422	1009.35131836	38.97315979	30.8708000183
150.811009422	1009.35131836	38.97315979	30.8708000183
150.811009422	1009.35131836	38.97315979	30.8708000183
150.811009422	1009.35131836	38.97315979	30.8708000183
150.811009422	1009.35131836	38.97315979	30.8708000183
150.811009422	1009.35131836	38.97315979	30.8708000183
150.811009422	1009.35131836	38.97315979	30.8708000183
150.811009423	1009.35131836	38.97315979	30.8708000183
150.811009423	1009.35131836	38.97315979	30.8708000183
150.811009423	1009.35131836	38.97315979	30.8708000183
150.811009423	1009.35131836	38.97315979	30.8708000183
150.811009423	1009.35131836	38.97315979	30.8708000183
150.811009423	1009.35131836	38.97315979	30.8708000183
150.811009423	1009.35131836	38.97315979	30.8708000183
150.811009424	1009.35131836	38.97315979	30.8708000183
150.811009424	1009.35131836	38.97315979	30.8708000183
150.811009424	1009.35131836	38.97315979	30.8708000183
150.811009424	1009.35131836	38.97315979	30.8708000183
150.811009424	1009.35131836	38.97315979	30.8708000183
150.811009424	1009.35131836	38.97315979	30.8708000183
150.811009424	1009.35131836	38.97315979	30.8708000183
150.811009425	1009.35131836	38.97315979	30.8708000183
150.811009425	1009.35131836	38.97315979	30.8708000183
150.811009425	1009.35131836	38.97315979	30.8708000183
150.811009425	1009.35131836	38.97315979	30.8708000183
150.811009425	1009.35131836	38.97315979	30.8708000183
150.811009425	1009.35131836	38.97315979	30.8708000183
150.811009425	1009.35327148	38.97315979	30.8708000183
150.811009426	1009.35327148	38.97315979	30.8708000183
150.811009426	1009.35327148	38.97315979	30.8708000183
150.811009426	1009.35327148	38.97315979	30.8708000183
150.811009426	1009.35327148	38.97315979	30.8708000183
150.811009426	1009.35327148	38.97315979	30.8708000183
150.811009426	1009.35327148	38.97315979	30.8708000183
150.811009426	1009.35327148	38.97315979	30.8708000183
150.811009427	1009.35327148	38.97315979	30.8891124725
150.811009427	1009.35327148	38.97315979	30.8891124725
150.811009427	1009.35327148	39.0435028076	30.8891124725
150.811009427	1009.35327148	39.0435028076	30.8891124725
150.811009427	1009.35327148	39.0435028076	30.8891124725
150.811009427	1009.35327148	39.0435028076	30.8891124725
150.811009427	1009.35327148	39.0435028076	30.8891124725
150.811009428	1009.35327148	39.0435028076	30.8891124725
150.811009428	1009.35327148	39.0435028076	30.8891124725
150.811009428	1009.35327148	39.0435028076	30.8891124725
150.811009428	1009.35327148	39.0435028076	30.8891124725
150.811009428	1009.35327148	39.0435028076	30.8891124725
150.811009428	1009.35327148	39.0435028076	30.8891124725
150.811009428	1009.35327148	39.0435028076	30.8891124725
150.811009429	1009.35327148	39.0435028076	30.8891124725
150.811009429	1009.35327148	39.0435028076	30.8891124725
150.811009429	1009.35327148	39.0435028076	30.8891124725
150.811009429	1009.35327148	39.0435028076	30.8891124725
150.811009429	1009.35351562	39.0435028076	30.8891124725
150.81100943	1009.35351562	39.0435028076	30.8891124725
150.81100943	1009.35351562	39.0435028076	30.8891124725
150.81100943	1009.35351562	39.0435028076	30.8891124725
150.81100943	1009.35351562	39.0435028076	30.8891124725
150.81100943	1009.35351562	39.0435028076	30.8891124725
150.81100943	1009.35351562	39.0435028076	30.8891124725
150.81100943	1009.35351562	39.0435028076	30.8891124725
150.811009431	1009.35351562	39.0435028076	30.8891124725
150.811009431	1009.35351562	39.0435028076	30.8891124725
150.811009431	1009.35351562	39.0435028076	30.8891124725
150.811009431	1009.35351562	39.0435028076	30.8891124725
150.811009431	1009.35351562	39.0435028076	30.8891124725
150.811009431	1009.35351562	39.0435028076	30.8891124725
150.811009431	1009.35351562	39.0435028076	30.8891124725
150.811009432	1009.35351562	39.0435028076	30.8891124725
150.811009432	1009.35351562	39.0435028076	30.8891124725
150.811009432	1009.35351562	39.0435028076	30.8891124725
150.811009432	1009.35351562	39.0435028076	30.8891124725
150.811009432	1009.35351562	39.0435028076	30.8891124725
150.811009432	1009.35351562	39.0435028076	30.8891124725
150.811009432	1009.35351562	39.0435028076	30.8891124725
150.811009432	1009.35351562	39.0435028076	30.8891124725
150.811009433	1009.35351562	39.0435028076	30.8891124725
150.811009433	1009.35351562	39.0435028076	30.8891124725
150.811009433	1009.35351562	39.0435028076	30.8891124725
150.811009433	1009.35351562	39.0435028076	30.8891124725
150.811009433	1009.35351562	39.0435028076	30.8891124725
150.811009433	1009.35351562	39.0435028076	30.8891124725
150.811009433	1009.35351562	39.0435028076	30.8891124725
150.811009434	1009.35498047	39.0435028076	30.8891124725
150.811009434	1009.35498047	39.0435028076	30.8891124725
150.811009434	1009.35498047	39.0435028076	30.8891124725
150.811009434	1009.35498047	39.0435028076	30.8891124725
150.811009434	1009.35498047	39.0435028076	30.8891124725
150.811009434	1009.35498047	39.0435028076	30.8891124725
150.811009434	1009.35498047	39.0435028076	30.8891124725
150.811009435	1009.35498047	39.0435028076	30.8708000183
150.811009435	1009.35498047	39.0435028076	30.8708000183
150.811009435	1009.35498047	39.2650871277	30.8708000183
150.811009435	1009.35498047	39.2650871277	30.8708000183
150.811009435	1009.35498047	39.2650871277	30.8708000183
150.811009435	1009.35498047	39.2650871277	30.8708000183
150.811009436	1009.35498047	39.2650871277	30.8708000183
150.811009436	1009.35498047	39.2650871277	30.8708000183
150.811009436	1009.35498047	39.2650871277	30.8708000183
150.811009436	1009.35498047	39.2650871277	30.8708000183
150.811009436	1009.35498047	39.2650871277	30.8708000183
150.811009436	1009.35498047	39.2650871277	30.8708000183
150.811009436	1009.35498047	39.2650871277	30.8708000183
150.811009436	1009.35498047	39.2650871277	30.8708000183
150.811009437	1009.35498047	39.2650871277	30.8708000183
150.811009437	1009.35498047	39.2650871277	30.8708000183
150.811009437	1009.35498047	39.2650871277	30.8708000183
150.811009437	1009.35498047	39.2650871277	30.8708000183
150.811009437	1009.35498047	39.2650871277	30.8708000183
150.811009437	1009.35498047	39.2650871277	30.8708000183
150.811009437	1009.35498047	39.2650871277	30.8708000183
150.811009438	1009.35791016	39.2650871277	30.8708000183
150.811009438	1009.35791016	39.2650871277	30.8708000183
150.811009438	1009.35791016	39.2650871277	30.8708000183
150.811009438	1009.35791016	39.2650871277	30.8708000183
150.811009438	1009.35791016	39.2650871277	30.8708000183
150.811009438	1009.35791016	39.2650871277	30.8708000183
150.811009439	1009.35791016	39.2650871277	30.8708000183
150.811009439	1009.35791016	39.2650871277	30.8708000183
150.811009439	1009.35791016	39.2650871277	30.8708000183
150.811009439	1009.35791016	39.2650871277	30.8708000183
150.811009439	1009.35791016	39.2650871277	30.8708000183
150.811009439	1009.35791016	39.2650871277	30.8708000183
150.811009439	1009.35791016	39.2650871277	30.8708000183
150.811009439	1009.35791016	39.2650871277	30.8708000183
150.81100944	1009.35791016	39.2650871277	30.8708000183
150.81100944	1009.35791016	39.2650871277	30.8708000183
150.81100944	1009.35791016	39.2650871277	30.8708000183
150.81100944	1009.35791016	39.2650871277	30.8708000183
150.81100944	1009.35791016	39.2650871277	30.8708000183
150.81100944	1009.35791016	39.2650871277	30.8708000183
150.81100944	1009.35791016	39.2650871277	30.8708000183
150.811009441	1009.35791016	39.2650871277	30.8708000183
150.811009441	1009.35791016	39.2650871277	30.8708000183
150.811009441	1009.35791016	39.2650871277	30.8708000183
150.811009441	1009.35791016	39.2650871277	30.8708000183
150.811009441	1009.35791016	39.2650871277	30.8708000183
150.811009441	1009.35791016	39.2650871277	30.8708000183
150.811009441	1009.35791016	39.2650871277	30.8708000183
150.811009442	1009.35791016	39.2650871277	30.8708000183
150.811009442	1009.36010742	39.2650871277	30.8708000183
150.811009442	1009.36010742	39.2650871277	30.8708000183
150.811009442	1009.36010742	39.2650871277	30.8708000183
150.811009442	1009.36010742	39.2650871277	30.8708000183
150.811009442	1009.36010742	39.2650871277	30.8708000183
150.811009442	1009.36010742	39.2650871277	30.8708000183
150.811009443	1009.36010742	39.2650871277	30.8708000183
150.811009443	1009.36010742	39.2650871277	30.8524856567
150.811009443	1009.36010742	41.4985198975	30.8524856567
150.811009443	1009.36010742	41.4985198975	30.8524856567
150.811009443	1009.36010742	41.4985198975	30.8524856567
150.811009443	1009.36010742	41.4985198975	30.8524856567
150.811009444	1009.36010742	41.4985198975	30.8524856567
150.811009444	1009.36010742	41.4985198975	30.8524856567
150.811009444	1009.36010742	41.4985198975	30.8524856567
150.811009444	1009.36010742	41.4985198975	30.8524856567
150.811009444	1009.36010742	41.4985198975	30.8524856567
150.811009444	1009.36010742	41.4985198975	30.8524856567
150.811009444	1009.36010742	41.4985198975	30.8524856567
150.811009444	1009.36010742	41.4985198975	30.8524856567
150.811009445	1009.36010742	41.4985198975	30.8524856567
150.811009445	1009.36010742	41.4985198975	30.8524856567
150.811009445	1009.36010742	41.4985198975	30.8524856567
150.811009445	1009.36010742	41.4985198975	30.8524856567
150.811009445	1009.36010742	41.4985198975	30.8524856567
150.811009445	1009.36010742	41.4985198975	30.8524856567
150.811009445	1009.36010742	41.4985198975	30.8524856567
150.811009446	1009.36010742	41.4985198975	30.8524856567
150.811009446	1009.3659668	41.4985198975	30.8524856567
