0.735246134625	1600
time	pressure	humidity	temperature
150.811309512	1008.27270508	40.1198997498	30.8666648865
150.811309513	1008.27270508	40.1198997498	30.8666648865
150.811309514	1008.27270508	40.1198997498	30.8666648865
150.811309514	1008.27270508	40.1198997498	30.8666648865
150.811309514	1008.27270508	40.1198997498	30.8666648865
150.811309514	1008.27270508	40.1198997498	30.8666648865
150.811309514	1008.27270508	40.1198997498	30.9379081726
150.811309515	1008.27270508	39.7899475098	30.9379081726
150.811309515	1008.27270508	39.7899475098	30.9379081726
150.811309515	1008.27172852	39.7899475098	30.9379081726
150.811309516	1008.27172852	39.7899475098	30.9379081726
150.811309516	1008.27172852	39.7899475098	30.9379081726
150.811309516	1008.27172852	39.7899475098	30.9379081726
150.811309516	1008.27172852	39.7899475098	30.9379081726
150.811309517	1008.27172852	39.7899475098	30.9379081726
150.811309517	1008.27172852	39.7899475098	30.9379081726
150.811309517	1008.27172852	39.7899475098	30.9379081726
150.811309517	1008.27172852	39.7899475098	30.9379081726
150.811309517	1008.27172852	39.7899475098	30.9379081726
150.811309518	1008.27172852	39.7899475098	30.9379081726
150.811309518	1008.27172852	39.7899475098	30.9379081726
150.811309518	1008.27172852	39.7899475098	30.9379081726
150.811309518	1008.27172852	39.7899475098	30.9379081726
150.811309519	1008.27172852	39.7899475098	30.9379081726
150.811309519	1008.27172852	39.7899475098	30.9379081726
150.811309519	1008.27172852	39.7899475098	30.9379081726
150.81130952	1008.27636719	39.7899475098	30.9379081726
150.81130952	1008.27636719	39.7899475098	30.9379081726
150.81130952	1008.27636719	39.7899475098	30.9379081726
150.811309521	1008.27636719	39.7899475098	30.9379081726
150.811309521	1008.27636719	39.7899475098	30.9379081726
150.811309521	1008.27636719	39.7899475098	30.9379081726
150.811309521	1008.27636719	39.7899475098	30.9379081726
150.811309522	1008.27636719	39.7899475098	30.9379081726
150.811309522	1008.27636719	39.7899475098	30.9379081726
150.811309522	1008.27636719	39.7899475098	30.9379081726
150.811309522	1008.27636719	39.7899475098	30.9379081726
150.811309522	1008.27636719	39.7899475098	30.884475708
150.811309523	1008.27636719	42.204158783	30.884475708
150.811309523	1008.27636719	42.204158783	30.884475708
150.811309523	1008.27636719	42.204158783	30.884475708
150.811309523	1008.27514648	42.204158783	30.884475708
150.811309524	1008.27514648	42.204158783	30.884475708
150.811309524	1008.27514648	42.204158783	30.884475708
150.811309524	1008.27514648	42.204158783	30.884475708
150.811309525	1008.27514648	42.204158783	30.884475708
150.811309525	1008.27514648	42.204158783	30.884475708
150.811309525	1008.27514648	42.204158783	30.884475708
150.811309525	1008.27514648	42.204158783	30.884475708
150.811309525	1008.27514648	42.204158783	30.884475708
150.811309526	1008.27514648	42.204158783	30.884475708
150.811309526	1008.27514648	42.204158783	30.884475708
150.811309526	1008.27514648	42.204158783	30.884475708
150.811309526	1008.27514648	42.204158783	30.884475708
150.811309527	1008.27514648	42.204158783	30.884475708
150.811309527	1008.27514648	42.204158783	30.884475708
150.811309527	1008.27514648	42.204158783	30.884475708
150.811309527	1008.27514648	42.204158783	30.884475708
150.811309527	1008.27514648	42.204158783	30.884475708
150.811309528	1008.27929688	42.204158783	30.884475708
150.811309528	1008.27929688	42.204158783	30.884475708
150.811309528	1008.27929688	42.204158783	30.884475708
150.811309528	1008.27929688	42.204158783	30.884475708
150.811309529	1008.27929688	42.204158783	30.884475708
150.811309529	1008.27929688	42.204158783	30.884475708
150.811309529	1008.27929688	42.204158783	30.884475708
150.811309529	1008.27929688	42.204158783	30.884475708
150.81130953	1008.27929688	42.204158783	30.884475708
150.81130953	1008.27929688	42.204158783	30.884475708
150.81130953	1008.27929688	42.204158783	30.884475708
150.81130953	1008.27929688	42.204158783	30.9735298157
150.811309531	1008.27929688	41.7827339172	30.9735298157
150.811309531	1008.27929688	41.7827339172	30.9735298157
150.811309531	1008.27929688	41.7827339172	30.9735298157
150.811309531	1008.27929688	41.7827339172	30.9735298157
150.811309532	1008.27929688	41.7827339172	30.9735298157
150.811309532	1008.27954102	41.7827339172	30.9735298157
150.811309532	1008.27954102	41.7827339172	30.9735298157
150.811309532	1008.27954102	41.7827339172	30.9735298157
150.811309533	1008.27954102	41.7827339172	30.9735298157
150.811309533	1008.27954102	41.7827339172	30.9735298157
150.811309533	1008.27954102	41.7827339172	30.9735298157
150.811309533	1008.27954102	41.7827339172	30.9735298157
150.811309533	1008.27954102	41.7827339172	30.9735298157
150.811309534	1008.27954102	41.7827339172	30.9735298157
150.811309534	1008.27954102	41.7827339172	30.9735298157
150.811309534	1008.27954102	41.7827339172	30.9735298157
150.811309534	1008.27954102	41.7827339172	30.9735298157
150.811309535	1008.27954102	41.7827339172	30.9735298157
150.811309535	1008.27954102	41.7827339172	30.9735298157
150.811309535	1008.27954102	41.7827339172	30.9735298157
150.811309535	1008.27954102	41.7827339172	30.9735298157
150.811309535	1008.27954102	41.7827339172	30.9735298157
150.811309536	1008.27954102	41.7827339172	30.9735298157
150.811309536	1008.28100586	41.7827339172	30.9735298157
150.811309536	1008.28100586	41.7827339172	30.9735298157
150.811309537	1008.28100586	41.7827339172	30.9735298157
150.811309537	1008.28100586	41.7827339172	30.9735298157
150.811309537	1008.28100586	41.7827339172	30.9735298157
150.811309537	1008.28100586	41.7827339172	30.9735298157
150.811309537	1008.28100586	41.7827339172	30.9735298157
150.811309538	1008.28100586	41.7827339172	30.9735298157
150.811309538	1008.28100586	41.7827339172	30.9735298157
150.811309538	1008.28100586	41.7827339172	30.884475708
150.811309538	1008.28100586	42.6190490723	30.884475708
150.811309539	1008.28100586	42.6190490723	30.884475708
150.811309539	1008.28100586	42.6190490723	30.884475708
150.811309539	1008.28100586	42.6190490723	30.884475708
150.811309539	1008.28100586	42.6190490723	30.884475708
150.81130954	1008.28100586	42.6190490723	30.884475708
150.81130954	1008.28100586	42.6190490723	30.884475708
150.81130954	1008.27978516	42.6190490723	30.884475708
150.81130954	1008.27978516	42.6190490723	30.884475708
150.811309541	1008.27978516	42.6190490723	30.884475708
150.811309541	1008.27978516	42.6190490723	30.884475708
150.811309541	1008.27978516	42.6190490723	30.884475708
150.811309541	1008.27978516	42.6190490723	30.884475708
150.811309542	1008.27978516	42.6190490723	30.884475708
150.811309542	1008.27978516	42.6190490723	30.884475708
150.811309542	1008.27978516	42.6190490723	30.884475708
150.811309542	1008.27978516	42.6190490723	30.884475708
150.811309542	1008.27978516	42.6190490723	30.884475708
150.811309543	1008.27978516	42.6190490723	30.884475708
150.811309543	1008.27978516	42.6190490723	30.884475708
150.811309543	1008.27978516	42.6190490723	30.884475708
150.811309543	1008.27978516	42.6190490723	30.884475708
150.811309544	1008.27978516	42.6190490723	30.884475708
150.811309544	1008.27978516	42.6190490723	30.884475708
150.811309544	1008.28442383	42.6190490723	30.884475708
150.811309544	1008.28442383	42.6190490723	30.884475708
150.811309545	1008.28442383	42.6190490723	30.884475708
150.811309545	1008.28442383	42.6190490723	30.884475708
150.811309545	1008.28442383	42.6190490723	30.884475708
150.811309545	1008.28442383	42.6190490723	30.884475708
150.811309546	1008.28442383	42.6190490723	30.884475708
150.811309546	1008.28442383	42.6190490723	30.884475708
150.811309546	1008.28442383	42.6190490723	30.9022865295
150.811309546	1008.28442383	39.4730606079	30.9022865295
150.811309547	1008.28442383	39.4730606079	30.9022865295
150.811309547	1008.28442383	39.4730606079	30.9022865295
150.811309547	1008.28442383	39.4730606079	30.9022865295
150.811309547	1008.28442383	39.4730606079	30.9022865295
150.811309547	1008.28442383	39.4730606079	30.9022865295
150.811309548	1008.28442383	39.4730606079	30.9022865295
150.811309548	1008.28442383	39.4730606079	30.9022865295
150.811309548	1008.28320312	39.4730606079	30.9022865295
150.811309549	1008.28320312	39.4730606079	30.9022865295
150.811309549	1008.28320312	39.4730606079	30.9022865295
150.811309549	1008.28320312	39.4730606079	30.9022865295
150.811309549	1008.28320312	39.4730606079	30.9022865295
150.811309549	1008.28320312	39.4730606079	30.9022865295
150.81130955	1008.28320312	39.4730606079	30.9022865295
150.81130955	1008.28320312	39.4730606079	30.9022865295
150.81130955	1008.28320312	39.4730606079	30.9022865295
150.81130955	1008.28320312	39.4730606079	30.9022865295
150.811309551	1008.28320312	39.4730606079	30.9022865295
150.811309551	1008.28320312	39.4730606079	30.9022865295
150.811309551	1008.28320312	39.4730606079	30.9022865295
150.811309551	1008.28320312	39.4730606079	30.9022865295
150.811309551	1008.28320312	39.4730606079	30.9022865295
150.811309552	1008.28320312	39.4730606079	30.9022865295
150.811309552	1008.28320312	39.4730606079	30.9022865295
150.811309552	1008.28320312	39.4730606079	30.9022865295
150.811309552	1008.28833008	39.4730606079	30.9022865295
150.811309553	1008.28833008	39.4730606079	30.9022865295
150.811309553	1008.28833008	39.4730606079	30.9022865295
150.811309553	1008.28833008	39.4730606079	30.9022865295
150.811309553	1008.28833008	39.4730606079	30.9022865295
150.811309554	1008.28833008	39.4730606079	30.9022865295
150.811309554	1008.28833008	39.4730606079	30.9022865295
150.811309554	1008.28833008	36.8040313721	30.9022865295
150.811309554	1008.28833008	36.8040313721	30.9022865295
150.811309555	1008.28833008	36.8040313721	30.9022865295
150.811309555	1008.28833008	36.8040313721	30.9022865295
150.811309555	1008.28833008	36.8040313721	30.9022865295
150.811309555	1008.28833008	36.8040313721	30.9022865295
150.811309556	1008.28833008	36.8040313721	30.9022865295
150.811309556	1008.28833008	36.8040313721	30.9022865295
150.811309556	1008.28833008	36.8040313721	30.9022865295
150.811309556	1008.28833008	36.8040313721	30.9022865295
150.811309556	1008.28637695	36.8040313721	30.9022865295
150.811309557	1008.28637695	36.8040313721	30.9022865295
150.811309557	1008.28637695	36.8040313721	30.9022865295
150.811309557	1008.28637695	36.8040313721	30.9022865295
150.811309558	1008.28637695	36.8040313721	30.9022865295
150.811309558	1008.28637695	36.8040313721	30.9022865295
150.811309558	1008.28637695	36.8040313721	30.9022865295
150.811309558	1008.28637695	36.8040313721	30.9022865295
150.811309558	1008.28637695	36.8040313721	30.9022865295
150.811309559	1008.28637695	36.8040313721	30.9022865295
150.811309559	1008.28637695	36.8040313721	30.9022865295
150.811309559	1008.28637695	36.8040313721	30.9022865295
150.811309559	1008.28637695	36.8040313721	30.9022865295
150.81130956	1008.28637695	36.8040313721	30.9022865295
150.81130956	1008.28637695	36.8040313721	30.9022865295
150.81130956	1008.28637695	36.8040313721	30.9022865295
150.81130956	1008.28637695	36.8040313721	30.9022865295
150.81130956	1008.28808594	36.8040313721	30.9022865295
150.811309561	1008.28808594	36.8040313721	30.9022865295
150.811309561	1008.28808594	36.8040313721	30.9022865295
150.811309561	1008.28808594	36.8040313721	30.9022865295
150.811309561	1008.28808594	36.8040313721	30.9022865295
150.811309562	1008.28808594	36.8040313721	30.8666648865
150.811309562	1008.28808594	37.5227432251	30.8666648865
150.811309562	1008.28808594	37.5227432251	30.8666648865
150.811309563	1008.28808594	37.5227432251	30.8666648865
150.811309563	1008.28808594	37.5227432251	30.8666648865
150.811309563	1008.28808594	37.5227432251	30.8666648865
150.811309563	1008.28808594	37.5227432251	30.8666648865
150.811309563	1008.28808594	37.5227432251	30.8666648865
150.811309564	1008.28808594	37.5227432251	30.8666648865
150.811309564	1008.28808594	37.5227432251	30.8666648865
150.811309564	1008.28808594	37.5227432251	30.8666648865
150.811309564	1008.28808594	37.5227432251	30.8666648865
150.811309565	1008.29443359	37.5227432251	30.8666648865
150.811309565	1008.29443359	37.5227432251	30.8666648865
150.811309565	1008.29443359	37.5227432251	30.8666648865
150.811309565	1008.29443359	37.5227432251	30.8666648865
150.811309566	1008.29443359	37.5227432251	30.8666648865
150.811309566	1008.29443359	37.5227432251	30.8666648865
150.811309566	1008.29443359	37.5227432251	30.8666648865
150.811309566	1008.29443359	37.5227432251	30.8666648865
150.811309566	1008.29443359	37.5227432251	30.8666648865
150.811309567	1008.29443359	37.5227432251	30.8666648865
150.811309567	1008.29443359	37.5227432251	30.8666648865
150.811309567	1008.29443359	37.5227432251	30.8666648865
150.811309567	1008.29443359	37.5227432251	30.8666648865
150.811309568	1008.29443359	37.5227432251	30.8666648865
150.811309568	1008.29443359	37.5227432251	30.8666648865
150.811309568	1008.29443359	37.5227432251	30.8666648865
150.811309568	1008.29443359	37.5227432251	30.8666648865
150.811309568	1008.29443359	37.5227432251	30.8666648865
150.811309569	1008.29858398	37.5227432251	30.8666648865
150.811309569	1008.29858398	37.5227432251	30.8666648865
150.811309569	1008.29858398	37.5227432251	30.8666648865
150.81130957	1008.29858398	37.5227432251	30.9022865295
150.81130957	1008.29858398	39.6364021301	30.9022865295
150.81130957	1008.29858398	39.6364021301	30.9022865295
150.81130957	1008.29858398	39.6364021301	30.9022865295
150.811309571	1008.29858398	39.6364021301	30.9022865295
150.811309571	1008.29858398	39.6364021301	30.9022865295
150.811309571	1008.29858398	39.6364021301	30.9022865295
150.811309571	1008.29858398	39.6364021301	30.9022865295
150.811309572	1008.29858398	39.6364021301	30.9022865295
150.811309572	1008.29858398	39.6364021301	30.9022865295
150.811309572	1008.29858398	39.6364021301	30.9022865295
150.811309572	1008.29858398	39.6364021301	30.9022865295
150.811309572	1008.29858398	39.6364021301	30.9022865295
150.811309573	1008.29858398	39.6364021301	30.9022865295
150.811309573	1008.29882812	39.6364021301	30.9022865295
150.811309573	1008.29882812	39.6364021301	30.9022865295
150.811309573	1008.29882812	39.6364021301	30.9022865295
150.811309574	1008.29882812	39.6364021301	30.9022865295
150.811309574	1008.29882812	39.6364021301	30.9022865295
150.811309574	1008.29882812	39.6364021301	30.9022865295
150.811309574	1008.29882812	39.6364021301	30.9022865295
150.811309575	1008.29882812	39.6364021301	30.9022865295
150.811309575	1008.29882812	39.6364021301	30.9022865295
150.811309575	1008.29882812	39.6364021301	30.9022865295
150.811309575	1008.29882812	39.6364021301	30.9022865295
150.811309575	1008.29882812	39.6364021301	30.9022865295
150.811309576	1008.29882812	39.6364021301	30.9022865295
150.811309576	1008.29882812	39.6364021301	30.9022865295
150.811309576	1008.29882812	39.6364021301	30.9022865295
150.811309576	1008.29882812	39.6364021301	30.9022865295
150.811309577	1008.29882812	39.6364021301	30.9022865295
150.811309577	1008.29882812	39.6364021301	30.9022865295
150.811309577	1008.30102539	39.6364021301	30.9022865295
150.811309577	1008.30102539	39.6364021301	30.9557189941
150.811309578	1008.30102539	41.6226577759	30.9557189941
150.811309578	1008.30102539	41.6226577759	30.9557189941
150.811309578	1008.30102539	41.6226577759	30.9557189941
150.811309578	1008.30102539	41.6226577759	30.9557189941
150.811309579	1008.30102539	41.6226577759	30.9557189941
150.811309579	1008.30102539	41.6226577759	30.9557189941
150.811309579	1008.30102539	41.6226577759	30.9557189941
150.811309579	1008.30102539	41.6226577759	30.9557189941
150.81130958	1008.30102539	41.6226577759	30.9557189941
150.81130958	1008.30102539	41.6226577759	30.9557189941
150.81130958	1008.30102539	41.6226577759	30.9557189941
150.81130958	1008.30102539	41.6226577759	30.9557189941
150.81130958	1008.30102539	41.6226577759	30.9557189941
150.811309581	1008.30102539	41.6226577759	30.9557189941
150.811309581	1008.30102539	41.6226577759	30.9557189941
150.811309581	1008.30102539	41.6226577759	30.9557189941
150.811309582	1008.30102539	41.6226577759	30.9557189941
150.811309582	1008.30102539	41.6226577759	30.9557189941
150.811309582	1008.30102539	41.6226577759	30.9557189941
150.811309582	1008.30102539	41.6226577759	30.9557189941
150.811309582	1008.30102539	41.6226577759	30.9557189941
150.811309583	1008.30102539	41.6226577759	30.9557189941
150.811309583	1008.30102539	41.6226577759	30.9557189941
150.811309583	1008.30102539	41.6226577759	30.9557189941
150.811309583	1008.30102539	41.6226577759	30.9557189941
150.811309584	1008.30102539	41.6226577759	30.9557189941
150.811309584	1008.30102539	41.6226577759	30.9557189941
150.811309584	1008.30102539	41.6226577759	30.9557189941
150.811309584	1008.30102539	41.6226577759	30.9557189941
150.811309584	1008.30102539	41.6226577759	30.9557189941
150.811309585	1008.30102539	41.6226577759	30.9557189941
150.811309585	1008.30102539	41.6226577759	30.9557189941
150.811309585	1008.31054688	41.6226577759	30.884475708
150.811309586	1008.31054688	40.8418769836	30.884475708
150.811309586	1008.31054688	40.8418769836	30.884475708
150.811309586	1008.31054688	40.8418769836	30.884475708
150.811309586	1008.31054688	40.8418769836	30.884475708
150.811309587	1008.31054688	40.8418769836	30.884475708
150.811309587	1008.31054688	40.8418769836	30.884475708
150.811309587	1008.31054688	40.8418769836	30.884475708
150.811309587	1008.31054688	40.8418769836	30.884475708
150.811309587	1008.31054688	40.8418769836	30.884475708
150.811309588	1008.31054688	40.8418769836	30.884475708
150.811309588	1008.31054688	40.8418769836	30.884475708
150.811309588	1008.31054688	40.8418769836	30.884475708
150.811309588	1008.31054688	40.8418769836	30.884475708
150.811309589	1008.31054688	40.8418769836	30.884475708
150.811309589	1008.31054688	40.8418769836	30.884475708
150.811309589	1008.31054688	40.8418769836	30.884475708
150.811309589	1008.31103516	40.8418769836	30.884475708
150.81130959	1008.31103516	40.8418769836	30.884475708
150.81130959	1008.31103516	40.8418769836	30.884475708
150.81130959	1008.31103516	40.8418769836	30.884475708
150.81130959	1008.31103516	40.8418769836	30.884475708
150.811309591	1008.31103516	40.8418769836	30.884475708
150.811309591	1008.31103516	40.8418769836	30.884475708
150.811309591	1008.31103516	40.8418769836	30.884475708
150.811309591	1008.31103516	40.8418769836	30.884475708
150.811309591	1008.31103516	40.8418769836	30.884475708
150.811309592	1008.31103516	40.8418769836	30.884475708
150.811309592	1008.31103516	40.8418769836	30.884475708
150.811309592	1008.31103516	40.8418769836	30.884475708
150.811309592	1008.31103516	40.8418769836	30.884475708
150.811309593	1008.31103516	40.8418769836	30.884475708
150.811309593	1008.31103516	40.8418769836	30.884475708
150.811309593	1008.31103516	40.8418769836	30.9022865295
150.811309593	1008.31103516	37.4933395386	30.9022865295
150.811309594	1008.31103516	37.4933395386	30.9022865295
150.811309594	1008.31103516	37.4933395386	30.9022865295
150.811309594	1008.31103516	37.4933395386	30.9022865295
150.811309594	1008.31103516	37.4933395386	30.9022865295
150.811309595	1008.31103516	37.4933395386	30.9022865295
150.811309595	1008.31103516	37.4933395386	30.9022865295
150.811309595	1008.31103516	37.4933395386	30.9022865295
150.811309595	1008.31103516	37.4933395386	30.9022865295
150.811309596	1008.31103516	37.4933395386	30.9022865295
150.811309596	1008.31103516	37.4933395386	30.9022865295
150.811309596	1008.31103516	37.4933395386	30.9022865295
150.811309596	1008.31103516	37.4933395386	30.9022865295
150.811309596	1008.31103516	37.4933395386	30.9022865295
150.811309597	1008.31103516	37.4933395386	30.9022865295
150.811309597	1008.31103516	37.4933395386	30.9022865295
150.811309597	1008.31103516	37.4933395386	30.9022865295
150.811309597	1008.31103516	37.4933395386	30.9022865295
150.811309598	1008.31420898	37.4933395386	30.9022865295
150.811309598	1008.31420898	37.4933395386	30.9022865295
150.811309598	1008.31420898	37.4933395386	30.9022865295
150.811309598	1008.31420898	37.4933395386	30.9022865295
150.811309599	1008.31420898	37.4933395386	30.9022865295
150.811309599	1008.31420898	37.4933395386	30.9022865295
150.811309599	1008.31420898	37.4933395386	30.9022865295
150.811309599	1008.31420898	37.4933395386	30.9022865295
150.811309599	1008.31420898	37.4933395386	30.9022865295
150.8113096	1008.31420898	37.4933395386	30.9022865295
150.8113096	1008.31420898	37.4933395386	30.9022865295
150.8113096	1008.31420898	37.4933395386	30.9022865295
150.8113096	1008.31420898	37.4933395386	30.9022865295
150.811309601	1008.31420898	37.4933395386	30.9022865295
150.811309601	1008.31420898	37.4933395386	30.9200973511
150.811309601	1008.31420898	37.4933395386	30.9200973511
150.811309601	1008.31420898	41.6912612915	30.9200973511
150.811309602	1008.31323242	41.6912612915	30.9200973511
150.811309602	1008.31323242	41.6912612915	30.9200973511
150.811309602	1008.31323242	41.6912612915	30.9200973511
150.811309603	1008.31323242	41.6912612915	30.9200973511
150.811309603	1008.31323242	41.6912612915	30.9200973511
150.811309603	1008.31323242	41.6912612915	30.9200973511
150.811309603	1008.31323242	41.6912612915	30.9200973511
150.811309603	1008.31323242	41.6912612915	30.9200973511
150.811309604	1008.31323242	41.6912612915	30.9200973511
150.811309604	1008.31323242	41.6912612915	30.9200973511
150.811309604	1008.31323242	41.6912612915	30.9200973511
150.811309604	1008.31323242	41.6912612915	30.9200973511
150.811309604	1008.31323242	41.6912612915	30.9200973511
150.811309605	1008.31323242	41.6912612915	30.9200973511
150.811309605	1008.31323242	41.6912612915	30.9200973511
150.811309605	1008.31323242	41.6912612915	30.9200973511
150.811309605	1008.31323242	41.6912612915	30.9200973511
150.811309606	1008.31274414	41.6912612915	30.9200973511
150.811309606	1008.31274414	41.6912612915	30.9200973511
150.811309606	1008.31274414	41.6912612915	30.9200973511
150.811309606	1008.31274414	41.6912612915	30.9200973511
150.811309607	1008.31274414	41.6912612915	30.9200973511
150.811309607	1008.31274414	41.6912612915	30.9200973511
150.811309607	1008.31274414	41.6912612915	30.9200973511
150.811309607	1008.31274414	41.6912612915	30.9200973511
150.811309608	1008.31274414	41.6912612915	30.9200973511
150.811309608	1008.31274414	41.6912612915	30.9200973511
150.811309608	1008.31274414	41.6912612915	30.9200973511
150.811309608	1008.31274414	41.6912612915	30.9200973511
150.811309608	1008.31274414	41.6912612915	30.9200973511
150.811309609	1008.31274414	41.6912612915	30.9200973511
150.811309609	1008.31274414	41.6912612915	30.9200973511
150.811309609	1008.31274414	40.926815033	30.9200973511
150.811309609	1008.31274414	40.926815033	30.9200973511
150.81130961	1008.31445312	40.926815033	30.9200973511
150.81130961	1008.31445312	40.926815033	30.9200973511
150.81130961	1008.31445312	40.926815033	30.9200973511
150.811309611	1008.31445312	40.926815033	30.9200973511
150.811309611	1008.31445312	40.926815033	30.9200973511
150.811309611	1008.31445312	40.926815033	30.9200973511
150.811309611	1008.31445312	40.926815033	30.9200973511
150.811309611	1008.31445312	40.926815033	30.9200973511
150.811309612	1008.31445312	40.926815033	30.9200973511
150.811309612	1008.31445312	40.926815033	30.9200973511
150.811309612	1008.31445312	40.926815033	30.9200973511
150.811309612	1008.31445312	40.926815033	30.9200973511
150.811309613	1008.31445312	40.926815033	30.9200973511
150.811309613	1008.31445312	40.926815033	30.9200973511
150.811309613	1008.31445312	40.926815033	30.9200973511
150.811309613	1008.31445312	40.926815033	30.9200973511
150.811309613	1008.31445312	40.926815033	30.9200973511
150.811309614	1008.31445312	40.926815033	30.9200973511
150.811309614	1008.31542969	40.926815033	30.9200973511
150.811309614	1008.31542969	40.926815033	30.9200973511
150.811309615	1008.31542969	40.926815033	30.9200973511
150.811309615	1008.31542969	40.926815033	30.9200973511
150.811309615	1008.31542969	40.926815033	30.9200973511
150.811309615	1008.31542969	40.926815033	30.9200973511
150.811309615	1008.31542969	40.926815033	30.9200973511
150.811309616	1008.31542969	40.926815033	30.9200973511
150.811309616	1008.31542969	40.926815033	30.9200973511
150.811309616	1008.31542969	40.926815033	30.9200973511
150.811309616	1008.31542969	40.926815033	30.9200973511
150.811309617	1008.31542969	40.926815033	30.9200973511
150.811309617	1008.31542969	40.926815033	30.8310451508
150.811309617	1008.31542969	40.0610961914	30.8310451508
150.811309617	1008.31542969	40.0610961914	30.8310451508
150.811309618	1008.31542969	40.0610961914	30.8310451508
150.811309618	1008.31542969	40.0610961914	30.8310451508
150.811309618	1008.31811523	40.0610961914	30.8310451508
150.811309618	1008.31811523	40.0610961914	30.8310451508
150.811309619	1008.31811523	40.0610961914	30.8310451508
150.811309619	1008.31811523	40.0610961914	30.8310451508
150.811309619	1008.31811523	40.0610961914	30.8310451508
150.811309619	1008.31811523	40.0610961914	30.8310451508
150.81130962	1008.31811523	40.0610961914	30.8310451508
150.81130962	1008.31811523	40.0610961914	30.8310451508
150.81130962	1008.31811523	40.0610961914	30.8310451508
150.81130962	1008.31811523	40.0610961914	30.8310451508
150.81130962	1008.31811523	40.0610961914	30.8310451508
150.811309621	1008.31811523	40.0610961914	30.8310451508
150.811309621	1008.31811523	40.0610961914	30.8310451508
150.811309621	1008.31811523	40.0610961914	30.8310451508
150.811309621	1008.31811523	40.0610961914	30.8310451508
150.811309622	1008.31811523	40.0610961914	30.8310451508
150.811309622	1008.31811523	40.0610961914	30.8310451508
150.811309622	1008.31811523	40.0610961914	30.8310451508
150.811309622	1008.31762695	40.0610961914	30.8310451508
150.811309623	1008.31762695	40.0610961914	30.8310451508
150.811309623	1008.31762695	40.0610961914	30.8310451508
150.811309623	1008.31762695	40.0610961914	30.8310451508
150.811309623	1008.31762695	40.0610961914	30.8310451508
150.811309623	1008.31762695	40.0610961914	30.8310451508
150.811309624	1008.31762695	40.0610961914	30.8310451508
150.811309624	1008.31762695	40.0610961914	30.8310451508
150.811309624	1008.31762695	40.0610961914	30.8310451508
150.811309624	1008.31762695	40.0610961914	30.8310451508
150.811309625	1008.31762695	40.0610961914	31.0447711945
150.811309625	1008.31762695	38.0683059692	31.0447711945
150.811309625	1008.31762695	38.0683059692	31.0447711945
150.811309625	1008.31762695	38.0683059692	31.0447711945
150.811309626	1008.31762695	38.0683059692	31.0447711945
150.811309626	1008.31762695	38.0683059692	31.0447711945
150.811309626	1008.31762695	38.0683059692	31.0447711945
150.811309626	1008.31567383	38.0683059692	31.0447711945
150.811309627	1008.31567383	38.0683059692	31.0447711945
150.811309627	1008.31567383	38.0683059692	31.0447711945
150.811309627	1008.31567383	38.0683059692	31.0447711945
150.811309627	1008.31567383	38.0683059692	31.0447711945
150.811309628	1008.31567383	38.0683059692	31.0447711945
150.811309628	1008.31567383	38.0683059692	31.0447711945
150.811309628	1008.31567383	38.0683059692	31.0447711945
150.811309628	1008.31567383	38.0683059692	31.0447711945
150.811309629	1008.31567383	38.0683059692	31.0447711945
150.811309629	1008.31567383	38.0683059692	31.0447711945
150.811309629	1008.31567383	38.0683059692	31.0447711945
150.811309629	1008.31567383	38.0683059692	31.0447711945
150.811309629	1008.31567383	38.0683059692	31.0447711945
150.81130963	1008.31567383	38.0683059692	31.0447711945
150.81130963	1008.31567383	38.0683059692	31.0447711945
150.81130963	1008.31567383	38.0683059692	31.0447711945
150.81130963	1008.31420898	38.0683059692	31.0447711945
150.811309631	1008.31420898	38.0683059692	31.0447711945
150.811309631	1008.31420898	38.0683059692	31.0447711945
150.811309631	1008.31420898	38.0683059692	31.0447711945
150.811309631	1008.31420898	38.0683059692	31.0447711945
150.811309632	1008.31420898	38.0683059692	31.0447711945
150.811309632	1008.31420898	38.0683059692	31.0447711945
150.811309632	1008.31420898	38.0683059692	31.0447711945
150.811309632	1008.31420898	38.0683059692	31.0447711945
150.811309632	1008.31420898	38.0683059692	30.8666648865
150.811309633	1008.31420898	38.979763031	30.8666648865
150.811309633	1008.31420898	38.979763031	30.8666648865
150.811309633	1008.31420898	38.979763031	30.8666648865
150.811309634	1008.31420898	38.979763031	30.8666648865
150.811309634	1008.31420898	38.979763031	30.8666648865
150.811309634	1008.31420898	38.979763031	30.8666648865
150.811309634	1008.31420898	38.979763031	30.8666648865
150.811309634	1008.31835938	38.979763031	30.8666648865
150.811309635	1008.31835938	38.979763031	30.8666648865
150.811309635	1008.31835938	38.979763031	30.8666648865
150.811309635	1008.31835938	38.979763031	30.8666648865
150.811309635	1008.31835938	38.979763031	30.8666648865
150.811309636	1008.31835938	38.979763031	30.8666648865
150.811309636	1008.31835938	38.979763031	30.8666648865
150.811309636	1008.31835938	38.979763031	30.8666648865
150.811309636	1008.31835938	38.979763031	30.8666648865
150.811309637	1008.31835938	38.979763031	30.8666648865
150.811309637	1008.31835938	38.979763031	30.8666648865
150.811309637	1008.31835938	38.979763031	30.8666648865
150.811309637	1008.31835938	38.979763031	30.8666648865
150.811309637	1008.31835938	38.979763031	30.8666648865
150.811309638	1008.31835938	38.979763031	30.8666648865
150.811309638	1008.31835938	38.979763031	30.8666648865
150.811309638	1008.31835938	38.979763031	30.8666648865
150.811309638	1008.31835938	38.979763031	30.8666648865
150.811309639	1008.32397461	38.979763031	30.8666648865
150.811309639	1008.32397461	38.979763031	30.8666648865
150.811309639	1008.32397461	38.979763031	30.8666648865
150.811309639	1008.32397461	38.979763031	30.8666648865
150.81130964	1008.32397461	38.979763031	30.8666648865
150.81130964	1008.32397461	38.979763031	30.8666648865
150.81130964	1008.32397461	38.979763031	30.884475708
150.81130964	1008.32397461	38.979763031	30.884475708
150.811309641	1008.32397461	37.6697502136	30.884475708
150.811309641	1008.32397461	37.6697502136	30.884475708
150.811309641	1008.32397461	37.6697502136	30.884475708
150.811309641	1008.32397461	37.6697502136	30.884475708
150.811309642	1008.32397461	37.6697502136	30.884475708
150.811309642	1008.32397461	37.6697502136	30.884475708
150.811309642	1008.32397461	37.6697502136	30.884475708
150.811309642	1008.32397461	37.6697502136	30.884475708
150.811309643	1008.32397461	37.6697502136	30.884475708
150.811309643	1008.32348633	37.6697502136	30.884475708
150.811309643	1008.32348633	37.6697502136	30.884475708
150.811309643	1008.32348633	37.6697502136	30.884475708
150.811309644	1008.32348633	37.6697502136	30.884475708
150.811309644	1008.32348633	37.6697502136	30.884475708
150.811309644	1008.32348633	37.6697502136	30.884475708
150.811309644	1008.32348633	37.6697502136	30.884475708
150.811309644	1008.32348633	37.6697502136	30.884475708
150.811309645	1008.32348633	37.6697502136	30.884475708
150.811309645	1008.32348633	37.6697502136	30.884475708
150.811309645	1008.32348633	37.6697502136	30.884475708
150.811309645	1008.32348633	37.6697502136	30.884475708
150.811309646	1008.32348633	37.6697502136	30.884475708
150.811309646	1008.32348633	37.6697502136	30.884475708
150.811309646	1008.32348633	37.6697502136	30.884475708
150.811309646	1008.32348633	37.6697502136	30.884475708
150.811309646	1008.32348633	37.6697502136	30.884475708
150.811309647	1008.32861328	37.6697502136	30.884475708
150.811309647	1008.32861328	37.6697502136	30.884475708
150.811309647	1008.32861328	37.6697502136	30.884475708
150.811309648	1008.32861328	37.6697502136	30.884475708
150.811309648	1008.32861328	37.6697502136	30.884475708
150.811309648	1008.32861328	37.6697502136	30.884475708
150.811309648	1008.32861328	37.6697502136	30.9022865295
150.811309649	1008.32861328	38.9176940918	30.9022865295
150.811309649	1008.32861328	38.9176940918	30.9022865295
150.811309649	1008.32861328	38.9176940918	30.9022865295
150.811309649	1008.32861328	38.9176940918	30.9022865295
150.811309649	1008.32861328	38.9176940918	30.9022865295
150.81130965	1008.32861328	38.9176940918	30.9022865295
150.81130965	1008.32861328	38.9176940918	30.9022865295
150.81130965	1008.32861328	38.9176940918	30.9022865295
150.81130965	1008.32861328	38.9176940918	30.9022865295
150.811309651	1008.32861328	38.9176940918	30.9022865295
150.811309651	1008.32666016	38.9176940918	30.9022865295
150.811309651	1008.32666016	38.9176940918	30.9022865295
150.811309651	1008.32666016	38.9176940918	30.9022865295
150.811309652	1008.32666016	38.9176940918	30.9022865295
150.811309652	1008.32666016	38.9176940918	30.9022865295
150.811309652	1008.32666016	38.9176940918	30.9022865295
150.811309652	1008.32666016	38.9176940918	30.9022865295
150.811309653	1008.32666016	38.9176940918	30.9022865295
150.811309653	1008.32666016	38.9176940918	30.9022865295
150.811309653	1008.32666016	38.9176940918	30.9022865295
150.811309653	1008.32666016	38.9176940918	30.9022865295
150.811309653	1008.32666016	38.9176940918	30.9022865295
150.811309654	1008.32666016	38.9176940918	30.9022865295
150.811309654	1008.32666016	38.9176940918	30.9022865295
150.811309654	1008.32666016	38.9176940918	30.9022865295
150.811309654	1008.32666016	38.9176940918	30.9022865295
150.811309655	1008.32666016	38.9176940918	30.9022865295
150.811309655	1008.32666016	38.9176940918	30.9022865295
150.811309655	1008.32373047	38.9176940918	30.9022865295
150.811309655	1008.32373047	38.9176940918	30.9022865295
150.811309656	1008.32373047	38.9176940918	30.9022865295
150.811309656	1008.32373047	38.9176940918	30.9022865295
150.811309656	1008.32373047	38.9176940918	30.9200973511
150.811309656	1008.32373047	42.7889251709	30.9200973511
150.811309657	1008.32373047	42.7889251709	30.9200973511
150.811309657	1008.32373047	42.7889251709	30.9200973511
150.811309657	1008.32373047	42.7889251709	30.9200973511
150.811309657	1008.32373047	42.7889251709	30.9200973511
150.811309658	1008.32373047	42.7889251709	30.9200973511
150.811309658	1008.32373047	42.7889251709	30.9200973511
150.811309658	1008.32373047	42.7889251709	30.9200973511
150.811309658	1008.32373047	42.7889251709	30.9200973511
150.811309658	1008.32373047	42.7889251709	30.9200973511
150.811309659	1008.32373047	42.7889251709	30.9200973511
150.811309659	1008.32373047	42.7889251709	30.9200973511
150.811309659	1008.31982422	42.7889251709	30.9200973511
150.81130966	1008.31982422	42.7889251709	30.9200973511
150.81130966	1008.31982422	42.7889251709	30.9200973511
150.81130966	1008.31982422	42.7889251709	30.9200973511
150.81130966	1008.31982422	42.7889251709	30.9200973511
150.81130966	1008.31982422	42.7889251709	30.9200973511
150.811309661	1008.31982422	42.7889251709	30.9200973511
150.811309661	1008.31982422	42.7889251709	30.9200973511
150.811309661	1008.31982422	42.7889251709	30.9200973511
150.811309661	1008.31982422	42.7889251709	30.9200973511
150.811309662	1008.31982422	42.7889251709	30.9200973511
150.811309662	1008.31982422	42.7889251709	30.9200973511
150.811309662	1008.31982422	42.7889251709	30.9200973511
150.811309662	1008.31982422	42.7889251709	30.9200973511
150.811309662	1008.31982422	42.7889251709	30.9200973511
150.811309663	1008.31982422	42.7889251709	30.9200973511
150.811309663	1008.31982422	42.7889251709	30.9200973511
150.811309663	1008.31982422	42.7889251709	30.9200973511
150.811309663	1008.32128906	42.7889251709	30.9200973511
150.811309664	1008.32128906	42.7889251709	30.9200973511
150.811309664	1008.32128906	42.7889251709	30.9379081726
150.811309664	1008.32128906	41.7761993408	30.9379081726
150.811309665	1008.32128906	41.7761993408	30.9379081726
150.811309665	1008.32128906	41.7761993408	30.9379081726
150.811309665	1008.32128906	41.7761993408	30.9379081726
150.811309665	1008.32128906	41.7761993408	30.9379081726
150.811309665	1008.32128906	41.7761993408	30.9379081726
150.811309666	1008.32128906	41.7761993408	30.9379081726
150.811309666	1008.32128906	41.7761993408	30.9379081726
150.811309666	1008.32128906	41.7761993408	30.9379081726
150.811309666	1008.32128906	41.7761993408	30.9379081726
150.811309667	1008.32128906	41.7761993408	30.9379081726
150.811309667	1008.32128906	41.7761993408	30.9379081726
150.811309667	1008.32128906	41.7761993408	30.9379081726
150.811309667	1008.32128906	41.7761993408	30.9379081726
150.811309667	1008.32373047	41.7761993408	30.9379081726
150.811309668	1008.32373047	41.7761993408	30.9379081726
150.811309668	1008.32373047	41.7761993408	30.9379081726
150.811309668	1008.32373047	41.7761993408	30.9379081726
150.811309668	1008.32373047	41.7761993408	30.9379081726
150.811309669	1008.32373047	41.7761993408	30.9379081726
150.811309669	1008.32373047	41.7761993408	30.9379081726
150.811309669	1008.32373047	41.7761993408	30.9379081726
150.811309669	1008.32373047	41.7761993408	30.9379081726
150.81130967	1008.32373047	41.7761993408	30.9379081726
150.81130967	1008.32373047	41.7761993408	30.9379081726
150.81130967	1008.32373047	41.7761993408	30.9379081726
150.81130967	1008.32373047	41.7761993408	30.9379081726
150.811309671	1008.32373047	41.7761993408	30.9379081726
150.811309671	1008.32373047	41.7761993408	30.9379081726
150.811309671	1008.32373047	41.7761993408	30.9379081726
150.811309671	1008.32373047	41.7761993408	30.9379081726
150.811309671	1008.32397461	41.7761993408	30.9735298157
150.811309672	1008.32397461	37.6468811035	30.9735298157
150.811309672	1008.32397461	37.6468811035	30.9735298157
150.811309672	1008.32397461	37.6468811035	30.9735298157
150.811309673	1008.32397461	37.6468811035	30.9735298157
150.811309673	1008.32397461	37.6468811035	30.9735298157
150.811309673	1008.32397461	37.6468811035	30.9735298157
150.811309673	1008.32397461	37.6468811035	30.9735298157
150.811309674	1008.32397461	37.6468811035	30.9735298157
150.811309674	1008.32397461	37.6468811035	30.9735298157
150.811309674	1008.32397461	37.6468811035	30.9735298157
150.811309674	1008.32397461	37.6468811035	30.9735298157
150.811309674	1008.32397461	37.6468811035	30.9735298157
150.811309675	1008.32397461	37.6468811035	30.9735298157
150.811309675	1008.32397461	37.6468811035	30.9735298157
150.811309675	1008.32397461	37.6468811035	30.9735298157
150.811309675	1008.32397461	37.6468811035	30.9735298157
150.811309676	1008.31762695	37.6468811035	30.9735298157
150.811309676	1008.31762695	37.6468811035	30.9735298157
150.811309676	1008.31762695	37.6468811035	30.9735298157
150.811309676	1008.31762695	37.6468811035	30.9735298157
150.811309677	1008.31762695	37.6468811035	30.9735298157
150.811309677	1008.31762695	37.6468811035	30.9735298157
150.811309677	1008.31762695	37.6468811035	30.9735298157
150.811309677	1008.31762695	37.6468811035	30.9735298157
150.811309678	1008.31762695	37.6468811035	30.9735298157
150.811309678	1008.31762695	37.6468811035	30.9735298157
150.811309678	1008.31762695	37.6468811035	30.9735298157
150.811309678	1008.31762695	37.6468811035	30.9735298157
150.811309678	1008.31762695	37.6468811035	30.9735298157
150.811309679	1008.31762695	37.6468811035	30.9735298157
150.811309679	1008.31762695	37.6468811035	30.9735298157
150.811309679	1008.31762695	37.6468811035	30.9735298157
150.811309679	1008.31762695	37.6468811035	30.9735298157
150.81130968	1008.31762695	37.6468811035	31.0091495514
150.81130968	1008.31591797	38.8327560425	31.0091495514
150.81130968	1008.31591797	38.8327560425	31.0091495514
150.811309681	1008.31591797	38.8327560425	31.0091495514
150.811309681	1008.31591797	38.8327560425	31.0091495514
150.811309681	1008.31591797	38.8327560425	31.0091495514
150.811309681	1008.31591797	38.8327560425	31.0091495514
150.811309681	1008.31591797	38.8327560425	31.0091495514
150.811309682	1008.31591797	38.8327560425	31.0091495514
150.811309682	1008.31591797	38.8327560425	31.0091495514
150.811309682	1008.31591797	38.8327560425	31.0091495514
150.811309682	1008.31591797	38.8327560425	31.0091495514
150.811309683	1008.31591797	38.8327560425	31.0091495514
150.811309683	1008.31591797	38.8327560425	31.0091495514
150.811309683	1008.31591797	38.8327560425	31.0091495514
150.811309683	1008.31591797	38.8327560425	31.0091495514
150.811309683	1008.31591797	38.8327560425	31.0091495514
150.811309684	1008.31591797	38.8327560425	31.0091495514
150.811309684	1008.31469727	38.8327560425	31.0091495514
150.811309684	1008.31469727	38.8327560425	31.0091495514
150.811309685	1008.31469727	38.8327560425	31.0091495514
150.811309685	1008.31469727	38.8327560425	31.0091495514
150.811309685	1008.31469727	38.8327560425	31.0091495514
150.811309685	1008.31469727	38.8327560425	31.0091495514
150.811309685	1008.31469727	38.8327560425	31.0091495514
150.811309686	1008.31469727	38.8327560425	31.0091495514
150.811309686	1008.31469727	38.8327560425	31.0091495514
150.811309686	1008.31469727	38.8327560425	31.0091495514
150.811309686	1008.31469727	38.8327560425	31.0091495514
150.811309686	1008.31469727	38.8327560425	31.0091495514
150.811309687	1008.31469727	38.8327560425	31.0091495514
150.811309687	1008.31469727	38.8327560425	31.0091495514
150.811309687	1008.31469727	38.8327560425	31.0091495514
150.811309687	1008.31469727	38.8327560425	30.9735298157
150.811309688	1008.31469727	38.6563415527	30.9735298157
150.811309688	1008.31542969	38.6563415527	30.9735298157
150.811309688	1008.31542969	38.6563415527	30.9735298157
150.811309689	1008.31542969	38.6563415527	30.9735298157
150.811309689	1008.31542969	38.6563415527	30.9735298157
150.811309689	1008.31542969	38.6563415527	30.9735298157
150.811309689	1008.31542969	38.6563415527	30.9735298157
150.81130969	1008.31542969	38.6563415527	30.9735298157
150.81130969	1008.31542969	38.6563415527	30.9735298157
150.81130969	1008.31542969	38.6563415527	30.9735298157
150.81130969	1008.31542969	38.6563415527	30.9735298157
150.81130969	1008.31542969	38.6563415527	30.9735298157
150.811309691	1008.31542969	38.6563415527	30.9735298157
150.811309691	1008.31542969	38.6563415527	30.9735298157
150.811309691	1008.31542969	38.6563415527	30.9735298157
150.811309691	1008.31542969	38.6563415527	30.9735298157
150.811309692	1008.31542969	38.6563415527	30.9735298157
150.811309692	1008.31542969	38.6563415527	30.9735298157
150.811309692	1008.31811523	38.6563415527	30.9735298157
150.811309692	1008.31811523	38.6563415527	30.9735298157
150.811309693	1008.31811523	38.6563415527	30.9735298157
150.811309693	1008.31811523	38.6563415527	30.9735298157
150.811309693	1008.31811523	38.6563415527	30.9735298157
150.811309693	1008.31811523	38.6563415527	30.9735298157
150.811309693	1008.31811523	38.6563415527	30.9735298157
150.811309694	1008.31811523	38.6563415527	30.9735298157
150.811309694	1008.31811523	38.6563415527	30.9735298157
150.811309694	1008.31811523	38.6563415527	30.9735298157
150.811309694	1008.31811523	38.6563415527	30.9735298157
150.811309695	1008.31811523	38.6563415527	30.9735298157
150.811309695	1008.31811523	38.6563415527	30.9735298157
150.811309695	1008.31811523	38.6563415527	30.9735298157
150.811309695	1008.31811523	38.6563415527	30.9379081726
150.811309696	1008.31811523	38.2577857971	30.9379081726
150.811309696	1008.31811523	38.2577857971	30.9379081726
150.811309696	1008.30981445	38.2577857971	30.9379081726
150.811309696	1008.30981445	38.2577857971	30.9379081726
150.811309697	1008.30981445	38.2577857971	30.9379081726
150.811309697	1008.30981445	38.2577857971	30.9379081726
150.811309697	1008.30981445	38.2577857971	30.9379081726
150.811309697	1008.30981445	38.2577857971	30.9379081726
150.811309698	1008.30981445	38.2577857971	30.9379081726
150.811309698	1008.30981445	38.2577857971	30.9379081726
150.811309698	1008.30981445	38.2577857971	30.9379081726
150.811309698	1008.30981445	38.2577857971	30.9379081726
150.811309698	1008.30981445	38.2577857971	30.9379081726
150.811309699	1008.30981445	38.2577857971	30.9379081726
150.811309699	1008.30981445	38.2577857971	30.9379081726
150.811309699	1008.30981445	38.2577857971	30.9379081726
150.811309699	1008.30981445	38.2577857971	30.9379081726
150.8113097	1008.30981445	38.2577857971	30.9379081726
150.8113097	1008.30981445	38.2577857971	30.9379081726
150.8113097	1008.30981445	38.2577857971	30.9379081726
150.8113097	1008.30761719	38.2577857971	30.9379081726
150.811309701	1008.30761719	38.2577857971	30.9379081726
150.811309701	1008.30761719	38.2577857971	30.9379081726
150.811309701	1008.30761719	38.2577857971	30.9379081726
150.811309701	1008.30761719	38.2577857971	30.9379081726
150.811309702	1008.30761719	38.2577857971	30.9379081726
150.811309702	1008.30761719	38.2577857971	30.9379081726
150.811309702	1008.30761719	38.2577857971	30.9379081726
150.811309702	1008.30761719	38.2577857971	30.9379081726
150.811309702	1008.30761719	38.2577857971	30.9379081726
150.811309703	1008.30761719	38.2577857971	30.9379081726
150.811309703	1008.30761719	38.2577857971	30.9379081726
150.811309703	1008.30761719	38.2577857971	30.8666648865
150.811309703	1008.30761719	42.4655075073	30.8666648865
150.811309704	1008.30761719	42.4655075073	30.8666648865
150.811310814	1009.10400391	37.6612358093	31.27368927
150.811310818	1009.10693359	37.6612358093	31.27368927
150.811310819	1009.10693359	37.6612358093	31.27368927
150.811310819	1009.10693359	37.6612358093	31.27368927
150.811310819	1009.10693359	37.6612358093	31.27368927
150.811310819	1009.10693359	37.6612358093	31.27368927
150.81131082	1009.10693359	37.6612358093	31.27368927
150.81131082	1009.10693359	37.6612358093	31.27368927
150.81131082	1009.10693359	37.6612358093	31.27368927
150.81131082	1009.10693359	37.6612358093	31.2920036316
150.811310821	1009.10693359	36.1277313232	31.2920036316
150.811310821	1009.10693359	36.1277313232	31.2920036316
150.811310821	1009.10668945	36.1277313232	31.2920036316
150.811310821	1009.10668945	36.1277313232	31.2920036316
150.811310822	1009.10668945	36.1277313232	31.2920036316
150.811310822	1009.10668945	36.1277313232	31.2920036316
150.811310822	1009.10668945	36.1277313232	31.2920036316
150.811310822	1009.10668945	36.1277313232	31.2920036316
150.811310823	1009.10668945	36.1277313232	31.2920036316
150.811310823	1009.10668945	36.1277313232	31.2920036316
150.811310823	1009.10668945	36.1277313232	31.2920036316
150.811310823	1009.10668945	36.1277313232	31.2920036316
150.811310824	1009.10668945	36.1277313232	31.2920036316
150.811310824	1009.10668945	36.1277313232	31.2920036316
150.811310824	1009.10668945	36.1277313232	31.2920036316
150.811310824	1009.10668945	36.1277313232	31.2920036316
150.811310824	1009.10668945	36.1277313232	31.2920036316
150.811310825	1009.10668945	36.1277313232	31.2920036316
150.811310825	1009.10668945	36.1277313232	31.2920036316
150.811310825	1009.10473633	36.1277313232	31.2920036316
150.811310825	1009.10473633	36.1277313232	31.2920036316
150.811310825	1009.10473633	36.1277313232	31.2920036316
150.811310826	1009.10473633	36.1277313232	31.2920036316
150.811310826	1009.10473633	36.1277313232	31.2920036316
150.811310826	1009.10473633	36.1277313232	31.2920036316
150.811310826	1009.10473633	36.1277313232	31.2920036316
150.811310826	1009.10473633	36.1277313232	31.2920036316
150.811310826	1009.10473633	36.1277313232	31.2920036316
150.811310826	1009.10473633	36.1277313232	31.2920036316
150.811310827	1009.10473633	36.1277313232	31.2920036316
150.811310827	1009.10473633	36.1277313232	31.2920036316
150.811310827	1009.10473633	36.1277313232	31.2920036316
150.811310827	1009.10473633	36.1277313232	31.2920036316
150.811310827	1009.10473633	36.1277313232	31.2920036316
150.811310827	1009.10473633	36.1277313232	31.2920036316
150.811310827	1009.10473633	36.1277313232	31.2920036316
150.811310828	1009.10473633	36.1277313232	31.2920036316
150.811310828	1009.10473633	36.1277313232	31.2920036316
150.811310828	1009.10473633	36.1277313232	31.2920036316
150.811310828	1009.10473633	36.1277313232	31.2920036316
150.811310828	1009.10473633	36.1277313232	31.2920036316
150.811310828	1009.10473633	36.1277313232	31.2920036316
150.811310828	1009.10473633	36.1277313232	31.3469429016
150.811310829	1009.10473633	36.1277313232	31.3469429016
150.811310829	1009.10473633	37.4888916016	31.3469429016
150.811310829	1009.10473633	37.4888916016	31.3469429016
150.811310829	1009.10375977	37.4888916016	31.3469429016
150.811310829	1009.10375977	37.4888916016	31.3469429016
150.811310829	1009.10375977	37.4888916016	31.3469429016
150.81131083	1009.10375977	37.4888916016	31.3469429016
150.81131083	1009.10375977	37.4888916016	31.3469429016
150.81131083	1009.10375977	37.4888916016	31.3469429016
150.81131083	1009.10375977	37.4888916016	31.3469429016
150.81131083	1009.10375977	37.4888916016	31.3469429016
150.81131083	1009.10375977	37.4888916016	31.3469429016
150.81131083	1009.10375977	37.4888916016	31.3469429016
150.811310831	1009.10375977	37.4888916016	31.3469429016
150.811310831	1009.10375977	37.4888916016	31.3469429016
150.811310831	1009.10375977	37.4888916016	31.3469429016
150.811310831	1009.10375977	37.4888916016	31.3469429016
150.811310831	1009.10375977	37.4888916016	31.3469429016
150.811310831	1009.10375977	37.4888916016	31.3469429016
150.811310831	1009.10375977	37.4888916016	31.3469429016
150.811310832	1009.10375977	37.4888916016	31.3469429016
150.811310832	1009.10375977	37.4888916016	31.3469429016
150.811310832	1009.10375977	37.4888916016	31.3469429016
150.811310832	1009.10375977	37.4888916016	31.3469429016
150.811310832	1009.10375977	37.4888916016	31.3469429016
150.811310832	1009.10375977	37.4888916016	31.3469429016
150.811310832	1009.10375977	37.4888916016	31.3469429016
150.811310833	1009.10375977	37.4888916016	31.3469429016
150.811310833	1009.10375977	37.4888916016	31.3469429016
150.811310833	1009.10375977	37.4888916016	31.3469429016
150.811310833	1009.10375977	37.4888916016	31.3469429016
150.811310833	1009.10644531	37.4888916016	31.3469429016
150.811310833	1009.10644531	37.4888916016	31.3469429016
150.811310834	1009.10644531	37.4888916016	31.3469429016
150.811310834	1009.10644531	37.4888916016	31.3469429016
150.811310834	1009.10644531	37.4888916016	31.3469429016
150.811310834	1009.10644531	37.4888916016	31.3469429016
150.811310834	1009.10644531	37.4888916016	31.3469429016
150.811310834	1009.10644531	37.4888916016	31.3469429016
150.811310834	1009.10644531	37.4888916016	31.3469429016
150.811310835	1009.10644531	37.4888916016	31.3469429016
150.811310835	1009.10644531	37.4888916016	31.3469429016
150.811310835	1009.10644531	37.4888916016	31.3469429016
150.811310835	1009.10644531	37.4888916016	31.3469429016
150.811310835	1009.10644531	37.4888916016	31.3469429016
150.811310835	1009.10644531	37.4888916016	31.3469429016
150.811310835	1009.10644531	37.4888916016	31.3469429016
150.811310836	1009.10644531	37.4888916016	31.3469429016
150.811310836	1009.10644531	37.4888916016	31.3469429016
150.811310836	1009.10644531	37.4888916016	31.3469429016
150.811310836	1009.10644531	37.4888916016	31.3469429016
150.811310836	1009.10644531	37.4888916016	31.3469429016
150.811310836	1009.10644531	37.4888916016	31.3469429016
150.811310836	1009.10644531	37.4888916016	31.3469429016
150.811310837	1009.10644531	37.4888916016	31.2004356384
150.811310837	1009.10644531	39.0962600708	31.2004356384
150.811310837	1009.10644531	39.0962600708	31.2004356384
150.811310837	1009.10644531	39.0962600708	31.2004356384
150.811310837	1009.10644531	39.0962600708	31.2004356384
150.811310837	1009.10620117	39.0962600708	31.2004356384
150.811310838	1009.10620117	39.0962600708	31.2004356384
150.811310838	1009.10620117	39.0962600708	31.2004356384
150.811310838	1009.10620117	39.0962600708	31.2004356384
150.811310838	1009.10620117	39.0962600708	31.2004356384
150.811310838	1009.10620117	39.0962600708	31.2004356384
150.811310838	1009.10620117	39.0962600708	31.2004356384
150.811310838	1009.10620117	39.0962600708	31.2004356384
150.811310839	1009.10620117	39.0962600708	31.2004356384
150.811310839	1009.10620117	39.0962600708	31.2004356384
150.811310839	1009.10620117	39.0962600708	31.2004356384
150.811310839	1009.10620117	39.0962600708	31.2004356384
150.811310839	1009.10620117	39.0962600708	31.2004356384
150.811310839	1009.10620117	39.0962600708	31.2004356384
150.811310839	1009.10620117	39.0962600708	31.2004356384
150.811310839	1009.10620117	39.0962600708	31.2004356384
150.81131084	1009.10620117	39.0962600708	31.2004356384
150.81131084	1009.10620117	39.0962600708	31.2004356384
150.81131084	1009.10620117	39.0962600708	31.2004356384
150.81131084	1009.10620117	39.0962600708	31.2004356384
150.81131084	1009.10620117	39.0962600708	31.2004356384
150.81131084	1009.10620117	39.0962600708	31.2004356384
150.81131084	1009.10620117	39.0962600708	31.2004356384
150.811310841	1009.10620117	39.0962600708	31.2004356384
150.811310841	1009.10620117	39.0962600708	31.2004356384
150.811310841	1009.10620117	39.0962600708	31.2004356384
150.811310841	1009.10620117	39.0962600708	31.2004356384
150.811310841	1009.10620117	39.0962600708	31.2004356384
150.811310841	1009.10620117	39.0962600708	31.2004356384
150.811310841	1009.10400391	39.0962600708	31.2004356384
150.811310842	1009.10400391	39.0962600708	31.2004356384
150.811310842	1009.10400391	39.0962600708	31.2004356384
150.811310842	1009.10400391	39.0962600708	31.2004356384
150.811310842	1009.10400391	39.0962600708	31.2004356384
150.811310842	1009.10400391	39.0962600708	31.2004356384
150.811310842	1009.10400391	39.0962600708	31.2004356384
150.811310842	1009.10400391	39.0962600708	31.2004356384
150.811310843	1009.10400391	39.0962600708	31.2004356384
150.811310843	1009.10400391	39.0962600708	31.2004356384
150.811310843	1009.10400391	39.0962600708	31.2004356384
150.811310843	1009.10400391	39.0962600708	31.2004356384
150.811310843	1009.10400391	39.0962600708	31.2004356384
150.811310843	1009.10400391	39.0962600708	31.2004356384
150.811310843	1009.10400391	39.0962600708	31.2004356384
150.811310844	1009.10400391	39.0962600708	31.2004356384
150.811310844	1009.10400391	39.0962600708	31.2004356384
150.811310844	1009.10400391	39.0962600708	31.2004356384
150.811310844	1009.10400391	39.0962600708	31.2004356384
150.811310844	1009.10400391	39.0962600708	31.2004356384
150.811310844	1009.10400391	39.0962600708	31.2004356384
150.811310844	1009.10400391	39.0962600708	31.2004356384
150.811310844	1009.10400391	39.0962600708	31.21875
150.811310845	1009.10400391	39.0962600708	31.21875
150.811310845	1009.10400391	38.5405387878	31.21875
150.811310845	1009.10400391	38.5405387878	31.21875
150.811310845	1009.10400391	38.5405387878	31.21875
150.811310845	1009.10400391	38.5405387878	31.21875
150.811310845	1009.10253906	38.5405387878	31.21875
150.811310846	1009.10253906	38.5405387878	31.21875
150.811310846	1009.10253906	38.5405387878	31.21875
150.811310846	1009.10253906	38.5405387878	31.21875
150.811310846	1009.10253906	38.5405387878	31.21875
150.811310846	1009.10253906	38.5405387878	31.21875
150.811310846	1009.10253906	38.5405387878	31.21875
150.811310846	1009.10253906	38.5405387878	31.21875
150.811310847	1009.10253906	38.5405387878	31.21875
150.811310847	1009.10253906	38.5405387878	31.21875
150.811310847	1009.10253906	38.5405387878	31.21875
150.811310847	1009.10253906	38.5405387878	31.21875
150.811310847	1009.10253906	38.5405387878	31.21875
150.811310847	1009.10253906	38.5405387878	31.21875
150.811310847	1009.10253906	38.5405387878	31.21875
150.811310848	1009.10253906	38.5405387878	31.21875
150.811310848	1009.10253906	38.5405387878	31.21875
150.811310848	1009.10253906	38.5405387878	31.21875
150.811310848	1009.10253906	38.5405387878	31.21875
150.811310848	1009.10253906	38.5405387878	31.21875
150.811310848	1009.10253906	38.5405387878	31.21875
150.811310848	1009.10253906	38.5405387878	31.21875
150.811310849	1009.10253906	38.5405387878	31.21875
150.811310849	1009.10253906	38.5405387878	31.21875
150.811310849	1009.10253906	38.5405387878	31.21875
150.811310849	1009.10253906	38.5405387878	31.21875
150.811310849	1009.10253906	38.5405387878	31.21875
150.811310849	1009.10253906	38.5405387878	31.21875
150.811310849	1009.10253906	38.5405387878	31.21875
150.811310849	1009.10229492	38.5405387878	31.21875
150.81131085	1009.10229492	38.5405387878	31.21875
150.81131085	1009.10229492	38.5405387878	31.21875
150.81131085	1009.10229492	38.5405387878	31.21875
150.81131085	1009.10229492	38.5405387878	31.21875
150.81131085	1009.10229492	38.5405387878	31.21875
150.81131085	1009.10229492	38.5405387878	31.21875
150.811310851	1009.10229492	38.5405387878	31.21875
150.811310851	1009.10229492	38.5405387878	31.21875
150.811310851	1009.10229492	38.5405387878	31.21875
150.811310851	1009.10229492	38.5405387878	31.21875
150.811310851	1009.10229492	38.5405387878	31.21875
150.811310851	1009.10229492	38.5405387878	31.21875
150.811310851	1009.10229492	38.5405387878	31.21875
150.811310851	1009.10229492	38.5405387878	31.21875
150.811310852	1009.10229492	38.5405387878	31.21875
150.811310852	1009.10229492	38.5405387878	31.21875
150.811310852	1009.10229492	38.5405387878	31.21875
150.811310852	1009.10229492	38.5405387878	31.21875
150.811310852	1009.10229492	38.5405387878	31.21875
150.811310852	1009.10229492	38.5405387878	31.21875
150.811310852	1009.10229492	38.5405387878	31.21875
150.811310853	1009.10229492	38.5405387878	31.2553749084
150.811310853	1009.10229492	38.5405387878	31.2553749084
150.811310853	1009.10229492	38.3224716187	31.2553749084
150.811310853	1009.10229492	38.3224716187	31.2553749084
150.811310853	1009.10229492	38.3224716187	31.2553749084
150.811310853	1009.10229492	38.3224716187	31.2553749084
150.811310854	1009.10205078	38.3224716187	31.2553749084
150.811310854	1009.10205078	38.3224716187	31.2553749084
150.811310854	1009.10205078	38.3224716187	31.2553749084
150.811310854	1009.10205078	38.3224716187	31.2553749084
150.811310854	1009.10205078	38.3224716187	31.2553749084
150.811310854	1009.10205078	38.3224716187	31.2553749084
150.811310854	1009.10205078	38.3224716187	31.2553749084
150.811310855	1009.10205078	38.3224716187	31.2553749084
150.811310855	1009.10205078	38.3224716187	31.2553749084
150.811310855	1009.10205078	38.3224716187	31.2553749084
150.811310855	1009.10205078	38.3224716187	31.2553749084
150.811310855	1009.10205078	38.3224716187	31.2553749084
150.811310855	1009.10205078	38.3224716187	31.2553749084
150.811310855	1009.10205078	38.3224716187	31.2553749084
150.811310856	1009.10205078	38.3224716187	31.2553749084
150.811310856	1009.10205078	38.3224716187	31.2553749084
150.811310856	1009.10205078	38.3224716187	31.2553749084
150.811310856	1009.10205078	38.3224716187	31.2553749084
150.811310856	1009.10205078	38.3224716187	31.2553749084
150.811310856	1009.10205078	38.3224716187	31.2553749084
150.811310856	1009.10205078	38.3224716187	31.2553749084
150.811310856	1009.10205078	38.3224716187	31.2553749084
150.811310857	1009.10205078	38.3224716187	31.2553749084
150.811310857	1009.10205078	38.3224716187	31.2553749084
150.811310857	1009.10205078	38.3224716187	31.2553749084
150.811310857	1009.10205078	38.3224716187	31.2553749084
150.811310857	1009.10205078	38.3224716187	31.2553749084
150.811310857	1009.10205078	38.3224716187	31.2553749084
150.811310857	1009.10205078	38.3224716187	31.2553749084
150.811310858	1009.10375977	38.3224716187	31.2553749084
150.811310858	1009.10375977	38.3224716187	31.2553749084
150.811310858	1009.10375977	38.3224716187	31.2553749084
150.811310858	1009.10375977	38.3224716187	31.2553749084
150.811310858	1009.10375977	38.3224716187	31.2553749084
150.811310858	1009.10375977	38.3224716187	31.2553749084
150.811310859	1009.10375977	38.3224716187	31.2553749084
150.811310859	1009.10375977	38.3224716187	31.2553749084
150.811310859	1009.10375977	38.3224716187	31.2553749084
150.811310859	1009.10375977	38.3224716187	31.2553749084
150.811310859	1009.10375977	38.3224716187	31.2553749084
150.811310859	1009.10375977	38.3224716187	31.2553749084
150.811310859	1009.10375977	38.3224716187	31.2553749084
150.811310859	1009.10375977	38.3224716187	31.2553749084
150.81131086	1009.10375977	38.3224716187	31.2553749084
150.81131086	1009.10375977	38.3224716187	31.2553749084
150.81131086	1009.10375977	38.3224716187	31.2553749084
150.81131086	1009.10375977	38.3224716187	31.2553749084
150.81131086	1009.10375977	38.3224716187	31.2553749084
150.81131086	1009.10375977	38.3224716187	31.2553749084
150.81131086	1009.10375977	38.3224716187	31.2553749084
150.811310861	1009.10375977	38.3224716187	31.2370624542
150.811310861	1009.10375977	38.3224716187	31.2370624542
150.811310861	1009.10375977	36.9191055298	31.2370624542
150.811310861	1009.10375977	36.9191055298	31.2370624542
150.811310861	1009.10375977	36.9191055298	31.2370624542
150.811310861	1009.10375977	36.9191055298	31.2370624542
150.811310861	1009.10375977	36.9191055298	31.2370624542
150.811310862	1009.10375977	36.9191055298	31.2370624542
150.811310862	1009.1027832	36.9191055298	31.2370624542
150.811310862	1009.1027832	36.9191055298	31.2370624542
150.811310862	1009.1027832	36.9191055298	31.2370624542
150.811310862	1009.1027832	36.9191055298	31.2370624542
150.811310862	1009.1027832	36.9191055298	31.2370624542
150.811310863	1009.1027832	36.9191055298	31.2370624542
150.811310863	1009.1027832	36.9191055298	31.2370624542
150.811310863	1009.1027832	36.9191055298	31.2370624542
150.811310863	1009.1027832	36.9191055298	31.2370624542
150.811310863	1009.1027832	36.9191055298	31.2370624542
150.811310863	1009.1027832	36.9191055298	31.2370624542
150.811310863	1009.1027832	36.9191055298	31.2370624542
150.811310864	1009.1027832	36.9191055298	31.2370624542
150.811310864	1009.1027832	36.9191055298	31.2370624542
150.811310864	1009.1027832	36.9191055298	31.2370624542
150.811310864	1009.1027832	36.9191055298	31.2370624542
150.811310864	1009.1027832	36.9191055298	31.2370624542
150.811310864	1009.1027832	36.9191055298	31.2370624542
150.811310864	1009.1027832	36.9191055298	31.2370624542
150.811310864	1009.1027832	36.9191055298	31.2370624542
150.811310865	1009.1027832	36.9191055298	31.2370624542
150.811310865	1009.1027832	36.9191055298	31.2370624542
150.811310865	1009.1027832	36.9191055298	31.2370624542
150.811310865	1009.1027832	36.9191055298	31.2370624542
150.811310865	1009.1027832	36.9191055298	31.2370624542
150.811310865	1009.1027832	36.9191055298	31.2370624542
150.811310865	1009.1027832	36.9191055298	31.2370624542
150.811310866	1009.1027832	36.9191055298	31.2370624542
150.811310866	1009.1027832	36.9191055298	31.2370624542
150.811310866	1009.10302734	36.9191055298	31.2370624542
150.811310866	1009.10302734	36.9191055298	31.2370624542
150.811310866	1009.10302734	36.9191055298	31.2370624542
150.811310866	1009.10302734	36.9191055298	31.2370624542
150.811310866	1009.10302734	36.9191055298	31.2370624542
150.811310867	1009.10302734	36.9191055298	31.2370624542
150.811310867	1009.10302734	36.9191055298	31.2370624542
150.811310867	1009.10302734	36.9191055298	31.2370624542
150.811310867	1009.10302734	36.9191055298	31.2370624542
150.811310867	1009.10302734	36.9191055298	31.2370624542
150.811310867	1009.10302734	36.9191055298	31.2370624542
150.811310867	1009.10302734	36.9191055298	31.2370624542
150.811310868	1009.10302734	36.9191055298	31.2370624542
150.811310868	1009.10302734	36.9191055298	31.2370624542
150.811310868	1009.10302734	36.9191055298	31.2370624542
150.811310868	1009.10302734	36.9191055298	31.2370624542
150.811310868	1009.10302734	36.9191055298	31.2370624542
150.811310868	1009.10302734	36.9191055298	31.2370624542
150.811310868	1009.10302734	36.9191055298	31.2370624542
150.811310869	1009.10302734	36.9191055298	31.2370624542
150.811310869	1009.10302734	36.9191055298	31.16381073
150.811310869	1009.10302734	36.9191055298	31.16381073
150.811310869	1009.10302734	38.4983329773	31.16381073
150.811310869	1009.10302734	38.4983329773	31.16381073
150.811310869	1009.10302734	38.4983329773	31.16381073
150.811310869	1009.10302734	38.4983329773	31.16381073
150.81131087	1009.10302734	38.4983329773	31.16381073
150.81131087	1009.10302734	38.4983329773	31.16381073
150.81131087	1009.09912109	38.4983329773	31.16381073
150.81131087	1009.09912109	38.4983329773	31.16381073
150.81131087	1009.09912109	38.4983329773	31.16381073
150.81131087	1009.09912109	38.4983329773	31.16381073
150.811310871	1009.09912109	38.4983329773	31.16381073
150.811310871	1009.09912109	38.4983329773	31.16381073
150.811310871	1009.09912109	38.4983329773	31.16381073
150.811310871	1009.09912109	38.4983329773	31.16381073
150.811310871	1009.09912109	38.4983329773	31.16381073
150.811310871	1009.09912109	38.4983329773	31.16381073
150.811310871	1009.09912109	38.4983329773	31.16381073
150.811310871	1009.09912109	38.4983329773	31.16381073
150.811310872	1009.09912109	38.4983329773	31.16381073
150.811310872	1009.09912109	38.4983329773	31.16381073
150.811310872	1009.09912109	38.4983329773	31.16381073
150.811310872	1009.09912109	38.4983329773	31.16381073
150.811310872	1009.09912109	38.4983329773	31.16381073
150.811310872	1009.09912109	38.4983329773	31.16381073
150.811310872	1009.09912109	38.4983329773	31.16381073
150.811310873	1009.09912109	38.4983329773	31.16381073
150.811310873	1009.09912109	38.4983329773	31.16381073
150.811310873	1009.09912109	38.4983329773	31.16381073
150.811310873	1009.09912109	38.4983329773	31.16381073
150.811310873	1009.09912109	38.4983329773	31.16381073
150.811310873	1009.09912109	38.4983329773	31.16381073
150.811310873	1009.09912109	38.4983329773	31.16381073
150.811310874	1009.09912109	38.4983329773	31.16381073
150.811310874	1009.09912109	38.4983329773	31.16381073
150.811310874	1009.09912109	38.4983329773	31.16381073
150.811310874	1009.10083008	38.4983329773	31.16381073
150.811310874	1009.10083008	38.4983329773	31.16381073
150.811310874	1009.10083008	38.4983329773	31.16381073
150.811310874	1009.10083008	38.4983329773	31.16381073
150.811310875	1009.10083008	38.4983329773	31.16381073
150.811310875	1009.10083008	38.4983329773	31.16381073
150.811310875	1009.10083008	38.4983329773	31.16381073
150.811310875	1009.10083008	38.4983329773	31.16381073
150.811310875	1009.10083008	38.4983329773	31.16381073
150.811310875	1009.10083008	38.4983329773	31.16381073
150.811310875	1009.10083008	38.4983329773	31.16381073
150.811310876	1009.10083008	38.4983329773	31.16381073
150.811310876	1009.10083008	38.4983329773	31.16381073
150.811310876	1009.10083008	38.4983329773	31.16381073
150.811310876	1009.10083008	38.4983329773	31.16381073
150.811310876	1009.10083008	38.4983329773	31.16381073
150.811310876	1009.10083008	38.4983329773	31.16381073
150.811310876	1009.10083008	38.4983329773	31.16381073
150.811310877	1009.10083008	38.4983329773	31.16381073
150.811310877	1009.10083008	38.4983329773	31.2553749084
150.811310877	1009.10083008	38.4983329773	31.2553749084
150.811310877	1009.10083008	39.8805999756	31.2553749084
150.811310877	1009.10083008	39.8805999756	31.2553749084
150.811310877	1009.10083008	39.8805999756	31.2553749084
150.811310877	1009.10083008	39.8805999756	31.2553749084
150.811310878	1009.10083008	39.8805999756	31.2553749084
150.811310878	1009.10083008	39.8805999756	31.2553749084
150.811310878	1009.10083008	39.8805999756	31.2553749084
150.811310878	1009.10302734	39.8805999756	31.2553749084
150.811310878	1009.10302734	39.8805999756	31.2553749084
150.811310878	1009.10302734	39.8805999756	31.2553749084
150.811310879	1009.10302734	39.8805999756	31.2553749084
150.811310879	1009.10302734	39.8805999756	31.2553749084
150.811310879	1009.10302734	39.8805999756	31.2553749084
150.811310879	1009.10302734	39.8805999756	31.2553749084
150.811310879	1009.10302734	39.8805999756	31.2553749084
150.811310879	1009.10302734	39.8805999756	31.2553749084
150.811310879	1009.10302734	39.8805999756	31.2553749084
150.811310879	1009.10302734	39.8805999756	31.2553749084
150.81131088	1009.10302734	39.8805999756	31.2553749084
150.81131088	1009.10302734	39.8805999756	31.2553749084
150.81131088	1009.10302734	39.8805999756	31.2553749084
150.81131088	1009.10302734	39.8805999756	31.2553749084
150.81131088	1009.10302734	39.8805999756	31.2553749084
150.81131088	1009.10302734	39.8805999756	31.2553749084
150.81131088	1009.10302734	39.8805999756	31.2553749084
150.811310881	1009.10302734	39.8805999756	31.2553749084
150.811310881	1009.10302734	39.8805999756	31.2553749084
150.811310881	1009.10302734	39.8805999756	31.2553749084
150.811310881	1009.10302734	39.8805999756	31.2553749084
150.811310881	1009.10302734	39.8805999756	31.2553749084
150.811310881	1009.10302734	39.8805999756	31.2553749084
150.811310881	1009.10302734	39.8805999756	31.2553749084
150.811310882	1009.10302734	39.8805999756	31.2553749084
150.811310882	1009.10302734	39.8805999756	31.2553749084
150.811310882	1009.10302734	39.8805999756	31.2553749084
150.811310882	1009.10302734	39.8805999756	31.2553749084
150.811310882	1009.10571289	39.8805999756	31.2553749084
150.811310882	1009.10571289	39.8805999756	31.2553749084
150.811310882	1009.10571289	39.8805999756	31.2553749084
150.811310883	1009.10571289	39.8805999756	31.2553749084
150.811310883	1009.10571289	39.8805999756	31.2553749084
150.811310883	1009.10571289	39.8805999756	31.2553749084
150.811310883	1009.10571289	39.8805999756	31.2553749084
150.811310883	1009.10571289	39.8805999756	31.2553749084
150.811310883	1009.10571289	39.8805999756	31.2553749084
150.811310883	1009.10571289	39.8805999756	31.2553749084
150.811310884	1009.10571289	39.8805999756	31.2553749084
150.811310884	1009.10571289	39.8805999756	31.2553749084
150.811310884	1009.10571289	39.8805999756	31.2553749084
150.811310884	1009.10571289	39.8805999756	31.2553749084
150.811310884	1009.10571289	39.8805999756	31.2553749084
150.811310884	1009.10571289	39.8805999756	31.2553749084
150.811310884	1009.10571289	39.8805999756	31.2553749084
150.811310884	1009.10571289	39.8805999756	31.2553749084
150.811310885	1009.10571289	39.8805999756	31.2553749084
150.811310885	1009.10571289	39.8805999756	31.2004356384
150.811310885	1009.10571289	39.8805999756	31.2004356384
150.811310885	1009.10571289	37.1371688843	31.2004356384
150.811310885	1009.10571289	37.1371688843	31.2004356384
150.811310885	1009.10571289	37.1371688843	31.2004356384
150.811310886	1009.10571289	37.1371688843	31.2004356384
150.811310886	1009.10571289	37.1371688843	31.2004356384
150.811310886	1009.10571289	37.1371688843	31.2004356384
150.811310886	1009.10571289	37.1371688843	31.2004356384
150.811310886	1009.09912109	37.1371688843	31.2004356384
150.811310886	1009.09912109	37.1371688843	31.2004356384
150.811310886	1009.09912109	37.1371688843	31.2004356384
150.811310887	1009.09912109	37.1371688843	31.2004356384
150.811310887	1009.09912109	37.1371688843	31.2004356384
150.811310887	1009.09912109	37.1371688843	31.2004356384
150.811310887	1009.09912109	37.1371688843	31.2004356384
150.811310887	1009.09912109	37.1371688843	31.2004356384
150.811310887	1009.09912109	37.1371688843	31.2004356384
150.811310887	1009.09912109	37.1371688843	31.2004356384
150.811310888	1009.09912109	37.1371688843	31.2004356384
150.811310888	1009.09912109	37.1371688843	31.2004356384
150.811310888	1009.09912109	37.1371688843	31.2004356384
150.811310888	1009.09912109	37.1371688843	31.2004356384
150.811310888	1009.09912109	37.1371688843	31.2004356384
150.811310888	1009.09912109	37.1371688843	31.2004356384
150.811310888	1009.09912109	37.1371688843	31.2004356384
150.811310889	1009.09912109	37.1371688843	31.2004356384
150.811310889	1009.09912109	37.1371688843	31.2004356384
150.811310889	1009.09912109	37.1371688843	31.2004356384
150.811310889	1009.09912109	37.1371688843	31.2004356384
150.811310889	1009.09912109	37.1371688843	31.2004356384
150.811310889	1009.09912109	37.1371688843	31.2004356384
150.811310889	1009.09912109	37.1371688843	31.2004356384
150.811310889	1009.09912109	37.1371688843	31.2004356384
150.81131089	1009.09912109	37.1371688843	31.2004356384
150.81131089	1009.09912109	37.1371688843	31.2004356384
150.81131089	1009.09912109	37.1371688843	31.2004356384
150.81131089	1009.09912109	37.1371688843	31.2004356384
150.81131089	1009.09594727	37.1371688843	31.2004356384
150.81131089	1009.09594727	37.1371688843	31.2004356384
150.811310891	1009.09594727	37.1371688843	31.2004356384
150.811310891	1009.09594727	37.1371688843	31.2004356384
150.811310891	1009.09594727	37.1371688843	31.2004356384
150.811310891	1009.09594727	37.1371688843	31.2004356384
150.811310891	1009.09594727	37.1371688843	31.2004356384
150.811310891	1009.09594727	37.1371688843	31.2004356384
150.811310891	1009.09594727	37.1371688843	31.2004356384
150.811310892	1009.09594727	37.1371688843	31.2004356384
150.811310892	1009.09594727	37.1371688843	31.2004356384
150.811310892	1009.09594727	37.1371688843	31.2004356384
150.811310892	1009.09594727	37.1371688843	31.2004356384
150.811310892	1009.09594727	37.1371688843	31.2004356384
150.811310892	1009.09594727	37.1371688843	31.2004356384
150.811310892	1009.09594727	37.1371688843	31.2004356384
150.811310892	1009.09594727	37.1371688843	31.2004356384
150.811310893	1009.09594727	37.1371688843	31.2004356384
150.811310893	1009.09594727	37.1371688843	31.2370624542
150.811310893	1009.09594727	37.1371688843	31.2370624542
150.811310893	1009.09594727	37.1195831299	31.2370624542
150.811310893	1009.09594727	37.1195831299	31.2370624542
150.811310893	1009.09594727	37.1195831299	31.2370624542
150.811310894	1009.09594727	37.1195831299	31.2370624542
150.811310894	1009.09594727	37.1195831299	31.2370624542
150.811310894	1009.09594727	37.1195831299	31.2370624542
150.811310894	1009.09594727	37.1195831299	31.2370624542
150.811310894	1009.09594727	37.1195831299	31.2370624542
150.811310894	1009.09594727	37.1195831299	31.2370624542
150.811310894	1009.09667969	37.1195831299	31.2370624542
150.811310895	1009.09667969	37.1195831299	31.2370624542
150.811310895	1009.09667969	37.1195831299	31.2370624542
150.811310895	1009.09667969	37.1195831299	31.2370624542
150.811310895	1009.09667969	37.1195831299	31.2370624542
150.811310895	1009.09667969	37.1195831299	31.2370624542
150.811310895	1009.09667969	37.1195831299	31.2370624542
150.811310895	1009.09667969	37.1195831299	31.2370624542
150.811310896	1009.09667969	37.1195831299	31.2370624542
150.811310896	1009.09667969	37.1195831299	31.2370624542
150.811310896	1009.09667969	37.1195831299	31.2370624542
150.811310896	1009.09667969	37.1195831299	31.2370624542
150.811310896	1009.09667969	37.1195831299	31.2370624542
150.811310897	1009.09667969	37.1195831299	31.2370624542
150.811310897	1009.09667969	37.1195831299	31.2370624542
150.811310897	1009.09667969	37.1195831299	31.2370624542
150.811310897	1009.09667969	37.1195831299	31.2370624542
150.811310898	1009.09667969	37.1195831299	31.2370624542
150.811310898	1009.09667969	37.1195831299	31.2370624542
150.811310898	1009.09667969	37.1195831299	31.2370624542
150.811310898	1009.09667969	37.1195831299	31.2370624542
150.811310898	1009.09741211	37.1195831299	31.2370624542
150.811310899	1009.09741211	37.1195831299	31.2370624542
150.811310899	1009.09741211	37.1195831299	31.2370624542
150.811310899	1009.09741211	37.1195831299	31.2370624542
150.8113109	1009.09741211	37.1195831299	31.2370624542
150.8113109	1009.09741211	37.1195831299	31.2370624542
150.8113109	1009.09741211	37.1195831299	31.2370624542
150.8113109	1009.09741211	37.1195831299	31.2370624542
150.8113109	1009.09741211	37.1195831299	31.2370624542
150.811310901	1009.09741211	37.1195831299	31.2370624542
150.811310901	1009.09741211	37.1195831299	31.1821231842
150.811310901	1009.09741211	40.3026657104	31.1821231842
150.811310902	1009.09741211	40.3026657104	31.1821231842
150.811310902	1009.09741211	40.3026657104	31.1821231842
150.811310902	1009.09741211	40.3026657104	31.1821231842
150.811310902	1009.09741211	40.3026657104	31.1821231842
150.811310902	1009.09399414	40.3026657104	31.1821231842
150.811310903	1009.09399414	40.3026657104	31.1821231842
150.811310903	1009.09399414	40.3026657104	31.1821231842
150.811310903	1009.09399414	40.3026657104	31.1821231842
150.811310903	1009.09399414	40.3026657104	31.1821231842
150.811310904	1009.09399414	40.3026657104	31.1821231842
150.811310904	1009.09399414	40.3026657104	31.1821231842
150.811310904	1009.09399414	40.3026657104	31.1821231842
150.811310904	1009.09399414	40.3026657104	31.1821231842
150.811310905	1009.09399414	40.3026657104	31.1821231842
150.811310905	1009.09399414	40.3026657104	31.1821231842
150.811310905	1009.09399414	40.3026657104	31.1821231842
150.811310905	1009.09399414	40.3026657104	31.1821231842
150.811310906	1009.09399414	40.3026657104	31.1821231842
150.811310906	1009.09399414	40.3026657104	31.1821231842
150.811310906	1009.09399414	40.3026657104	31.1821231842
150.811310906	1009.09399414	40.3026657104	31.1821231842
150.811310906	1009.09399414	40.3026657104	31.1821231842
150.811310907	1009.09057617	40.3026657104	31.1821231842
150.811310907	1009.09057617	40.3026657104	31.1821231842
150.811310907	1009.09057617	40.3026657104	31.1821231842
150.811310907	1009.09057617	40.3026657104	31.1821231842
150.811310908	1009.09057617	40.3026657104	31.1821231842
150.811310908	1009.09057617	40.3026657104	31.1821231842
150.811310908	1009.09057617	40.3026657104	31.1821231842
150.811310908	1009.09057617	40.3026657104	31.1821231842
150.811310909	1009.09057617	40.3026657104	31.1821231842
150.811310909	1009.09057617	40.3026657104	31.2370624542
150.811310909	1009.09057617	38.030544281	31.2370624542
150.811310909	1009.09057617	38.030544281	31.2370624542
150.81131091	1009.09057617	38.030544281	31.2370624542
150.81131091	1009.09057617	38.030544281	31.2370624542
150.81131091	1009.09057617	38.030544281	31.2370624542
150.81131091	1009.09057617	38.030544281	31.2370624542
150.811310911	1009.08544922	38.030544281	31.2370624542
150.811310911	1009.08544922	38.030544281	31.2370624542
150.811310911	1009.08544922	38.030544281	31.2370624542
150.811310911	1009.08544922	38.030544281	31.2370624542
150.811310912	1009.08544922	38.030544281	31.2370624542
150.811310912	1009.08544922	38.030544281	31.2370624542
150.811310912	1009.08544922	38.030544281	31.2370624542
150.811310912	1009.08544922	38.030544281	31.2370624542
150.811310913	1009.08544922	38.030544281	31.2370624542
150.811310913	1009.08544922	38.030544281	31.2370624542
150.811310913	1009.08544922	38.030544281	31.2370624542
150.811310913	1009.08544922	38.030544281	31.2370624542
150.811310913	1009.08544922	38.030544281	31.2370624542
150.811310914	1009.08544922	38.030544281	31.2370624542
150.811310914	1009.08544922	38.030544281	31.2370624542
150.811310914	1009.08544922	38.030544281	31.2370624542
150.811310914	1009.08544922	38.030544281	31.2370624542
150.811310915	1009.08544922	38.030544281	31.2370624542
150.811310915	1009.08154297	38.030544281	31.2370624542
150.811310915	1009.08154297	38.030544281	31.2370624542
150.811310915	1009.08154297	38.030544281	31.2370624542
150.811310916	1009.08154297	38.030544281	31.2370624542
150.811310916	1009.08154297	38.030544281	31.2370624542
150.811310916	1009.08154297	38.030544281	31.2370624542
150.811310916	1009.08154297	38.030544281	31.2370624542
150.811310916	1009.08154297	38.030544281	31.2370624542
150.811310917	1009.08154297	38.030544281	31.2370624542
150.811310917	1009.08154297	38.030544281	31.27368927
150.811310917	1009.08154297	35.83228302	31.27368927
150.811310918	1009.08154297	35.83228302	31.27368927
150.811310918	1009.08154297	35.83228302	31.27368927
150.811310918	1009.08154297	35.83228302	31.27368927
150.811310918	1009.08154297	35.83228302	31.27368927
150.811310918	1009.08154297	35.83228302	31.27368927
150.811310919	1009.07763672	35.83228302	31.27368927
150.811310919	1009.07763672	35.83228302	31.27368927
150.811310919	1009.07763672	35.83228302	31.27368927
150.81131092	1009.07763672	35.83228302	31.27368927
150.81131092	1009.07763672	35.83228302	31.27368927
150.81131092	1009.07763672	35.83228302	31.27368927
150.81131092	1009.07763672	35.83228302	31.27368927
150.81131092	1009.07763672	35.83228302	31.27368927
150.811310921	1009.07763672	35.83228302	31.27368927
150.811310921	1009.07763672	35.83228302	31.27368927
150.811310921	1009.07763672	35.83228302	31.27368927
150.811310921	1009.07763672	35.83228302	31.27368927
150.811310922	1009.07763672	35.83228302	31.27368927
150.811310922	1009.07763672	35.83228302	31.27368927
150.811310922	1009.07763672	35.83228302	31.27368927
150.811310922	1009.07763672	35.83228302	31.27368927
150.811310922	1009.07763672	35.83228302	31.27368927
150.811310923	1009.07763672	35.83228302	31.27368927
150.811310923	1009.08007812	35.83228302	31.27368927
150.811310923	1009.08007812	35.83228302	31.27368927
150.811310923	1009.08007812	35.83228302	31.27368927
150.811310924	1009.08007812	35.83228302	31.27368927
150.811310924	1009.08007812	35.83228302	31.27368927
150.811310924	1009.08007812	35.83228302	31.27368927
150.811310924	1009.08007812	35.83228302	31.27368927
150.811310925	1009.08007812	35.83228302	31.27368927
150.811310925	1009.08007812	35.83228302	31.27368927
150.811310925	1009.08007812	35.83228302	31.21875
150.811310925	1009.08007812	36.6447601318	31.21875
150.811310926	1009.08007812	36.6447601318	31.21875
150.811310926	1009.08007812	36.6447601318	31.21875
150.811310926	1009.08007812	36.6447601318	31.21875
150.811310926	1009.08007812	36.6447601318	31.21875
150.811310927	1009.08007812	36.6447601318	31.21875
150.811310927	1009.08007812	36.6447601318	31.21875
150.811310927	1009.08569336	36.6447601318	31.21875
150.811310927	1009.08569336	36.6447601318	31.21875
150.811310928	1009.08569336	36.6447601318	31.21875
150.811310928	1009.08569336	36.6447601318	31.21875
150.811310928	1009.08569336	36.6447601318	31.21875
150.811310928	1009.08569336	36.6447601318	31.21875
150.811310929	1009.08569336	36.6447601318	31.21875
150.811310929	1009.08569336	36.6447601318	31.21875
150.811310929	1009.08569336	36.6447601318	31.21875
150.811310929	1009.08569336	36.6447601318	31.21875
150.811310929	1009.08569336	36.6447601318	31.21875
150.81131093	1009.08569336	36.6447601318	31.21875
150.81131093	1009.08569336	36.6447601318	31.21875
150.81131093	1009.08569336	36.6447601318	31.21875
150.81131093	1009.08569336	36.6447601318	31.21875
150.811310931	1009.08569336	36.6447601318	31.21875
150.811310931	1009.08569336	36.6447601318	31.21875
150.811310931	1009.08544922	36.6447601318	31.21875
150.811310931	1009.08544922	36.6447601318	31.21875
150.811310932	1009.08544922	36.6447601318	31.21875
150.811310932	1009.08544922	36.6447601318	31.21875
150.811310932	1009.08544922	36.6447601318	31.21875
150.811310932	1009.08544922	36.6447601318	31.21875
150.811310933	1009.08544922	36.6447601318	31.21875
150.811310933	1009.08544922	36.6447601318	31.21875
150.811310933	1009.08544922	36.6447601318	31.10887146
150.811310933	1009.08544922	34.4851913452	31.10887146
150.811310934	1009.08544922	34.4851913452	31.10887146
150.811310934	1009.08544922	34.4851913452	31.10887146
150.811310934	1009.08544922	34.4851913452	31.10887146
150.811310934	1009.08544922	34.4851913452	31.10887146
150.811310934	1009.08544922	34.4851913452	31.10887146
150.811310935	1009.08544922	34.4851913452	31.10887146
150.811310935	1009.08544922	34.4851913452	31.10887146
150.811310935	1009.08154297	34.4851913452	31.10887146
150.811310936	1009.08154297	34.4851913452	31.10887146
150.811310936	1009.08154297	34.4851913452	31.10887146
150.811310936	1009.08154297	34.4851913452	31.10887146
150.811310936	1009.08154297	34.4851913452	31.10887146
150.811310936	1009.08154297	34.4851913452	31.10887146
150.811310937	1009.08154297	34.4851913452	31.10887146
150.811310937	1009.08154297	34.4851913452	31.10887146
150.811310937	1009.08154297	34.4851913452	31.10887146
150.811310937	1009.08154297	34.4851913452	31.10887146
150.811310938	1009.08154297	34.4851913452	31.10887146
150.811310938	1009.08154297	34.4851913452	31.10887146
150.811310938	1009.08154297	34.4851913452	31.10887146
150.811310938	1009.08154297	34.4851913452	31.10887146
150.811310938	1009.08154297	34.4851913452	31.10887146
150.811310939	1009.08154297	34.4851913452	31.10887146
150.811310939	1009.08154297	34.4851913452	31.10887146
150.811310939	1009.08056641	34.4851913452	31.10887146
150.81131094	1009.08056641	34.4851913452	31.10887146
150.81131094	1009.08056641	34.4851913452	31.10887146
150.81131094	1009.08056641	34.4851913452	31.10887146
150.81131094	1009.08056641	34.4851913452	31.10887146
150.81131094	1009.08056641	34.4851913452	31.10887146
150.811310941	1009.08056641	34.4851913452	31.10887146
150.811310941	1009.08056641	34.4851913452	31.10887146
150.811310941	1009.08056641	34.4851913452	31.3469429016
150.811310941	1009.08056641	40.4011459351	31.3469429016
150.811310942	1009.08056641	40.4011459351	31.3469429016
150.811310942	1009.08056641	40.4011459351	31.3469429016
150.811310942	1009.08056641	40.4011459351	31.3469429016
150.811310942	1009.08056641	40.4011459351	31.3469429016
150.811310943	1009.08056641	40.4011459351	31.3469429016
150.811310943	1009.08056641	40.4011459351	31.3469429016
150.811310943	1009.08056641	40.4011459351	31.3469429016
150.811310943	1009.08325195	40.4011459351	31.3469429016
150.811310944	1009.08325195	40.4011459351	31.3469429016
150.811310944	1009.08325195	40.4011459351	31.3469429016
150.811310944	1009.08325195	40.4011459351	31.3469429016
150.811310944	1009.08325195	40.4011459351	31.3469429016
150.811310945	1009.08325195	40.4011459351	31.3469429016
150.811310945	1009.08325195	40.4011459351	31.3469429016
150.811310945	1009.08325195	40.4011459351	31.3469429016
150.811310945	1009.08325195	40.4011459351	31.3469429016
150.811310945	1009.08325195	40.4011459351	31.3469429016
150.811310946	1009.08325195	40.4011459351	31.3469429016
150.811310946	1009.08325195	40.4011459351	31.3469429016
150.811310946	1009.08325195	40.4011459351	31.3469429016
150.811310946	1009.08325195	40.4011459351	31.3469429016
150.811310947	1009.08325195	40.4011459351	31.3469429016
150.811310947	1009.08325195	40.4011459351	31.3469429016
150.811310947	1009.08325195	40.4011459351	31.3469429016
150.811310947	1009.0859375	40.4011459351	31.3469429016
150.811310948	1009.0859375	40.4011459351	31.3469429016
150.811310948	1009.0859375	40.4011459351	31.3469429016
150.811310948	1009.0859375	40.4011459351	31.3469429016
150.811310948	1009.0859375	40.4011459351	31.3469429016
150.811310949	1009.0859375	40.4011459351	31.3469429016
150.811310949	1009.0859375	40.4011459351	31.3469429016
150.811310949	1009.0859375	40.4011459351	31.3469429016
150.811310949	1009.0859375	40.4011459351	31.21875
150.81131095	1009.0859375	35.5333213806	31.21875
150.81131095	1009.0859375	35.5333213806	31.21875
150.81131095	1009.0859375	35.5333213806	31.21875
150.81131095	1009.0859375	35.5333213806	31.21875
150.811310951	1009.0859375	35.5333213806	31.21875
150.811310951	1009.0859375	35.5333213806	31.21875
150.811310951	1009.0859375	35.5333213806	31.21875
150.811310951	1009.0859375	35.5333213806	31.21875
150.811310951	1009.08447266	35.5333213806	31.21875
150.811310952	1009.08447266	35.5333213806	31.21875
150.811310952	1009.08447266	35.5333213806	31.21875
150.811310952	1009.08447266	35.5333213806	31.21875
150.811310952	1009.08447266	35.5333213806	31.21875
150.811310953	1009.08447266	35.5333213806	31.21875
150.811310953	1009.08447266	35.5333213806	31.21875
150.811310953	1009.08447266	35.5333213806	31.21875
150.811310953	1009.08447266	35.5333213806	31.21875
150.811310954	1009.08447266	35.5333213806	31.21875
150.811310954	1009.08447266	35.5333213806	31.21875
150.811310954	1009.08447266	35.5333213806	31.21875
150.811310954	1009.08447266	35.5333213806	31.21875
150.811310954	1009.08447266	35.5333213806	31.21875
150.811310955	1009.08447266	35.5333213806	31.21875
150.811310955	1009.08447266	35.5333213806	31.21875
150.811310955	1009.08447266	35.5333213806	31.21875
150.811310955	1009.08447266	35.5333213806	31.21875
150.811310956	1009.08447266	35.5333213806	31.21875
150.811310956	1009.08447266	35.5333213806	31.21875
150.811310956	1009.08447266	35.5333213806	31.21875
150.811310956	1009.08447266	35.5333213806	31.21875
150.811310957	1009.08447266	35.5333213806	31.21875
150.811310957	1009.08447266	35.5333213806	31.21875
150.811310957	1009.08447266	35.5333213806	31.2553749084
150.811310957	1009.08447266	39.7539787292	31.2553749084
150.811310958	1009.08447266	39.7539787292	31.2553749084
150.811310958	1009.08447266	39.7539787292	31.2553749084
150.811310958	1009.08447266	39.7539787292	31.2553749084
150.811310958	1009.08447266	39.7539787292	31.2553749084
150.811310959	1009.08447266	39.7539787292	31.2553749084
150.811310959	1009.08447266	39.7539787292	31.2553749084
150.811310959	1009.08447266	39.7539787292	31.2553749084
150.811310959	1009.08447266	39.7539787292	31.2553749084
150.81131096	1009.08032227	39.7539787292	31.2553749084
150.81131096	1009.08032227	39.7539787292	31.2553749084
150.81131096	1009.08032227	39.7539787292	31.2553749084
150.81131096	1009.08032227	39.7539787292	31.2553749084
150.811310961	1009.08032227	39.7539787292	31.2553749084
150.811310961	1009.08032227	39.7539787292	31.2553749084
150.811310961	1009.08032227	39.7539787292	31.2553749084
150.811310961	1009.08032227	39.7539787292	31.2553749084
150.811310962	1009.08032227	39.7539787292	31.2553749084
150.811310962	1009.08032227	39.7539787292	31.2553749084
150.811310962	1009.08032227	39.7539787292	31.2553749084
