0.735246134625	1600
time	pressure	humidity	temperature
150.811309206	1007.90112305	40.7956008911	30.6018409729
150.811309207	1007.90112305	40.7956008911	30.6018409729
150.811309207	1007.90112305	40.7956008911	30.6018409729
150.811309208	1007.90112305	40.7956008911	30.6018409729
150.811309208	1007.90112305	40.7956008911	30.6018409729
150.811309208	1007.89941406	40.7956008911	30.6018409729
150.811309209	1007.89941406	40.7956008911	30.6018409729
150.811309209	1007.89941406	40.7956008911	30.6018409729
150.811309209	1007.89941406	40.7956008911	30.6018409729
150.811309209	1007.89941406	40.7956008911	30.6018409729
150.811309209	1007.89941406	40.7956008911	30.6018409729
150.81130921	1007.89941406	40.7956008911	30.6018409729
150.81130921	1007.89941406	40.7956008911	30.6018409729
150.81130921	1007.89941406	40.7956008911	30.6018409729
150.81130921	1007.89941406	40.7956008911	30.6018409729
150.811309211	1007.89941406	40.7956008911	30.6018409729
150.811309211	1007.89941406	40.7956008911	30.6018409729
150.811309211	1007.89941406	40.7956008911	30.6018409729
150.811309211	1007.89941406	40.7956008911	30.6018409729
150.811309211	1007.89941406	40.7956008911	30.6018409729
150.811309212	1007.89941406	40.7956008911	30.6018409729
150.811309212	1007.89941406	40.7956008911	30.6018409729
150.811309212	1007.90112305	40.7956008911	30.6018409729
150.811309213	1007.90112305	40.7956008911	30.6018409729
150.811309213	1007.90112305	40.7956008911	30.6018409729
150.811309213	1007.90112305	40.7956008911	30.5832767487
150.811309213	1007.90112305	40.7956008911	30.5832767487
150.811309214	1007.90112305	42.6780471802	30.5832767487
150.811309214	1007.90112305	42.6780471802	30.5832767487
150.811309214	1007.90112305	42.6780471802	30.5832767487
150.811309214	1007.90112305	42.6780471802	30.5832767487
150.811309214	1007.90112305	42.6780471802	30.5832767487
150.811309215	1007.90112305	42.6780471802	30.5832767487
150.811309215	1007.90112305	42.6780471802	30.5832767487
150.811309215	1007.90112305	42.6780471802	30.5832767487
150.811309215	1007.90112305	42.6780471802	30.5832767487
150.811309216	1007.90112305	42.6780471802	30.5832767487
150.811309216	1007.90112305	42.6780471802	30.5832767487
150.811309216	1007.90063477	42.6780471802	30.5832767487
150.811309216	1007.90063477	42.6780471802	30.5832767487
150.811309217	1007.90063477	42.6780471802	30.5832767487
150.811309217	1007.90063477	42.6780471802	30.5832767487
150.811309217	1007.90063477	42.6780471802	30.5832767487
150.811309217	1007.90063477	42.6780471802	30.5832767487
150.811309218	1007.90063477	42.6780471802	30.5832767487
150.811309218	1007.90063477	42.6780471802	30.5832767487
150.811309218	1007.90063477	42.6780471802	30.5832767487
150.811309218	1007.90063477	42.6780471802	30.5832767487
150.811309218	1007.90063477	42.6780471802	30.5832767487
150.811309219	1007.90063477	42.6780471802	30.5832767487
150.811309219	1007.90063477	42.6780471802	30.5832767487
150.811309219	1007.90063477	42.6780471802	30.5832767487
150.811309219	1007.90063477	42.6780471802	30.5832767487
150.81130922	1007.90063477	42.6780471802	30.5832767487
150.81130922	1007.90063477	42.6780471802	30.5832767487
150.81130922	1007.90478516	42.6780471802	30.5832767487
150.81130922	1007.90478516	42.6780471802	30.5832767487
150.811309221	1007.90478516	42.6780471802	30.5832767487
150.811309221	1007.90478516	42.6780471802	30.5832767487
150.811309221	1007.90478516	42.6780471802	30.6389656067
150.811309221	1007.90478516	39.2428970337	30.6389656067
150.811309222	1007.90478516	39.2428970337	30.6389656067
150.811309222	1007.90478516	39.2428970337	30.6389656067
150.811309222	1007.90478516	39.2428970337	30.6389656067
150.811309222	1007.90478516	39.2428970337	30.6389656067
150.811309223	1007.90478516	39.2428970337	30.6389656067
150.811309223	1007.90478516	39.2428970337	30.6389656067
150.811309223	1007.90478516	39.2428970337	30.6389656067
150.811309223	1007.90478516	39.2428970337	30.6389656067
150.811309223	1007.90478516	39.2428970337	30.6389656067
150.811309224	1007.90478516	39.2428970337	30.6389656067
150.811309224	1007.90234375	39.2428970337	30.6389656067
150.811309224	1007.90234375	39.2428970337	30.6389656067
150.811309225	1007.90234375	39.2428970337	30.6389656067
150.811309225	1007.90234375	39.2428970337	30.6389656067
150.811309225	1007.90234375	39.2428970337	30.6389656067
150.811309225	1007.90234375	39.2428970337	30.6389656067
150.811309225	1007.90234375	39.2428970337	30.6389656067
150.811309226	1007.90234375	39.2428970337	30.6389656067
150.811309226	1007.90234375	39.2428970337	30.6389656067
150.811309226	1007.90234375	39.2428970337	30.6389656067
150.811309226	1007.90234375	39.2428970337	30.6389656067
150.811309227	1007.90234375	39.2428970337	30.6389656067
150.811309227	1007.90234375	39.2428970337	30.6389656067
150.811309227	1007.90234375	39.2428970337	30.6389656067
150.811309227	1007.90234375	39.2428970337	30.6389656067
150.811309227	1007.90234375	39.2428970337	30.6389656067
150.811309228	1007.90234375	39.2428970337	30.6389656067
150.811309228	1007.89941406	39.2428970337	30.6389656067
150.811309228	1007.89941406	39.2428970337	30.6389656067
150.811309229	1007.89941406	39.2428970337	30.6389656067
150.811309229	1007.89941406	39.2428970337	30.6389656067
150.811309229	1007.89941406	39.2428970337	30.6389656067
150.811309229	1007.89941406	39.2428970337	30.4719009399
150.811309229	1007.89941406	43.2286987305	30.4719009399
150.81130923	1007.89941406	43.2286987305	30.4719009399
150.81130923	1007.89941406	43.2286987305	30.4719009399
150.81130923	1007.89941406	43.2286987305	30.4719009399
150.81130923	1007.89941406	43.2286987305	30.4719009399
150.811309231	1007.89941406	43.2286987305	30.4719009399
150.811309231	1007.89941406	43.2286987305	30.4719009399
150.811309231	1007.89941406	43.2286987305	30.4719009399
150.811309231	1007.89941406	43.2286987305	30.4719009399
150.811309232	1007.89941406	43.2286987305	30.4719009399
150.811309232	1007.8996582	43.2286987305	30.4719009399
150.811309232	1007.8996582	43.2286987305	30.4719009399
150.811309232	1007.8996582	43.2286987305	30.4719009399
150.811309233	1007.8996582	43.2286987305	30.4719009399
150.811309233	1007.8996582	43.2286987305	30.4719009399
150.811309233	1007.8996582	43.2286987305	30.4719009399
150.811309233	1007.8996582	43.2286987305	30.4719009399
150.811309234	1007.8996582	43.2286987305	30.4719009399
150.811309234	1007.8996582	43.2286987305	30.4719009399
150.811309234	1007.8996582	43.2286987305	30.4719009399
150.811309234	1007.8996582	43.2286987305	30.4719009399
150.811309234	1007.8996582	43.2286987305	30.4719009399
150.811309235	1007.8996582	43.2286987305	30.4719009399
150.811309235	1007.8996582	43.2286987305	30.4719009399
150.811309235	1007.8996582	43.2286987305	30.4719009399
150.811309235	1007.8996582	43.2286987305	30.4719009399
150.811309236	1007.8996582	43.2286987305	30.4719009399
150.811309236	1007.8984375	43.2286987305	30.4719009399
150.811309236	1007.8984375	43.2286987305	30.4719009399
150.811309236	1007.8984375	43.2286987305	30.4719009399
150.811309237	1007.8984375	43.2286987305	30.4719009399
150.811309237	1007.8984375	43.2286987305	30.4719009399
150.811309237	1007.8984375	43.2286987305	30.4719009399
150.811309237	1007.8984375	43.2286987305	30.5275878906
150.811309238	1007.8984375	42.9501724243	30.5275878906
150.811309238	1007.8984375	42.9501724243	30.5275878906
150.811309238	1007.8984375	42.9501724243	30.5275878906
150.811309238	1007.8984375	42.9501724243	30.5275878906
150.811309239	1007.8984375	42.9501724243	30.5275878906
150.811309239	1007.8984375	42.9501724243	30.5275878906
150.811309239	1007.8984375	42.9501724243	30.5275878906
150.811309239	1007.8984375	42.9501724243	30.5275878906
150.811309239	1007.8984375	42.9501724243	30.5275878906
150.81130924	1007.89624023	42.9501724243	30.5275878906
150.81130924	1007.89624023	42.9501724243	30.5275878906
150.81130924	1007.89624023	42.9501724243	30.5275878906
150.811309241	1007.89624023	42.9501724243	30.5275878906
150.811309241	1007.89624023	42.9501724243	30.5275878906
150.811309241	1007.89624023	42.9501724243	30.5275878906
150.811309241	1007.89624023	42.9501724243	30.5275878906
150.811309241	1007.89624023	42.9501724243	30.5275878906
150.811309242	1007.89624023	42.9501724243	30.5275878906
150.811309242	1007.89624023	42.9501724243	30.5275878906
150.811309242	1007.89624023	42.9501724243	30.5275878906
150.811309242	1007.89624023	42.9501724243	30.5275878906
150.811309243	1007.89624023	42.9501724243	30.5275878906
150.811309243	1007.89624023	42.9501724243	30.5275878906
150.811309243	1007.89624023	42.9501724243	30.5275878906
150.811309243	1007.89624023	42.9501724243	30.5275878906
150.811309243	1007.89624023	42.9501724243	30.5275878906
150.811309244	1007.89477539	42.9501724243	30.5275878906
150.811309244	1007.89477539	42.9501724243	30.5275878906
150.811309244	1007.89477539	42.9501724243	30.5275878906
150.811309244	1007.89477539	42.9501724243	30.5275878906
150.811309245	1007.89477539	42.9501724243	30.5275878906
150.811309245	1007.89477539	42.9501724243	30.5275878906
150.811309245	1007.89477539	42.9501724243	30.5275878906
150.811309245	1007.89477539	42.9501724243	30.6946525574
150.811309246	1007.89477539	43.0302085876	30.6946525574
150.811309246	1007.89477539	43.0302085876	30.6946525574
150.811309246	1007.89477539	43.0302085876	30.6946525574
150.811309246	1007.89477539	43.0302085876	30.6946525574
150.811309247	1007.89477539	43.0302085876	30.6946525574
150.811309247	1007.89477539	43.0302085876	30.6946525574
150.811309247	1007.89477539	43.0302085876	30.6946525574
150.811309247	1007.89477539	43.0302085876	30.6946525574
150.811309248	1007.89624023	43.0302085876	30.6946525574
150.811309248	1007.89624023	43.0302085876	30.6946525574
150.811309248	1007.89624023	43.0302085876	30.6946525574
150.811309248	1007.89624023	43.0302085876	30.6946525574
150.811309249	1007.89624023	43.0302085876	30.6946525574
150.811309249	1007.89624023	43.0302085876	30.6946525574
150.811309249	1007.89624023	43.0302085876	30.6946525574
150.811309249	1007.89624023	43.0302085876	30.6946525574
150.81130925	1007.89624023	43.0302085876	30.6946525574
150.81130925	1007.89624023	43.0302085876	30.6946525574
150.81130925	1007.89624023	43.0302085876	30.6946525574
150.81130925	1007.89624023	43.0302085876	30.6946525574
150.81130925	1007.89624023	43.0302085876	30.6946525574
150.811309251	1007.89624023	43.0302085876	30.6946525574
150.811309251	1007.89624023	43.0302085876	30.6946525574
150.811309251	1007.89624023	43.0302085876	30.6946525574
150.811309251	1007.89624023	43.0302085876	30.6946525574
150.811309252	1007.89404297	43.0302085876	30.6946525574
150.811309252	1007.89404297	43.0302085876	30.6946525574
150.811309252	1007.89404297	43.0302085876	30.6946525574
150.811309252	1007.89404297	43.0302085876	30.6946525574
150.811309253	1007.89404297	43.0302085876	30.6946525574
150.811309253	1007.89404297	43.0302085876	30.6946525574
150.811309253	1007.89404297	43.0302085876	30.6946525574
150.811309253	1007.89404297	43.0302085876	30.6946525574
150.811309253	1007.89404297	43.0302085876	30.5647144318
150.811309254	1007.89404297	38.3176803589	30.5647144318
150.811309254	1007.89404297	38.3176803589	30.5647144318
150.811309254	1007.89404297	38.3176803589	30.5647144318
150.811309255	1007.89404297	38.3176803589	30.5647144318
150.811309255	1007.89404297	38.3176803589	30.5647144318
150.811309255	1007.89404297	38.3176803589	30.5647144318
150.811309255	1007.89404297	38.3176803589	30.5647144318
150.811309255	1007.89672852	38.3176803589	30.5647144318
150.811309256	1007.89672852	38.3176803589	30.5647144318
150.811309256	1007.89672852	38.3176803589	30.5647144318
150.811309256	1007.89672852	38.3176803589	30.5647144318
150.811309256	1007.89672852	38.3176803589	30.5647144318
150.811309257	1007.89672852	38.3176803589	30.5647144318
150.811309257	1007.89672852	38.3176803589	30.5647144318
150.811309257	1007.89672852	38.3176803589	30.5647144318
150.811309257	1007.89672852	38.3176803589	30.5647144318
150.811309258	1007.89672852	38.3176803589	30.5647144318
150.811309258	1007.89672852	38.3176803589	30.5647144318
150.811309258	1007.89672852	38.3176803589	30.5647144318
150.811309258	1007.89672852	38.3176803589	30.5647144318
150.811309258	1007.89672852	38.3176803589	30.5647144318
150.811309259	1007.89672852	38.3176803589	30.5647144318
150.811309259	1007.89672852	38.3176803589	30.5647144318
150.811309259	1007.89672852	38.3176803589	30.5647144318
150.811309259	1007.89575195	38.3176803589	30.5647144318
150.81130926	1007.89575195	38.3176803589	30.5647144318
150.81130926	1007.89575195	38.3176803589	30.5647144318
150.81130926	1007.89575195	38.3176803589	30.5647144318
150.81130926	1007.89575195	38.3176803589	30.5647144318
150.811309261	1007.89575195	38.3176803589	30.5647144318
150.811309261	1007.89575195	38.3176803589	30.5647144318
150.811309261	1007.89575195	38.3176803589	30.5647144318
150.811309261	1007.89575195	38.3176803589	30.5647144318
150.811309262	1007.89575195	38.3176803589	30.6389656067
150.811309262	1007.89575195	39.5982589722	30.6389656067
150.811309262	1007.89575195	39.5982589722	30.6389656067
150.811309262	1007.89575195	39.5982589722	30.6389656067
150.811309263	1007.89575195	39.5982589722	30.6389656067
150.811309263	1007.89575195	39.5982589722	30.6389656067
150.811309263	1007.89575195	39.5982589722	30.6389656067
150.811309263	1007.89599609	39.5982589722	30.6389656067
150.811309264	1007.89599609	39.5982589722	30.6389656067
150.811309264	1007.89599609	39.5982589722	30.6389656067
150.811309264	1007.89599609	39.5982589722	30.6389656067
150.811309264	1007.89599609	39.5982589722	30.6389656067
150.811309265	1007.89599609	39.5982589722	30.6389656067
150.811309265	1007.89599609	39.5982589722	30.6389656067
150.811309265	1007.89599609	39.5982589722	30.6389656067
150.811309265	1007.89599609	39.5982589722	30.6389656067
150.811309265	1007.89599609	39.5982589722	30.6389656067
150.811309266	1007.89599609	39.5982589722	30.6389656067
150.811309266	1007.89599609	39.5982589722	30.6389656067
150.811309266	1007.89599609	39.5982589722	30.6389656067
150.811309266	1007.89599609	39.5982589722	30.6389656067
150.811309267	1007.89599609	39.5982589722	30.6389656067
150.811309267	1007.89599609	39.5982589722	30.6389656067
150.811309267	1007.89624023	39.5982589722	30.6389656067
150.811309267	1007.89624023	39.5982589722	30.6389656067
150.811309268	1007.89624023	39.5982589722	30.6389656067
150.811309268	1007.89624023	39.5982589722	30.6389656067
150.811309268	1007.89624023	39.5982589722	30.6389656067
150.811309268	1007.89624023	39.5982589722	30.6389656067
150.811309269	1007.89624023	39.5982589722	30.6389656067
150.811309269	1007.89624023	39.5982589722	30.6389656067
150.811309269	1007.89624023	39.5982589722	30.6389656067
150.811309269	1007.89624023	39.5982589722	30.6389656067
150.811309269	1007.89624023	39.5982589722	30.6389656067
150.81130927	1007.89624023	39.5982589722	30.6018409729
150.81130927	1007.89624023	36.8065986633	30.6018409729
150.81130927	1007.89624023	36.8065986633	30.6018409729
150.811309271	1007.89624023	36.8065986633	30.6018409729
150.811309271	1007.89624023	36.8065986633	30.6018409729
150.811309271	1007.89624023	36.8065986633	30.6018409729
150.811309271	1007.8972168	36.8065986633	30.6018409729
150.811309272	1007.8972168	36.8065986633	30.6018409729
150.811309272	1007.8972168	36.8065986633	30.6018409729
150.811309272	1007.8972168	36.8065986633	30.6018409729
150.811309272	1007.8972168	36.8065986633	30.6018409729
150.811309272	1007.8972168	36.8065986633	30.6018409729
150.811309273	1007.8972168	36.8065986633	30.6018409729
150.811309273	1007.8972168	36.8065986633	30.6018409729
150.811309273	1007.8972168	36.8065986633	30.6018409729
150.811309273	1007.8972168	36.8065986633	30.6018409729
150.811309274	1007.8972168	36.8065986633	30.6018409729
150.811309274	1007.8972168	36.8065986633	30.6018409729
150.811309274	1007.8972168	36.8065986633	30.6018409729
150.811309274	1007.8972168	36.8065986633	30.6018409729
150.811309274	1007.8972168	36.8065986633	30.6018409729
150.811309275	1007.8972168	36.8065986633	30.6018409729
150.811309275	1007.89282227	36.8065986633	30.6018409729
150.811309275	1007.89282227	36.8065986633	30.6018409729
150.811309276	1007.89282227	36.8065986633	30.6018409729
150.811309276	1007.89282227	36.8065986633	30.6018409729
150.811309276	1007.89282227	36.8065986633	30.6018409729
150.811309276	1007.89282227	36.8065986633	30.6018409729
150.811309276	1007.89282227	36.8065986633	30.6018409729
150.811309277	1007.89282227	36.8065986633	30.6018409729
150.811309277	1007.89282227	36.8065986633	30.6018409729
150.811309277	1007.89282227	36.8065986633	30.6018409729
150.811309277	1007.89282227	36.8065986633	30.6018409729
150.811309278	1007.89282227	36.8065986633	30.6018409729
150.811309278	1007.89282227	36.8065986633	30.4719009399
150.811309278	1007.89282227	41.9577255249	30.4719009399
150.811309278	1007.89282227	41.9577255249	30.4719009399
150.811309279	1007.89282227	41.9577255249	30.4719009399
150.811309279	1007.89282227	41.9577255249	30.4719009399
150.811309279	1007.89453125	41.9577255249	30.4719009399
150.811309279	1007.89453125	41.9577255249	30.4719009399
150.81130928	1007.89453125	41.9577255249	30.4719009399
150.81130928	1007.89453125	41.9577255249	30.4719009399
150.81130928	1007.89453125	41.9577255249	30.4719009399
150.81130928	1007.89453125	41.9577255249	30.4719009399
150.811309281	1007.89453125	41.9577255249	30.4719009399
150.811309281	1007.89453125	41.9577255249	30.4719009399
150.811309281	1007.89453125	41.9577255249	30.4719009399
150.811309281	1007.89453125	41.9577255249	30.4719009399
150.811309281	1007.89453125	41.9577255249	30.4719009399
150.811309282	1007.89453125	41.9577255249	30.4719009399
150.811309282	1007.89453125	41.9577255249	30.4719009399
150.811309282	1007.89453125	41.9577255249	30.4719009399
150.811309282	1007.89453125	41.9577255249	30.4719009399
150.811309283	1007.89453125	41.9577255249	30.4719009399
150.811309283	1007.89331055	41.9577255249	30.4719009399
150.811309283	1007.89331055	41.9577255249	30.4719009399
150.811309283	1007.89331055	41.9577255249	30.4719009399
150.811309284	1007.89331055	41.9577255249	30.4719009399
150.811309284	1007.89331055	41.9577255249	30.4719009399
150.811309284	1007.89331055	41.9577255249	30.4719009399
150.811309284	1007.89331055	41.9577255249	30.4719009399
150.811309285	1007.89331055	41.9577255249	30.4719009399
150.811309285	1007.89331055	41.9577255249	30.4719009399
150.811309285	1007.89331055	41.9577255249	30.4719009399
150.811309285	1007.89331055	41.9577255249	30.4719009399
150.811309285	1007.89331055	41.9577255249	30.4719009399
150.811309286	1007.89331055	41.9577255249	30.4719009399
150.811309286	1007.89331055	41.9577255249	30.5647144318
150.811309286	1007.89331055	40.1745185852	30.5647144318
150.811309286	1007.89331055	40.1745185852	30.5647144318
150.811309287	1007.89672852	40.1745185852	30.5647144318
150.811309287	1007.89672852	40.1745185852	30.5647144318
150.811309287	1007.89672852	40.1745185852	30.5647144318
150.811309288	1007.89672852	40.1745185852	30.5647144318
150.811309288	1007.89672852	40.1745185852	30.5647144318
150.811309288	1007.89672852	40.1745185852	30.5647144318
150.811309288	1007.89672852	40.1745185852	30.5647144318
150.811309288	1007.89672852	40.1745185852	30.5647144318
150.811309289	1007.89672852	40.1745185852	30.5647144318
150.811309289	1007.89672852	40.1745185852	30.5647144318
150.811309289	1007.89672852	40.1745185852	30.5647144318
150.811309289	1007.89672852	40.1745185852	30.5647144318
150.81130929	1007.89672852	40.1745185852	30.5647144318
150.81130929	1007.89672852	40.1745185852	30.5647144318
150.81130929	1007.89672852	40.1745185852	30.5647144318
150.81130929	1007.89672852	40.1745185852	30.5647144318
150.81130929	1007.89672852	40.1745185852	30.5647144318
150.811309291	1007.89575195	40.1745185852	30.5647144318
150.811309291	1007.89575195	40.1745185852	30.5647144318
150.811309291	1007.89575195	40.1745185852	30.5647144318
150.811309292	1007.89575195	40.1745185852	30.5647144318
150.811309292	1007.89575195	40.1745185852	30.5647144318
150.811309292	1007.89575195	40.1745185852	30.5647144318
150.811309292	1007.89575195	40.1745185852	30.5647144318
150.811309292	1007.89575195	40.1745185852	30.5647144318
150.811309293	1007.89575195	40.1745185852	30.5647144318
150.811309293	1007.89575195	40.1745185852	30.5647144318
150.811309293	1007.89575195	40.1745185852	30.5647144318
150.811309293	1007.89575195	40.1745185852	30.5647144318
150.811309294	1007.89575195	40.1745185852	30.5647144318
150.811309294	1007.89575195	40.1745185852	30.5647144318
150.811309294	1007.89575195	40.1745185852	30.6575279236
150.811309294	1007.89575195	42.6844520569	30.6575279236
150.811309295	1007.89697266	42.6844520569	30.6575279236
150.811309295	1007.89697266	42.6844520569	30.6575279236
150.811309295	1007.89697266	42.6844520569	30.6575279236
150.811309295	1007.89697266	42.6844520569	30.6575279236
150.811309296	1007.89697266	42.6844520569	30.6575279236
150.811309296	1007.89697266	42.6844520569	30.6575279236
150.811309296	1007.89697266	42.6844520569	30.6575279236
150.811309296	1007.89697266	42.6844520569	30.6575279236
150.811309297	1007.89697266	42.6844520569	30.6575279236
150.811309297	1007.89697266	42.6844520569	30.6575279236
150.811309297	1007.89697266	42.6844520569	30.6575279236
150.811309297	1007.89697266	42.6844520569	30.6575279236
150.811309297	1007.89697266	42.6844520569	30.6575279236
150.811309298	1007.89697266	42.6844520569	30.6575279236
150.811309298	1007.89697266	42.6844520569	30.6575279236
150.811309298	1007.89697266	42.6844520569	30.6575279236
150.811309298	1007.89697266	42.6844520569	30.6575279236
150.811309299	1007.89770508	42.6844520569	30.6575279236
150.811309299	1007.89770508	42.6844520569	30.6575279236
150.811309299	1007.89770508	42.6844520569	30.6575279236
150.811309299	1007.89770508	42.6844520569	30.6575279236
150.8113093	1007.89770508	42.6844520569	30.6575279236
150.8113093	1007.89770508	42.6844520569	30.6575279236
150.8113093	1007.89770508	42.6844520569	30.6575279236
150.8113093	1007.89770508	42.6844520569	30.6575279236
150.811309301	1007.89770508	42.6844520569	30.6575279236
150.811309301	1007.89770508	42.6844520569	30.6575279236
150.811309301	1007.89770508	42.6844520569	30.6575279236
150.811309301	1007.89770508	42.6844520569	30.6575279236
150.811309301	1007.89770508	42.6844520569	30.6575279236
150.811309302	1007.89770508	42.6844520569	30.6575279236
150.811309302	1007.89770508	42.6844520569	30.6575279236
150.811309302	1007.89770508	42.6844520569	30.6946525574
150.811309302	1007.89770508	38.8907394409	30.6946525574
150.811309303	1007.89916992	38.8907394409	30.6946525574
150.811309303	1007.89916992	38.8907394409	30.6946525574
150.811309303	1007.89916992	38.8907394409	30.6946525574
150.811309304	1007.89916992	38.8907394409	30.6946525574
150.811309304	1007.89916992	38.8907394409	30.6946525574
150.811309304	1007.89916992	38.8907394409	30.6946525574
150.811309304	1007.89916992	38.8907394409	30.6946525574
150.811309304	1007.89916992	38.8907394409	30.6946525574
150.811309305	1007.89916992	38.8907394409	30.6946525574
150.811309305	1007.89916992	38.8907394409	30.6946525574
150.811309305	1007.89916992	38.8907394409	30.6946525574
150.811309305	1007.89916992	38.8907394409	30.6946525574
150.811309306	1007.89916992	38.8907394409	30.6946525574
150.811309306	1007.89916992	38.8907394409	30.6946525574
150.811309306	1007.89916992	38.8907394409	30.6946525574
150.811309306	1007.89916992	38.8907394409	30.6946525574
150.811309306	1007.90087891	38.8907394409	30.6946525574
150.811309307	1007.90087891	38.8907394409	30.6946525574
150.811309307	1007.90087891	38.8907394409	30.6946525574
150.811309307	1007.90087891	38.8907394409	30.6946525574
150.811309308	1007.90087891	38.8907394409	30.6946525574
150.811309308	1007.90087891	38.8907394409	30.6946525574
150.811309308	1007.90087891	38.8907394409	30.6946525574
150.811309308	1007.90087891	38.8907394409	30.6946525574
150.811309308	1007.90087891	38.8907394409	30.6946525574
150.811309309	1007.90087891	38.8907394409	30.6946525574
150.811309309	1007.90087891	38.8907394409	30.6946525574
150.811309309	1007.90087891	38.8907394409	30.6946525574
150.811309309	1007.90087891	38.8907394409	30.6946525574
150.81130931	1007.90087891	38.8907394409	30.6946525574
150.81130931	1007.90087891	38.8907394409	30.6946525574
150.81130931	1007.90087891	38.8907394409	30.6946525574
150.81130931	1007.90087891	38.8907394409	30.5832767487
150.81130931	1007.89770508	39.6526832581	30.5832767487
150.811309311	1007.89770508	39.6526832581	30.5832767487
150.811309311	1007.89770508	39.6526832581	30.5832767487
150.811309311	1007.89770508	39.6526832581	30.5832767487
150.811309312	1007.89770508	39.6526832581	30.5832767487
150.811309312	1007.89770508	39.6526832581	30.5832767487
150.811309312	1007.89770508	39.6526832581	30.5832767487
150.811309312	1007.89770508	39.6526832581	30.5832767487
150.811309313	1007.89770508	39.6526832581	30.5832767487
150.811309313	1007.89770508	39.6526832581	30.5832767487
150.811309313	1007.89770508	39.6526832581	30.5832767487
150.811309313	1007.89770508	39.6526832581	30.5832767487
150.811309313	1007.89770508	39.6526832581	30.5832767487
150.811309314	1007.89770508	39.6526832581	30.5832767487
150.811309314	1007.89770508	39.6526832581	30.5832767487
150.811309314	1007.89770508	39.6526832581	30.5832767487
150.811309314	1007.89868164	39.6526832581	30.5832767487
150.811309315	1007.89868164	39.6526832581	30.5832767487
150.811309315	1007.89868164	39.6526832581	30.5832767487
150.811309315	1007.89868164	39.6526832581	30.5832767487
150.811309315	1007.89868164	39.6526832581	30.5832767487
150.811309316	1007.89868164	39.6526832581	30.5832767487
150.811309316	1007.89868164	39.6526832581	30.5832767487
150.811309316	1007.89868164	39.6526832581	30.5832767487
150.811309316	1007.89868164	39.6526832581	30.5832767487
150.811309316	1007.89868164	39.6526832581	30.5832767487
150.811309317	1007.89868164	39.6526832581	30.5832767487
150.811309317	1007.89868164	39.6526832581	30.5832767487
150.811309317	1007.89868164	39.6526832581	30.5832767487
150.811309317	1007.89868164	39.6526832581	30.5832767487
150.811309318	1007.89868164	39.6526832581	30.5832767487
150.811309318	1007.89868164	39.6526832581	30.5832767487
150.811309318	1007.89868164	39.6526832581	30.5832767487
150.811309318	1007.9050293	42.9981918335	30.6018409729
150.811309319	1007.9050293	42.9981918335	30.6018409729
150.811309319	1007.9050293	42.9981918335	30.6018409729
150.811309319	1007.9050293	42.9981918335	30.6018409729
150.81130932	1007.9050293	42.9981918335	30.6018409729
150.81130932	1007.9050293	42.9981918335	30.6018409729
150.81130932	1007.9050293	42.9981918335	30.6018409729
150.81130932	1007.9050293	42.9981918335	30.6018409729
150.81130932	1007.9050293	42.9981918335	30.6018409729
150.811309321	1007.9050293	42.9981918335	30.6018409729
150.811309321	1007.9050293	42.9981918335	30.6018409729
150.811309321	1007.9050293	42.9981918335	30.6018409729
150.811309321	1007.9050293	42.9981918335	30.6018409729
150.811309322	1007.9050293	42.9981918335	30.6018409729
150.811309322	1007.9050293	42.9981918335	30.6018409729
150.811309322	1007.9050293	42.9981918335	30.6018409729
150.811309322	1007.90698242	42.9981918335	30.6018409729
150.811309323	1007.90698242	42.9981918335	30.6018409729
150.811309323	1007.90698242	42.9981918335	30.6018409729
150.811309323	1007.90698242	42.9981918335	30.6018409729
150.811309323	1007.90698242	42.9981918335	30.6018409729
150.811309323	1007.90698242	42.9981918335	30.6018409729
150.811309324	1007.90698242	42.9981918335	30.6018409729
150.811309324	1007.90698242	42.9981918335	30.6018409729
150.811309324	1007.90698242	42.9981918335	30.6018409729
150.811309324	1007.90698242	42.9981918335	30.6018409729
150.811309325	1007.90698242	42.9981918335	30.6018409729
150.811309325	1007.90698242	42.9981918335	30.6018409729
150.811309325	1007.90698242	42.9981918335	30.6018409729
150.811309325	1007.90698242	42.9981918335	30.6018409729
150.811309325	1007.90698242	42.9981918335	30.6018409729
150.811309326	1007.90698242	42.9981918335	30.6018409729
150.811309326	1007.90698242	42.9981918335	30.6018409729
150.811309326	1007.90991211	42.9981918335	30.5832767487
150.811309327	1007.90991211	39.3261375427	30.5832767487
150.811309327	1007.90991211	39.3261375427	30.5832767487
150.811309327	1007.90991211	39.3261375427	30.5832767487
150.811309327	1007.90991211	39.3261375427	30.5832767487
150.811309328	1007.90991211	39.3261375427	30.5832767487
150.811309328	1007.90991211	39.3261375427	30.5832767487
150.811309328	1007.90991211	39.3261375427	30.5832767487
150.811309328	1007.90991211	39.3261375427	30.5832767487
150.811309329	1007.90991211	39.3261375427	30.5832767487
150.811309329	1007.90991211	39.3261375427	30.5832767487
150.811309329	1007.90991211	39.3261375427	30.5832767487
150.811309329	1007.90991211	39.3261375427	30.5832767487
150.811309329	1007.90991211	39.3261375427	30.5832767487
150.81130933	1007.90991211	39.3261375427	30.5832767487
150.81130933	1007.90991211	39.3261375427	30.5832767487
150.81130933	1007.90551758	39.3261375427	30.5832767487
150.81130933	1007.90551758	39.3261375427	30.5832767487
150.811309331	1007.90551758	39.3261375427	30.5832767487
150.811309331	1007.90551758	39.3261375427	30.5832767487
150.811309331	1007.90551758	39.3261375427	30.5832767487
150.811309331	1007.90551758	39.3261375427	30.5832767487
150.811309332	1007.90551758	39.3261375427	30.5832767487
150.811309332	1007.90551758	39.3261375427	30.5832767487
150.811309332	1007.90551758	39.3261375427	30.5832767487
150.811309332	1007.90551758	39.3261375427	30.5832767487
150.811309332	1007.90551758	39.3261375427	30.5832767487
150.811309333	1007.90551758	39.3261375427	30.5832767487
150.811309333	1007.90551758	39.3261375427	30.5832767487
150.811309333	1007.90551758	39.3261375427	30.5832767487
150.811309333	1007.90551758	39.3261375427	30.5832767487
150.811309334	1007.90551758	39.3261375427	30.5832767487
150.811309334	1007.90551758	39.3261375427	30.5832767487
150.811309334	1007.90820312	39.3261375427	30.5832767487
150.811309334	1007.90820312	39.3261375427	30.6018409729
150.811309335	1007.90820312	42.9725799561	30.6018409729
150.811309335	1007.90820312	42.9725799561	30.6018409729
150.811309335	1007.90820312	42.9725799561	30.6018409729
150.811309335	1007.90820312	42.9725799561	30.6018409729
150.811309336	1007.90820312	42.9725799561	30.6018409729
150.811309336	1007.90820312	42.9725799561	30.6018409729
150.811309336	1007.90820312	42.9725799561	30.6018409729
150.811309336	1007.90820312	42.9725799561	30.6018409729
150.811309337	1007.90820312	42.9725799561	30.6018409729
150.811309337	1007.90820312	42.9725799561	30.6018409729
150.811309337	1007.90820312	42.9725799561	30.6018409729
150.811309337	1007.90820312	42.9725799561	30.6018409729
150.811309337	1007.90820312	42.9725799561	30.6018409729
150.811309338	1007.90820312	42.9725799561	30.6018409729
150.811309338	1007.91015625	42.9725799561	30.6018409729
150.811309338	1007.91015625	42.9725799561	30.6018409729
150.811309339	1007.91015625	42.9725799561	30.6018409729
150.811309339	1007.91015625	42.9725799561	30.6018409729
150.811309339	1007.91015625	42.9725799561	30.6018409729
150.811309339	1007.91015625	42.9725799561	30.6018409729
150.811309339	1007.91015625	42.9725799561	30.6018409729
150.81130934	1007.91015625	42.9725799561	30.6018409729
150.81130934	1007.91015625	42.9725799561	30.6018409729
150.81130934	1007.91015625	42.9725799561	30.6018409729
150.81130934	1007.91015625	42.9725799561	30.6018409729
150.811309341	1007.91015625	42.9725799561	30.6018409729
150.811309341	1007.91015625	42.9725799561	30.6018409729
150.811309341	1007.91015625	42.9725799561	30.6018409729
150.811309341	1007.91015625	42.9725799561	30.6018409729
150.811309341	1007.91015625	42.9725799561	30.6018409729
150.811309342	1007.91015625	42.9725799561	30.6018409729
150.811309342	1007.90991211	42.9725799561	30.6018409729
150.811309342	1007.90991211	42.9725799561	30.6018409729
150.811309343	1007.90991211	42.9725799561	30.5275878906
150.811309343	1007.90991211	42.4603500366	30.5275878906
150.811309343	1007.90991211	42.4603500366	30.5275878906
150.811309343	1007.90991211	42.4603500366	30.5275878906
150.811309344	1007.90991211	42.4603500366	30.5275878906
150.811309344	1007.90991211	42.4603500366	30.5275878906
150.811309344	1007.90991211	42.4603500366	30.5275878906
150.811309344	1007.90991211	42.4603500366	30.5275878906
150.811309344	1007.90991211	42.4603500366	30.5275878906
150.811309345	1007.90991211	42.4603500366	30.5275878906
150.811309345	1007.90991211	42.4603500366	30.5275878906
150.811309345	1007.90991211	42.4603500366	30.5275878906
150.811309345	1007.90991211	42.4603500366	30.5275878906
150.811309346	1007.90991211	42.4603500366	30.5275878906
150.811309346	1007.90893555	42.4603500366	30.5275878906
150.811309346	1007.90893555	42.4603500366	30.5275878906
150.811309346	1007.90893555	42.4603500366	30.5275878906
150.811309347	1007.90893555	42.4603500366	30.5275878906
150.811309347	1007.90893555	42.4603500366	30.5275878906
150.811309347	1007.90893555	42.4603500366	30.5275878906
150.811309347	1007.90893555	42.4603500366	30.5275878906
150.811309348	1007.90893555	42.4603500366	30.5275878906
150.811309348	1007.90893555	42.4603500366	30.5275878906
150.811309348	1007.90893555	42.4603500366	30.5275878906
150.811309348	1007.90893555	42.4603500366	30.5275878906
150.811309348	1007.90893555	42.4603500366	30.5275878906
150.811309349	1007.90893555	42.4603500366	30.5275878906
150.811309349	1007.90893555	42.4603500366	30.5275878906
150.811309349	1007.90893555	42.4603500366	30.5275878906
150.811309349	1007.90893555	42.4603500366	30.5275878906
150.81130935	1007.90893555	42.4603500366	30.5275878906
150.81130935	1007.91186523	42.4603500366	30.5275878906
150.81130935	1007.91186523	42.4603500366	30.5275878906
150.81130935	1007.91186523	42.4603500366	30.5275878906
150.811309351	1007.91186523	42.4603500366	30.5461521149
150.811309351	1007.91186523	37.6165657043	30.5461521149
150.811309351	1007.91186523	37.6165657043	30.5461521149
150.811309351	1007.91186523	37.6165657043	30.5461521149
150.811309352	1007.91186523	37.6165657043	30.5461521149
150.811309352	1007.91186523	37.6165657043	30.5461521149
150.811309352	1007.91186523	37.6165657043	30.5461521149
150.811309352	1007.91186523	37.6165657043	30.5461521149
150.811309353	1007.91186523	37.6165657043	30.5461521149
150.811309353	1007.91186523	37.6165657043	30.5461521149
150.811309353	1007.91186523	37.6165657043	30.5461521149
150.811309353	1007.91186523	37.6165657043	30.5461521149
150.811309353	1007.91186523	37.6165657043	30.5461521149
150.811309354	1007.91479492	37.6165657043	30.5461521149
150.811309354	1007.91479492	37.6165657043	30.5461521149
150.811309354	1007.91479492	37.6165657043	30.5461521149
150.811309355	1007.91479492	37.6165657043	30.5461521149
150.811309355	1007.91479492	37.6165657043	30.5461521149
150.811309355	1007.91479492	37.6165657043	30.5461521149
150.811309355	1007.91479492	37.6165657043	30.5461521149
150.811309355	1007.91479492	37.6165657043	30.5461521149
150.811309356	1007.91479492	37.6165657043	30.5461521149
150.811309356	1007.91479492	37.6165657043	30.5461521149
150.811309356	1007.91479492	37.6165657043	30.5461521149
150.811309356	1007.91479492	37.6165657043	30.5461521149
150.811309357	1007.91479492	37.6165657043	30.5461521149
150.811309357	1007.91479492	37.6165657043	30.5461521149
150.811309357	1007.91479492	37.6165657043	30.5461521149
150.811309357	1007.91479492	37.6165657043	30.5461521149
150.811309357	1007.91479492	37.6165657043	30.5461521149
150.811309358	1007.91479492	37.6165657043	30.5461521149
150.811309358	1007.91479492	37.6165657043	30.5461521149
150.811309358	1007.91479492	37.6165657043	30.5461521149
150.811309359	1007.91479492	37.6165657043	30.5461521149
150.811309359	1007.91479492	37.6165657043	30.6018409729
150.811309359	1007.91479492	40.520275116	30.6018409729
150.811309359	1007.91479492	40.520275116	30.6018409729
150.81130936	1007.91479492	40.520275116	30.6018409729
150.81130936	1007.91479492	40.520275116	30.6018409729
150.81130936	1007.91479492	40.520275116	30.6018409729
150.81130936	1007.91479492	40.520275116	30.6018409729
150.81130936	1007.91479492	40.520275116	30.6018409729
150.811309361	1007.91479492	40.520275116	30.6018409729
150.811309361	1007.91479492	40.520275116	30.6018409729
150.811309361	1007.91479492	40.520275116	30.6018409729
150.811309361	1007.91479492	40.520275116	30.6018409729
150.811309362	1007.91333008	40.520275116	30.6018409729
150.811309362	1007.91333008	40.520275116	30.6018409729
150.811309362	1007.91333008	40.520275116	30.6018409729
150.811309362	1007.91333008	40.520275116	30.6018409729
150.811309363	1007.91333008	40.520275116	30.6018409729
150.811309363	1007.91333008	40.520275116	30.6018409729
150.811309363	1007.91333008	40.520275116	30.6018409729
150.811309363	1007.91333008	40.520275116	30.6018409729
150.811309364	1007.91333008	40.520275116	30.6018409729
150.811309364	1007.91333008	40.520275116	30.6018409729
150.811309364	1007.91333008	40.520275116	30.6018409729
150.811309364	1007.91333008	40.520275116	30.6018409729
150.811309364	1007.91333008	40.520275116	30.6018409729
150.811309365	1007.91333008	40.520275116	30.6018409729
150.811309365	1007.91333008	40.520275116	30.6018409729
150.811309365	1007.91333008	40.520275116	30.6018409729
150.811309365	1007.91333008	40.520275116	30.6018409729
150.811309366	1007.91235352	40.520275116	30.6018409729
150.811309366	1007.91235352	40.520275116	30.6018409729
150.811309366	1007.91235352	40.520275116	30.6018409729
150.811309366	1007.91235352	40.520275116	30.6018409729
150.811309367	1007.91235352	40.520275116	30.6018409729
150.811309367	1007.91235352	40.520275116	30.5275878906
150.811309367	1007.91235352	40.8852386475	30.5275878906
150.811309367	1007.91235352	40.8852386475	30.5275878906
150.811309368	1007.91235352	40.8852386475	30.5275878906
150.811309368	1007.91235352	40.8852386475	30.5275878906
150.811309368	1007.91235352	40.8852386475	30.5275878906
150.811309368	1007.91235352	40.8852386475	30.5275878906
150.811309369	1007.91235352	40.8852386475	30.5275878906
150.811309369	1007.91235352	40.8852386475	30.5275878906
150.811309369	1007.91235352	40.8852386475	30.5275878906
150.811309369	1007.91235352	40.8852386475	30.5275878906
150.811309369	1007.90893555	40.8852386475	30.5275878906
150.81130937	1007.90893555	40.8852386475	30.5275878906
150.81130937	1007.90893555	40.8852386475	30.5275878906
150.81130937	1007.90893555	40.8852386475	30.5275878906
150.811309371	1007.90893555	40.8852386475	30.5275878906
150.811309371	1007.90893555	40.8852386475	30.5275878906
150.811309371	1007.90893555	40.8852386475	30.5275878906
150.811309371	1007.90893555	40.8852386475	30.5275878906
150.811309371	1007.90893555	40.8852386475	30.5275878906
150.811309372	1007.90893555	40.8852386475	30.5275878906
150.811309372	1007.90893555	40.8852386475	30.5275878906
150.811309372	1007.90893555	40.8852386475	30.5275878906
150.811309372	1007.90893555	40.8852386475	30.5275878906
150.811309373	1007.90893555	40.8852386475	30.5275878906
150.811309373	1007.90893555	40.8852386475	30.5275878906
150.811309373	1007.90893555	40.8852386475	30.5275878906
150.811309373	1007.90893555	40.8852386475	30.5275878906
150.811309373	1007.90869141	40.8852386475	30.5275878906
150.811309374	1007.90869141	40.8852386475	30.5275878906
150.811309374	1007.90869141	40.8852386475	30.5275878906
150.811309374	1007.90869141	40.8852386475	30.5275878906
150.811309374	1007.90869141	40.8852386475	30.5275878906
150.811309375	1007.90869141	40.8852386475	30.5275878906
150.811309375	1007.90869141	40.8852386475	30.5832767487
150.811309375	1007.90869141	40.0720748901	30.5832767487
150.811309376	1007.90869141	40.0720748901	30.5832767487
150.811309376	1007.90869141	40.0720748901	30.5832767487
150.811309376	1007.90869141	40.0720748901	30.5832767487
150.811309376	1007.90869141	40.0720748901	30.5832767487
150.811309376	1007.90869141	40.0720748901	30.5832767487
150.811309377	1007.90869141	40.0720748901	30.5832767487
150.811309377	1007.90869141	40.0720748901	30.5832767487
150.811309377	1007.90869141	40.0720748901	30.5832767487
150.811309377	1007.9128418	40.0720748901	30.5832767487
150.811309378	1007.9128418	40.0720748901	30.5832767487
150.811309378	1007.9128418	40.0720748901	30.5832767487
150.811309378	1007.9128418	40.0720748901	30.5832767487
150.811309378	1007.9128418	40.0720748901	30.5832767487
150.811309379	1007.9128418	40.0720748901	30.5832767487
150.811309379	1007.9128418	40.0720748901	30.5832767487
150.811309379	1007.9128418	40.0720748901	30.5832767487
150.811309379	1007.9128418	40.0720748901	30.5832767487
150.81130938	1007.9128418	40.0720748901	30.5832767487
150.81130938	1007.9128418	40.0720748901	30.5832767487
150.81130938	1007.9128418	40.0720748901	30.5832767487
150.81130938	1007.9128418	40.0720748901	30.5832767487
150.81130938	1007.9128418	40.0720748901	30.5832767487
150.811309381	1007.9128418	40.0720748901	30.5832767487
150.811309381	1007.9128418	40.0720748901	30.5832767487
150.811309381	1007.91210938	40.0720748901	30.5832767487
150.811309381	1007.91210938	40.0720748901	30.5832767487
150.811309382	1007.91210938	40.0720748901	30.5832767487
150.811309382	1007.91210938	40.0720748901	30.5832767487
150.811309382	1007.91210938	40.0720748901	30.5832767487
150.811309382	1007.91210938	40.0720748901	30.5832767487
150.811309383	1007.91210938	40.0720748901	30.5832767487
150.811309383	1007.91210938	40.0720748901	30.5832767487
150.811309383	1007.91210938	40.0720748901	30.6018409729
150.811309383	1007.91210938	40.4658508301	30.6018409729
150.811309384	1007.91210938	40.4658508301	30.6018409729
150.811309384	1007.91210938	40.4658508301	30.6018409729
150.811309384	1007.91210938	40.4658508301	30.6018409729
150.811309384	1007.91210938	40.4658508301	30.6018409729
150.811309385	1007.91210938	40.4658508301	30.6018409729
150.811309385	1007.91210938	40.4658508301	30.6018409729
150.811309385	1007.91210938	40.4658508301	30.6018409729
150.811309385	1007.91235352	40.4658508301	30.6018409729
150.811309386	1007.91235352	40.4658508301	30.6018409729
150.811309386	1007.91235352	40.4658508301	30.6018409729
150.811309386	1007.91235352	40.4658508301	30.6018409729
150.811309386	1007.91235352	40.4658508301	30.6018409729
150.811309386	1007.91235352	40.4658508301	30.6018409729
150.811309387	1007.91235352	40.4658508301	30.6018409729
150.811309387	1007.91235352	40.4658508301	30.6018409729
150.811309387	1007.91235352	40.4658508301	30.6018409729
150.811309387	1007.91235352	40.4658508301	30.6018409729
150.811309388	1007.91235352	40.4658508301	30.6018409729
150.811309388	1007.91235352	40.4658508301	30.6018409729
150.811309388	1007.91235352	40.4658508301	30.6018409729
150.811309388	1007.91235352	40.4658508301	30.6018409729
150.811309388	1007.91235352	40.4658508301	30.6018409729
150.811309389	1007.91235352	40.4658508301	30.6018409729
150.811309389	1007.91210938	40.4658508301	30.6018409729
150.811309389	1007.91210938	40.4658508301	30.6018409729
150.81130939	1007.91210938	40.4658508301	30.6018409729
150.81130939	1007.91210938	40.4658508301	30.6018409729
150.81130939	1007.91210938	40.4658508301	30.6018409729
150.81130939	1007.91210938	40.4658508301	30.6018409729
150.81130939	1007.91210938	40.4658508301	30.6018409729
150.811309391	1007.91210938	40.4658508301	30.6018409729
150.811309391	1007.91210938	40.4658508301	30.6018409729
150.811309391	1007.91210938	40.4658508301	30.6204032898
150.811309392	1007.91210938	41.3814620972	30.6204032898
150.811309392	1007.91210938	41.3814620972	30.6204032898
150.811309392	1007.91210938	41.3814620972	30.6204032898
150.811309392	1007.91210938	41.3814620972	30.6204032898
150.811309392	1007.91210938	41.3814620972	30.6204032898
150.811309393	1007.91210938	41.3814620972	30.6204032898
150.811309393	1007.91113281	41.3814620972	30.6204032898
150.811309393	1007.91113281	41.3814620972	30.6204032898
150.811309393	1007.91113281	41.3814620972	30.6204032898
150.811309394	1007.91113281	41.3814620972	30.6204032898
150.811309394	1007.91113281	41.3814620972	30.6204032898
150.811309394	1007.91113281	41.3814620972	30.6204032898
150.811309394	1007.91113281	41.3814620972	30.6204032898
150.811309395	1007.91113281	41.3814620972	30.6204032898
150.811309395	1007.91113281	41.3814620972	30.6204032898
150.811309395	1007.91113281	41.3814620972	30.6204032898
150.811309395	1007.91113281	41.3814620972	30.6204032898
150.811309395	1007.91113281	41.3814620972	30.6204032898
150.811309396	1007.91113281	41.3814620972	30.6204032898
150.811309396	1007.91113281	41.3814620972	30.6204032898
150.811309396	1007.91113281	41.3814620972	30.6204032898
150.811309396	1007.91113281	41.3814620972	30.6204032898
150.811309397	1007.91113281	41.3814620972	30.6204032898
150.811309397	1007.91064453	41.3814620972	30.6204032898
150.811309397	1007.91064453	41.3814620972	30.6204032898
150.811309397	1007.91064453	41.3814620972	30.6204032898
150.811309398	1007.91064453	41.3814620972	30.6204032898
150.811310433	1009.26928711	37.7542304993	30.2934780121
150.811310437	1009.26928711	37.7542304993	30.2934780121
150.811310437	1009.26928711	37.7542304993	30.2934780121
150.811310437	1009.26928711	37.7542304993	30.2934780121
150.811310437	1009.26928711	37.7542304993	30.2934780121
150.811310438	1009.26513672	37.7542304993	30.2934780121
150.811310438	1009.26513672	37.7542304993	30.2934780121
150.811310438	1009.26513672	37.7542304993	30.2934780121
150.811310438	1009.26513672	37.7542304993	30.2934780121
150.811310439	1009.26513672	37.7542304993	30.2934780121
150.811310439	1009.26513672	37.7542304993	30.2934780121
150.811310439	1009.26513672	37.7542304993	30.2934780121
150.811310439	1009.26513672	37.7542304993	30.2934780121
150.811310439	1009.26513672	37.7542304993	30.2934780121
150.81131044	1009.26513672	37.7542304993	30.2934780121
150.81131044	1009.26513672	37.7542304993	30.2934780121
150.81131044	1009.26513672	37.7542304993	30.2934780121
150.81131044	1009.26513672	37.7542304993	30.2934780121
150.811310441	1009.26513672	37.7542304993	30.2934780121
150.811310441	1009.26513672	37.7542304993	30.2934780121
150.811310441	1009.26513672	37.7542304993	30.1847839355
150.811310441	1009.26318359	38.3237266541	30.1847839355
150.811310442	1009.26318359	38.3237266541	30.1847839355
150.811310442	1009.26318359	38.3237266541	30.1847839355
150.811310442	1009.26318359	38.3237266541	30.1847839355
150.811310442	1009.26318359	38.3237266541	30.1847839355
150.811310443	1009.26318359	38.3237266541	30.1847839355
150.811310443	1009.26318359	38.3237266541	30.1847839355
150.811310443	1009.26318359	38.3237266541	30.1847839355
150.811310443	1009.26318359	38.3237266541	30.1847839355
150.811310444	1009.26318359	38.3237266541	30.1847839355
150.811310444	1009.26318359	38.3237266541	30.1847839355
150.811310444	1009.26318359	38.3237266541	30.1847839355
150.811310444	1009.26318359	38.3237266541	30.1847839355
150.811310444	1009.26318359	38.3237266541	30.1847839355
150.811310445	1009.26318359	38.3237266541	30.1847839355
150.811310445	1009.26318359	38.3237266541	30.1847839355
150.811310445	1009.26318359	38.3237266541	30.1847839355
150.811310445	1009.26318359	38.3237266541	30.1847839355
150.811310446	1009.26416016	38.3237266541	30.1847839355
150.811310446	1009.26416016	38.3237266541	30.1847839355
150.811310446	1009.26416016	38.3237266541	30.1847839355
150.811310446	1009.26416016	38.3237266541	30.1847839355
150.811310447	1009.26416016	38.3237266541	30.1847839355
150.811310447	1009.26416016	38.3237266541	30.1847839355
150.811310447	1009.26416016	38.3237266541	30.1847839355
150.811310447	1009.26416016	38.3237266541	30.1847839355
150.811310448	1009.26416016	38.3237266541	30.1847839355
150.811310448	1009.26416016	38.3237266541	30.1847839355
150.811310448	1009.26416016	38.3237266541	30.1847839355
150.811310448	1009.26416016	38.3237266541	30.1847839355
150.811310448	1009.26416016	38.3237266541	30.1847839355
150.811310449	1009.26416016	38.3237266541	30.1847839355
150.811310449	1009.26416016	38.3237266541	30.1666679382
150.811310449	1009.26416016	38.9259567261	30.1666679382
150.81131045	1009.26147461	38.9259567261	30.1666679382
150.81131045	1009.26147461	38.9259567261	30.1666679382
150.81131045	1009.26147461	38.9259567261	30.1666679382
150.81131045	1009.26147461	38.9259567261	30.1666679382
150.811310451	1009.26147461	38.9259567261	30.1666679382
150.811310451	1009.26147461	38.9259567261	30.1666679382
150.811310451	1009.26147461	38.9259567261	30.1666679382
150.811310451	1009.26147461	38.9259567261	30.1666679382
150.811310451	1009.26147461	38.9259567261	30.1666679382
150.811310452	1009.26147461	38.9259567261	30.1666679382
150.811310452	1009.26147461	38.9259567261	30.1666679382
150.811310452	1009.26147461	38.9259567261	30.1666679382
150.811310452	1009.26147461	38.9259567261	30.1666679382
150.811310453	1009.26147461	38.9259567261	30.1666679382
150.811310453	1009.26147461	38.9259567261	30.1666679382
150.811310453	1009.26147461	38.9259567261	30.1666679382
150.811310453	1009.26147461	38.9259567261	30.1666679382
150.811310454	1009.26147461	38.9259567261	30.1666679382
150.811310454	1009.25732422	38.9259567261	30.1666679382
150.811310454	1009.25732422	38.9259567261	30.1666679382
150.811310454	1009.25732422	38.9259567261	30.1666679382
150.811310455	1009.25732422	38.9259567261	30.1666679382
150.811310455	1009.25732422	38.9259567261	30.1666679382
150.811310455	1009.25732422	38.9259567261	30.1666679382
150.811310455	1009.25732422	38.9259567261	30.1666679382
150.811310455	1009.25732422	38.9259567261	30.1666679382
150.811310456	1009.25732422	38.9259567261	30.1666679382
150.811310456	1009.25732422	38.9259567261	30.1666679382
150.811310456	1009.25732422	38.9259567261	30.1666679382
150.811310456	1009.25732422	38.9259567261	30.1666679382
150.811310457	1009.25732422	38.9259567261	30.1666679382
150.811310457	1009.25732422	38.9259567261	30.2572460175
150.811310457	1009.25732422	38.1731719971	30.2572460175
150.811310457	1009.25732422	38.1731719971	30.2572460175
150.811310458	1009.26000977	38.1731719971	30.2572460175
150.811310458	1009.26000977	38.1731719971	30.2572460175
150.811310458	1009.26000977	38.1731719971	30.2572460175
150.811310459	1009.26000977	38.1731719971	30.2572460175
150.811310459	1009.26000977	38.1731719971	30.2572460175
150.811310459	1009.26000977	38.1731719971	30.2572460175
150.811310459	1009.26000977	38.1731719971	30.2572460175
150.811310459	1009.26000977	38.1731719971	30.2572460175
150.81131046	1009.26000977	38.1731719971	30.2572460175
150.81131046	1009.26000977	38.1731719971	30.2572460175
150.81131046	1009.26000977	38.1731719971	30.2572460175
150.81131046	1009.26000977	38.1731719971	30.2572460175
150.811310461	1009.26000977	38.1731719971	30.2572460175
150.811310461	1009.26000977	38.1731719971	30.2572460175
150.811310461	1009.26000977	38.1731719971	30.2572460175
150.811310461	1009.26000977	38.1731719971	30.2572460175
150.811310461	1009.26000977	38.1731719971	30.2572460175
150.811310462	1009.26000977	38.1731719971	30.2572460175
150.811310462	1009.25366211	38.1731719971	30.2572460175
150.811310462	1009.25366211	38.1731719971	30.2572460175
150.811310463	1009.25366211	38.1731719971	30.2572460175
150.811310463	1009.25366211	38.1731719971	30.2572460175
150.811310463	1009.25366211	38.1731719971	30.2572460175
150.811310463	1009.25366211	38.1731719971	30.2572460175
150.811310463	1009.25366211	38.1731719971	30.2572460175
150.811310464	1009.25366211	38.1731719971	30.2572460175
150.811310464	1009.25366211	38.1731719971	30.2572460175
150.811310464	1009.25366211	38.1731719971	30.2572460175
150.811310464	1009.25366211	38.1731719971	30.2572460175
150.811310464	1009.25366211	38.1731719971	30.2572460175
150.811310465	1009.25366211	38.1731719971	30.2934780121
150.811310465	1009.25366211	41.8389015198	30.2934780121
150.811310465	1009.25366211	41.8389015198	30.2934780121
150.811310466	1009.25366211	41.8389015198	30.2934780121
150.811310466	1009.25	41.8389015198	30.2934780121
150.811310466	1009.25	41.8389015198	30.2934780121
150.811310466	1009.25	41.8389015198	30.2934780121
150.811310467	1009.25	41.8389015198	30.2934780121
150.811310467	1009.25	41.8389015198	30.2934780121
150.811310467	1009.25	41.8389015198	30.2934780121
150.811310467	1009.25	41.8389015198	30.2934780121
150.811310468	1009.25	41.8389015198	30.2934780121
150.811310468	1009.25	41.8389015198	30.2934780121
150.811310468	1009.25	41.8389015198	30.2934780121
150.811310468	1009.25	41.8389015198	30.2934780121
150.811310468	1009.25	41.8389015198	30.2934780121
150.811310469	1009.25	41.8389015198	30.2934780121
150.811310469	1009.25	41.8389015198	30.2934780121
150.811310469	1009.25	41.8389015198	30.2934780121
150.811310469	1009.25	41.8389015198	30.2934780121
150.81131047	1009.25	41.8389015198	30.2934780121
150.81131047	1009.25463867	41.8389015198	30.2934780121
150.81131047	1009.25463867	41.8389015198	30.2934780121
150.81131047	1009.25463867	41.8389015198	30.2934780121
150.811310471	1009.25463867	41.8389015198	30.2934780121
150.811310471	1009.25463867	41.8389015198	30.2934780121
150.811310471	1009.25463867	41.8389015198	30.2934780121
150.811310471	1009.25463867	41.8389015198	30.2934780121
150.811310472	1009.25463867	41.8389015198	30.2934780121
150.811310472	1009.25463867	41.8389015198	30.2934780121
150.811310472	1009.25463867	41.8389015198	30.2934780121
150.811310472	1009.25463867	41.8389015198	30.2934780121
150.811310472	1009.25463867	41.8389015198	30.2934780121
150.811310473	1009.25463867	41.8389015198	30.2028999329
150.811310473	1009.25463867	41.0010223389	30.2028999329
150.811310473	1009.25463867	41.0010223389	30.2028999329
150.811310474	1009.25463867	41.0010223389	30.2028999329
150.811310474	1009.25463867	41.0010223389	30.2028999329
150.811310474	1009.25463867	41.0010223389	30.2028999329
150.811310474	1009.25463867	41.0010223389	30.2028999329
150.811310475	1009.25463867	41.0010223389	30.2028999329
150.811310475	1009.25463867	41.0010223389	30.2028999329
150.811310475	1009.25463867	41.0010223389	30.2028999329
150.811310475	1009.25463867	41.0010223389	30.2028999329
150.811310475	1009.25463867	41.0010223389	30.2028999329
150.811310476	1009.25463867	41.0010223389	30.2028999329
150.811310476	1009.25463867	41.0010223389	30.2028999329
150.811310476	1009.25463867	41.0010223389	30.2028999329
150.811310476	1009.25463867	41.0010223389	30.2028999329
150.811310477	1009.25463867	41.0010223389	30.2028999329
150.811310477	1009.25463867	41.0010223389	30.2028999329
150.811310477	1009.25463867	41.0010223389	30.2028999329
150.811310477	1009.25463867	41.0010223389	30.2028999329
150.811310477	1009.25463867	41.0010223389	30.2028999329
150.811310478	1009.25463867	41.0010223389	30.2028999329
150.811310478	1009.25170898	41.0010223389	30.2028999329
150.811310478	1009.25170898	41.0010223389	30.2028999329
150.811310479	1009.25170898	41.0010223389	30.2028999329
150.811310479	1009.25170898	41.0010223389	30.2028999329
150.811310479	1009.25170898	41.0010223389	30.2028999329
150.811310479	1009.25170898	41.0010223389	30.2028999329
150.811310479	1009.25170898	41.0010223389	30.2028999329
150.81131048	1009.25170898	41.0010223389	30.2028999329
150.81131048	1009.25170898	41.0010223389	30.2028999329
150.81131048	1009.25170898	41.0010223389	30.2028999329
150.81131048	1009.25170898	41.0010223389	30.2028999329
150.811310481	1009.25170898	41.0010223389	30.2028999329
150.811310481	1009.25170898	38.873588562	30.2028999329
150.811310481	1009.25170898	38.873588562	30.2028999329
150.811310481	1009.25170898	38.873588562	30.2028999329
150.811310482	1009.25170898	38.873588562	30.2028999329
150.811310482	1009.25170898	38.873588562	30.2028999329
150.811310482	1009.25219727	38.873588562	30.2028999329
150.811310483	1009.25219727	38.873588562	30.2028999329
150.811310483	1009.25219727	38.873588562	30.2028999329
150.811310483	1009.25219727	38.873588562	30.2028999329
150.811310483	1009.25219727	38.873588562	30.2028999329
150.811310483	1009.25219727	38.873588562	30.2028999329
150.811310484	1009.25219727	38.873588562	30.2028999329
150.811310484	1009.25219727	38.873588562	30.2028999329
150.811310484	1009.25219727	38.873588562	30.2028999329
150.811310484	1009.25219727	38.873588562	30.2028999329
150.811310485	1009.25219727	38.873588562	30.2028999329
150.811310485	1009.25219727	38.873588562	30.2028999329
150.811310485	1009.25219727	38.873588562	30.2028999329
150.811310485	1009.25219727	38.873588562	30.2028999329
150.811310485	1009.25219727	38.873588562	30.2028999329
150.811310486	1009.25219727	38.873588562	30.2028999329
150.811310486	1009.25219727	38.873588562	30.2028999329
150.811310486	1009.25341797	38.873588562	30.2028999329
150.811310486	1009.25341797	38.873588562	30.2028999329
150.811310487	1009.25341797	38.873588562	30.2028999329
150.811310487	1009.25341797	38.873588562	30.2028999329
150.811310487	1009.25341797	38.873588562	30.2028999329
150.811310487	1009.25341797	38.873588562	30.2028999329
150.811310488	1009.25341797	38.873588562	30.2028999329
150.811310488	1009.25341797	38.873588562	30.2028999329
150.811310488	1009.25341797	38.873588562	30.2028999329
150.811310488	1009.25341797	38.873588562	30.2028999329
150.811310488	1009.25341797	38.873588562	30.1666679382
150.811310489	1009.25341797	40.5526237488	30.1666679382
150.811310489	1009.25341797	40.5526237488	30.1666679382
150.811310489	1009.25341797	40.5526237488	30.1666679382
150.81131049	1009.25341797	40.5526237488	30.1666679382
150.81131049	1009.25341797	40.5526237488	30.1666679382
150.81131049	1009.25878906	40.5526237488	30.1666679382
150.81131049	1009.25878906	40.5526237488	30.1666679382
150.811310491	1009.25878906	40.5526237488	30.1666679382
150.811310491	1009.25878906	40.5526237488	30.1666679382
150.811310491	1009.25878906	40.5526237488	30.1666679382
150.811310491	1009.25878906	40.5526237488	30.1666679382
150.811310492	1009.25878906	40.5526237488	30.1666679382
150.811310492	1009.25878906	40.5526237488	30.1666679382
150.811310492	1009.25878906	40.5526237488	30.1666679382
150.811310492	1009.25878906	40.5526237488	30.1666679382
150.811310492	1009.25878906	40.5526237488	30.1666679382
150.811310493	1009.25878906	40.5526237488	30.1666679382
150.811310493	1009.25878906	40.5526237488	30.1666679382
150.811310493	1009.25878906	40.5526237488	30.1666679382
150.811310493	1009.25878906	40.5526237488	30.1666679382
150.811310494	1009.25878906	40.5526237488	30.1666679382
150.811310494	1009.25878906	40.5526237488	30.1666679382
150.811310494	1009.25878906	40.5526237488	30.1666679382
150.811310494	1009.26269531	40.5526237488	30.1666679382
150.811310495	1009.26269531	40.5526237488	30.1666679382
150.811310495	1009.26269531	40.5526237488	30.1666679382
150.811310495	1009.26269531	40.5526237488	30.1666679382
150.811310495	1009.26269531	40.5526237488	30.1666679382
150.811310496	1009.26269531	40.5526237488	30.1666679382
150.811310496	1009.26269531	40.5526237488	30.1666679382
150.811310496	1009.26269531	40.5526237488	30.1666679382
150.811310496	1009.26269531	40.5526237488	30.1666679382
150.811310496	1009.26269531	40.5526237488	30.2753620148
150.811310497	1009.26269531	39.763835907	30.2753620148
150.811310497	1009.26269531	39.763835907	30.2753620148
150.811310497	1009.26269531	39.763835907	30.2753620148
150.811310497	1009.26269531	39.763835907	30.2753620148
150.811310498	1009.26269531	39.763835907	30.2753620148
150.811310498	1009.26269531	39.763835907	30.2753620148
150.811310498	1009.25952148	39.763835907	30.2753620148
150.811310499	1009.25952148	39.763835907	30.2753620148
150.811310499	1009.25952148	39.763835907	30.2753620148
150.811310499	1009.25952148	39.763835907	30.2753620148
150.811310499	1009.25952148	39.763835907	30.2753620148
150.811310499	1009.25952148	39.763835907	30.2753620148
150.8113105	1009.25952148	39.763835907	30.2753620148
150.8113105	1009.25952148	39.763835907	30.2753620148
150.8113105	1009.25952148	39.763835907	30.2753620148
150.8113105	1009.25952148	39.763835907	30.2753620148
150.811310501	1009.25952148	39.763835907	30.2753620148
150.811310501	1009.25952148	39.763835907	30.2753620148
150.811310501	1009.25952148	39.763835907	30.2753620148
150.811310501	1009.25952148	39.763835907	30.2753620148
150.811310501	1009.25952148	39.763835907	30.2753620148
150.811310502	1009.25952148	39.763835907	30.2753620148
150.811310502	1009.25952148	39.763835907	30.2753620148
150.811310502	1009.25952148	39.763835907	30.2753620148
150.811310502	1009.26269531	39.763835907	30.2753620148
150.811310503	1009.26269531	39.763835907	30.2753620148
150.811310503	1009.26269531	39.763835907	30.2753620148
150.811310503	1009.26269531	39.763835907	30.2753620148
150.811310503	1009.26269531	39.763835907	30.2753620148
150.811310504	1009.26269531	39.763835907	30.2753620148
150.811310504	1009.26269531	39.763835907	30.2753620148
150.811310504	1009.26269531	39.763835907	30.2753620148
150.811310504	1009.26269531	39.763835907	30.2028999329
150.811310505	1009.26269531	39.9045753479	30.2028999329
150.811310505	1009.26269531	39.9045753479	30.2028999329
150.811310505	1009.26269531	39.9045753479	30.2028999329
150.811310505	1009.26269531	39.9045753479	30.2028999329
150.811310506	1009.26269531	39.9045753479	30.2028999329
150.811310506	1009.26269531	39.9045753479	30.2028999329
150.811310506	1009.26269531	39.9045753479	30.2028999329
150.811310506	1009.26196289	39.9045753479	30.2028999329
150.811310507	1009.26196289	39.9045753479	30.2028999329
150.811310507	1009.26196289	39.9045753479	30.2028999329
150.811310507	1009.26196289	39.9045753479	30.2028999329
150.811310507	1009.26196289	39.9045753479	30.2028999329
150.811310508	1009.26196289	39.9045753479	30.2028999329
150.811310508	1009.26196289	39.9045753479	30.2028999329
150.811310508	1009.26196289	39.9045753479	30.2028999329
150.811310508	1009.26196289	39.9045753479	30.2028999329
150.811310508	1009.26196289	39.9045753479	30.2028999329
150.811310509	1009.26196289	39.9045753479	30.2028999329
150.811310509	1009.26196289	39.9045753479	30.2028999329
150.811310509	1009.26196289	39.9045753479	30.2028999329
150.811310509	1009.26196289	39.9045753479	30.2028999329
150.81131051	1009.26196289	39.9045753479	30.2028999329
150.81131051	1009.26196289	39.9045753479	30.2028999329
150.81131051	1009.26196289	39.9045753479	30.2028999329
150.81131051	1009.26318359	39.9045753479	30.2028999329
150.811310511	1009.26318359	39.9045753479	30.2028999329
150.811310511	1009.26318359	39.9045753479	30.2028999329
150.811310511	1009.26318359	39.9045753479	30.2028999329
150.811310511	1009.26318359	39.9045753479	30.2028999329
150.811310512	1009.26318359	39.9045753479	30.2028999329
150.811310512	1009.26318359	39.9045753479	30.2028999329
150.811310512	1009.26318359	39.9045753479	30.2028999329
150.811310512	1009.26318359	39.9045753479	30.2028999329
150.811310513	1009.26318359	40.88646698	30.2028999329
150.811310513	1009.26318359	40.88646698	30.2028999329
150.811310513	1009.26318359	40.88646698	30.2028999329
150.811310513	1009.26318359	40.88646698	30.2028999329
150.811310513	1009.26318359	40.88646698	30.2028999329
150.811310514	1009.26318359	40.88646698	30.2028999329
150.811310514	1009.26318359	40.88646698	30.2028999329
150.811310514	1009.26318359	40.88646698	30.2028999329
150.811310514	1009.26635742	40.88646698	30.2028999329
150.811310515	1009.26635742	40.88646698	30.2028999329
150.811310515	1009.26635742	40.88646698	30.2028999329
150.811310515	1009.26635742	40.88646698	30.2028999329
150.811310515	1009.26635742	40.88646698	30.2028999329
150.811310516	1009.26635742	40.88646698	30.2028999329
150.811310516	1009.26635742	40.88646698	30.2028999329
150.811310516	1009.26635742	40.88646698	30.2028999329
150.811310516	1009.26635742	40.88646698	30.2028999329
150.811310517	1009.26635742	40.88646698	30.2028999329
150.811310517	1009.26635742	40.88646698	30.2028999329
150.811310517	1009.26635742	40.88646698	30.2028999329
150.811310517	1009.26635742	40.88646698	30.2028999329
150.811310517	1009.26635742	40.88646698	30.2028999329
150.811310518	1009.26635742	40.88646698	30.2028999329
150.811310518	1009.26635742	40.88646698	30.2028999329
150.811310518	1009.26635742	40.88646698	30.2028999329
150.811310518	1009.27636719	40.88646698	30.2028999329
150.811310519	1009.27636719	40.88646698	30.2028999329
150.811310519	1009.27636719	40.88646698	30.2028999329
150.811310519	1009.27636719	40.88646698	30.2028999329
150.811310519	1009.27636719	40.88646698	30.2028999329
150.81131052	1009.27636719	40.88646698	30.2028999329
150.81131052	1009.27636719	40.88646698	30.2028999329
150.81131052	1009.27636719	40.88646698	30.2028999329
150.81131052	1009.27636719	40.0485839844	30.2028999329
150.811310521	1009.27636719	40.0485839844	30.2028999329
150.811310521	1009.27636719	40.0485839844	30.2028999329
150.811310521	1009.27636719	40.0485839844	30.2028999329
150.811310521	1009.27636719	40.0485839844	30.2028999329
150.811310522	1009.27636719	40.0485839844	30.2028999329
150.811310522	1009.27636719	40.0485839844	30.2028999329
150.811310522	1009.27636719	40.0485839844	30.2028999329
150.811310522	1009.27636719	40.0485839844	30.2028999329
150.811310522	1009.27392578	40.0485839844	30.2028999329
150.811310523	1009.27392578	40.0485839844	30.2028999329
150.811310523	1009.27392578	40.0485839844	30.2028999329
150.811310523	1009.27392578	40.0485839844	30.2028999329
150.811310524	1009.27392578	40.0485839844	30.2028999329
150.811310524	1009.27392578	40.0485839844	30.2028999329
150.811310524	1009.27392578	40.0485839844	30.2028999329
150.811310524	1009.27392578	40.0485839844	30.2028999329
150.811310524	1009.27392578	40.0485839844	30.2028999329
150.811310525	1009.27392578	40.0485839844	30.2028999329
150.811310525	1009.27392578	40.0485839844	30.2028999329
150.811310525	1009.27392578	40.0485839844	30.2028999329
150.811310525	1009.27392578	40.0485839844	30.2028999329
150.811310526	1009.27392578	40.0485839844	30.2028999329
150.811310526	1009.27392578	40.0485839844	30.2028999329
150.811310526	1009.27392578	40.0485839844	30.2028999329
150.811310526	1009.27392578	40.0485839844	30.2028999329
150.811310526	1009.27612305	40.0485839844	30.2028999329
150.811310527	1009.27612305	40.0485839844	30.2028999329
150.811310527	1009.27612305	40.0485839844	30.2028999329
150.811310527	1009.27612305	40.0485839844	30.2028999329
150.811310528	1009.27612305	40.0485839844	30.2028999329
150.811310528	1009.27612305	40.0485839844	30.2028999329
150.811310528	1009.27612305	40.0485839844	30.2572460175
150.811310528	1009.27612305	41.6196136475	30.2572460175
150.811310529	1009.27612305	41.6196136475	30.2572460175
150.811310529	1009.27612305	41.6196136475	30.2572460175
150.811310529	1009.27612305	41.6196136475	30.2572460175
150.811310529	1009.27612305	41.6196136475	30.2572460175
150.811310529	1009.27612305	41.6196136475	30.2572460175
150.81131053	1009.27612305	41.6196136475	30.2572460175
150.81131053	1009.27612305	41.6196136475	30.2572460175
150.81131053	1009.27612305	41.6196136475	30.2572460175
150.81131053	1009.27612305	41.6196136475	30.2572460175
150.811310531	1009.27807617	41.6196136475	30.2572460175
150.811310531	1009.27807617	41.6196136475	30.2572460175
150.811310531	1009.27807617	41.6196136475	30.2572460175
150.811310531	1009.27807617	41.6196136475	30.2572460175
150.811310532	1009.27807617	41.6196136475	30.2572460175
150.811310532	1009.27807617	41.6196136475	30.2572460175
150.811310532	1009.27807617	41.6196136475	30.2572460175
150.811310532	1009.27807617	41.6196136475	30.2572460175
150.811310533	1009.27807617	41.6196136475	30.2572460175
150.811310533	1009.27807617	41.6196136475	30.2572460175
150.811310533	1009.27807617	41.6196136475	30.2572460175
150.811310533	1009.27807617	41.6196136475	30.2572460175
150.811310533	1009.27807617	41.6196136475	30.2572460175
150.811310534	1009.27807617	41.6196136475	30.2572460175
150.811310534	1009.27807617	41.6196136475	30.2572460175
150.811310534	1009.27807617	41.6196136475	30.2572460175
150.811310534	1009.27807617	41.6196136475	30.2572460175
150.811310535	1009.28149414	41.6196136475	30.2572460175
150.811310535	1009.28149414	41.6196136475	30.2572460175
150.811310535	1009.28149414	41.6196136475	30.2572460175
150.811310535	1009.28149414	41.6196136475	30.2572460175
150.811310536	1009.28149414	41.6196136475	30.2572460175
150.811310536	1009.28149414	41.6196136475	30.2572460175
150.811310536	1009.28149414	40.7784576416	30.2572460175
150.811310536	1009.28149414	40.7784576416	30.2572460175
150.811310537	1009.28149414	40.7784576416	30.2572460175
150.811310537	1009.28149414	40.7784576416	30.2572460175
150.811310537	1009.28149414	40.7784576416	30.2572460175
150.811310537	1009.28149414	40.7784576416	30.2572460175
150.811310538	1009.28149414	40.7784576416	30.2572460175
150.811310538	1009.28149414	40.7784576416	30.2572460175
150.811310538	1009.28149414	40.7784576416	30.2572460175
150.811310538	1009.28149414	40.7784576416	30.2572460175
150.811310538	1009.28149414	40.7784576416	30.2572460175
150.811310539	1009.27783203	40.7784576416	30.2572460175
150.811310539	1009.27783203	40.7784576416	30.2572460175
150.811310539	1009.27783203	40.7784576416	30.2572460175
150.81131054	1009.27783203	40.7784576416	30.2572460175
150.81131054	1009.27783203	40.7784576416	30.2572460175
150.81131054	1009.27783203	40.7784576416	30.2572460175
150.81131054	1009.27783203	40.7784576416	30.2572460175
150.81131054	1009.27783203	40.7784576416	30.2572460175
150.811310541	1009.27783203	40.7784576416	30.2572460175
150.811310541	1009.27783203	40.7784576416	30.2572460175
150.811310541	1009.27783203	40.7784576416	30.2572460175
150.811310541	1009.27783203	40.7784576416	30.2572460175
150.811310542	1009.27783203	40.7784576416	30.2572460175
150.811310542	1009.27783203	40.7784576416	30.2572460175
150.811310542	1009.27783203	40.7784576416	30.2572460175
150.811310542	1009.27783203	40.7784576416	30.2572460175
150.811310542	1009.27783203	40.7784576416	30.2572460175
150.811310543	1009.28222656	40.7784576416	30.2572460175
150.811310543	1009.28222656	40.7784576416	30.2572460175
150.811310543	1009.28222656	40.7784576416	30.2572460175
150.811310544	1009.28222656	40.7784576416	30.2572460175
150.811310544	1009.28222656	40.7784576416	30.2391319275
150.811310544	1009.28222656	41.6359786987	30.2391319275
150.811310544	1009.28222656	41.6359786987	30.2391319275
150.811310545	1009.28222656	41.6359786987	30.2391319275
150.811310545	1009.28222656	41.6359786987	30.2391319275
150.811310545	1009.28222656	41.6359786987	30.2391319275
150.811310545	1009.28222656	41.6359786987	30.2391319275
150.811310545	1009.28222656	41.6359786987	30.2391319275
150.811310546	1009.28222656	41.6359786987	30.2391319275
150.811310546	1009.28222656	41.6359786987	30.2391319275
150.811310546	1009.28222656	41.6359786987	30.2391319275
150.811310546	1009.28222656	41.6359786987	30.2391319275
150.811310547	1009.28222656	41.6359786987	30.2391319275
150.811310547	1009.28564453	41.6359786987	30.2391319275
150.811310547	1009.28564453	41.6359786987	30.2391319275
150.811310547	1009.28564453	41.6359786987	30.2391319275
150.811310548	1009.28564453	41.6359786987	30.2391319275
150.811310548	1009.28564453	41.6359786987	30.2391319275
150.811310548	1009.28564453	41.6359786987	30.2391319275
150.811310548	1009.28564453	41.6359786987	30.2391319275
150.811310549	1009.28564453	41.6359786987	30.2391319275
150.811310549	1009.28564453	41.6359786987	30.2391319275
150.811310549	1009.28564453	41.6359786987	30.2391319275
150.811310549	1009.28564453	41.6359786987	30.2391319275
150.811310549	1009.28564453	41.6359786987	30.2391319275
150.81131055	1009.28564453	41.6359786987	30.2391319275
150.81131055	1009.28564453	41.6359786987	30.2391319275
150.81131055	1009.28564453	41.6359786987	30.2391319275
150.81131055	1009.28564453	41.6359786987	30.2391319275
150.811310551	1009.28564453	41.6359786987	30.2391319275
150.811310551	1009.29101562	41.6359786987	30.2391319275
150.811310551	1009.29101562	41.6359786987	30.2391319275
150.811310551	1009.29101562	41.6359786987	30.2391319275
150.811310552	1009.29101562	41.6359786987	30.2572460175
150.811310552	1009.29101562	41.6359786987	30.2572460175
150.811310552	1009.29101562	41.8912696838	30.2572460175
150.811310552	1009.29101562	41.8912696838	30.2572460175
150.811310553	1009.29101562	41.8912696838	30.2572460175
150.811310553	1009.29101562	41.8912696838	30.2572460175
150.811310553	1009.29101562	41.8912696838	30.2572460175
150.811310553	1009.29101562	41.8912696838	30.2572460175
150.811310554	1009.29101562	41.8912696838	30.2572460175
150.811310554	1009.29101562	41.8912696838	30.2572460175
150.811310554	1009.29101562	41.8912696838	30.2572460175
150.811310554	1009.29101562	41.8912696838	30.2572460175
150.811310554	1009.29101562	41.8912696838	30.2572460175
150.811310555	1009.29101562	41.8912696838	30.2572460175
150.811310555	1009.29370117	41.8912696838	30.2572460175
150.811310555	1009.29370117	41.8912696838	30.2572460175
150.811310556	1009.29370117	41.8912696838	30.2572460175
150.811310556	1009.29370117	41.8912696838	30.2572460175
150.811310556	1009.29370117	41.8912696838	30.2572460175
150.811310556	1009.29370117	41.8912696838	30.2572460175
150.811310556	1009.29370117	41.8912696838	30.2572460175
150.811310557	1009.29370117	41.8912696838	30.2572460175
150.811310557	1009.29370117	41.8912696838	30.2572460175
150.811310557	1009.29370117	41.8912696838	30.2572460175
150.811310557	1009.29370117	41.8912696838	30.2572460175
150.811310558	1009.29370117	41.8912696838	30.2572460175
150.811310558	1009.29370117	41.8912696838	30.2572460175
150.811310558	1009.29370117	41.8912696838	30.2572460175
150.811310558	1009.29370117	41.8912696838	30.2572460175
150.811310558	1009.29370117	41.8912696838	30.2572460175
150.811310559	1009.29370117	41.8912696838	30.2572460175
150.811310559	1009.29321289	41.8912696838	30.2572460175
150.811310559	1009.29321289	41.8912696838	30.2572460175
150.81131056	1009.29321289	41.8912696838	30.2572460175
150.81131056	1009.29321289	41.8912696838	30.2028999329
150.81131056	1009.29321289	40.2155075073	30.2028999329
150.81131056	1009.29321289	40.2155075073	30.2028999329
150.811310561	1009.29321289	40.2155075073	30.2028999329
150.811310561	1009.29321289	40.2155075073	30.2028999329
150.811310561	1009.29321289	40.2155075073	30.2028999329
150.811310561	1009.29321289	40.2155075073	30.2028999329
150.811310561	1009.29321289	40.2155075073	30.2028999329
150.811310562	1009.29321289	40.2155075073	30.2028999329
150.811310562	1009.29321289	40.2155075073	30.2028999329
150.811310562	1009.29321289	40.2155075073	30.2028999329
150.811310562	1009.29321289	40.2155075073	30.2028999329
150.811310563	1009.29321289	40.2155075073	30.2028999329
150.811310563	1009.29321289	40.2155075073	30.2028999329
150.811310563	1009.29418945	40.2155075073	30.2028999329
150.811310563	1009.29418945	40.2155075073	30.2028999329
150.811310564	1009.29418945	40.2155075073	30.2028999329
150.811310564	1009.29418945	40.2155075073	30.2028999329
150.811310564	1009.29418945	40.2155075073	30.2028999329
150.811310564	1009.29418945	40.2155075073	30.2028999329
150.811310565	1009.29418945	40.2155075073	30.2028999329
150.811310565	1009.29418945	40.2155075073	30.2028999329
150.811310565	1009.29418945	40.2155075073	30.2028999329
150.811310565	1009.29418945	40.2155075073	30.2028999329
150.811310565	1009.29418945	40.2155075073	30.2028999329
150.811310566	1009.29418945	40.2155075073	30.2028999329
150.811310566	1009.29418945	40.2155075073	30.2028999329
150.811310566	1009.29418945	40.2155075073	30.2028999329
150.811310566	1009.29418945	40.2155075073	30.2028999329
150.811310567	1009.29418945	40.2155075073	30.2028999329
150.811310567	1009.29418945	40.2155075073	30.2028999329
150.811310567	1009.29101562	40.2155075073	30.2028999329
150.811310567	1009.29101562	40.2155075073	30.2028999329
150.811310568	1009.29101562	40.2155075073	30.2572460175
150.811310568	1009.29101562	39.4463577271	30.2572460175
150.811310568	1009.29101562	39.4463577271	30.2572460175
150.811310568	1009.29101562	39.4463577271	30.2572460175
150.811310569	1009.29101562	39.4463577271	30.2572460175
150.811310569	1009.29101562	39.4463577271	30.2572460175
150.811310569	1009.29101562	39.4463577271	30.2572460175
150.811310569	1009.29101562	39.4463577271	30.2572460175
150.81131057	1009.29101562	39.4463577271	30.2572460175
150.81131057	1009.29101562	39.4463577271	30.2572460175
150.81131057	1009.29101562	39.4463577271	30.2572460175
150.81131057	1009.29101562	39.4463577271	30.2572460175
150.81131057	1009.29101562	39.4463577271	30.2572460175
150.811310571	1009.29101562	39.4463577271	30.2572460175
150.811310571	1009.29101562	39.4463577271	30.2572460175
150.811310571	1009.29052734	39.4463577271	30.2572460175
150.811310572	1009.29052734	39.4463577271	30.2572460175
150.811310572	1009.29052734	39.4463577271	30.2572460175
150.811310572	1009.29052734	39.4463577271	30.2572460175
150.811310572	1009.29052734	39.4463577271	30.2572460175
150.811310572	1009.29052734	39.4463577271	30.2572460175
150.811310573	1009.29052734	39.4463577271	30.2572460175
150.811310573	1009.29052734	39.4463577271	30.2572460175
150.811310573	1009.29052734	39.4463577271	30.2572460175
150.811310573	1009.29052734	39.4463577271	30.2572460175
150.811310574	1009.29052734	39.4463577271	30.2572460175
150.811310574	1009.29052734	39.4463577271	30.2572460175
150.811310574	1009.29052734	39.4463577271	30.2572460175
150.811310574	1009.29052734	39.4463577271	30.2572460175
150.811310574	1009.29052734	39.4463577271	30.2572460175
150.811310575	1009.29052734	39.4463577271	30.2572460175
150.811310575	1009.29052734	39.4463577271	30.2572460175
150.811310575	1009.29223633	39.4463577271	30.2572460175
150.811310575	1009.29223633	39.4463577271	30.3115940094
150.811310576	1009.29223633	39.9209403992	30.3115940094
150.811310576	1009.29223633	39.9209403992	30.3115940094
150.811310576	1009.29223633	39.9209403992	30.3115940094
150.811310577	1009.29223633	39.9209403992	30.3115940094
150.811310577	1009.29223633	39.9209403992	30.3115940094
150.811310577	1009.29223633	39.9209403992	30.3115940094
150.811310577	1009.29223633	39.9209403992	30.3115940094
150.811310577	1009.29223633	39.9209403992	30.3115940094
150.811310578	1009.29223633	39.9209403992	30.3115940094
150.811310578	1009.29223633	39.9209403992	30.3115940094
150.811310578	1009.29223633	39.9209403992	30.3115940094
150.811310578	1009.29223633	39.9209403992	30.3115940094
150.811310579	1009.29223633	39.9209403992	30.3115940094
150.811310579	1009.29223633	39.9209403992	30.3115940094
150.811310579	1009.29223633	39.9209403992	30.3115940094
150.811310579	1009.29516602	39.9209403992	30.3115940094
150.81131058	1009.29516602	39.9209403992	30.3115940094
150.81131058	1009.29516602	39.9209403992	30.3115940094
150.81131058	1009.29516602	39.9209403992	30.3115940094
150.81131058	1009.29516602	39.9209403992	30.3115940094
150.811310581	1009.29516602	39.9209403992	30.3115940094
150.811310581	1009.29516602	39.9209403992	30.3115940094
150.811310581	1009.29516602	39.9209403992	30.3115940094
150.811310581	1009.29516602	39.9209403992	30.3115940094
150.811310581	1009.29516602	39.9209403992	30.3115940094
150.811310582	1009.29516602	39.9209403992	30.3115940094
150.811310582	1009.29516602	39.9209403992	30.3115940094
150.811310582	1009.29516602	39.9209403992	30.3115940094
150.811310582	1009.29516602	39.9209403992	30.3115940094
150.811310583	1009.29516602	39.9209403992	30.3115940094
150.811310583	1009.29516602	39.9209403992	30.3115940094
150.811310583	1009.29516602	39.9209403992	30.3115940094
150.811310583	1009.29858398	39.9209403992	30.2753620148
150.811310584	1009.29858398	41.472328186	30.2753620148
150.811310584	1009.29858398	41.472328186	30.2753620148
150.811310584	1009.29858398	41.472328186	30.2753620148
150.811310584	1009.29858398	41.472328186	30.2753620148
150.811310585	1009.29858398	41.472328186	30.2753620148
150.811310585	1009.29858398	41.472328186	30.2753620148
150.811310585	1009.29858398	41.472328186	30.2753620148
150.811310585	1009.29858398	41.472328186	30.2753620148
150.811310586	1009.29858398	41.472328186	30.2753620148
150.811310586	1009.29858398	41.472328186	30.2753620148
150.811310586	1009.29858398	41.472328186	30.2753620148
150.811310586	1009.29858398	41.472328186	30.2753620148
150.811310586	1009.29858398	41.472328186	30.2753620148
150.811310587	1009.29858398	41.472328186	30.2753620148
150.811310587	1009.29858398	41.472328186	30.2753620148
150.811310587	1009.29858398	41.472328186	30.2753620148
150.811310587	1009.29492188	41.472328186	30.2753620148
150.811310588	1009.29492188	41.472328186	30.2753620148
150.811310588	1009.29492188	41.472328186	30.2753620148
150.811310588	1009.29492188	41.472328186	30.2753620148
150.811310588	1009.29492188	41.472328186	30.2753620148
150.811310589	1009.29492188	41.472328186	30.2753620148
150.811310589	1009.29492188	41.472328186	30.2753620148
150.811310589	1009.29492188	41.472328186	30.2753620148
150.811310589	1009.29492188	41.472328186	30.2753620148
150.81131059	1009.29492188	41.472328186	30.2753620148
150.81131059	1009.29492188	41.472328186	30.2753620148
150.81131059	1009.29492188	41.472328186	30.2753620148
150.81131059	1009.29492188	41.472328186	30.2753620148
150.81131059	1009.29492188	41.472328186	30.2753620148
150.811310591	1009.29492188	41.472328186	30.2753620148
150.811310591	1009.29492188	41.472328186	30.2753620148
150.811310591	1009.29492188	41.472328186	30.2753620148
150.811310591	1009.29614258	41.3708648682	30.3115940094
150.811310592	1009.29614258	41.3708648682	30.3115940094
150.811310592	1009.29614258	41.3708648682	30.3115940094
150.811310592	1009.29614258	41.3708648682	30.3115940094
150.811310593	1009.29614258	41.3708648682	30.3115940094
150.811310593	1009.29614258	41.3708648682	30.3115940094
150.811310593	1009.29614258	41.3708648682	30.3115940094
150.811310593	1009.29614258	41.3708648682	30.3115940094
150.811310593	1009.29614258	41.3708648682	30.3115940094
150.811310594	1009.29614258	41.3708648682	30.3115940094
150.811310594	1009.29614258	41.3708648682	30.3115940094
150.811310594	1009.29614258	41.3708648682	30.3115940094
150.811310594	1009.29614258	41.3708648682	30.3115940094
150.811310595	1009.29614258	41.3708648682	30.3115940094
150.811310595	1009.29614258	41.3708648682	30.3115940094
150.811310595	1009.29614258	41.3708648682	30.3115940094
150.811310595	1009.29614258	41.3708648682	30.3115940094
150.811310595	1009.30175781	41.3708648682	30.3115940094
150.811310596	1009.30175781	41.3708648682	30.3115940094
150.811310596	1009.30175781	41.3708648682	30.3115940094
150.811310596	1009.30175781	41.3708648682	30.3115940094
150.811310597	1009.30175781	41.3708648682	30.3115940094
150.811310597	1009.30175781	41.3708648682	30.3115940094
150.811310597	1009.30175781	41.3708648682	30.3115940094
150.811310597	1009.30175781	41.3708648682	30.3115940094
150.811310597	1009.30175781	41.3708648682	30.3115940094
150.811310598	1009.30175781	41.3708648682	30.3115940094
150.811310598	1009.30175781	41.3708648682	30.3115940094
150.811310598	1009.30175781	41.3708648682	30.3115940094
150.811310598	1009.30175781	41.3708648682	30.3115940094
150.811310599	1009.30175781	41.3708648682	30.3115940094
150.811310599	1009.30175781	41.3708648682	30.3115940094
150.811310599	1009.30175781	41.3708648682	30.3115940094
150.811310599	1009.30175781	41.3708648682	30.3115940094
150.811310599	1009.30126953	41.1548500061	30.3115940094
150.8113106	1009.30126953	41.1548500061	30.3115940094
150.8113106	1009.30126953	41.1548500061	30.3115940094
150.8113106	1009.30126953	41.1548500061	30.3115940094
150.811310601	1009.30126953	41.1548500061	30.3115940094
150.811310601	1009.30126953	41.1548500061	30.3115940094
150.811310601	1009.30126953	41.1548500061	30.3115940094
150.811310601	1009.30126953	41.1548500061	30.3115940094
150.811310602	1009.30126953	41.1548500061	30.3115940094
150.811310602	1009.30126953	41.1548500061	30.3115940094
150.811310602	1009.30126953	41.1548500061	30.3115940094
150.811310602	1009.30126953	41.1548500061	30.3115940094
150.811310602	1009.30126953	41.1548500061	30.3115940094
150.811310603	1009.30126953	41.1548500061	30.3115940094
150.811310603	1009.30126953	41.1548500061	30.3115940094
150.811310603	1009.30126953	41.1548500061	30.3115940094
150.811310603	1009.30126953	41.1548500061	30.3115940094
150.811310604	1009.29492188	41.1548500061	30.3115940094
150.811310604	1009.29492188	41.1548500061	30.3115940094
150.811310604	1009.29492188	41.1548500061	30.3115940094
150.811310604	1009.29492188	41.1548500061	30.3115940094
150.811310605	1009.29492188	41.1548500061	30.3115940094
150.811310605	1009.29492188	41.1548500061	30.3115940094
150.811310605	1009.29492188	41.1548500061	30.3115940094
150.811310605	1009.29492188	41.1548500061	30.3115940094
150.811310606	1009.29492188	41.1548500061	30.3115940094
150.811310606	1009.29492188	41.1548500061	30.3115940094
150.811310606	1009.29492188	41.1548500061	30.3115940094
150.811310606	1009.29492188	41.1548500061	30.3115940094
150.811310606	1009.29492188	41.1548500061	30.3115940094
150.811310607	1009.29492188	41.1548500061	30.3115940094
150.811310607	1009.29492188	41.1548500061	30.3115940094
150.811310607	1009.29492188	41.1548500061	30.3115940094
150.811310607	1009.29492188	37.1487312317	30.3115940094
150.811310608	1009.29785156	37.1487312317	30.3115940094
150.811310608	1009.29785156	37.1487312317	30.3115940094
150.811310608	1009.29785156	37.1487312317	30.3115940094
150.811310609	1009.29785156	37.1487312317	30.3115940094
150.811310609	1009.29785156	37.1487312317	30.3115940094
150.811310609	1009.29785156	37.1487312317	30.3115940094
150.811310609	1009.29785156	37.1487312317	30.3115940094
150.811310609	1009.29785156	37.1487312317	30.3115940094
150.81131061	1009.29785156	37.1487312317	30.3115940094
150.81131061	1009.29785156	37.1487312317	30.3115940094
150.81131061	1009.29785156	37.1487312317	30.3115940094
150.81131061	1009.29785156	37.1487312317	30.3115940094
150.811310611	1009.29785156	37.1487312317	30.3115940094
150.811310611	1009.29785156	37.1487312317	30.3115940094
150.811310611	1009.29785156	37.1487312317	30.3115940094
150.811310611	1009.29785156	37.1487312317	30.3115940094
150.811310611	1009.29785156	37.1487312317	30.3115940094
150.811310612	1009.29980469	37.1487312317	30.3115940094
150.811310612	1009.29980469	37.1487312317	30.3115940094
150.811310612	1009.29980469	37.1487312317	30.3115940094
150.811310613	1009.29980469	37.1487312317	30.3115940094
150.811310613	1009.29980469	37.1487312317	30.3115940094
150.811310613	1009.29980469	37.1487312317	30.3115940094
150.811310613	1009.29980469	37.1487312317	30.3115940094
150.811310613	1009.29980469	37.1487312317	30.3115940094
150.811310614	1009.29980469	37.1487312317	30.3115940094
150.811310614	1009.29980469	37.1487312317	30.3115940094
150.811310614	1009.29980469	37.1487312317	30.3115940094
150.811310614	1009.29980469	37.1487312317	30.3115940094
150.811310615	1009.29980469	37.1487312317	30.3115940094
150.811310615	1009.29980469	37.1487312317	30.3115940094
150.811310615	1009.29980469	37.1487312317	30.2391319275
150.811310615	1009.29980469	40.2711486816	30.2391319275
150.811310616	1009.29736328	40.2711486816	30.2391319275
150.811310616	1009.29736328	40.2711486816	30.2391319275
150.811310616	1009.29736328	40.2711486816	30.2391319275
150.811310616	1009.29736328	40.2711486816	30.2391319275
150.811310617	1009.29736328	40.2711486816	30.2391319275
150.811310617	1009.29736328	40.2711486816	30.2391319275
150.811310617	1009.29736328	40.2711486816	30.2391319275
150.811310617	1009.29736328	40.2711486816	30.2391319275
150.811310618	1009.29736328	40.2711486816	30.2391319275
150.811310618	1009.29736328	40.2711486816	30.2391319275
150.811310618	1009.29736328	40.2711486816	30.2391319275
150.811310618	1009.29736328	40.2711486816	30.2391319275
150.811310618	1009.29736328	40.2711486816	30.2391319275
150.811310619	1009.29736328	40.2711486816	30.2391319275
150.811310619	1009.29736328	40.2711486816	30.2391319275
150.811310619	1009.29736328	40.2711486816	30.2391319275
150.811310619	1009.29736328	40.2711486816	30.2391319275
150.81131062	1009.29394531	40.2711486816	30.2391319275
150.81131062	1009.29394531	40.2711486816	30.2391319275
150.81131062	1009.29394531	40.2711486816	30.2391319275
150.81131062	1009.29394531	40.2711486816	30.2391319275
150.811310621	1009.29394531	40.2711486816	30.2391319275
150.811310621	1009.29394531	40.2711486816	30.2391319275
150.811310621	1009.29394531	40.2711486816	30.2391319275
150.811310621	1009.29394531	40.2711486816	30.2391319275
150.811310622	1009.29394531	40.2711486816	30.2391319275
150.811310622	1009.29394531	40.2711486816	30.2391319275
150.811310622	1009.29394531	40.2711486816	30.2391319275
150.811310622	1009.29394531	40.2711486816	30.2391319275
150.811310622	1009.29394531	40.2711486816	30.2391319275
150.811310623	1009.29394531	40.2711486816	30.2391319275
150.811310623	1009.29394531	40.2711486816	30.2391319275
150.811310623	1009.29394531	39.7965660095	30.2391319275
150.811310623	1009.29394531	39.7965660095	30.2391319275
150.811310624	1009.29345703	39.7965660095	30.2391319275
150.811310624	1009.29345703	39.7965660095	30.2391319275
150.811310624	1009.29345703	39.7965660095	30.2391319275
150.811310625	1009.29345703	39.7965660095	30.2391319275
150.811310625	1009.29345703	39.7965660095	30.2391319275
150.811310625	1009.29345703	39.7965660095	30.2391319275
150.811310625	1009.29345703	39.7965660095	30.2391319275
150.811310625	1009.29345703	39.7965660095	30.2391319275
150.811310626	1009.29345703	39.7965660095	30.2391319275
150.811310626	1009.29345703	39.7965660095	30.2391319275
150.811310626	1009.29345703	39.7965660095	30.2391319275
150.811310626	1009.29345703	39.7965660095	30.2391319275
150.811310627	1009.29345703	39.7965660095	30.2391319275
150.811310627	1009.29345703	39.7965660095	30.2391319275
150.811310627	1009.29345703	39.7965660095	30.2391319275
150.811310627	1009.29345703	39.7965660095	30.2391319275
