0.735246134625	1600
time	pressure	humidity	temperature
150.811309309	1006.8984375	35.0507278442	33.1433944702
150.81130931	1006.8984375	35.0507278442	33.1433944702
150.81130931	1006.8984375	35.0507278442	33.1433944702
150.81130931	1006.8984375	36.9284858704	33.1433944702
150.811309311	1006.8984375	36.9284858704	33.1433944702
150.811309311	1006.8984375	36.9284858704	33.1433944702
150.811309311	1006.8984375	36.9284858704	33.1433944702
150.811309311	1006.8984375	36.9284858704	33.1433944702
150.811309311	1006.8984375	36.9284858704	33.1433944702
150.811309312	1006.8984375	36.9284858704	33.1433944702
150.811309312	1006.8984375	36.9284858704	33.1433944702
150.811309312	1006.8984375	36.9284858704	33.1433944702
150.811309312	1006.8984375	36.9284858704	33.1433944702
150.811309313	1006.8984375	36.9284858704	33.1433944702
150.811309313	1006.90039062	36.9284858704	33.1433944702
150.811309313	1006.90039062	36.9284858704	33.1433944702
150.811309313	1006.90039062	36.9284858704	33.1433944702
150.811309314	1006.90039062	36.9284858704	33.1433944702
150.811309314	1006.90039062	36.9284858704	33.1433944702
150.811309314	1006.90039062	36.9284858704	33.1433944702
150.811309314	1006.90039062	36.9284858704	33.1433944702
150.811309314	1006.90039062	36.9284858704	33.1433944702
150.811309315	1006.90039062	36.9284858704	33.1433944702
150.811309315	1006.90039062	36.9284858704	33.1433944702
150.811309315	1006.90039062	36.9284858704	33.1433944702
150.811309315	1006.90039062	36.9284858704	33.1433944702
150.811309316	1006.90039062	36.9284858704	33.1433944702
150.811309316	1006.90039062	36.9284858704	33.1433944702
150.811309316	1006.90039062	36.9284858704	33.1433944702
150.811309316	1006.90039062	36.9284858704	33.1433944702
150.811309316	1006.90039062	36.9284858704	33.1433944702
150.811309317	1006.90380859	36.9284858704	33.1433944702
150.811309317	1006.90380859	36.9284858704	33.1433944702
150.811309317	1006.90380859	36.9284858704	33.1433944702
150.811309318	1006.90380859	36.9284858704	33.1433944702
150.811309318	1006.90380859	36.9284858704	33.1433944702
150.811309318	1006.90380859	36.9284858704	33.1433944702
150.811309318	1006.90380859	33.9179649353	33.1433944702
150.811309319	1006.90380859	33.9179649353	33.1433944702
150.811309319	1006.90380859	33.9179649353	33.1433944702
150.811309319	1006.90380859	33.9179649353	33.1433944702
150.811309319	1006.90380859	33.9179649353	33.1433944702
150.811309319	1006.90380859	33.9179649353	33.1433944702
150.81130932	1006.90380859	33.9179649353	33.1433944702
150.81130932	1006.90380859	33.9179649353	33.1433944702
150.81130932	1006.90380859	33.9179649353	33.1433944702
150.81130932	1006.90380859	33.9179649353	33.1433944702
150.811309321	1006.90478516	33.9179649353	33.1433944702
150.811309321	1006.90478516	33.9179649353	33.1433944702
150.811309321	1006.90478516	33.9179649353	33.1433944702
150.811309321	1006.90478516	33.9179649353	33.1433944702
150.811309322	1006.90478516	33.9179649353	33.1433944702
150.811309322	1006.90478516	33.9179649353	33.1433944702
150.811309322	1006.90478516	33.9179649353	33.1433944702
150.811309322	1006.90478516	33.9179649353	33.1433944702
150.811309323	1006.90478516	33.9179649353	33.1433944702
150.811309323	1006.90478516	33.9179649353	33.1433944702
150.811309323	1006.90478516	33.9179649353	33.1433944702
150.811309323	1006.90478516	33.9179649353	33.1433944702
150.811309323	1006.90478516	33.9179649353	33.1433944702
150.811309324	1006.90478516	33.9179649353	33.1433944702
150.811309324	1006.90478516	33.9179649353	33.1433944702
150.811309324	1006.90478516	33.9179649353	33.1433944702
150.811309324	1006.90478516	33.9179649353	33.1433944702
150.811309325	1006.90478516	33.9179649353	33.1433944702
150.811309325	1006.90600586	33.9179649353	33.1433944702
150.811309325	1006.90600586	33.9179649353	33.1433944702
150.811309325	1006.90600586	33.9179649353	33.1433944702
150.811309326	1006.90600586	33.9179649353	33.1433944702
150.811309326	1006.90600586	33.9179649353	33.1433944702
150.811309326	1006.90600586	33.9179649353	33.1614646912
150.811309326	1006.90600586	35.0079803467	33.1614646912
150.811309327	1006.90600586	35.0079803467	33.1614646912
150.811309327	1006.90600586	35.0079803467	33.1614646912
150.811309327	1006.90600586	35.0079803467	33.1614646912
150.811309327	1006.90600586	35.0079803467	33.1614646912
150.811309328	1006.90600586	35.0079803467	33.1614646912
150.811309328	1006.90600586	35.0079803467	33.1614646912
150.811309328	1006.90600586	35.0079803467	33.1614646912
150.811309328	1006.90600586	35.0079803467	33.1614646912
150.811309328	1006.90600586	35.0079803467	33.1614646912
150.811309329	1006.90136719	35.0079803467	33.1614646912
150.811309329	1006.90136719	35.0079803467	33.1614646912
150.811309329	1006.90136719	35.0079803467	33.1614646912
150.81130933	1006.90136719	35.0079803467	33.1614646912
150.81130933	1006.90136719	35.0079803467	33.1614646912
150.81130933	1006.90136719	35.0079803467	33.1614646912
150.81130933	1006.90136719	35.0079803467	33.1614646912
150.81130933	1006.90136719	35.0079803467	33.1614646912
150.811309331	1006.90136719	35.0079803467	33.1614646912
150.811309331	1006.90136719	35.0079803467	33.1614646912
150.811309331	1006.90136719	35.0079803467	33.1614646912
150.811309331	1006.90136719	35.0079803467	33.1614646912
150.811309332	1006.90136719	35.0079803467	33.1614646912
150.811309332	1006.90136719	35.0079803467	33.1614646912
150.811309332	1006.90136719	35.0079803467	33.1614646912
150.811309332	1006.90136719	35.0079803467	33.1614646912
150.811309332	1006.90136719	35.0079803467	33.1614646912
150.811309333	1006.90209961	35.0079803467	33.1614646912
150.811309333	1006.90209961	35.0079803467	33.1614646912
150.811309333	1006.90209961	35.0079803467	33.1614646912
150.811309333	1006.90209961	35.0079803467	33.1614646912
150.811309334	1006.90209961	35.0079803467	33.1614646912
150.811309334	1006.90209961	35.0079803467	33.1614646912
150.811309334	1006.90209961	35.0079803467	33.0711212158
150.811309334	1006.90209961	35.0079803467	33.0711212158
150.811309335	1006.90209961	36.8643684387	33.0711212158
150.811309335	1006.90209961	36.8643684387	33.0711212158
150.811309335	1006.90209961	36.8643684387	33.0711212158
150.811309335	1006.90209961	36.8643684387	33.0711212158
150.811309336	1006.90209961	36.8643684387	33.0711212158
150.811309336	1006.90209961	36.8643684387	33.0711212158
150.811309336	1006.90209961	36.8643684387	33.0711212158
150.811309336	1006.90209961	36.8643684387	33.0711212158
150.811309337	1006.8984375	36.8643684387	33.0711212158
150.811309337	1006.8984375	36.8643684387	33.0711212158
150.811309337	1006.8984375	36.8643684387	33.0711212158
150.811309337	1006.8984375	36.8643684387	33.0711212158
150.811309338	1006.8984375	36.8643684387	33.0711212158
150.811309338	1006.8984375	36.8643684387	33.0711212158
150.811309338	1006.8984375	36.8643684387	33.0711212158
150.811309338	1006.8984375	36.8643684387	33.0711212158
150.811309338	1006.8984375	36.8643684387	33.0711212158
150.811309339	1006.8984375	36.8643684387	33.0711212158
150.811309339	1006.8984375	36.8643684387	33.0711212158
150.811309339	1006.8984375	36.8643684387	33.0711212158
150.811309339	1006.8984375	36.8643684387	33.0711212158
150.81130934	1006.8984375	36.8643684387	33.0711212158
150.81130934	1006.8984375	36.8643684387	33.0711212158
150.81130934	1006.8984375	36.8643684387	33.0711212158
150.81130934	1006.8984375	36.8643684387	33.0711212158
150.81130934	1006.89916992	36.8643684387	33.0711212158
150.811309341	1006.89916992	36.8643684387	33.0711212158
150.811309341	1006.89916992	36.8643684387	33.0711212158
150.811309341	1006.89916992	36.8643684387	33.0711212158
150.811309342	1006.89916992	36.8643684387	33.0711212158
150.811309342	1006.89916992	36.8643684387	33.0711212158
150.811309342	1006.89916992	36.8643684387	33.0711212158
150.811309342	1006.89916992	36.8643684387	33.0711212158
150.811309342	1006.89916992	36.8643684387	33.1795349121
150.811309343	1006.89916992	35.7529792786	33.1795349121
150.811309343	1006.89916992	35.7529792786	33.1795349121
150.811309343	1006.89916992	35.7529792786	33.1795349121
150.811309344	1006.89916992	35.7529792786	33.1795349121
150.811309344	1006.89916992	35.7529792786	33.1795349121
150.811309344	1006.89916992	35.7529792786	33.1795349121
150.811309344	1006.89916992	35.7529792786	33.1795349121
150.811309344	1006.90185547	35.7529792786	33.1795349121
150.811309345	1006.90185547	35.7529792786	33.1795349121
150.811309345	1006.90185547	35.7529792786	33.1795349121
150.811309345	1006.90185547	35.7529792786	33.1795349121
150.811309345	1006.90185547	35.7529792786	33.1795349121
150.811309346	1006.90185547	35.7529792786	33.1795349121
150.811309346	1006.90185547	35.7529792786	33.1795349121
150.811309346	1006.90185547	35.7529792786	33.1795349121
150.811309346	1006.90185547	35.7529792786	33.1795349121
150.811309347	1006.90185547	35.7529792786	33.1795349121
150.811309347	1006.90185547	35.7529792786	33.1795349121
150.811309347	1006.90185547	35.7529792786	33.1795349121
150.811309347	1006.90185547	35.7529792786	33.1795349121
150.811309347	1006.90185547	35.7529792786	33.1795349121
150.811309348	1006.90185547	35.7529792786	33.1795349121
150.811309348	1006.90185547	35.7529792786	33.1795349121
150.811309348	1006.90185547	35.7529792786	33.1795349121
150.811309348	1006.90136719	35.7529792786	33.1795349121
150.811309349	1006.90136719	35.7529792786	33.1795349121
150.811309349	1006.90136719	35.7529792786	33.1795349121
150.811309349	1006.90136719	35.7529792786	33.1795349121
150.811309349	1006.90136719	35.7529792786	33.1795349121
150.81130935	1006.90136719	35.7529792786	33.1795349121
150.81130935	1006.90136719	35.7529792786	33.1795349121
150.81130935	1006.90136719	35.7529792786	33.1795349121
150.81130935	1006.90136719	35.7529792786	33.1795349121
150.811309351	1006.90136719	35.7529792786	33.1072616577
150.811309351	1006.90136719	38.2658157349	33.1072616577
150.811309351	1006.90136719	38.2658157349	33.1072616577
150.811309351	1006.90136719	38.2658157349	33.1072616577
150.811309352	1006.90136719	38.2658157349	33.1072616577
150.811309352	1006.90136719	38.2658157349	33.1072616577
150.811309352	1006.90136719	38.2658157349	33.1072616577
150.811309352	1006.90136719	38.2658157349	33.1072616577
150.811309353	1006.90209961	38.2658157349	33.1072616577
150.811309353	1006.90209961	38.2658157349	33.1072616577
150.811309353	1006.90209961	38.2658157349	33.1072616577
150.811309353	1006.90209961	38.2658157349	33.1072616577
150.811309354	1006.90209961	38.2658157349	33.1072616577
150.811309354	1006.90209961	38.2658157349	33.1072616577
150.811309354	1006.90209961	38.2658157349	33.1072616577
150.811309354	1006.90209961	38.2658157349	33.1072616577
150.811309354	1006.90209961	38.2658157349	33.1072616577
150.811309355	1006.90209961	38.2658157349	33.1072616577
150.811309355	1006.90209961	38.2658157349	33.1072616577
150.811309355	1006.90209961	38.2658157349	33.1072616577
150.811309355	1006.90209961	38.2658157349	33.1072616577
150.811309356	1006.90209961	38.2658157349	33.1072616577
150.811309356	1006.90209961	38.2658157349	33.1072616577
150.811309356	1006.90209961	38.2658157349	33.1072616577
150.811309356	1006.90209961	38.2658157349	33.1072616577
150.811309357	1006.90307617	38.2658157349	33.1072616577
150.811309357	1006.90307617	38.2658157349	33.1072616577
150.811309357	1006.90307617	38.2658157349	33.1072616577
150.811309357	1006.90307617	38.2658157349	33.1072616577
150.811309358	1006.90307617	38.2658157349	33.1072616577
150.811309358	1006.90307617	38.2658157349	33.1072616577
150.811309358	1006.90307617	38.2658157349	33.1072616577
150.811309358	1006.90307617	38.2658157349	33.1072616577
150.811309358	1006.90307617	38.2658157349	33.1072616577
150.811309359	1006.90307617	38.2658157349	33.1072616577
150.811309359	1006.90307617	38.2658157349	33.1072616577
150.811309359	1006.90307617	34.3057327271	33.1072616577
150.811309359	1006.90307617	34.3057327271	33.1072616577
150.81130936	1006.90307617	34.3057327271	33.1072616577
150.81130936	1006.90307617	34.3057327271	33.1072616577
150.81130936	1006.90307617	34.3057327271	33.1072616577
150.81130936	1006.89526367	34.3057327271	33.1072616577
150.811309361	1006.89526367	34.3057327271	33.1072616577
150.811309361	1006.89526367	34.3057327271	33.1072616577
150.811309361	1006.89526367	34.3057327271	33.1072616577
150.811309361	1006.89526367	34.3057327271	33.1072616577
150.811309362	1006.89526367	34.3057327271	33.1072616577
150.811309362	1006.89526367	34.3057327271	33.1072616577
150.811309362	1006.89526367	34.3057327271	33.1072616577
150.811309362	1006.89526367	34.3057327271	33.1072616577
150.811309363	1006.89526367	34.3057327271	33.1072616577
150.811309363	1006.89526367	34.3057327271	33.1072616577
150.811309363	1006.89526367	34.3057327271	33.1072616577
150.811309363	1006.89526367	34.3057327271	33.1072616577
150.811309363	1006.89526367	34.3057327271	33.1072616577
150.811309364	1006.89526367	34.3057327271	33.1072616577
150.811309364	1006.89526367	34.3057327271	33.1072616577
150.811309364	1006.89526367	34.3057327271	33.1072616577
150.811309364	1006.89477539	34.3057327271	33.1072616577
150.811309365	1006.89477539	34.3057327271	33.1072616577
150.811309365	1006.89477539	34.3057327271	33.1072616577
150.811309365	1006.89477539	34.3057327271	33.1072616577
150.811309365	1006.89477539	34.3057327271	33.1072616577
150.811309366	1006.89477539	34.3057327271	33.1072616577
150.811309366	1006.89477539	34.3057327271	33.1072616577
150.811309366	1006.89477539	34.3057327271	33.1072616577
150.811309366	1006.89477539	34.3057327271	33.1072616577
150.811309366	1006.89477539	34.3057327271	33.1072616577
150.811309367	1006.89477539	34.3057327271	33.1072616577
150.811309367	1006.89477539	34.3057327271	33.1795349121
150.811309367	1006.89477539	34.2751998901	33.1795349121
150.811309368	1006.89477539	34.2751998901	33.1795349121
150.811309368	1006.89477539	34.2751998901	33.1795349121
150.811309368	1006.89477539	34.2751998901	33.1795349121
150.811309368	1006.89379883	34.2751998901	33.1795349121
150.811309369	1006.89379883	34.2751998901	33.1795349121
150.811309369	1006.89379883	34.2751998901	33.1795349121
150.811309369	1006.89379883	34.2751998901	33.1795349121
150.811309369	1006.89379883	34.2751998901	33.1795349121
150.81130937	1006.89379883	34.2751998901	33.1795349121
150.81130937	1006.89379883	34.2751998901	33.1795349121
150.81130937	1006.89379883	34.2751998901	33.1795349121
150.81130937	1006.89379883	34.2751998901	33.1795349121
150.81130937	1006.89379883	34.2751998901	33.1795349121
150.811309371	1006.89379883	34.2751998901	33.1795349121
150.811309371	1006.89379883	34.2751998901	33.1795349121
150.811309371	1006.89379883	34.2751998901	33.1795349121
150.811309371	1006.89379883	34.2751998901	33.1795349121
150.811309372	1006.89379883	34.2751998901	33.1795349121
150.811309372	1006.89379883	34.2751998901	33.1795349121
150.811309372	1006.89379883	34.2751998901	33.1795349121
150.811309372	1006.89038086	34.2751998901	33.1795349121
150.811309373	1006.89038086	34.2751998901	33.1795349121
150.811309373	1006.89038086	34.2751998901	33.1795349121
150.811309373	1006.89038086	34.2751998901	33.1795349121
150.811309373	1006.89038086	34.2751998901	33.1795349121
150.811309373	1006.89038086	34.2751998901	33.1795349121
150.811309374	1006.89038086	34.2751998901	33.1795349121
150.811309374	1006.89038086	34.2751998901	33.1795349121
150.811309374	1006.89038086	34.2751998901	33.1795349121
150.811309374	1006.89038086	34.2751998901	33.1795349121
150.811309375	1006.89038086	34.2751998901	33.1795349121
150.811309375	1006.89038086	34.2751998901	33.1795349121
150.811309375	1006.89038086	34.2751998901	33.1795349121
150.811309375	1006.89038086	38.1162071228	33.1795349121
150.811309376	1006.89038086	38.1162071228	33.1795349121
150.811309376	1006.89038086	38.1162071228	33.1795349121
150.811309376	1006.89135742	38.1162071228	33.1795349121
150.811309377	1006.89135742	38.1162071228	33.1795349121
150.811309377	1006.89135742	38.1162071228	33.1795349121
150.811309377	1006.89135742	38.1162071228	33.1795349121
150.811309377	1006.89135742	38.1162071228	33.1795349121
150.811309377	1006.89135742	38.1162071228	33.1795349121
150.811309378	1006.89135742	38.1162071228	33.1795349121
150.811309378	1006.89135742	38.1162071228	33.1795349121
150.811309378	1006.89135742	38.1162071228	33.1795349121
150.811309378	1006.89135742	38.1162071228	33.1795349121
150.811309379	1006.89135742	38.1162071228	33.1795349121
150.811309379	1006.89135742	38.1162071228	33.1795349121
150.811309379	1006.89135742	38.1162071228	33.1795349121
150.811309379	1006.89135742	38.1162071228	33.1795349121
150.811309379	1006.89135742	38.1162071228	33.1795349121
150.81130938	1006.89135742	38.1162071228	33.1795349121
150.81130938	1006.89135742	38.1162071228	33.1795349121
150.81130938	1006.88916016	38.1162071228	33.1795349121
150.81130938	1006.88916016	38.1162071228	33.1795349121
150.811309381	1006.88916016	38.1162071228	33.1795349121
150.811309381	1006.88916016	38.1162071228	33.1795349121
150.811309381	1006.88916016	38.1162071228	33.1795349121
150.811309381	1006.88916016	38.1162071228	33.1795349121
150.811309382	1006.88916016	38.1162071228	33.1795349121
150.811309382	1006.88916016	38.1162071228	33.1795349121
150.811309382	1006.88916016	38.1162071228	33.1795349121
150.811309382	1006.88916016	38.1162071228	33.1795349121
150.811309382	1006.88916016	38.1162071228	33.1795349121
150.811309383	1006.88916016	38.1162071228	33.1795349121
150.811309383	1006.88916016	38.1162071228	33.1795349121
150.811309383	1006.88916016	38.1162071228	33.1795349121
150.811309383	1006.88916016	39.0016555786	33.1795349121
150.811309384	1006.88916016	39.0016555786	33.1795349121
150.811309384	1006.89233398	39.0016555786	33.1795349121
150.811309384	1006.89233398	39.0016555786	33.1795349121
150.811309385	1006.89233398	39.0016555786	33.1795349121
150.811309385	1006.89233398	39.0016555786	33.1795349121
150.811309385	1006.89233398	39.0016555786	33.1795349121
150.811309385	1006.89233398	39.0016555786	33.1795349121
150.811309385	1006.89233398	39.0016555786	33.1795349121
150.811309386	1006.89233398	39.0016555786	33.1795349121
150.811309386	1006.89233398	39.0016555786	33.1795349121
150.811309386	1006.89233398	39.0016555786	33.1795349121
150.811309386	1006.89233398	39.0016555786	33.1795349121
150.811309387	1006.89233398	39.0016555786	33.1795349121
150.811309387	1006.89233398	39.0016555786	33.1795349121
150.811309387	1006.89233398	39.0016555786	33.1795349121
150.811309387	1006.89233398	39.0016555786	33.1795349121
150.811309387	1006.89233398	39.0016555786	33.1795349121
150.811309388	1006.89233398	39.0016555786	33.1795349121
150.811309388	1006.890625	39.0016555786	33.1795349121
150.811309388	1006.890625	39.0016555786	33.1795349121
150.811309389	1006.890625	39.0016555786	33.1795349121
150.811309389	1006.890625	39.0016555786	33.1795349121
150.811309389	1006.890625	39.0016555786	33.1795349121
150.811309389	1006.890625	39.0016555786	33.1795349121
150.811309389	1006.890625	39.0016555786	33.1795349121
150.81130939	1006.890625	39.0016555786	33.1795349121
150.81130939	1006.890625	39.0016555786	33.1795349121
150.81130939	1006.890625	39.0016555786	33.1795349121
150.81130939	1006.890625	39.0016555786	33.1795349121
150.811309391	1006.890625	39.0016555786	33.1795349121
150.811309391	1006.890625	39.0016555786	33.1795349121
150.811309391	1006.890625	39.0016555786	33.1795349121
150.811309391	1006.890625	39.0016555786	33.1795349121
150.811309391	1006.890625	39.0016555786	33.1795349121
150.811309392	1006.890625	37.7131767273	33.1795349121
150.811309392	1006.89282227	37.7131767273	33.1795349121
150.811309392	1006.89282227	37.7131767273	33.1795349121
150.811309393	1006.89282227	37.7131767273	33.1795349121
150.811309393	1006.89282227	37.7131767273	33.1795349121
150.811309393	1006.89282227	37.7131767273	33.1795349121
150.811309393	1006.89282227	37.7131767273	33.1795349121
150.811309394	1006.89282227	37.7131767273	33.1795349121
150.811309394	1006.89282227	37.7131767273	33.1795349121
150.811309394	1006.89282227	37.7131767273	33.1795349121
150.811309394	1006.89282227	37.7131767273	33.1795349121
150.811309394	1006.89282227	37.7131767273	33.1795349121
150.811309395	1006.89282227	37.7131767273	33.1795349121
150.811309395	1006.89282227	37.7131767273	33.1795349121
150.811309395	1006.89282227	37.7131767273	33.1795349121
150.811309395	1006.89282227	37.7131767273	33.1795349121
150.811309396	1006.89282227	37.7131767273	33.1795349121
150.811309396	1006.89282227	37.7131767273	33.1795349121
150.811309396	1006.89624023	37.7131767273	33.1795349121
150.811309396	1006.89624023	37.7131767273	33.1795349121
150.811309397	1006.89624023	37.7131767273	33.1795349121
150.811309397	1006.89624023	37.7131767273	33.1795349121
150.811309397	1006.89624023	37.7131767273	33.1795349121
150.811309397	1006.89624023	37.7131767273	33.1795349121
150.811309397	1006.89624023	37.7131767273	33.1795349121
150.811309398	1006.89624023	37.7131767273	33.1795349121
150.811309398	1006.89624023	37.7131767273	33.1795349121
150.811309398	1006.89624023	37.7131767273	33.1795349121
150.811309398	1006.89624023	37.7131767273	33.1795349121
150.811309399	1006.89624023	37.7131767273	33.1795349121
150.811309399	1006.89624023	37.7131767273	33.1795349121
150.811309399	1006.89624023	37.7131767273	33.1795349121
150.811309399	1006.89624023	37.7131767273	33.1795349121
150.811309399	1006.89624023	37.7131767273	33.1795349121
150.8113094	1006.89477539	34.666015625	33.1795349121
150.8113094	1006.89477539	34.666015625	33.1795349121
150.811309401	1006.89477539	34.666015625	33.1795349121
150.811309401	1006.89477539	34.666015625	33.1795349121
150.811309401	1006.89477539	34.666015625	33.1795349121
150.811309401	1006.89477539	34.666015625	33.1795349121
150.811309402	1006.89477539	34.666015625	33.1795349121
150.811309402	1006.89477539	34.666015625	33.1795349121
150.811309402	1006.89477539	34.666015625	33.1795349121
150.811309402	1006.89477539	34.666015625	33.1795349121
150.811309403	1006.89477539	34.666015625	33.1795349121
150.811309403	1006.89477539	34.666015625	33.1795349121
150.811309403	1006.89477539	34.666015625	33.1795349121
150.811309403	1006.89477539	34.666015625	33.1795349121
150.811309403	1006.89477539	34.666015625	33.1795349121
150.811309404	1006.89477539	34.666015625	33.1795349121
150.811309404	1006.89404297	34.666015625	33.1795349121
150.811309404	1006.89404297	34.666015625	33.1795349121
150.811309405	1006.89404297	34.666015625	33.1795349121
150.811309405	1006.89404297	34.666015625	33.1795349121
150.811309405	1006.89404297	34.666015625	33.1795349121
150.811309405	1006.89404297	34.666015625	33.1795349121
150.811309405	1006.89404297	34.666015625	33.1795349121
150.811309406	1006.89404297	34.666015625	33.1795349121
150.811309406	1006.89404297	34.666015625	33.1795349121
150.811309406	1006.89404297	34.666015625	33.1795349121
150.811309406	1006.89404297	34.666015625	33.1795349121
150.811309406	1006.89404297	34.666015625	33.1795349121
150.811309407	1006.89404297	34.666015625	33.1795349121
150.811309407	1006.89404297	34.666015625	33.1795349121
150.811309407	1006.89404297	34.666015625	33.1795349121
150.811309407	1006.89404297	34.666015625	33.1795349121
150.811309408	1006.89404297	34.666015625	33.2337379456
150.811309408	1006.89770508	34.736240387	33.2337379456
150.811309408	1006.89770508	34.736240387	33.2337379456
150.811309409	1006.89770508	34.736240387	33.2337379456
150.811309409	1006.89770508	34.736240387	33.2337379456
150.811309409	1006.89770508	34.736240387	33.2337379456
150.811309409	1006.89770508	34.736240387	33.2337379456
150.81130941	1006.89770508	34.736240387	33.2337379456
150.81130941	1006.89770508	34.736240387	33.2337379456
150.81130941	1006.89770508	34.736240387	33.2337379456
150.81130941	1006.89770508	34.736240387	33.2337379456
150.81130941	1006.89770508	34.736240387	33.2337379456
150.811309411	1006.89770508	34.736240387	33.2337379456
150.811309411	1006.89770508	34.736240387	33.2337379456
150.811309411	1006.89770508	34.736240387	33.2337379456
150.811309411	1006.89770508	34.736240387	33.2337379456
150.811309412	1006.89770508	34.736240387	33.2337379456
150.811309412	1006.89868164	34.736240387	33.2337379456
150.811309412	1006.89868164	34.736240387	33.2337379456
150.811309412	1006.89868164	34.736240387	33.2337379456
150.811309413	1006.89868164	34.736240387	33.2337379456
150.811309413	1006.89868164	34.736240387	33.2337379456
150.811309413	1006.89868164	34.736240387	33.2337379456
150.811309413	1006.89868164	34.736240387	33.2337379456
150.811309413	1006.89868164	34.736240387	33.2337379456
150.811309414	1006.89868164	34.736240387	33.2337379456
150.811309414	1006.89868164	34.736240387	33.2337379456
150.811309414	1006.89868164	34.736240387	33.2337379456
150.811309414	1006.89868164	34.736240387	33.2337379456
150.811309415	1006.89868164	34.736240387	33.2337379456
150.811309415	1006.89868164	34.736240387	33.2337379456
150.811309415	1006.89868164	34.736240387	33.2337379456
150.811309415	1006.89868164	34.736240387	33.2337379456
150.811309415	1006.89868164	34.736240387	33.2337379456
150.811309416	1006.89306641	34.736240387	33.1433944702
150.811309416	1006.89306641	38.2261238098	33.1433944702
150.811309416	1006.89306641	38.2261238098	33.1433944702
150.811309417	1006.89306641	38.2261238098	33.1433944702
150.811309417	1006.89306641	38.2261238098	33.1433944702
150.811309417	1006.89306641	38.2261238098	33.1433944702
150.811309417	1006.89306641	38.2261238098	33.1433944702
150.811309418	1006.89306641	38.2261238098	33.1433944702
150.811309418	1006.89306641	38.2261238098	33.1433944702
150.811309418	1006.89306641	38.2261238098	33.1433944702
150.811309418	1006.89306641	38.2261238098	33.1433944702
150.811309418	1006.89306641	38.2261238098	33.1433944702
150.811309419	1006.89306641	38.2261238098	33.1433944702
150.811309419	1006.89306641	38.2261238098	33.1433944702
150.811309419	1006.89306641	38.2261238098	33.1433944702
150.811309419	1006.89306641	38.2261238098	33.1433944702
150.81130942	1006.89453125	38.2261238098	33.1433944702
150.81130942	1006.89453125	38.2261238098	33.1433944702
150.81130942	1006.89453125	38.2261238098	33.1433944702
150.81130942	1006.89453125	38.2261238098	33.1433944702
150.811309421	1006.89453125	38.2261238098	33.1433944702
150.811309421	1006.89453125	38.2261238098	33.1433944702
150.811309421	1006.89453125	38.2261238098	33.1433944702
150.811309421	1006.89453125	38.2261238098	33.1433944702
150.811309422	1006.89453125	38.2261238098	33.1433944702
150.811309422	1006.89453125	38.2261238098	33.1433944702
150.811309422	1006.89453125	38.2261238098	33.1433944702
150.811309422	1006.89453125	38.2261238098	33.1433944702
150.811309422	1006.89453125	38.2261238098	33.1433944702
150.811309423	1006.89453125	38.2261238098	33.1433944702
150.811309423	1006.89453125	38.2261238098	33.1433944702
150.811309423	1006.89453125	38.2261238098	33.1433944702
150.811309423	1006.89453125	38.2261238098	33.1433944702
150.811309424	1006.89135742	38.2261238098	33.1433944702
150.811309424	1006.89135742	38.2261238098	33.1614646912
150.811309424	1006.89135742	38.0368232727	33.1614646912
150.811309425	1006.89135742	38.0368232727	33.1614646912
150.811309425	1006.89135742	38.0368232727	33.1614646912
150.811309425	1006.89135742	38.0368232727	33.1614646912
150.811309425	1006.89135742	38.0368232727	33.1614646912
150.811309425	1006.89135742	38.0368232727	33.1614646912
150.811309426	1006.89135742	38.0368232727	33.1614646912
150.811309426	1006.89135742	38.0368232727	33.1614646912
150.811309426	1006.89135742	38.0368232727	33.1614646912
150.811309426	1006.89135742	38.0368232727	33.1614646912
150.811309427	1006.89135742	38.0368232727	33.1614646912
150.811309427	1006.89135742	38.0368232727	33.1614646912
150.811309427	1006.89135742	38.0368232727	33.1614646912
150.811309427	1006.89135742	38.0368232727	33.1614646912
150.811309427	1006.89135742	38.0368232727	33.1614646912
150.811309428	1006.89501953	38.0368232727	33.1614646912
150.811309428	1006.89501953	38.0368232727	33.1614646912
150.811309428	1006.89501953	38.0368232727	33.1614646912
150.811309429	1006.89501953	38.0368232727	33.1614646912
150.811309429	1006.89501953	38.0368232727	33.1614646912
150.811309429	1006.89501953	38.0368232727	33.1614646912
150.811309429	1006.89501953	38.0368232727	33.1614646912
150.811309429	1006.89501953	38.0368232727	33.1614646912
150.81130943	1006.89501953	38.0368232727	33.1614646912
150.81130943	1006.89501953	38.0368232727	33.1614646912
150.81130943	1006.89501953	38.0368232727	33.1614646912
150.81130943	1006.89501953	38.0368232727	33.1614646912
150.811309431	1006.89501953	38.0368232727	33.1614646912
150.811309431	1006.89501953	38.0368232727	33.1614646912
150.811309431	1006.89501953	38.0368232727	33.1614646912
150.811309431	1006.89501953	38.0368232727	33.1614646912
150.811309431	1006.89501953	38.0368232727	33.1614646912
150.811309432	1006.89404297	38.0368232727	33.1614646912
150.811309432	1006.89404297	38.0368232727	33.0711212158
150.811309432	1006.89404297	36.4124832153	33.0711212158
150.811309433	1006.89404297	36.4124832153	33.0711212158
150.811309433	1006.89404297	36.4124832153	33.0711212158
150.811309433	1006.89404297	36.4124832153	33.0711212158
150.811309433	1006.89404297	36.4124832153	33.0711212158
150.811309434	1006.89404297	36.4124832153	33.0711212158
150.811309434	1006.89404297	36.4124832153	33.0711212158
150.811309434	1006.89404297	36.4124832153	33.0711212158
150.811309434	1006.89404297	36.4124832153	33.0711212158
150.811309434	1006.89404297	36.4124832153	33.0711212158
150.811309435	1006.89404297	36.4124832153	33.0711212158
150.811309435	1006.89404297	36.4124832153	33.0711212158
150.811309435	1006.89404297	36.4124832153	33.0711212158
150.811309435	1006.89404297	36.4124832153	33.0711212158
150.811309436	1006.89672852	36.4124832153	33.0711212158
150.811309436	1006.89672852	36.4124832153	33.0711212158
150.811309436	1006.89672852	36.4124832153	33.0711212158
150.811309436	1006.89672852	36.4124832153	33.0711212158
150.811309437	1006.89672852	36.4124832153	33.0711212158
150.811309437	1006.89672852	36.4124832153	33.0711212158
150.811309437	1006.89672852	36.4124832153	33.0711212158
150.811309437	1006.89672852	36.4124832153	33.0711212158
150.811309438	1006.89672852	36.4124832153	33.0711212158
150.811309438	1006.89672852	36.4124832153	33.0711212158
150.811309438	1006.89672852	36.4124832153	33.0711212158
150.811309438	1006.89672852	36.4124832153	33.0711212158
150.811309438	1006.89672852	36.4124832153	33.0711212158
150.811309439	1006.89672852	36.4124832153	33.0711212158
150.811309439	1006.89672852	36.4124832153	33.0711212158
150.811309439	1006.89672852	36.4124832153	33.0711212158
150.811309439	1006.89672852	36.4124832153	33.0711212158
150.81130944	1006.89428711	36.4124832153	33.0711212158
150.81130944	1006.89428711	36.4124832153	33.0711212158
150.81130944	1006.89428711	36.4124832153	33.0711212158
150.81130944	1006.89428711	36.4124832153	33.125328064
150.811309441	1006.89428711	34.8950119019	33.125328064
150.811309441	1006.89428711	34.8950119019	33.125328064
150.811309441	1006.89428711	34.8950119019	33.125328064
150.811309441	1006.89428711	34.8950119019	33.125328064
150.811309442	1006.89428711	34.8950119019	33.125328064
150.811309442	1006.89428711	34.8950119019	33.125328064
150.811309442	1006.89428711	34.8950119019	33.125328064
150.811309442	1006.89428711	34.8950119019	33.125328064
150.811309443	1006.89428711	34.8950119019	33.125328064
150.811309443	1006.89428711	34.8950119019	33.125328064
150.811309443	1006.89428711	34.8950119019	33.125328064
150.811309443	1006.89428711	34.8950119019	33.125328064
150.811309443	1006.89477539	34.8950119019	33.125328064
150.811309444	1006.89477539	34.8950119019	33.125328064
150.811309444	1006.89477539	34.8950119019	33.125328064
150.811309444	1006.89477539	34.8950119019	33.125328064
150.811309444	1006.89477539	34.8950119019	33.125328064
150.811309445	1006.89477539	34.8950119019	33.125328064
150.811309445	1006.89477539	34.8950119019	33.125328064
150.811309445	1006.89477539	34.8950119019	33.125328064
150.811309445	1006.89477539	34.8950119019	33.125328064
150.811309446	1006.89477539	34.8950119019	33.125328064
150.811309446	1006.89477539	34.8950119019	33.125328064
150.811309446	1006.89477539	34.8950119019	33.125328064
150.811309446	1006.89477539	34.8950119019	33.125328064
150.811309446	1006.89477539	34.8950119019	33.125328064
150.811309447	1006.89477539	34.8950119019	33.125328064
150.811309447	1006.89477539	34.8950119019	33.125328064
150.811309447	1006.89477539	34.8950119019	33.125328064
150.811309447	1006.89135742	34.8950119019	33.125328064
150.811309448	1006.89135742	34.8950119019	33.125328064
150.811309448	1006.89135742	34.8950119019	33.125328064
150.811309448	1006.89135742	34.8950119019	33.125328064
150.811309448	1006.89135742	34.8950119019	33.1614646912
150.811309449	1006.89135742	38.0490341187	33.1614646912
150.811309449	1006.89135742	38.0490341187	33.1614646912
150.811309449	1006.89135742	38.0490341187	33.1614646912
150.811309449	1006.89135742	38.0490341187	33.1614646912
150.81130945	1006.89135742	38.0490341187	33.1614646912
150.81130945	1006.89135742	38.0490341187	33.1614646912
150.81130945	1006.89135742	38.0490341187	33.1614646912
150.81130945	1006.89135742	38.0490341187	33.1614646912
150.811309451	1006.89135742	38.0490341187	33.1614646912
150.811309451	1006.89135742	38.0490341187	33.1614646912
150.811309451	1006.89135742	38.0490341187	33.1614646912
150.811309451	1006.88793945	38.0490341187	33.1614646912
150.811309452	1006.88793945	38.0490341187	33.1614646912
150.811309452	1006.88793945	38.0490341187	33.1614646912
150.811309452	1006.88793945	38.0490341187	33.1614646912
150.811309452	1006.88793945	38.0490341187	33.1614646912
150.811309453	1006.88793945	38.0490341187	33.1614646912
150.811309453	1006.88793945	38.0490341187	33.1614646912
150.811309453	1006.88793945	38.0490341187	33.1614646912
150.811309453	1006.88793945	38.0490341187	33.1614646912
150.811309453	1006.88793945	38.0490341187	33.1614646912
150.811309454	1006.88793945	38.0490341187	33.1614646912
150.811309454	1006.88793945	38.0490341187	33.1614646912
150.811309454	1006.88793945	38.0490341187	33.1614646912
150.811309454	1006.88793945	38.0490341187	33.1614646912
150.811309455	1006.88793945	38.0490341187	33.1614646912
150.811309455	1006.88793945	38.0490341187	33.1614646912
150.811309455	1006.88793945	38.0490341187	33.1614646912
150.811309455	1006.88793945	38.0490341187	33.1614646912
150.811309456	1006.88793945	38.0490341187	33.1614646912
150.811309456	1006.88793945	38.0490341187	33.1614646912
150.811309456	1006.88793945	38.0490341187	33.1614646912
150.811309456	1006.88793945	38.0490341187	33.1614646912
150.811309457	1006.88793945	38.0490341187	33.2337379456
150.811309457	1006.88793945	38.4673309326	33.2337379456
150.811309457	1006.88793945	38.4673309326	33.2337379456
150.811309457	1006.88793945	38.4673309326	33.2337379456
150.811309458	1006.88793945	38.4673309326	33.2337379456
150.811309458	1006.88793945	38.4673309326	33.2337379456
150.811309458	1006.88793945	38.4673309326	33.2337379456
150.811309458	1006.88793945	38.4673309326	33.2337379456
150.811309458	1006.88793945	38.4673309326	33.2337379456
150.811309459	1006.88793945	38.4673309326	33.2337379456
150.811309459	1006.88793945	38.4673309326	33.2337379456
150.811309459	1006.88793945	38.4673309326	33.2337379456
150.811309459	1006.88476562	38.4673309326	33.2337379456
150.81130946	1006.88476562	38.4673309326	33.2337379456
150.81130946	1006.88476562	38.4673309326	33.2337379456
150.81130946	1006.88476562	38.4673309326	33.2337379456
150.81130946	1006.88476562	38.4673309326	33.2337379456
150.811309461	1006.88476562	38.4673309326	33.2337379456
150.811309461	1006.88476562	38.4673309326	33.2337379456
150.811309461	1006.88476562	38.4673309326	33.2337379456
150.811309461	1006.88476562	38.4673309326	33.2337379456
150.811309462	1006.88476562	38.4673309326	33.2337379456
150.811309462	1006.88476562	38.4673309326	33.2337379456
150.811309462	1006.88476562	38.4673309326	33.2337379456
150.811309462	1006.88476562	38.4673309326	33.2337379456
150.811309462	1006.88476562	38.4673309326	33.2337379456
150.811309463	1006.88476562	38.4673309326	33.2337379456
150.811309463	1006.88476562	38.4673309326	33.2337379456
150.811309463	1006.88476562	38.4673309326	33.2337379456
150.811309463	1006.88769531	38.4673309326	33.2337379456
150.811309464	1006.88769531	38.4673309326	33.2337379456
150.811309464	1006.88769531	38.4673309326	33.2337379456
150.811309464	1006.88769531	38.4673309326	33.2337379456
150.811309464	1006.88769531	38.4673309326	33.2337379456
150.811309465	1006.88769531	38.4673309326	33.2337379456
150.811309465	1006.88769531	38.4673309326	33.0891914368
150.811309465	1006.88769531	34.0950546265	33.0891914368
150.811309465	1006.88769531	34.0950546265	33.0891914368
150.811309466	1006.88769531	34.0950546265	33.0891914368
150.811309466	1006.88769531	34.0950546265	33.0891914368
150.811309466	1006.88769531	34.0950546265	33.0891914368
150.811309466	1006.88769531	34.0950546265	33.0891914368
150.811309467	1006.88769531	34.0950546265	33.0891914368
150.811309467	1006.88769531	34.0950546265	33.0891914368
150.811309467	1006.88769531	34.0950546265	33.0891914368
150.811309467	1006.88818359	34.0950546265	33.0891914368
150.811309468	1006.88818359	34.0950546265	33.0891914368
150.811309468	1006.88818359	34.0950546265	33.0891914368
150.811309468	1006.88818359	34.0950546265	33.0891914368
150.811309468	1006.88818359	34.0950546265	33.0891914368
150.811309469	1006.88818359	34.0950546265	33.0891914368
150.811309469	1006.88818359	34.0950546265	33.0891914368
150.811309469	1006.88818359	34.0950546265	33.0891914368
150.811309469	1006.88818359	34.0950546265	33.0891914368
150.811309469	1006.88818359	34.0950546265	33.0891914368
150.81130947	1006.88818359	34.0950546265	33.0891914368
150.81130947	1006.88818359	34.0950546265	33.0891914368
150.81130947	1006.88818359	34.0950546265	33.0891914368
150.81130947	1006.88818359	34.0950546265	33.0891914368
150.81130947	1006.88818359	34.0950546265	33.0891914368
150.811309471	1006.88818359	34.0950546265	33.0891914368
150.811309471	1006.88818359	34.0950546265	33.0891914368
150.811309471	1006.89086914	34.0950546265	33.0891914368
150.811309472	1006.89086914	34.0950546265	33.0891914368
150.811309472	1006.89086914	34.0950546265	33.0891914368
150.811309472	1006.89086914	34.0950546265	33.0891914368
150.811309472	1006.89086914	34.0950546265	33.0891914368
150.811309472	1006.89086914	34.0950546265	33.0891914368
150.811309473	1006.89086914	34.0950546265	33.0891914368
150.811309473	1006.89086914	34.0950546265	33.0169181824
150.811309473	1006.89086914	37.4383811951	33.0169181824
150.811309474	1006.89086914	37.4383811951	33.0169181824
150.811309474	1006.89086914	37.4383811951	33.0169181824
150.811309474	1006.89086914	37.4383811951	33.0169181824
150.811309474	1006.89086914	37.4383811951	33.0169181824
150.811309474	1006.89086914	37.4383811951	33.0169181824
150.811309475	1006.89086914	37.4383811951	33.0169181824
150.811309475	1006.89086914	37.4383811951	33.0169181824
150.811309475	1006.89111328	37.4383811951	33.0169181824
150.811309475	1006.89111328	37.4383811951	33.0169181824
150.811309476	1006.89111328	37.4383811951	33.0169181824
150.811309476	1006.89111328	37.4383811951	33.0169181824
150.811309476	1006.89111328	37.4383811951	33.0169181824
150.811309476	1006.89111328	37.4383811951	33.0169181824
150.811309477	1006.89111328	37.4383811951	33.0169181824
150.811309477	1006.89111328	37.4383811951	33.0169181824
150.811309477	1006.89111328	37.4383811951	33.0169181824
150.811309477	1006.89111328	37.4383811951	33.0169181824
150.811309477	1006.89111328	37.4383811951	33.0169181824
150.811309478	1006.89111328	37.4383811951	33.0169181824
150.811309478	1006.89111328	37.4383811951	33.0169181824
150.811309478	1006.89111328	37.4383811951	33.0169181824
150.811309478	1006.89111328	37.4383811951	33.0169181824
150.811309479	1006.89111328	37.4383811951	33.0169181824
150.811309479	1006.89111328	37.4383811951	33.0169181824
150.811309479	1006.89038086	37.4383811951	33.0169181824
150.811309479	1006.89038086	37.4383811951	33.0169181824
150.81130948	1006.89038086	37.4383811951	33.0169181824
150.81130948	1006.89038086	37.4383811951	33.0169181824
150.81130948	1006.89038086	37.4383811951	33.0169181824
150.81130948	1006.89038086	37.4383811951	33.0169181824
150.811309481	1006.89038086	37.4383811951	33.0169181824
150.811309481	1006.89038086	37.4383811951	33.0169181824
150.811309481	1006.89038086	37.4383811951	33.0530548096
150.811309481	1006.89038086	37.4383811951	33.0530548096
150.811309482	1006.89038086	35.4232254028	33.0530548096
150.811309482	1006.89038086	35.4232254028	33.0530548096
150.811309482	1006.89038086	35.4232254028	33.0530548096
150.811309482	1006.89038086	35.4232254028	33.0530548096
150.811309482	1006.89038086	35.4232254028	33.0530548096
150.811309483	1006.89038086	35.4232254028	33.0530548096
150.811309483	1006.89038086	35.4232254028	33.0530548096
150.811309483	1006.88916016	35.4232254028	33.0530548096
150.811309484	1006.88916016	35.4232254028	33.0530548096
150.811309484	1006.88916016	35.4232254028	33.0530548096
150.811309484	1006.88916016	35.4232254028	33.0530548096
150.811309484	1006.88916016	35.4232254028	33.0530548096
150.811309484	1006.88916016	35.4232254028	33.0530548096
150.811309485	1006.88916016	35.4232254028	33.0530548096
150.811309485	1006.88916016	35.4232254028	33.0530548096
150.811309485	1006.88916016	35.4232254028	33.0530548096
150.811309485	1006.88916016	35.4232254028	33.0530548096
150.811309486	1006.88916016	35.4232254028	33.0530548096
150.811309486	1006.88916016	35.4232254028	33.0530548096
150.811309486	1006.88916016	35.4232254028	33.0530548096
150.811309486	1006.88916016	35.4232254028	33.0530548096
150.811309486	1006.88916016	35.4232254028	33.0530548096
150.811309487	1006.88916016	35.4232254028	33.0530548096
150.811309487	1006.88916016	35.4232254028	33.0530548096
150.811309487	1006.89477539	35.4232254028	33.0530548096
150.811309487	1006.89477539	35.4232254028	33.0530548096
150.811309488	1006.89477539	35.4232254028	33.0530548096
150.811309488	1006.89477539	35.4232254028	33.0530548096
150.811309488	1006.89477539	35.4232254028	33.0530548096
150.811309488	1006.89477539	35.4232254028	33.0530548096
150.811309489	1006.89477539	35.4232254028	33.0530548096
150.811309489	1006.89477539	35.4232254028	33.0530548096
150.811309489	1006.89477539	35.4232254028	33.0530548096
150.811309489	1006.89477539	35.4232254028	33.2156677246
150.81130949	1006.89477539	34.6599082947	33.2156677246
150.81130949	1006.89477539	34.6599082947	33.2156677246
150.81130949	1006.89477539	34.6599082947	33.2156677246
150.81130949	1006.89477539	34.6599082947	33.2156677246
150.811309491	1006.89477539	34.6599082947	33.2156677246
150.811309491	1006.89477539	34.6599082947	33.2156677246
150.811309491	1006.89331055	34.6599082947	33.2156677246
150.811309491	1006.89331055	34.6599082947	33.2156677246
150.811309492	1006.89331055	34.6599082947	33.2156677246
150.811309492	1006.89331055	34.6599082947	33.2156677246
150.811309492	1006.89331055	34.6599082947	33.2156677246
150.811309492	1006.89331055	34.6599082947	33.2156677246
150.811309493	1006.89331055	34.6599082947	33.2156677246
150.811309493	1006.89331055	34.6599082947	33.2156677246
150.811309493	1006.89331055	34.6599082947	33.2156677246
150.811309493	1006.89331055	34.6599082947	33.2156677246
150.811309493	1006.89331055	34.6599082947	33.2156677246
150.811309494	1006.89331055	34.6599082947	33.2156677246
150.811309494	1006.89331055	34.6599082947	33.2156677246
150.811309494	1006.89331055	34.6599082947	33.2156677246
150.811309494	1006.89331055	34.6599082947	33.2156677246
150.811309494	1006.89331055	34.6599082947	33.2156677246
150.811309495	1006.89331055	34.6599082947	33.2156677246
150.811309495	1006.89135742	34.6599082947	33.2156677246
150.811309495	1006.89135742	34.6599082947	33.2156677246
150.811309496	1006.89135742	34.6599082947	33.2156677246
150.811309496	1006.89135742	34.6599082947	33.2156677246
150.811309496	1006.89135742	34.6599082947	33.2156677246
150.811309496	1006.89135742	34.6599082947	33.2156677246
150.811309496	1006.89135742	34.6599082947	33.2156677246
150.811309497	1006.89135742	34.6599082947	33.2156677246
150.811309497	1006.89135742	34.6599082947	33.2156677246
150.811309497	1006.89135742	34.6599082947	33.2156677246
150.811309497	1006.89135742	34.6599082947	33.1433944702
150.811309498	1006.89135742	36.3056182861	33.1433944702
150.811309498	1006.89135742	36.3056182861	33.1433944702
150.811309498	1006.89135742	36.3056182861	33.1433944702
150.811309498	1006.89135742	36.3056182861	33.1433944702
150.811309499	1006.89135742	36.3056182861	33.1433944702
150.811309499	1006.88916016	36.3056182861	33.1433944702
150.811309499	1006.88916016	36.3056182861	33.1433944702
150.811309499	1006.88916016	36.3056182861	33.1433944702
150.8113095	1006.88916016	36.3056182861	33.1433944702
150.8113095	1006.88916016	36.3056182861	33.1433944702
150.811310704	1008.10766602	38.1508865356	33.0080413818
150.811310706	1008.109375	39.0409927368	33.0080413818
150.811310706	1008.109375	39.0409927368	33.0080413818
150.811310707	1008.109375	39.0409927368	33.0080413818
150.811310707	1008.109375	39.0409927368	33.0080413818
150.811310707	1008.109375	39.0409927368	33.0080413818
150.811310707	1008.109375	39.0409927368	33.0080413818
150.811310707	1008.109375	39.0409927368	33.0080413818
150.811310707	1008.109375	39.0409927368	33.0080413818
150.811310707	1008.109375	39.0409927368	33.0080413818
150.811310708	1008.109375	39.0409927368	33.0080413818
150.811310708	1008.109375	39.0409927368	33.0080413818
150.811310708	1008.109375	39.0409927368	33.0080413818
150.811310708	1008.109375	39.0409927368	33.0080413818
150.811310708	1008.109375	39.0409927368	33.0080413818
150.811310708	1008.109375	39.0409927368	33.0080413818
150.811310708	1008.109375	39.0409927368	33.0080413818
150.811310709	1008.109375	39.0409927368	33.0080413818
150.811310709	1008.10864258	39.0409927368	33.0080413818
150.811310709	1008.10864258	39.0409927368	33.0080413818
150.811310709	1008.10864258	39.0409927368	33.0080413818
150.811310709	1008.10864258	39.0409927368	33.0080413818
150.811310709	1008.10864258	39.0409927368	33.0080413818
150.81131071	1008.10864258	39.0409927368	33.0080413818
150.81131071	1008.10864258	39.0409927368	33.0080413818
150.81131071	1008.10864258	39.0409927368	33.0080413818
150.81131071	1008.10864258	39.0409927368	33.0080413818
150.81131071	1008.10864258	39.0409927368	33.0080413818
150.81131071	1008.10864258	39.0409927368	33.0080413818
150.81131071	1008.10864258	39.0409927368	33.0080413818
150.81131071	1008.10864258	39.0409927368	33.0080413818
150.811310711	1008.10864258	39.0409927368	33.0080413818
150.811310711	1008.10864258	39.0409927368	33.0080413818
150.811310711	1008.10864258	39.0409927368	33.0080413818
150.811310711	1008.10864258	39.0409927368	33.0080413818
150.811310711	1008.10864258	39.0409927368	33.0080413818
150.811310711	1008.10864258	39.0409927368	33.0080413818
150.811310711	1008.10864258	39.0409927368	33.0080413818
150.811310712	1008.10864258	39.0409927368	33.0080413818
150.811310712	1008.10864258	39.0409927368	33.0080413818
150.811310712	1008.10864258	39.0409927368	33.0080413818
150.811310712	1008.10864258	39.0409927368	33.0080413818
150.811310712	1008.10864258	39.0409927368	33.0080413818
150.811310712	1008.10864258	39.0409927368	33.0080413818
150.811310712	1008.10864258	39.0409927368	33.0080413818
150.811310713	1008.10864258	39.0409927368	33.0080413818
150.811310713	1008.11108398	39.0409927368	33.0080413818
150.811310713	1008.11108398	39.0409927368	33.0080413818
150.811310713	1008.11108398	39.0409927368	33.0080413818
150.811310713	1008.11108398	38.2918205261	33.0080413818
150.811310714	1008.11108398	38.2918205261	33.0080413818
150.811310714	1008.11108398	38.2918205261	33.0080413818
150.811310714	1008.11108398	38.2918205261	33.0080413818
150.811310714	1008.11108398	38.2918205261	33.0080413818
150.811310714	1008.11108398	38.2918205261	33.0080413818
150.811310714	1008.11108398	38.2918205261	33.0080413818
150.811310714	1008.11108398	38.2918205261	33.0080413818
150.811310715	1008.11108398	38.2918205261	33.0080413818
150.811310715	1008.11108398	38.2918205261	33.0080413818
150.811310715	1008.11108398	38.2918205261	33.0080413818
150.811310715	1008.11108398	38.2918205261	33.0080413818
150.811310715	1008.11108398	38.2918205261	33.0080413818
150.811310715	1008.11108398	38.2918205261	33.0080413818
150.811310715	1008.11108398	38.2918205261	33.0080413818
150.811310716	1008.11108398	38.2918205261	33.0080413818
150.811310716	1008.11108398	38.2918205261	33.0080413818
150.811310716	1008.11108398	38.2918205261	33.0080413818
150.811310716	1008.11108398	38.2918205261	33.0080413818
150.811310716	1008.11108398	38.2918205261	33.0080413818
150.811310716	1008.11108398	38.2918205261	33.0080413818
150.811310716	1008.11108398	38.2918205261	33.0080413818
150.811310717	1008.11108398	38.2918205261	33.0080413818
150.811310717	1008.11108398	38.2918205261	33.0080413818
150.811310717	1008.10522461	38.2918205261	33.0080413818
150.811310717	1008.10522461	38.2918205261	33.0080413818
150.811310717	1008.10522461	38.2918205261	33.0080413818
150.811310717	1008.10522461	38.2918205261	33.0080413818
150.811310717	1008.10522461	38.2918205261	33.0080413818
150.811310718	1008.10522461	38.2918205261	33.0080413818
150.811310718	1008.10522461	38.2918205261	33.0080413818
150.811310718	1008.10522461	38.2918205261	33.0080413818
150.811310718	1008.10522461	38.2918205261	33.0080413818
150.811310718	1008.10522461	38.2918205261	33.0080413818
150.811310718	1008.10522461	38.2918205261	33.0080413818
150.811310718	1008.10522461	38.2918205261	33.0080413818
150.811310719	1008.10522461	38.2918205261	33.0080413818
150.811310719	1008.10522461	38.2918205261	33.0080413818
150.811310719	1008.10522461	38.2918205261	33.0080413818
150.811310719	1008.10522461	38.2918205261	33.0080413818
150.811310719	1008.10522461	38.2918205261	33.0080413818
150.811310719	1008.10522461	38.2918205261	33.0080413818
150.811310719	1008.10522461	38.2918205261	33.0080413818
150.81131072	1008.10522461	38.2918205261	33.0080413818
150.81131072	1008.10522461	38.2918205261	33.0080413818
150.81131072	1008.10522461	38.2918205261	33.0080413818
150.81131072	1008.10522461	38.2918205261	33.0080413818
150.81131072	1008.10522461	38.2918205261	33.0080413818
150.81131072	1008.10522461	38.2918205261	33.0080413818
150.811310721	1008.10522461	38.2918205261	33.0080413818
150.811310721	1008.10522461	38.2918205261	33.0080413818
150.811310721	1008.10522461	38.2918205261	33.0080413818
150.811310721	1008.10449219	38.2918205261	33.0080413818
150.811310721	1008.10449219	38.2918205261	33.0080413818
150.811310721	1008.10449219	40.0646095276	33.0080413818
150.811310722	1008.10449219	40.0646095276	33.0080413818
150.811310722	1008.10449219	40.0646095276	33.0080413818
150.811310722	1008.10449219	40.0646095276	33.0080413818
150.811310722	1008.10449219	40.0646095276	33.0080413818
150.811310722	1008.10449219	40.0646095276	33.0080413818
150.811310722	1008.10449219	40.0646095276	33.0080413818
150.811310722	1008.10449219	40.0646095276	33.0080413818
150.811310723	1008.10449219	40.0646095276	33.0080413818
150.811310723	1008.10449219	40.0646095276	33.0080413818
150.811310723	1008.10449219	40.0646095276	33.0080413818
150.811310723	1008.10449219	40.0646095276	33.0080413818
150.811310723	1008.10449219	40.0646095276	33.0080413818
150.811310723	1008.10449219	40.0646095276	33.0080413818
150.811310723	1008.10449219	40.0646095276	33.0080413818
150.811310724	1008.10449219	40.0646095276	33.0080413818
150.811310724	1008.10449219	40.0646095276	33.0080413818
150.811310724	1008.10449219	40.0646095276	33.0080413818
150.811310724	1008.10449219	40.0646095276	33.0080413818
150.811310724	1008.10449219	40.0646095276	33.0080413818
150.811310724	1008.10449219	40.0646095276	33.0080413818
150.811310724	1008.10449219	40.0646095276	33.0080413818
150.811310724	1008.10449219	40.0646095276	33.0080413818
150.811310725	1008.10449219	40.0646095276	33.0080413818
150.811310725	1008.10449219	40.0646095276	33.0080413818
150.811310725	1008.10449219	40.0646095276	33.0080413818
150.811310725	1008.10742188	40.0646095276	33.0080413818
150.811310725	1008.10742188	40.0646095276	33.0080413818
150.811310725	1008.10742188	40.0646095276	33.0080413818
150.811310726	1008.10742188	40.0646095276	33.0080413818
150.811310726	1008.10742188	40.0646095276	33.0080413818
150.811310726	1008.10742188	40.0646095276	33.0080413818
150.811310726	1008.10742188	40.0646095276	33.0080413818
150.811310726	1008.10742188	40.0646095276	33.0080413818
150.811310726	1008.10742188	40.0646095276	33.0080413818
150.811310726	1008.10742188	40.0646095276	33.0080413818
150.811310726	1008.10742188	40.0646095276	33.0080413818
150.811310727	1008.10742188	40.0646095276	33.0080413818
150.811310727	1008.10742188	40.0646095276	33.0080413818
150.811310727	1008.10742188	40.0646095276	33.0080413818
150.811310727	1008.10742188	40.0646095276	33.0080413818
150.811310727	1008.10742188	40.0646095276	33.0080413818
150.811310727	1008.10742188	40.0646095276	33.0080413818
150.811310727	1008.10742188	40.0646095276	33.0080413818
150.811310728	1008.10742188	40.0646095276	33.0080413818
150.811310728	1008.10742188	40.0646095276	33.0080413818
150.811310728	1008.10742188	40.0646095276	33.0080413818
150.811310728	1008.10742188	40.0646095276	33.0080413818
150.811310728	1008.10742188	40.0646095276	33.0080413818
150.811310728	1008.10742188	40.0646095276	33.0080413818
150.811310728	1008.10742188	40.0646095276	33.0080413818
150.811310729	1008.10742188	40.0646095276	33.0080413818
150.811310729	1008.10742188	40.0646095276	33.0080413818
150.811310729	1008.10742188	40.0646095276	33.0080413818
150.811310729	1008.10742188	40.0646095276	33.0080413818
150.811310729	1008.10644531	40.0646095276	32.9715156555
150.811310729	1008.10644531	40.0646095276	32.9715156555
150.81131073	1008.10644531	39.1782150269	32.9715156555
150.81131073	1008.10644531	39.1782150269	32.9715156555
150.81131073	1008.10644531	39.1782150269	32.9715156555
150.81131073	1008.10644531	39.1782150269	32.9715156555
150.81131073	1008.10644531	39.1782150269	32.9715156555
150.81131073	1008.10644531	39.1782150269	32.9715156555
150.81131073	1008.10644531	39.1782150269	32.9715156555
150.811310731	1008.10644531	39.1782150269	32.9715156555
150.811310731	1008.10644531	39.1782150269	32.9715156555
150.811310731	1008.10644531	39.1782150269	32.9715156555
150.811310731	1008.10644531	39.1782150269	32.9715156555
150.811310731	1008.10644531	39.1782150269	32.9715156555
150.811310731	1008.10644531	39.1782150269	32.9715156555
150.811310731	1008.10644531	39.1782150269	32.9715156555
150.811310731	1008.10644531	39.1782150269	32.9715156555
150.811310732	1008.10644531	39.1782150269	32.9715156555
150.811310732	1008.10644531	39.1782150269	32.9715156555
150.811310732	1008.10644531	39.1782150269	32.9715156555
150.811310732	1008.10644531	39.1782150269	32.9715156555
150.811310732	1008.10644531	39.1782150269	32.9715156555
150.811310732	1008.10644531	39.1782150269	32.9715156555
150.811310732	1008.10644531	39.1782150269	32.9715156555
150.811310733	1008.10644531	39.1782150269	32.9715156555
150.811310733	1008.10644531	39.1782150269	32.9715156555
150.811310733	1008.10644531	39.1782150269	32.9715156555
150.811310733	1008.10644531	39.1782150269	32.9715156555
150.811310733	1008.10571289	39.1782150269	32.9715156555
150.811310733	1008.10571289	39.1782150269	32.9715156555
150.811310733	1008.10571289	39.1782150269	32.9715156555
150.811310734	1008.10571289	39.1782150269	32.9715156555
150.811310734	1008.10571289	39.1782150269	32.9715156555
150.811310734	1008.10571289	39.1782150269	32.9715156555
150.811310734	1008.10571289	39.1782150269	32.9715156555
150.811310734	1008.10571289	39.1782150269	32.9715156555
150.811310734	1008.10571289	39.1782150269	32.9715156555
150.811310734	1008.10571289	39.1782150269	32.9715156555
150.811310735	1008.10571289	39.1782150269	32.9715156555
150.811310735	1008.10571289	39.1782150269	32.9715156555
150.811310735	1008.10571289	39.1782150269	32.9715156555
150.811310735	1008.10571289	39.1782150269	32.9715156555
150.811310735	1008.10571289	39.1782150269	32.9715156555
150.811310735	1008.10571289	39.1782150269	32.9715156555
150.811310735	1008.10571289	39.1782150269	32.9715156555
150.811310736	1008.10571289	39.1782150269	32.9715156555
150.811310736	1008.10571289	39.1782150269	32.9715156555
150.811310736	1008.10571289	39.1782150269	32.9715156555
150.811310736	1008.10571289	39.1782150269	32.9715156555
150.811310736	1008.10571289	39.1782150269	32.9715156555
150.811310736	1008.10571289	39.1782150269	32.9715156555
150.811310736	1008.10571289	39.1782150269	32.9715156555
150.811310736	1008.10571289	39.1782150269	32.9715156555
150.811310737	1008.10571289	39.1782150269	32.9715156555
150.811310737	1008.10571289	39.1782150269	32.9715156555
150.811310737	1008.10571289	39.1782150269	32.9715156555
150.811310737	1008.10571289	39.1782150269	32.9715156555
150.811310737	1008.10253906	39.1782150269	32.916721344
150.811310737	1008.10253906	39.1782150269	32.916721344
150.811310738	1008.10253906	38.8963508606	32.916721344
150.811310738	1008.10253906	38.8963508606	32.916721344
150.811310738	1008.10253906	38.8963508606	32.916721344
150.811310738	1008.10253906	38.8963508606	32.916721344
150.811310738	1008.10253906	38.8963508606	32.916721344
150.811310738	1008.10253906	38.8963508606	32.916721344
150.811310738	1008.10253906	38.8963508606	32.916721344
150.811310739	1008.10253906	38.8963508606	32.916721344
150.811310739	1008.10253906	38.8963508606	32.916721344
150.811310739	1008.10253906	38.8963508606	32.916721344
150.811310739	1008.10253906	38.8963508606	32.916721344
150.811310739	1008.10253906	38.8963508606	32.916721344
150.811310739	1008.10253906	38.8963508606	32.916721344
150.811310739	1008.10253906	38.8963508606	32.916721344
150.81131074	1008.10253906	38.8963508606	32.916721344
150.81131074	1008.10253906	38.8963508606	32.916721344
150.81131074	1008.10253906	38.8963508606	32.916721344
150.81131074	1008.10253906	38.8963508606	32.916721344
150.81131074	1008.10253906	38.8963508606	32.916721344
150.81131074	1008.10253906	38.8963508606	32.916721344
150.81131074	1008.10253906	38.8963508606	32.916721344
150.811310741	1008.10253906	38.8963508606	32.916721344
150.811310741	1008.10253906	38.8963508606	32.916721344
150.811310741	1008.10253906	38.8963508606	32.916721344
150.811310741	1008.10253906	38.8963508606	32.916721344
150.811310741	1008.10253906	38.8963508606	32.916721344
150.811310741	1008.09960938	38.8963508606	32.916721344
150.811310741	1008.09960938	38.8963508606	32.916721344
150.811310742	1008.09960938	38.8963508606	32.916721344
150.811310742	1008.09960938	38.8963508606	32.916721344
150.811310742	1008.09960938	38.8963508606	32.916721344
150.811310742	1008.09960938	38.8963508606	32.916721344
150.811310742	1008.09960938	38.8963508606	32.916721344
150.811310742	1008.09960938	38.8963508606	32.916721344
150.811310742	1008.09960938	38.8963508606	32.916721344
150.811310743	1008.09960938	38.8963508606	32.916721344
150.811310743	1008.09960938	38.8963508606	32.916721344
150.811310743	1008.09960938	38.8963508606	32.916721344
150.811310743	1008.09960938	38.8963508606	32.916721344
150.811310743	1008.09960938	38.8963508606	32.916721344
150.811310743	1008.09960938	38.8963508606	32.916721344
150.811310743	1008.09960938	38.8963508606	32.916721344
150.811310743	1008.09960938	38.8963508606	32.916721344
150.811310744	1008.09960938	38.8963508606	32.916721344
150.811310744	1008.09960938	38.8963508606	32.916721344
150.811310744	1008.09960938	38.8963508606	32.916721344
150.811310744	1008.09960938	38.8963508606	32.916721344
150.811310744	1008.09960938	38.8963508606	32.916721344
150.811310744	1008.09960938	38.8963508606	32.916721344
150.811310744	1008.09960938	38.8963508606	32.916721344
150.811310745	1008.09960938	38.8963508606	32.916721344
150.811310745	1008.09960938	38.8963508606	32.916721344
150.811310745	1008.09960938	38.8963508606	32.916721344
150.811310745	1008.09960938	38.8963508606	32.916721344
150.811310745	1008.09960938	38.8963508606	32.916721344
150.811310745	1008.09765625	38.8963508606	32.9897766113
150.811310746	1008.09765625	37.972869873	32.9897766113
150.811310746	1008.09765625	37.972869873	32.9897766113
150.811310746	1008.09765625	37.972869873	32.9897766113
150.811310746	1008.09765625	37.972869873	32.9897766113
150.811310746	1008.09765625	37.972869873	32.9897766113
150.811310746	1008.09765625	37.972869873	32.9897766113
150.811310746	1008.09765625	37.972869873	32.9897766113
150.811310747	1008.09765625	37.972869873	32.9897766113
150.811310747	1008.09765625	37.972869873	32.9897766113
150.811310747	1008.09765625	37.972869873	32.9897766113
150.811310747	1008.09765625	37.972869873	32.9897766113
150.811310747	1008.09765625	37.972869873	32.9897766113
150.811310747	1008.09765625	37.972869873	32.9897766113
150.811310747	1008.09765625	37.972869873	32.9897766113
150.811310748	1008.09765625	37.972869873	32.9897766113
150.811310748	1008.09765625	37.972869873	32.9897766113
150.811310748	1008.09765625	37.972869873	32.9897766113
150.811310748	1008.09765625	37.972869873	32.9897766113
150.811310748	1008.09765625	37.972869873	32.9897766113
150.811310748	1008.09765625	37.972869873	32.9897766113
150.811310748	1008.09765625	37.972869873	32.9897766113
150.811310748	1008.09765625	37.972869873	32.9897766113
150.811310749	1008.09765625	37.972869873	32.9897766113
150.811310749	1008.09765625	37.972869873	32.9897766113
150.811310749	1008.09765625	37.972869873	32.9897766113
150.811310749	1008.09765625	37.972869873	32.9897766113
150.811310749	1008.09765625	37.972869873	32.9897766113
150.811310749	1008.09765625	37.972869873	32.9897766113
150.811310749	1008.1015625	37.972869873	32.9897766113
150.81131075	1008.1015625	37.972869873	32.9897766113
150.81131075	1008.1015625	37.972869873	32.9897766113
150.81131075	1008.1015625	37.972869873	32.9897766113
150.81131075	1008.1015625	37.972869873	32.9897766113
150.81131075	1008.1015625	37.972869873	32.9897766113
150.81131075	1008.1015625	37.972869873	32.9897766113
150.811310751	1008.1015625	37.972869873	32.9897766113
150.811310751	1008.1015625	37.972869873	32.9897766113
150.811310751	1008.1015625	37.972869873	32.9897766113
150.811310751	1008.1015625	37.972869873	32.9897766113
150.811310751	1008.1015625	37.972869873	32.9897766113
150.811310751	1008.1015625	37.972869873	32.9897766113
150.811310751	1008.1015625	37.972869873	32.9897766113
150.811310751	1008.1015625	37.972869873	32.9897766113
150.811310752	1008.1015625	37.972869873	32.9897766113
150.811310752	1008.1015625	37.972869873	32.9897766113
150.811310752	1008.1015625	37.972869873	32.9897766113
150.811310752	1008.1015625	37.972869873	32.9897766113
150.811310752	1008.1015625	37.972869873	32.9897766113
150.811310752	1008.1015625	37.972869873	32.9897766113
150.811310752	1008.1015625	37.972869873	32.9897766113
150.811310753	1008.1015625	37.972869873	32.9897766113
150.811310753	1008.1015625	37.972869873	32.9897766113
150.811310753	1008.1015625	37.972869873	32.9897766113
150.811310753	1008.1015625	37.972869873	32.9897766113
150.811310753	1008.1015625	37.972869873	32.9897766113
150.811310753	1008.1015625	37.972869873	32.9897766113
150.811310753	1008.1015625	37.972869873	32.9897766113
150.811310754	1008.09936523	39.1151657104	32.9897766113
150.811310754	1008.09936523	39.1151657104	32.9897766113
150.811310754	1008.09936523	39.1151657104	32.9897766113
150.811310754	1008.09936523	39.1151657104	32.9897766113
150.811310754	1008.09936523	39.1151657104	32.9897766113
150.811310754	1008.09936523	39.1151657104	32.9897766113
150.811310755	1008.09936523	39.1151657104	32.9897766113
150.811310755	1008.09936523	39.1151657104	32.9897766113
150.811310755	1008.09936523	39.1151657104	32.9897766113
150.811310755	1008.09936523	39.1151657104	32.9897766113
150.811310755	1008.09936523	39.1151657104	32.9897766113
150.811310755	1008.09936523	39.1151657104	32.9897766113
150.811310755	1008.09936523	39.1151657104	32.9897766113
150.811310755	1008.09936523	39.1151657104	32.9897766113
150.811310756	1008.09936523	39.1151657104	32.9897766113
150.811310756	1008.09936523	39.1151657104	32.9897766113
150.811310756	1008.09936523	39.1151657104	32.9897766113
150.811310756	1008.09936523	39.1151657104	32.9897766113
150.811310756	1008.09936523	39.1151657104	32.9897766113
150.811310756	1008.09936523	39.1151657104	32.9897766113
150.811310756	1008.09936523	39.1151657104	32.9897766113
150.811310757	1008.09936523	39.1151657104	32.9897766113
150.811310757	1008.09936523	39.1151657104	32.9897766113
150.811310757	1008.09936523	39.1151657104	32.9897766113
150.811310757	1008.09936523	39.1151657104	32.9897766113
150.811310757	1008.09936523	39.1151657104	32.9897766113
150.811310757	1008.09936523	39.1151657104	32.9897766113
150.811310757	1008.09936523	39.1151657104	32.9897766113
150.811310758	1008.10229492	39.1151657104	32.9897766113
150.811310758	1008.10229492	39.1151657104	32.9897766113
150.811310758	1008.10229492	39.1151657104	32.9897766113
150.811310758	1008.10229492	39.1151657104	32.9897766113
150.811310758	1008.10229492	39.1151657104	32.9897766113
150.811310758	1008.10229492	39.1151657104	32.9897766113
150.811310758	1008.10229492	39.1151657104	32.9897766113
150.811310759	1008.10229492	39.1151657104	32.9897766113
150.811310759	1008.10229492	39.1151657104	32.9897766113
150.811310759	1008.10229492	39.1151657104	32.9897766113
150.811310759	1008.10229492	39.1151657104	32.9897766113
150.811310759	1008.10229492	39.1151657104	32.9897766113
150.811310759	1008.10229492	39.1151657104	32.9897766113
150.811310759	1008.10229492	39.1151657104	32.9897766113
150.81131076	1008.10229492	39.1151657104	32.9897766113
150.81131076	1008.10229492	39.1151657104	32.9897766113
150.81131076	1008.10229492	39.1151657104	32.9897766113
150.81131076	1008.10229492	39.1151657104	32.9897766113
150.81131076	1008.10229492	39.1151657104	32.9897766113
150.81131076	1008.10229492	39.1151657104	32.9897766113
150.81131076	1008.10229492	39.1151657104	32.9897766113
150.811310761	1008.10229492	39.1151657104	32.9897766113
150.811310761	1008.10229492	39.1151657104	32.9897766113
150.811310761	1008.10229492	39.1151657104	32.9897766113
150.811310761	1008.10229492	39.1151657104	32.9897766113
150.811310761	1008.10229492	39.1151657104	32.9897766113
150.811310761	1008.10229492	39.1151657104	32.9897766113
150.811310761	1008.10229492	39.1151657104	32.9897766113
150.811310761	1008.10229492	39.1151657104	32.9897766113
150.811310762	1008.10229492	37.2756195068	32.9897766113
150.811310762	1008.10229492	37.2756195068	32.9897766113
150.811310762	1008.10229492	37.2756195068	32.9897766113
150.811310762	1008.10229492	37.2756195068	32.9897766113
150.811310762	1008.10229492	37.2756195068	32.9897766113
150.811310762	1008.10229492	37.2756195068	32.9897766113
150.811310763	1008.10229492	37.2756195068	32.9897766113
150.811310763	1008.10229492	37.2756195068	32.9897766113
150.811310763	1008.10229492	37.2756195068	32.9897766113
150.811310763	1008.10229492	37.2756195068	32.9897766113
150.811310763	1008.10229492	37.2756195068	32.9897766113
150.811310763	1008.10229492	37.2756195068	32.9897766113
150.811310763	1008.10229492	37.2756195068	32.9897766113
150.811310764	1008.10229492	37.2756195068	32.9897766113
150.811310764	1008.10229492	37.2756195068	32.9897766113
150.811310764	1008.10229492	37.2756195068	32.9897766113
150.811310764	1008.10229492	37.2756195068	32.9897766113
150.811310764	1008.10229492	37.2756195068	32.9897766113
150.811310764	1008.10229492	37.2756195068	32.9897766113
150.811310764	1008.10229492	37.2756195068	32.9897766113
150.811310765	1008.10229492	37.2756195068	32.9897766113
150.811310765	1008.10229492	37.2756195068	32.9897766113
150.811310765	1008.10229492	37.2756195068	32.9897766113
150.811310765	1008.10229492	37.2756195068	32.9897766113
150.811310765	1008.10229492	37.2756195068	32.9897766113
150.811310765	1008.10229492	37.2756195068	32.9897766113
150.811310765	1008.10229492	37.2756195068	32.9897766113
150.811310765	1008.10229492	37.2756195068	32.9897766113
150.811310766	1008.10327148	37.2756195068	32.9897766113
150.811310766	1008.10327148	37.2756195068	32.9897766113
150.811310766	1008.10327148	37.2756195068	32.9897766113
150.811310766	1008.10327148	37.2756195068	32.9897766113
150.811310766	1008.10327148	37.2756195068	32.9897766113
150.811310766	1008.10327148	37.2756195068	32.9897766113
150.811310767	1008.10327148	37.2756195068	32.9897766113
150.811310767	1008.10327148	37.2756195068	32.9897766113
150.811310767	1008.10327148	37.2756195068	32.9897766113
150.811310767	1008.10327148	37.2756195068	32.9897766113
150.811310767	1008.10327148	37.2756195068	32.9897766113
150.811310767	1008.10327148	37.2756195068	32.9897766113
150.811310767	1008.10327148	37.2756195068	32.9897766113
150.811310768	1008.10327148	37.2756195068	32.9897766113
150.811310768	1008.10327148	37.2756195068	32.9897766113
150.811310768	1008.10327148	37.2756195068	32.9897766113
150.811310768	1008.10327148	37.2756195068	32.9897766113
150.811310768	1008.10327148	37.2756195068	32.9897766113
150.811310768	1008.10327148	37.2756195068	32.9897766113
150.811310768	1008.10327148	37.2756195068	32.9897766113
150.811310768	1008.10327148	37.2756195068	32.9897766113
150.811310769	1008.10327148	37.2756195068	32.9897766113
150.811310769	1008.10327148	37.2756195068	32.9897766113
150.811310769	1008.10327148	37.2756195068	32.9897766113
150.811310769	1008.10327148	37.2756195068	32.9897766113
150.811310769	1008.10327148	37.2756195068	32.9897766113
150.811310769	1008.10327148	37.2756195068	32.9897766113
150.811310769	1008.10327148	37.2756195068	33.1358909607
150.81131077	1008.10327148	37.2756195068	33.1358909607
150.81131077	1008.09960938	37.1346893311	33.1358909607
150.81131077	1008.09960938	37.1346893311	33.1358909607
150.81131077	1008.09960938	37.1346893311	33.1358909607
150.81131077	1008.09960938	37.1346893311	33.1358909607
150.81131077	1008.09960938	37.1346893311	33.1358909607
150.811310771	1008.09960938	37.1346893311	33.1358909607
150.811310771	1008.09960938	37.1346893311	33.1358909607
150.811310771	1008.09960938	37.1346893311	33.1358909607
150.811310771	1008.09960938	37.1346893311	33.1358909607
150.811310771	1008.09960938	37.1346893311	33.1358909607
150.811310771	1008.09960938	37.1346893311	33.1358909607
150.811310771	1008.09960938	37.1346893311	33.1358909607
150.811310772	1008.09960938	37.1346893311	33.1358909607
150.811310772	1008.09960938	37.1346893311	33.1358909607
150.811310772	1008.09960938	37.1346893311	33.1358909607
150.811310772	1008.09960938	37.1346893311	33.1358909607
150.811310772	1008.09960938	37.1346893311	33.1358909607
150.811310772	1008.09960938	37.1346893311	33.1358909607
150.811310772	1008.09960938	37.1346893311	33.1358909607
150.811310773	1008.09960938	37.1346893311	33.1358909607
150.811310773	1008.09960938	37.1346893311	33.1358909607
150.811310773	1008.09960938	37.1346893311	33.1358909607
150.811310773	1008.09960938	37.1346893311	33.1358909607
150.811310773	1008.09960938	37.1346893311	33.1358909607
150.811310773	1008.09960938	37.1346893311	33.1358909607
150.811310773	1008.09960938	37.1346893311	33.1358909607
150.811310773	1008.09960938	37.1346893311	33.1358909607
150.811310774	1008.09960938	37.1346893311	33.1358909607
150.811310774	1008.09960938	37.1346893311	33.1358909607
150.811310774	1008.1081543	37.1346893311	33.1358909607
150.811310774	1008.1081543	37.1346893311	33.1358909607
150.811310774	1008.1081543	37.1346893311	33.1358909607
150.811310774	1008.1081543	37.1346893311	33.1358909607
150.811310775	1008.1081543	37.1346893311	33.1358909607
150.811310775	1008.1081543	37.1346893311	33.1358909607
150.811310775	1008.1081543	37.1346893311	33.1358909607
150.811310775	1008.1081543	37.1346893311	33.1358909607
150.811310775	1008.1081543	37.1346893311	33.1358909607
150.811310775	1008.1081543	37.1346893311	33.1358909607
150.811310775	1008.1081543	37.1346893311	33.1358909607
150.811310775	1008.1081543	37.1346893311	33.1358909607
150.811310776	1008.1081543	37.1346893311	33.1358909607
150.811310776	1008.1081543	37.1346893311	33.1358909607
150.811310776	1008.1081543	37.1346893311	33.1358909607
150.811310776	1008.1081543	37.1346893311	33.1358909607
150.811310776	1008.1081543	37.1346893311	33.1358909607
150.811310776	1008.1081543	37.1346893311	33.1358909607
150.811310776	1008.1081543	37.1346893311	33.1358909607
150.811310777	1008.1081543	37.1346893311	33.1358909607
150.811310777	1008.1081543	37.1346893311	33.1358909607
150.811310777	1008.1081543	37.1346893311	33.1358909607
150.811310777	1008.1081543	37.1346893311	33.1358909607
150.811310777	1008.1081543	37.1346893311	33.1358909607
150.811310777	1008.1081543	37.1346893311	33.1358909607
150.811310777	1008.1081543	37.1346893311	33.1358909607
150.811310778	1008.1081543	37.1346893311	32.9715156555
150.811310778	1008.1081543	37.1346893311	32.9715156555
150.811310778	1008.11303711	38.4772605896	32.9715156555
150.811310778	1008.11303711	38.4772605896	32.9715156555
150.811310778	1008.11303711	38.4772605896	32.9715156555
150.811310778	1008.11303711	38.4772605896	32.9715156555
150.811310779	1008.11303711	38.4772605896	32.9715156555
150.811310779	1008.11303711	38.4772605896	32.9715156555
150.811310779	1008.11303711	38.4772605896	32.9715156555
150.811310779	1008.11303711	38.4772605896	32.9715156555
150.811310779	1008.11303711	38.4772605896	32.9715156555
150.811310779	1008.11303711	38.4772605896	32.9715156555
150.811310779	1008.11303711	38.4772605896	32.9715156555
150.81131078	1008.11303711	38.4772605896	32.9715156555
150.81131078	1008.11303711	38.4772605896	32.9715156555
150.81131078	1008.11303711	38.4772605896	32.9715156555
150.81131078	1008.11303711	38.4772605896	32.9715156555
150.81131078	1008.11303711	38.4772605896	32.9715156555
150.81131078	1008.11303711	38.4772605896	32.9715156555
150.81131078	1008.11303711	38.4772605896	32.9715156555
150.81131078	1008.11303711	38.4772605896	32.9715156555
150.811310781	1008.11303711	38.4772605896	32.9715156555
150.811310781	1008.11303711	38.4772605896	32.9715156555
150.811310781	1008.11303711	38.4772605896	32.9715156555
150.811310781	1008.11303711	38.4772605896	32.9715156555
150.811310781	1008.11303711	38.4772605896	32.9715156555
150.811310781	1008.11303711	38.4772605896	32.9715156555
150.811310781	1008.11303711	38.4772605896	32.9715156555
150.811310782	1008.11303711	38.4772605896	32.9715156555
150.811310782	1008.11303711	38.4772605896	32.9715156555
150.811310782	1008.11303711	38.4772605896	32.9715156555
150.811310782	1008.11669922	38.4772605896	32.9715156555
150.811310782	1008.11669922	38.4772605896	32.9715156555
150.811310782	1008.11669922	38.4772605896	32.9715156555
150.811310782	1008.11669922	38.4772605896	32.9715156555
150.811310783	1008.11669922	38.4772605896	32.9715156555
150.811310783	1008.11669922	38.4772605896	32.9715156555
150.811310783	1008.11669922	38.4772605896	32.9715156555
150.811310783	1008.11669922	38.4772605896	32.9715156555
150.811310783	1008.11669922	38.4772605896	32.9715156555
150.811310783	1008.11669922	38.4772605896	32.9715156555
150.811310783	1008.11669922	38.4772605896	32.9715156555
150.811310784	1008.11669922	38.4772605896	32.9715156555
150.811310784	1008.11669922	38.4772605896	32.9715156555
150.811310784	1008.11669922	38.4772605896	32.9715156555
150.811310784	1008.11669922	38.4772605896	32.9715156555
150.811310784	1008.11669922	38.4772605896	32.9715156555
150.811310784	1008.11669922	38.4772605896	32.9715156555
150.811310784	1008.11669922	38.4772605896	32.9715156555
150.811310785	1008.11669922	38.4772605896	32.9715156555
150.811310785	1008.11669922	38.4772605896	32.9715156555
150.811310785	1008.11669922	38.4772605896	32.9715156555
150.811310785	1008.11669922	38.4772605896	32.9715156555
150.811310785	1008.11669922	38.4772605896	32.9715156555
150.811310785	1008.11669922	38.4772605896	32.9715156555
150.811310785	1008.11669922	38.4772605896	32.9715156555
150.811310785	1008.11669922	38.4772605896	32.9715156555
150.811310786	1008.11669922	38.4772605896	32.953250885
150.811310786	1008.11669922	36.6748008728	32.953250885
150.811310786	1008.1159668	36.6748008728	32.953250885
150.811310786	1008.1159668	36.6748008728	32.953250885
150.811310786	1008.1159668	36.6748008728	32.953250885
150.811310787	1008.1159668	36.6748008728	32.953250885
150.811310787	1008.1159668	36.6748008728	32.953250885
150.811310787	1008.1159668	36.6748008728	32.953250885
150.811310787	1008.1159668	36.6748008728	32.953250885
150.811310787	1008.1159668	36.6748008728	32.953250885
150.811310787	1008.1159668	36.6748008728	32.953250885
150.811310787	1008.1159668	36.6748008728	32.953250885
150.811310787	1008.1159668	36.6748008728	32.953250885
150.811310788	1008.1159668	36.6748008728	32.953250885
150.811310788	1008.1159668	36.6748008728	32.953250885
150.811310788	1008.1159668	36.6748008728	32.953250885
150.811310788	1008.1159668	36.6748008728	32.953250885
150.811310788	1008.1159668	36.6748008728	32.953250885
150.811310788	1008.1159668	36.6748008728	32.953250885
150.811310788	1008.1159668	36.6748008728	32.953250885
150.811310789	1008.1159668	36.6748008728	32.953250885
150.811310789	1008.1159668	36.6748008728	32.953250885
150.811310789	1008.1159668	36.6748008728	32.953250885
150.811310789	1008.1159668	36.6748008728	32.953250885
150.811310789	1008.1159668	36.6748008728	32.953250885
150.811310789	1008.1159668	36.6748008728	32.953250885
150.811310789	1008.1159668	36.6748008728	32.953250885
150.81131079	1008.1159668	36.6748008728	32.953250885
150.81131079	1008.1159668	36.6748008728	32.953250885
150.81131079	1008.1159668	36.6748008728	32.953250885
150.81131079	1008.1159668	36.6748008728	32.953250885
150.81131079	1008.11425781	36.6748008728	32.953250885
150.81131079	1008.11425781	36.6748008728	32.953250885
150.81131079	1008.11425781	36.6748008728	32.953250885
150.811310791	1008.11425781	36.6748008728	32.953250885
150.811310791	1008.11425781	36.6748008728	32.953250885
150.811310791	1008.11425781	36.6748008728	32.953250885
150.811310791	1008.11425781	36.6748008728	32.953250885
150.811310791	1008.11425781	36.6748008728	32.953250885
150.811310791	1008.11425781	36.6748008728	32.953250885
150.811310791	1008.11425781	36.6748008728	32.953250885
150.811310792	1008.11425781	36.6748008728	32.953250885
150.811310792	1008.11425781	36.6748008728	32.953250885
150.811310792	1008.11425781	36.6748008728	32.953250885
150.811310792	1008.11425781	36.6748008728	32.953250885
150.811310792	1008.11425781	36.6748008728	32.953250885
150.811310792	1008.11425781	36.6748008728	32.953250885
150.811310792	1008.11425781	36.6748008728	32.953250885
150.811310792	1008.11425781	36.6748008728	32.953250885
150.811310793	1008.11425781	36.6748008728	32.953250885
150.811310793	1008.11425781	36.6748008728	32.953250885
150.811310793	1008.11425781	36.6748008728	32.953250885
150.811310793	1008.11425781	36.6748008728	32.953250885
150.811310793	1008.11425781	36.6748008728	32.953250885
150.811310793	1008.11425781	36.6748008728	32.953250885
150.811310793	1008.11425781	36.6748008728	32.953250885
150.811310794	1008.11425781	36.6748008728	33.0628356934
150.811310794	1008.11425781	36.6748008728	33.0628356934
150.811310794	1008.11425781	37.8541870117	33.0628356934
150.811310794	1008.11694336	37.8541870117	33.0628356934
150.811310794	1008.11694336	37.8541870117	33.0628356934
150.811310794	1008.11694336	37.8541870117	33.0628356934
150.811310795	1008.11694336	37.8541870117	33.0628356934
150.811310795	1008.11694336	37.8541870117	33.0628356934
150.811310795	1008.11694336	37.8541870117	33.0628356934
150.811310795	1008.11694336	37.8541870117	33.0628356934
150.811310795	1008.11694336	37.8541870117	33.0628356934
150.811310795	1008.11694336	37.8541870117	33.0628356934
150.811310795	1008.11694336	37.8541870117	33.0628356934
150.811310796	1008.11694336	37.8541870117	33.0628356934
150.811310796	1008.11694336	37.8541870117	33.0628356934
150.811310796	1008.11694336	37.8541870117	33.0628356934
150.811310796	1008.11694336	37.8541870117	33.0628356934
150.811310796	1008.11694336	37.8541870117	33.0628356934
150.811310796	1008.11694336	37.8541870117	33.0628356934
150.811310796	1008.11694336	37.8541870117	33.0628356934
150.811310797	1008.11694336	37.8541870117	33.0628356934
150.811310797	1008.11694336	37.8541870117	33.0628356934
150.811310797	1008.11694336	37.8541870117	33.0628356934
150.811310797	1008.11694336	37.8541870117	33.0628356934
150.811310797	1008.11694336	37.8541870117	33.0628356934
150.811310797	1008.11694336	37.8541870117	33.0628356934
150.811310797	1008.11694336	37.8541870117	33.0628356934
150.811310797	1008.11694336	37.8541870117	33.0628356934
150.811310798	1008.11694336	37.8541870117	33.0628356934
150.811310798	1008.11694336	37.8541870117	33.0628356934
150.811310798	1008.11694336	37.8541870117	33.0628356934
150.811310798	1008.11694336	37.8541870117	33.0628356934
150.811310798	1008.11889648	37.8541870117	33.0628356934
150.811310798	1008.11889648	37.8541870117	33.0628356934
150.811310799	1008.11889648	37.8541870117	33.0628356934
150.811310799	1008.11889648	37.8541870117	33.0628356934
150.811310799	1008.11889648	37.8541870117	33.0628356934
150.811310799	1008.11889648	37.8541870117	33.0628356934
150.811310799	1008.11889648	37.8541870117	33.0628356934
150.811310799	1008.11889648	37.8541870117	33.0628356934
150.811310799	1008.11889648	37.8541870117	33.0628356934
150.8113108	1008.11889648	37.8541870117	33.0628356934
150.8113108	1008.11889648	37.8541870117	33.0628356934
150.8113108	1008.11889648	37.8541870117	33.0628356934
150.8113108	1008.11889648	37.8541870117	33.0628356934
150.8113108	1008.11889648	37.8541870117	33.0628356934
150.8113108	1008.11889648	37.8541870117	33.0628356934
150.8113108	1008.11889648	37.8541870117	33.0628356934
150.8113108	1008.11889648	37.8541870117	33.0628356934
150.811310801	1008.11889648	37.8541870117	33.0628356934
150.811310801	1008.11889648	37.8541870117	33.0628356934
150.811310801	1008.11889648	37.8541870117	33.0628356934
150.811310801	1008.11889648	37.8541870117	33.0628356934
150.811310801	1008.11889648	37.8541870117	33.0628356934
150.811310801	1008.11889648	37.8541870117	33.0628356934
150.811310801	1008.11889648	37.8541870117	33.0628356934
150.811310802	1008.11889648	37.8541870117	33.0628356934
150.811310802	1008.11889648	37.8541870117	32.916721344
150.811310802	1008.11889648	37.8541870117	32.916721344
150.811310802	1008.11889648	39.1151657104	32.916721344
150.811310802	1008.11889648	39.1151657104	32.916721344
150.811310802	1008.1171875	39.1151657104	32.916721344
150.811310803	1008.1171875	39.1151657104	32.916721344
150.811310803	1008.1171875	39.1151657104	32.916721344
150.811310803	1008.1171875	39.1151657104	32.916721344
150.811310803	1008.1171875	39.1151657104	32.916721344
150.811310803	1008.1171875	39.1151657104	32.916721344
150.811310803	1008.1171875	39.1151657104	32.916721344
150.811310803	1008.1171875	39.1151657104	32.916721344
150.811310804	1008.1171875	39.1151657104	32.916721344
150.811310804	1008.1171875	39.1151657104	32.916721344
150.811310804	1008.1171875	39.1151657104	32.916721344
150.811310804	1008.1171875	39.1151657104	32.916721344
150.811310804	1008.1171875	39.1151657104	32.916721344
150.811310804	1008.1171875	39.1151657104	32.916721344
150.811310804	1008.1171875	39.1151657104	32.916721344
150.811310804	1008.1171875	39.1151657104	32.916721344
150.811310805	1008.1171875	39.1151657104	32.916721344
150.811310805	1008.1171875	39.1151657104	32.916721344
150.811310805	1008.1171875	39.1151657104	32.916721344
150.811310805	1008.1171875	39.1151657104	32.916721344
150.811310805	1008.1171875	39.1151657104	32.916721344
150.811310805	1008.1171875	39.1151657104	32.916721344
150.811310805	1008.1171875	39.1151657104	32.916721344
150.811310806	1008.1171875	39.1151657104	32.916721344
150.811310806	1008.1171875	39.1151657104	32.916721344
150.811310806	1008.1171875	39.1151657104	32.916721344
150.811310806	1008.1171875	39.1151657104	32.916721344
150.811310806	1008.1171875	39.1151657104	32.916721344
150.811310806	1008.1171875	39.1151657104	32.916721344
150.811310806	1008.11108398	39.1151657104	32.916721344
150.811310807	1008.11108398	39.1151657104	32.916721344
150.811310807	1008.11108398	39.1151657104	32.916721344
150.811310807	1008.11108398	39.1151657104	32.916721344
150.811310807	1008.11108398	39.1151657104	32.916721344
150.811310807	1008.11108398	39.1151657104	32.916721344
150.811310807	1008.11108398	39.1151657104	32.916721344
150.811310807	1008.11108398	39.1151657104	32.916721344
150.811310808	1008.11108398	39.1151657104	32.916721344
150.811310808	1008.11108398	39.1151657104	32.916721344
150.811310808	1008.11108398	39.1151657104	32.916721344
150.811310808	1008.11108398	39.1151657104	32.916721344
150.811310808	1008.11108398	39.1151657104	32.916721344
150.811310808	1008.11108398	39.1151657104	32.916721344
150.811310808	1008.11108398	39.1151657104	32.916721344
150.811310809	1008.11108398	39.1151657104	32.916721344
150.811310809	1008.11108398	39.1151657104	32.916721344
150.811310809	1008.11108398	39.1151657104	32.916721344
150.811310809	1008.11108398	39.1151657104	32.916721344
150.811310809	1008.11108398	39.1151657104	32.916721344
150.811310809	1008.11108398	39.1151657104	32.916721344
150.811310809	1008.11108398	39.1151657104	32.916721344
150.81131081	1008.11108398	39.1151657104	32.916721344
150.81131081	1008.11108398	39.1151657104	32.916721344
150.81131081	1008.11108398	39.1151657104	33.0628356934
150.81131081	1008.11108398	38.2102279663	33.0628356934
150.81131081	1008.11108398	38.2102279663	33.0628356934
150.81131081	1008.11108398	38.2102279663	33.0628356934
150.81131081	1008.11083984	38.2102279663	33.0628356934
150.811310811	1008.11083984	38.2102279663	33.0628356934
150.811310811	1008.11083984	38.2102279663	33.0628356934
150.811310811	1008.11083984	38.2102279663	33.0628356934
150.811310811	1008.11083984	38.2102279663	33.0628356934
150.811310811	1008.11083984	38.2102279663	33.0628356934
150.811310811	1008.11083984	38.2102279663	33.0628356934
150.811310812	1008.11083984	38.2102279663	33.0628356934
150.811310812	1008.11083984	38.2102279663	33.0628356934
150.811310812	1008.11083984	38.2102279663	33.0628356934
150.811310812	1008.11083984	38.2102279663	33.0628356934
150.811310812	1008.11083984	38.2102279663	33.0628356934
150.811310812	1008.11083984	38.2102279663	33.0628356934
150.811310812	1008.11083984	38.2102279663	33.0628356934
150.811310812	1008.11083984	38.2102279663	33.0628356934
150.811310813	1008.11083984	38.2102279663	33.0628356934
150.811310813	1008.11083984	38.2102279663	33.0628356934
150.811310813	1008.11083984	38.2102279663	33.0628356934
150.811310813	1008.11083984	38.2102279663	33.0628356934
150.811310813	1008.11083984	38.2102279663	33.0628356934
150.811310813	1008.11083984	38.2102279663	33.0628356934
150.811310813	1008.11083984	38.2102279663	33.0628356934
150.811310814	1008.11083984	38.2102279663	33.0628356934
150.811310814	1008.11083984	38.2102279663	33.0628356934
150.811310814	1008.11083984	38.2102279663	33.0628356934
150.811310814	1008.11083984	38.2102279663	33.0628356934
150.811310814	1008.11083984	38.2102279663	33.0628356934
150.811310814	1008.11083984	38.2102279663	33.0628356934
150.811310814	1008.11083984	38.2102279663	33.0628356934
150.811310815	1008.11010742	38.2102279663	33.0628356934
150.811310815	1008.11010742	38.2102279663	33.0628356934
150.811310815	1008.11010742	38.2102279663	33.0628356934
150.811310815	1008.11010742	38.2102279663	33.0628356934
150.811310815	1008.11010742	38.2102279663	33.0628356934
150.811310815	1008.11010742	38.2102279663	33.0628356934
150.811310815	1008.11010742	38.2102279663	33.0628356934
150.811310816	1008.11010742	38.2102279663	33.0628356934
150.811310816	1008.11010742	38.2102279663	33.0628356934
150.811310816	1008.11010742	38.2102279663	33.0628356934
150.811310816	1008.11010742	38.2102279663	33.0628356934
150.811310816	1008.11010742	38.2102279663	33.0628356934
150.811310816	1008.11010742	38.2102279663	33.0628356934
150.811310816	1008.11010742	38.2102279663	33.0628356934
150.811310817	1008.11010742	38.2102279663	33.0628356934
150.811310817	1008.11010742	38.2102279663	33.0628356934
150.811310817	1008.11010742	38.2102279663	33.0628356934
150.811310817	1008.11010742	38.2102279663	33.0628356934
150.811310817	1008.11010742	38.2102279663	33.0628356934
150.811310817	1008.11010742	38.2102279663	33.0628356934
150.811310817	1008.11010742	38.2102279663	33.0628356934
150.811310817	1008.11010742	38.2102279663	33.0628356934
150.811310818	1008.11010742	38.2102279663	33.0628356934
150.811310818	1008.11010742	38.2102279663	33.0445709229
150.811310818	1008.11010742	38.2102279663	33.0445709229
150.811310818	1008.11010742	38.406791687	33.0445709229
150.811310818	1008.11010742	38.406791687	33.0445709229
150.811310818	1008.11010742	38.406791687	33.0445709229
150.811310819	1008.10742188	38.406791687	33.0445709229
150.811310819	1008.10742188	38.406791687	33.0445709229
150.811310819	1008.10742188	38.406791687	33.0445709229
150.811310819	1008.10742188	38.406791687	33.0445709229
150.811310819	1008.10742188	38.406791687	33.0445709229
150.811310819	1008.10742188	38.406791687	33.0445709229
150.811310819	1008.10742188	38.406791687	33.0445709229
150.81131082	1008.10742188	38.406791687	33.0445709229
150.81131082	1008.10742188	38.406791687	33.0445709229
150.81131082	1008.10742188	38.406791687	33.0445709229
150.81131082	1008.10742188	38.406791687	33.0445709229
150.81131082	1008.10742188	38.406791687	33.0445709229
150.81131082	1008.10742188	38.406791687	33.0445709229
