0.873007723452	1100
time	pressure	humidity	temperature
150.811165868	1007.74243164	40.0464630127	30.6389656067
150.811165868	1007.74243164	40.0464630127	30.6389656067
150.811165868	1007.74243164	40.0464630127	30.6389656067
150.811165869	1007.74243164	40.0464630127	30.6389656067
150.811165869	1007.74243164	40.0464630127	30.6389656067
150.811165869	1007.74243164	40.0464630127	30.6389656067
150.811165869	1007.74243164	40.0464630127	30.6389656067
150.81116587	1007.74243164	40.0464630127	30.6389656067
150.81116587	1007.74243164	40.0464630127	30.6389656067
150.81116587	1007.74243164	40.0464630127	30.6389656067
150.81116587	1007.74243164	40.0464630127	30.6389656067
150.81116587	1007.74243164	40.0464630127	30.6389656067
150.811165871	1007.74243164	40.0464630127	30.6389656067
150.811165871	1007.74584961	40.0464630127	30.6389656067
150.811165871	1007.74584961	40.0464630127	30.6389656067
150.811165872	1007.74584961	40.0464630127	30.6389656067
150.811165872	1007.74584961	40.0464630127	30.6389656067
150.811165872	1007.74584961	40.0464630127	30.6389656067
150.811165872	1007.74584961	40.0464630127	30.6389656067
150.811165872	1007.74584961	40.0464630127	30.6389656067
150.811165873	1007.74584961	40.0464630127	30.6389656067
150.811165873	1007.74584961	40.0464630127	30.6389656067
150.811165873	1007.74584961	40.0464630127	30.6389656067
150.811165873	1007.74584961	40.0464630127	30.6389656067
150.811165874	1007.74584961	40.0464630127	30.6389656067
150.811165874	1007.74584961	40.0464630127	30.6389656067
150.811165874	1007.74584961	40.0464630127	30.6389656067
150.811165874	1007.74584961	40.0464630127	30.6389656067
150.811165874	1007.74584961	40.0464630127	30.6389656067
150.811165875	1007.74584961	40.0464630127	30.6389656067
150.811165875	1007.74560547	40.0464630127	30.6389656067
150.811165875	1007.74560547	40.0464630127	30.6389656067
150.811165875	1007.74560547	40.0464630127	30.6389656067
150.811165876	1007.74560547	40.0464630127	30.6389656067
150.811165876	1007.74560547	38.6730422974	30.6389656067
150.811165876	1007.74560547	38.6730422974	30.6389656067
150.811165877	1007.74560547	38.6730422974	30.6389656067
150.811165877	1007.74560547	38.6730422974	30.6389656067
150.811165877	1007.74560547	38.6730422974	30.6389656067
150.811165877	1007.74560547	38.6730422974	30.6389656067
150.811165877	1007.74560547	38.6730422974	30.6389656067
150.811165878	1007.74560547	38.6730422974	30.6389656067
150.811165878	1007.74560547	38.6730422974	30.6389656067
150.811165878	1007.74560547	38.6730422974	30.6389656067
150.811165878	1007.74560547	38.6730422974	30.6389656067
150.811165879	1007.74560547	38.6730422974	30.6389656067
150.811165879	1007.74365234	38.6730422974	30.6389656067
150.811165879	1007.74365234	38.6730422974	30.6389656067
150.811165879	1007.74365234	38.6730422974	30.6389656067
150.81116588	1007.74365234	38.6730422974	30.6389656067
150.81116588	1007.74365234	38.6730422974	30.6389656067
150.81116588	1007.74365234	38.6730422974	30.6389656067
150.81116588	1007.74365234	38.6730422974	30.6389656067
150.811165881	1007.74365234	38.6730422974	30.6389656067
150.811165881	1007.74365234	38.6730422974	30.6389656067
150.811165881	1007.74365234	38.6730422974	30.6389656067
150.811165881	1007.74365234	38.6730422974	30.6389656067
150.811165881	1007.74365234	38.6730422974	30.6389656067
150.811165882	1007.74365234	38.6730422974	30.6389656067
150.811165882	1007.74365234	38.6730422974	30.6389656067
150.811165882	1007.74365234	38.6730422974	30.6389656067
150.811165882	1007.74365234	38.6730422974	30.6389656067
150.811165883	1007.74365234	38.6730422974	30.6389656067
150.811165883	1007.74511719	38.6730422974	30.6389656067
150.811165883	1007.74511719	38.6730422974	30.6389656067
150.811165883	1007.74511719	38.6730422974	30.6389656067
150.811165884	1007.74511719	38.6730422974	30.6389656067
150.811165884	1007.74511719	38.6730422974	30.6018409729
150.811165884	1007.74511719	38.839515686	30.6018409729
150.811165884	1007.74511719	38.839515686	30.6018409729
150.811165885	1007.74511719	38.839515686	30.6018409729
150.811165885	1007.74511719	38.839515686	30.6018409729
150.811165885	1007.74511719	38.839515686	30.6018409729
150.811165885	1007.74511719	38.839515686	30.6018409729
150.811165886	1007.74511719	38.839515686	30.6018409729
150.811165886	1007.74511719	38.839515686	30.6018409729
150.811165886	1007.74511719	38.839515686	30.6018409729
150.811165886	1007.74511719	38.839515686	30.6018409729
150.811165886	1007.74511719	38.839515686	30.6018409729
150.811165887	1007.74682617	38.839515686	30.6018409729
150.811165887	1007.74682617	38.839515686	30.6018409729
150.811165887	1007.74682617	38.839515686	30.6018409729
150.811165887	1007.74682617	38.839515686	30.6018409729
150.811165888	1007.74682617	38.839515686	30.6018409729
150.811165888	1007.74682617	38.839515686	30.6018409729
150.811165888	1007.74682617	38.839515686	30.6018409729
150.811165888	1007.74682617	38.839515686	30.6018409729
150.811165889	1007.74682617	38.839515686	30.6018409729
150.811165889	1007.74682617	38.839515686	30.6018409729
150.811165889	1007.74682617	38.839515686	30.6018409729
150.811165889	1007.74682617	38.839515686	30.6018409729
150.811165889	1007.74682617	38.839515686	30.6018409729
150.81116589	1007.74682617	38.839515686	30.6018409729
150.81116589	1007.74682617	38.839515686	30.6018409729
150.81116589	1007.74682617	38.839515686	30.6018409729
150.81116589	1007.74682617	38.839515686	30.6018409729
150.811165891	1007.74902344	38.839515686	30.6018409729
150.811165891	1007.74902344	38.839515686	30.6018409729
150.811165891	1007.74902344	38.839515686	30.6018409729
150.811165891	1007.74902344	38.839515686	30.6018409729
150.811165892	1007.74902344	38.839515686	30.6018409729
150.811165892	1007.74902344	38.839515686	30.5647144318
150.811165892	1007.74902344	37.5109176636	30.5647144318
150.811165893	1007.74902344	37.5109176636	30.5647144318
150.811165893	1007.74902344	37.5109176636	30.5647144318
150.811165893	1007.74902344	37.5109176636	30.5647144318
150.811165893	1007.74902344	37.5109176636	30.5647144318
150.811165893	1007.74902344	37.5109176636	30.5647144318
150.811165894	1007.74902344	37.5109176636	30.5647144318
150.811165894	1007.74902344	37.5109176636	30.5647144318
150.811165894	1007.74902344	37.5109176636	30.5647144318
150.811165894	1007.74902344	37.5109176636	30.5647144318
150.811165895	1007.74707031	37.5109176636	30.5647144318
150.811165895	1007.74707031	37.5109176636	30.5647144318
150.811165895	1007.74707031	37.5109176636	30.5647144318
150.811165895	1007.74707031	37.5109176636	30.5647144318
150.811165896	1007.74707031	37.5109176636	30.5647144318
150.811165896	1007.74707031	37.5109176636	30.5647144318
150.811165896	1007.74707031	37.5109176636	30.5647144318
150.811165896	1007.74707031	37.5109176636	30.5647144318
150.811165897	1007.74707031	37.5109176636	30.5647144318
150.811165897	1007.74707031	37.5109176636	30.5647144318
150.811165897	1007.74707031	37.5109176636	30.5647144318
150.811165897	1007.74707031	37.5109176636	30.5647144318
150.811165897	1007.74707031	37.5109176636	30.5647144318
150.811165898	1007.74707031	37.5109176636	30.5647144318
150.811165898	1007.74707031	37.5109176636	30.5647144318
150.811165898	1007.74707031	37.5109176636	30.5647144318
150.811165898	1007.74707031	37.5109176636	30.5647144318
150.811165899	1007.74926758	37.5109176636	30.5647144318
150.811165899	1007.74926758	37.5109176636	30.5647144318
150.811165899	1007.74926758	37.5109176636	30.5647144318
150.811165899	1007.74926758	37.5109176636	30.5647144318
150.8111659	1007.74926758	37.5109176636	30.5647144318
150.8111659	1007.74926758	37.5109176636	30.5647144318
150.8111659	1007.74926758	37.5109176636	30.6575279236
150.8111659	1007.74926758	38.0007400513	30.6575279236
150.811165901	1007.74926758	38.0007400513	30.6575279236
150.811165901	1007.74926758	38.0007400513	30.6575279236
150.811165901	1007.74926758	38.0007400513	30.6575279236
150.811165901	1007.74926758	38.0007400513	30.6575279236
150.811165902	1007.74926758	38.0007400513	30.6575279236
150.811165902	1007.74926758	38.0007400513	30.6575279236
150.811165902	1007.74926758	38.0007400513	30.6575279236
150.811165902	1007.74926758	38.0007400513	30.6575279236
150.811165902	1007.7487793	38.0007400513	30.6575279236
150.811165903	1007.7487793	38.0007400513	30.6575279236
150.811165903	1007.7487793	38.0007400513	30.6575279236
150.811165903	1007.7487793	38.0007400513	30.6575279236
150.811165904	1007.7487793	38.0007400513	30.6575279236
150.811165904	1007.7487793	38.0007400513	30.6575279236
150.811165904	1007.7487793	38.0007400513	30.6575279236
150.811165904	1007.7487793	38.0007400513	30.6575279236
150.811165904	1007.7487793	38.0007400513	30.6575279236
150.811165905	1007.7487793	38.0007400513	30.6575279236
150.811165905	1007.7487793	38.0007400513	30.6575279236
150.811165905	1007.7487793	38.0007400513	30.6575279236
150.811165905	1007.7487793	38.0007400513	30.6575279236
150.811165906	1007.7487793	38.0007400513	30.6575279236
150.811165906	1007.7487793	38.0007400513	30.6575279236
150.811165906	1007.7487793	38.0007400513	30.6575279236
150.811165906	1007.74951172	38.0007400513	30.6575279236
150.811165907	1007.74951172	38.0007400513	30.6575279236
150.811165907	1007.74951172	38.0007400513	30.6575279236
150.811165907	1007.74951172	38.0007400513	30.6575279236
150.811165907	1007.74951172	38.0007400513	30.6575279236
150.811165907	1007.74951172	38.0007400513	30.6575279236
150.811165908	1007.74951172	38.0007400513	30.6575279236
150.811165908	1007.74951172	38.0007400513	30.6575279236
150.811165908	1007.74951172	38.0007400513	30.6204032898
150.811165908	1007.74951172	38.0391540527	30.6204032898
150.811165909	1007.74951172	38.0391540527	30.6204032898
150.811165909	1007.74951172	38.0391540527	30.6204032898
150.811165909	1007.74951172	38.0391540527	30.6204032898
150.811165909	1007.74951172	38.0391540527	30.6204032898
150.81116591	1007.74951172	38.0391540527	30.6204032898
150.81116591	1007.74951172	38.0391540527	30.6204032898
150.81116591	1007.74951172	38.0391540527	30.6204032898
150.81116591	1007.75024414	38.0391540527	30.6204032898
150.811165911	1007.75024414	38.0391540527	30.6204032898
150.811165911	1007.75024414	38.0391540527	30.6204032898
150.811165911	1007.75024414	38.0391540527	30.6204032898
150.811165911	1007.75024414	38.0391540527	30.6204032898
150.811165912	1007.75024414	38.0391540527	30.6204032898
150.811165912	1007.75024414	38.0391540527	30.6204032898
150.811165912	1007.75024414	38.0391540527	30.6204032898
150.811165912	1007.75024414	38.0391540527	30.6204032898
150.811165912	1007.75024414	38.0391540527	30.6204032898
150.811165913	1007.75024414	38.0391540527	30.6204032898
150.811165913	1007.75024414	38.0391540527	30.6204032898
150.811165913	1007.75024414	38.0391540527	30.6204032898
150.811165913	1007.75024414	38.0391540527	30.6204032898
150.811165914	1007.75024414	38.0391540527	30.6204032898
150.811165914	1007.75024414	38.0391540527	30.6204032898
150.811165914	1007.75463867	38.0391540527	30.6204032898
150.811165914	1007.75463867	38.0391540527	30.6204032898
150.811165915	1007.75463867	38.0391540527	30.6204032898
150.811165915	1007.75463867	38.0391540527	30.6204032898
150.811165915	1007.75463867	38.0391540527	30.6204032898
150.811165915	1007.75463867	38.0391540527	30.6204032898
150.811165916	1007.75463867	38.0391540527	30.6204032898
150.811165916	1007.75463867	38.0391540527	30.6204032898
150.811165916	1007.75463867	38.0391540527	30.6204032898
150.811165916	1007.75463867	38.0391540527	30.6018409729
150.811165917	1007.75463867	38.3272857666	30.6018409729
150.811165917	1007.75463867	38.3272857666	30.6018409729
150.811165917	1007.75463867	38.3272857666	30.6018409729
150.811165917	1007.75463867	38.3272857666	30.6018409729
150.811165917	1007.75463867	38.3272857666	30.6018409729
150.811165918	1007.75463867	38.3272857666	30.6018409729
150.811165918	1007.75463867	38.3272857666	30.6018409729
150.811165918	1007.75683594	38.3272857666	30.6018409729
150.811165919	1007.75683594	38.3272857666	30.6018409729
150.811165919	1007.75683594	38.3272857666	30.6018409729
150.811165919	1007.75683594	38.3272857666	30.6018409729
150.811165919	1007.75683594	38.3272857666	30.6018409729
150.811165919	1007.75683594	38.3272857666	30.6018409729
150.81116592	1007.75683594	38.3272857666	30.6018409729
150.81116592	1007.75683594	38.3272857666	30.6018409729
150.81116592	1007.75683594	38.3272857666	30.6018409729
150.81116592	1007.75683594	38.3272857666	30.6018409729
150.811165921	1007.75683594	38.3272857666	30.6018409729
150.811165921	1007.75683594	38.3272857666	30.6018409729
150.811165921	1007.75683594	38.3272857666	30.6018409729
150.811165921	1007.75683594	38.3272857666	30.6018409729
150.811165921	1007.75683594	38.3272857666	30.6018409729
150.811165922	1007.75683594	38.3272857666	30.6018409729
150.811165922	1007.75732422	38.3272857666	30.6018409729
150.811165922	1007.75732422	38.3272857666	30.6018409729
150.811165923	1007.75732422	38.3272857666	30.6018409729
150.811165923	1007.75732422	38.3272857666	30.6018409729
150.811165923	1007.75732422	38.3272857666	30.6018409729
150.811165923	1007.75732422	38.3272857666	30.6018409729
150.811165923	1007.75732422	38.3272857666	30.6018409729
150.811165924	1007.75732422	38.3272857666	30.6018409729
150.811165924	1007.75732422	38.3272857666	30.6018409729
150.811165924	1007.75732422	38.3272857666	30.6018409729
150.811165924	1007.75732422	38.3272857666	30.6204032898
150.811165925	1007.75732422	42.1946296692	30.6204032898
150.811165925	1007.75732422	42.1946296692	30.6204032898
150.811165925	1007.75732422	42.1946296692	30.6204032898
150.811165925	1007.75732422	42.1946296692	30.6204032898
150.811165926	1007.75732422	42.1946296692	30.6204032898
150.811165926	1007.75415039	42.1946296692	30.6204032898
150.811165926	1007.75415039	42.1946296692	30.6204032898
150.811165926	1007.75415039	42.1946296692	30.6204032898
150.811165927	1007.75415039	42.1946296692	30.6204032898
150.811165927	1007.75415039	42.1946296692	30.6204032898
150.811165927	1007.75415039	42.1946296692	30.6204032898
150.811165927	1007.75415039	42.1946296692	30.6204032898
150.811165928	1007.75415039	42.1946296692	30.6204032898
150.811165928	1007.75415039	42.1946296692	30.6204032898
150.811165928	1007.75415039	42.1946296692	30.6204032898
150.811165928	1007.75415039	42.1946296692	30.6204032898
150.811165928	1007.75415039	42.1946296692	30.6204032898
150.811165929	1007.75415039	42.1946296692	30.6204032898
150.811165929	1007.75415039	42.1946296692	30.6204032898
150.811165929	1007.75415039	42.1946296692	30.6204032898
150.811165929	1007.75415039	42.1946296692	30.6204032898
150.81116593	1007.75415039	42.1946296692	30.6204032898
150.81116593	1007.75463867	42.1946296692	30.6204032898
150.81116593	1007.75463867	42.1946296692	30.6204032898
150.81116593	1007.75463867	42.1946296692	30.6204032898
150.811165931	1007.75463867	42.1946296692	30.6204032898
150.811165931	1007.75463867	42.1946296692	30.6204032898
150.811165931	1007.75463867	42.1946296692	30.6204032898
150.811165931	1007.75463867	42.1946296692	30.6204032898
150.811165931	1007.75463867	42.1946296692	30.6204032898
150.811165932	1007.75463867	42.1946296692	30.6204032898
150.811165932	1007.75463867	42.1946296692	30.6204032898
150.811165932	1007.75463867	42.1946296692	30.6204032898
150.811165932	1007.75463867	42.1946296692	30.5647144318
150.811165933	1007.75463867	39.3997688293	30.5647144318
150.811165933	1007.75463867	39.3997688293	30.5647144318
150.811165933	1007.75463867	39.3997688293	30.5647144318
150.811165933	1007.75463867	39.3997688293	30.5647144318
150.811165934	1007.75463867	39.3997688293	30.5647144318
150.811165934	1007.75317383	39.3997688293	30.5647144318
150.811165934	1007.75317383	39.3997688293	30.5647144318
150.811165935	1007.75317383	39.3997688293	30.5647144318
150.811165935	1007.75317383	39.3997688293	30.5647144318
150.811165935	1007.75317383	39.3997688293	30.5647144318
150.811165935	1007.75317383	39.3997688293	30.5647144318
150.811165935	1007.75317383	39.3997688293	30.5647144318
150.811165936	1007.75317383	39.3997688293	30.5647144318
150.811165936	1007.75317383	39.3997688293	30.5647144318
150.811165936	1007.75317383	39.3997688293	30.5647144318
150.811165936	1007.75317383	39.3997688293	30.5647144318
150.811165937	1007.75317383	39.3997688293	30.5647144318
150.811165937	1007.75317383	39.3997688293	30.5647144318
150.811165937	1007.75317383	39.3997688293	30.5647144318
150.811165937	1007.75317383	39.3997688293	30.5647144318
150.811165937	1007.75317383	39.3997688293	30.5647144318
150.811165938	1007.75292969	39.3997688293	30.5647144318
150.811165938	1007.75292969	39.3997688293	30.5647144318
150.811165938	1007.75292969	39.3997688293	30.5647144318
150.811165938	1007.75292969	39.3997688293	30.5647144318
150.811165939	1007.75292969	39.3997688293	30.5647144318
150.811165939	1007.75292969	39.3997688293	30.5647144318
150.811165939	1007.75292969	39.3997688293	30.5647144318
150.811165939	1007.75292969	39.3997688293	30.5647144318
150.81116594	1007.75292969	39.3997688293	30.5647144318
150.81116594	1007.75292969	39.3997688293	30.5647144318
150.81116594	1007.75292969	39.3997688293	30.5647144318
150.81116594	1007.75292969	39.3997688293	30.5647144318
150.81116594	1007.75292969	39.3997688293	30.5090255737
150.811165941	1007.75292969	42.3451004028	30.5090255737
150.811165941	1007.75292969	42.3451004028	30.5090255737
150.811165941	1007.75292969	42.3451004028	30.5090255737
150.811165942	1007.75292969	42.3451004028	30.5090255737
150.811165942	1007.75561523	42.3451004028	30.5090255737
150.811165942	1007.75561523	42.3451004028	30.5090255737
150.811165942	1007.75561523	42.3451004028	30.5090255737
150.811165943	1007.75561523	42.3451004028	30.5090255737
150.811165943	1007.75561523	42.3451004028	30.5090255737
150.811165943	1007.75561523	42.3451004028	30.5090255737
150.811165943	1007.75561523	42.3451004028	30.5090255737
150.811165943	1007.75561523	42.3451004028	30.5090255737
150.811165944	1007.75561523	42.3451004028	30.5090255737
150.811165944	1007.75561523	42.3451004028	30.5090255737
150.811165944	1007.75561523	42.3451004028	30.5090255737
150.811165944	1007.75561523	42.3451004028	30.5090255737
150.811165945	1007.75561523	42.3451004028	30.5090255737
150.811165945	1007.75561523	42.3451004028	30.5090255737
150.811165945	1007.75561523	42.3451004028	30.5090255737
150.811165945	1007.75561523	42.3451004028	30.5090255737
150.811165945	1007.76147461	42.3451004028	30.5090255737
150.811165946	1007.76147461	42.3451004028	30.5090255737
150.811165946	1007.76147461	42.3451004028	30.5090255737
150.811165946	1007.76147461	42.3451004028	30.5090255737
150.811165947	1007.76147461	42.3451004028	30.5090255737
150.811165947	1007.76147461	42.3451004028	30.5090255737
150.811165947	1007.76147461	42.3451004028	30.5090255737
150.811165947	1007.76147461	42.3451004028	30.5090255737
150.811165947	1007.76147461	42.3451004028	30.5090255737
150.811165948	1007.76147461	42.3451004028	30.5090255737
150.811165948	1007.76147461	42.3451004028	30.5090255737
150.811165948	1007.76147461	42.3451004028	30.5090255737
150.811165948	1007.76147461	42.3451004028	30.5090255737
150.811165949	1007.76147461	42.3451004028	30.6204032898
150.811165949	1007.76147461	42.7644882202	30.6204032898
150.811165949	1007.76147461	42.7644882202	30.6204032898
150.811165949	1007.76196289	42.7644882202	30.6204032898
150.81116595	1007.76196289	42.7644882202	30.6204032898
150.81116595	1007.76196289	42.7644882202	30.6204032898
150.81116595	1007.76196289	42.7644882202	30.6204032898
150.81116595	1007.76196289	42.7644882202	30.6204032898
150.811165951	1007.76196289	42.7644882202	30.6204032898
150.811165951	1007.76196289	42.7644882202	30.6204032898
150.811165951	1007.76196289	42.7644882202	30.6204032898
150.811165951	1007.76196289	42.7644882202	30.6204032898
150.811165952	1007.76196289	42.7644882202	30.6204032898
150.811165952	1007.76196289	42.7644882202	30.6204032898
150.811165952	1007.76196289	42.7644882202	30.6204032898
150.811165952	1007.76196289	42.7644882202	30.6204032898
150.811165952	1007.76196289	42.7644882202	30.6204032898
150.811165953	1007.76196289	42.7644882202	30.6204032898
150.811165953	1007.76196289	42.7644882202	30.6204032898
150.811165953	1007.76196289	42.7644882202	30.6204032898
150.811165953	1007.75927734	42.7644882202	30.6204032898
150.811165954	1007.75927734	42.7644882202	30.6204032898
150.811165954	1007.75927734	42.7644882202	30.6204032898
150.811165954	1007.75927734	42.7644882202	30.6204032898
150.811165954	1007.75927734	42.7644882202	30.6204032898
150.811165955	1007.75927734	42.7644882202	30.6204032898
150.811165955	1007.75927734	42.7644882202	30.6204032898
150.811165955	1007.75927734	42.7644882202	30.6204032898
150.811165955	1007.75927734	42.7644882202	30.6204032898
150.811165956	1007.75927734	42.7644882202	30.6204032898
150.811165956	1007.75927734	42.7644882202	30.6204032898
150.811165956	1007.75927734	42.7644882202	30.6204032898
150.811165956	1007.75927734	42.7644882202	30.6204032898
150.811165956	1007.75927734	42.7644882202	30.6204032898
150.811165957	1007.75927734	42.7644882202	30.6018409729
150.811165957	1007.75927734	39.5790519714	30.6018409729
150.811165957	1007.7578125	39.5790519714	30.6018409729
150.811165958	1007.7578125	39.5790519714	30.6018409729
150.811165958	1007.7578125	39.5790519714	30.6018409729
150.811165958	1007.7578125	39.5790519714	30.6018409729
150.811165958	1007.7578125	39.5790519714	30.6018409729
150.811165959	1007.7578125	39.5790519714	30.6018409729
150.811165959	1007.7578125	39.5790519714	30.6018409729
150.811165959	1007.7578125	39.5790519714	30.6018409729
150.811165959	1007.7578125	39.5790519714	30.6018409729
150.811165959	1007.7578125	39.5790519714	30.6018409729
150.81116596	1007.7578125	39.5790519714	30.6018409729
150.81116596	1007.7578125	39.5790519714	30.6018409729
150.81116596	1007.7578125	39.5790519714	30.6018409729
150.81116596	1007.7578125	39.5790519714	30.6018409729
150.811165961	1007.7578125	39.5790519714	30.6018409729
150.811165961	1007.7578125	39.5790519714	30.6018409729
150.811165961	1007.7578125	39.5790519714	30.6018409729
150.811165961	1007.7578125	39.5790519714	30.6018409729
150.811165962	1007.7578125	39.5790519714	30.6018409729
150.811165962	1007.7578125	39.5790519714	30.6018409729
150.811165962	1007.7578125	39.5790519714	30.6018409729
150.811165962	1007.7578125	39.5790519714	30.6018409729
150.811165963	1007.7578125	39.5790519714	30.6018409729
150.811165963	1007.7578125	39.5790519714	30.6018409729
150.811165963	1007.7578125	39.5790519714	30.6018409729
150.811165963	1007.7578125	39.5790519714	30.6018409729
150.811165963	1007.7578125	39.5790519714	30.6018409729
150.811165964	1007.7578125	39.5790519714	30.6018409729
150.811165964	1007.7578125	39.5790519714	30.6018409729
150.811165964	1007.7578125	39.5790519714	30.6018409729
150.811165964	1007.7578125	39.5790519714	30.6018409729
150.811165964	1007.7578125	39.5790519714	30.6018409729
150.811165965	1007.7578125	39.5790519714	30.5461521149
150.811165965	1007.7578125	41.4134788513	30.5461521149
150.811165965	1007.76318359	41.4134788513	30.5461521149
150.811165966	1007.76318359	41.4134788513	30.5461521149
150.811165966	1007.76318359	41.4134788513	30.5461521149
150.811165966	1007.76318359	41.4134788513	30.5461521149
150.811165966	1007.76318359	41.4134788513	30.5461521149
150.811165967	1007.76318359	41.4134788513	30.5461521149
150.811165967	1007.76318359	41.4134788513	30.5461521149
150.811165967	1007.76318359	41.4134788513	30.5461521149
150.811165967	1007.76318359	41.4134788513	30.5461521149
150.811165968	1007.76318359	41.4134788513	30.5461521149
150.811165968	1007.76318359	41.4134788513	30.5461521149
150.811165968	1007.76318359	41.4134788513	30.5461521149
150.811165968	1007.76318359	41.4134788513	30.5461521149
150.811165968	1007.76318359	41.4134788513	30.5461521149
150.811165969	1007.76318359	41.4134788513	30.5461521149
150.811165969	1007.76318359	41.4134788513	30.5461521149
150.811165969	1007.76367188	41.4134788513	30.5461521149
150.811165969	1007.76367188	41.4134788513	30.5461521149
150.81116597	1007.76367188	41.4134788513	30.5461521149
150.81116597	1007.76367188	41.4134788513	30.5461521149
150.81116597	1007.76367188	41.4134788513	30.5461521149
150.81116597	1007.76367188	41.4134788513	30.5461521149
150.811165971	1007.76367188	41.4134788513	30.5461521149
150.811165971	1007.76367188	41.4134788513	30.5461521149
150.811165971	1007.76367188	41.4134788513	30.5461521149
150.811165971	1007.76367188	41.4134788513	30.5461521149
150.811165971	1007.76367188	41.4134788513	30.5461521149
150.811165972	1007.76367188	41.4134788513	30.5461521149
150.811165972	1007.76367188	41.4134788513	30.5461521149
150.811165972	1007.76367188	41.4134788513	30.5461521149
150.811165972	1007.76367188	41.4134788513	30.5461521149
150.811165973	1007.76367188	41.4134788513	30.5461521149
150.811165973	1007.76367188	41.4134788513	30.6018409729
150.811165973	1007.76757812	41.2822189331	30.6018409729
150.811165974	1007.76757812	41.2822189331	30.6018409729
150.811165974	1007.76757812	41.2822189331	30.6018409729
150.811165974	1007.76757812	41.2822189331	30.6018409729
150.811165974	1007.76757812	41.2822189331	30.6018409729
150.811165975	1007.76757812	41.2822189331	30.6018409729
150.811165975	1007.76757812	41.2822189331	30.6018409729
150.811165975	1007.76757812	41.2822189331	30.6018409729
150.811165975	1007.76757812	41.2822189331	30.6018409729
150.811165975	1007.76757812	41.2822189331	30.6018409729
150.811165976	1007.76757812	41.2822189331	30.6018409729
150.811165976	1007.76757812	41.2822189331	30.6018409729
150.811165976	1007.76757812	41.2822189331	30.6018409729
150.811165976	1007.76757812	41.2822189331	30.6018409729
150.811165977	1007.76757812	41.2822189331	30.6018409729
150.811165977	1007.76757812	41.2822189331	30.6018409729
150.811165977	1007.7722168	41.2822189331	30.6018409729
150.811165977	1007.7722168	41.2822189331	30.6018409729
150.811165978	1007.7722168	41.2822189331	30.6018409729
150.811165978	1007.7722168	41.2822189331	30.6018409729
150.811165978	1007.7722168	41.2822189331	30.6018409729
150.811165978	1007.7722168	41.2822189331	30.6018409729
150.811165978	1007.7722168	41.2822189331	30.6018409729
150.811165979	1007.7722168	41.2822189331	30.6018409729
150.811165979	1007.7722168	41.2822189331	30.6018409729
150.811165979	1007.7722168	41.2822189331	30.6018409729
150.811165979	1007.7722168	41.2822189331	30.6018409729
150.81116598	1007.7722168	41.2822189331	30.6018409729
150.81116598	1007.7722168	41.2822189331	30.6018409729
150.81116598	1007.7722168	41.2822189331	30.6018409729
150.81116598	1007.7722168	41.2822189331	30.6018409729
150.81116598	1007.7722168	41.2822189331	30.6018409729
150.811165981	1007.7722168	41.2822189331	30.6018409729
150.811165981	1007.77099609	41.2822189331	30.6018409729
150.811165981	1007.77099609	41.8488769531	30.6018409729
150.811165982	1007.77099609	41.8488769531	30.6018409729
150.811165982	1007.77099609	41.8488769531	30.6018409729
150.811165982	1007.77099609	41.8488769531	30.6018409729
150.811165982	1007.77099609	41.8488769531	30.6018409729
150.811165983	1007.77099609	41.8488769531	30.6018409729
150.811165983	1007.77099609	41.8488769531	30.6018409729
150.811165983	1007.77099609	41.8488769531	30.6018409729
150.811165983	1007.77099609	41.8488769531	30.6018409729
150.811165983	1007.77099609	41.8488769531	30.6018409729
150.811165984	1007.77099609	41.8488769531	30.6018409729
150.811165984	1007.77099609	41.8488769531	30.6018409729
150.811165984	1007.77099609	41.8488769531	30.6018409729
150.811165984	1007.77099609	41.8488769531	30.6018409729
150.811165985	1007.77099609	41.8488769531	30.6018409729
150.811165985	1007.77661133	41.8488769531	30.6018409729
150.811165985	1007.77661133	41.8488769531	30.6018409729
150.811165985	1007.77661133	41.8488769531	30.6018409729
150.811165986	1007.77661133	41.8488769531	30.6018409729
150.811165986	1007.77661133	41.8488769531	30.6018409729
150.811165986	1007.77661133	41.8488769531	30.6018409729
150.811165986	1007.77661133	41.8488769531	30.6018409729
150.811165987	1007.77661133	41.8488769531	30.6018409729
150.811165987	1007.77661133	41.8488769531	30.6018409729
150.811165987	1007.77661133	41.8488769531	30.6018409729
150.811165987	1007.77661133	41.8488769531	30.6018409729
150.811165987	1007.77661133	41.8488769531	30.6018409729
150.811165988	1007.77661133	41.8488769531	30.6018409729
150.811165988	1007.77661133	41.8488769531	30.6018409729
150.811165988	1007.77661133	41.8488769531	30.6018409729
150.811165988	1007.77661133	41.8488769531	30.6018409729
150.811165989	1007.77661133	41.8488769531	30.6018409729
150.811165989	1007.77856445	41.8488769531	30.6575279236
150.811165989	1007.77856445	41.8488769531	30.6575279236
150.81116599	1007.77856445	40.6995544434	30.6575279236
150.81116599	1007.77856445	40.6995544434	30.6575279236
150.81116599	1007.77856445	40.6995544434	30.6575279236
150.81116599	1007.77856445	40.6995544434	30.6575279236
150.81116599	1007.77856445	40.6995544434	30.6575279236
150.811165991	1007.77856445	40.6995544434	30.6575279236
150.811165991	1007.77856445	40.6995544434	30.6575279236
150.811165991	1007.77856445	40.6995544434	30.6575279236
150.811165991	1007.77856445	40.6995544434	30.6575279236
150.811165992	1007.77856445	40.6995544434	30.6575279236
150.811165992	1007.77856445	40.6995544434	30.6575279236
150.811165992	1007.77856445	40.6995544434	30.6575279236
150.811165992	1007.77856445	40.6995544434	30.6575279236
150.811165992	1007.77856445	40.6995544434	30.6575279236
150.811165993	1007.77514648	40.6995544434	30.6575279236
150.811165993	1007.77514648	40.6995544434	30.6575279236
150.811165993	1007.77514648	40.6995544434	30.6575279236
150.811165994	1007.77514648	40.6995544434	30.6575279236
150.811165994	1007.77514648	40.6995544434	30.6575279236
150.811165994	1007.77514648	40.6995544434	30.6575279236
150.811165994	1007.77514648	40.6995544434	30.6575279236
150.811165994	1007.77514648	40.6995544434	30.6575279236
150.811165995	1007.77514648	40.6995544434	30.6575279236
150.811165995	1007.77514648	40.6995544434	30.6575279236
150.811165995	1007.77514648	40.6995544434	30.6575279236
150.811165995	1007.77514648	40.6995544434	30.6575279236
150.811165996	1007.77514648	40.6995544434	30.6575279236
150.811165996	1007.77514648	40.6995544434	30.6575279236
150.811165996	1007.77514648	40.6995544434	30.6575279236
150.811165996	1007.77514648	40.6995544434	30.6575279236
150.811165996	1007.77514648	40.6995544434	30.6575279236
150.811165997	1007.77392578	40.6995544434	30.6575279236
150.811165997	1007.77392578	40.6995544434	30.5275878906
150.811165997	1007.77392578	40.6995544434	30.5275878906
150.811165998	1007.77392578	39.7807426453	30.5275878906
150.811165998	1007.77392578	39.7807426453	30.5275878906
150.811165998	1007.77392578	39.7807426453	30.5275878906
150.811165998	1007.77392578	39.7807426453	30.5275878906
150.811165999	1007.77392578	39.7807426453	30.5275878906
150.811165999	1007.77392578	39.7807426453	30.5275878906
150.81116663	1009.16381836	41.6327056885	30.1666679382
150.811166632	1009.16381836	41.6327056885	30.1666679382
150.811166632	1009.16381836	41.6327056885	30.1666679382
150.811166632	1009.16381836	41.6327056885	30.1666679382
150.811166632	1009.16381836	41.6327056885	30.1666679382
150.811166633	1009.16381836	41.6327056885	30.1666679382
150.811166633	1009.16381836	41.6327056885	30.1666679382
150.811166633	1009.16381836	41.6327056885	30.1666679382
150.811166633	1009.16381836	41.6327056885	30.1666679382
150.811166633	1009.16381836	41.6327056885	30.1666679382
150.811166633	1009.16381836	41.6327056885	30.1666679382
150.811166633	1009.16381836	41.6327056885	30.1666679382
150.811166634	1009.16381836	41.6327056885	30.1666679382
150.811166634	1009.16455078	41.6327056885	30.1666679382
150.811166634	1009.16455078	41.6327056885	30.1666679382
150.811166634	1009.16455078	41.6327056885	30.1666679382
150.811166634	1009.16455078	41.6327056885	30.1666679382
150.811166634	1009.16455078	41.6327056885	30.1666679382
150.811166634	1009.16455078	41.6327056885	30.1666679382
150.811166635	1009.16455078	41.6327056885	30.1666679382
150.811166635	1009.16455078	41.6327056885	30.1666679382
150.811166635	1009.16455078	41.6327056885	30.1666679382
150.811166635	1009.16455078	41.6327056885	30.1666679382
150.811166635	1009.16455078	41.6327056885	30.1666679382
150.811166635	1009.16455078	41.6327056885	30.1666679382
150.811166635	1009.16455078	41.6327056885	30.1666679382
150.811166636	1009.16455078	41.6327056885	30.1666679382
150.811166636	1009.16455078	41.6327056885	30.1666679382
150.811166636	1009.16455078	41.6327056885	30.1666679382
150.811166636	1009.16455078	41.6327056885	30.1666679382
150.811166636	1009.16455078	41.6327056885	30.1666679382
150.811166636	1009.16455078	41.6327056885	30.1666679382
150.811166636	1009.16455078	41.6327056885	30.1666679382
150.811166636	1009.16455078	41.6327056885	30.1666679382
150.811166637	1009.16455078	41.6327056885	30.1666679382
150.811166637	1009.16455078	41.6327056885	30.1666679382
150.811166637	1009.16455078	41.6327056885	30.1666679382
150.811166637	1009.16455078	41.6327056885	30.094203949
150.811166637	1009.16455078	41.6327056885	30.094203949
150.811166637	1009.16455078	40.3104248047	30.094203949
150.811166638	1009.16455078	40.3104248047	30.094203949
150.811166638	1009.16455078	40.3104248047	30.094203949
150.811166638	1009.16943359	40.3104248047	30.094203949
150.811166638	1009.16943359	40.3104248047	30.094203949
150.811166638	1009.16943359	40.3104248047	30.094203949
150.811166638	1009.16943359	40.3104248047	30.094203949
150.811166638	1009.16943359	40.3104248047	30.094203949
150.811166639	1009.16943359	40.3104248047	30.094203949
150.811166639	1009.16943359	40.3104248047	30.094203949
150.811166639	1009.16943359	40.3104248047	30.094203949
150.811166639	1009.16943359	40.3104248047	30.094203949
150.811166639	1009.16943359	40.3104248047	30.094203949
150.811166639	1009.16943359	40.3104248047	30.094203949
150.811166639	1009.16943359	40.3104248047	30.094203949
150.81116664	1009.16943359	40.3104248047	30.094203949
150.81116664	1009.16943359	40.3104248047	30.094203949
150.81116664	1009.16943359	40.3104248047	30.094203949
150.81116664	1009.16943359	40.3104248047	30.094203949
150.81116664	1009.16943359	40.3104248047	30.094203949
150.81116664	1009.16943359	40.3104248047	30.094203949
150.81116664	1009.16943359	40.3104248047	30.094203949
150.811166641	1009.16943359	40.3104248047	30.094203949
150.811166641	1009.16943359	40.3104248047	30.094203949
150.811166641	1009.16943359	40.3104248047	30.094203949
150.811166641	1009.16943359	40.3104248047	30.094203949
150.811166641	1009.16943359	40.3104248047	30.094203949
150.811166641	1009.16943359	40.3104248047	30.094203949
150.811166641	1009.16943359	40.3104248047	30.094203949
150.811166641	1009.16943359	40.3104248047	30.094203949
150.811166642	1009.16943359	40.3104248047	30.094203949
150.811166642	1009.16430664	40.3104248047	30.094203949
150.811166642	1009.16430664	40.3104248047	30.094203949
150.811166642	1009.16430664	40.3104248047	30.094203949
150.811166642	1009.16430664	40.3104248047	30.094203949
150.811166642	1009.16430664	40.3104248047	30.094203949
150.811166643	1009.16430664	40.3104248047	30.094203949
150.811166643	1009.16430664	40.3104248047	30.094203949
150.811166643	1009.16430664	40.3104248047	30.094203949
150.811166643	1009.16430664	40.3104248047	30.094203949
150.811166643	1009.16430664	40.3104248047	30.094203949
150.811166643	1009.16430664	40.3104248047	30.094203949
150.811166643	1009.16430664	40.3104248047	30.094203949
150.811166644	1009.16430664	40.3104248047	30.094203949
150.811166644	1009.16430664	40.3104248047	30.094203949
150.811166644	1009.16430664	40.3104248047	30.094203949
150.811166644	1009.16430664	40.3104248047	30.094203949
150.811166644	1009.16430664	40.3104248047	30.094203949
150.811166644	1009.16430664	40.3104248047	30.094203949
150.811166644	1009.16430664	40.3104248047	30.094203949
150.811166644	1009.16430664	40.3104248047	30.094203949
150.811166645	1009.16430664	40.3104248047	30.094203949
150.811166645	1009.16430664	40.3104248047	30.094203949
150.811166645	1009.16430664	40.3104248047	30.094203949
150.811166645	1009.16430664	40.3104248047	30.0760879517
150.811166645	1009.16430664	40.3104248047	30.0760879517
150.811166645	1009.16430664	40.7915496826	30.0760879517
150.811166646	1009.16430664	40.7915496826	30.0760879517
150.811166646	1009.16430664	40.7915496826	30.0760879517
150.811166646	1009.17358398	40.7915496826	30.0760879517
150.811166646	1009.17358398	40.7915496826	30.0760879517
150.811166646	1009.17358398	40.7915496826	30.0760879517
150.811166646	1009.17358398	40.7915496826	30.0760879517
150.811166646	1009.17358398	40.7915496826	30.0760879517
150.811166647	1009.17358398	40.7915496826	30.0760879517
150.811166647	1009.17358398	40.7915496826	30.0760879517
150.811166647	1009.17358398	40.7915496826	30.0760879517
150.811166647	1009.17358398	40.7915496826	30.0760879517
150.811166647	1009.17358398	40.7915496826	30.0760879517
150.811166647	1009.17358398	40.7915496826	30.0760879517
150.811166647	1009.17358398	40.7915496826	30.0760879517
150.811166648	1009.17358398	40.7915496826	30.0760879517
150.811166648	1009.17358398	40.7915496826	30.0760879517
150.811166648	1009.17358398	40.7915496826	30.0760879517
150.811166648	1009.17358398	40.7915496826	30.0760879517
150.811166648	1009.17358398	40.7915496826	30.0760879517
150.811166648	1009.17358398	40.7915496826	30.0760879517
150.811166648	1009.17358398	40.7915496826	30.0760879517
150.811166649	1009.17358398	40.7915496826	30.0760879517
150.811166649	1009.17358398	40.7915496826	30.0760879517
150.811166649	1009.17358398	40.7915496826	30.0760879517
150.811166649	1009.17358398	40.7915496826	30.0760879517
150.811166649	1009.17358398	40.7915496826	30.0760879517
150.811166649	1009.17358398	40.7915496826	30.0760879517
150.811166649	1009.17358398	40.7915496826	30.0760879517
150.811166649	1009.17358398	40.7915496826	30.0760879517
150.81116665	1009.17358398	40.7915496826	30.0760879517
150.81116665	1009.17358398	40.7915496826	30.0760879517
150.81116665	1009.18188477	40.7915496826	30.0760879517
150.81116665	1009.18188477	40.7915496826	30.0760879517
150.81116665	1009.18188477	40.7915496826	30.0760879517
150.81116665	1009.18188477	40.7915496826	30.0760879517
150.811166651	1009.18188477	40.7915496826	30.0760879517
150.811166651	1009.18188477	40.7915496826	30.0760879517
150.811166651	1009.18188477	40.7915496826	30.0760879517
150.811166651	1009.18188477	40.7915496826	30.0760879517
150.811166651	1009.18188477	40.7915496826	30.0760879517
150.811166651	1009.18188477	40.7915496826	30.0760879517
150.811166651	1009.18188477	40.7915496826	30.0760879517
150.811166651	1009.18188477	40.7915496826	30.0760879517
150.811166652	1009.18188477	40.7915496826	30.0760879517
150.811166652	1009.18188477	40.7915496826	30.0760879517
150.811166652	1009.18188477	40.7915496826	30.0760879517
150.811166652	1009.18188477	40.7915496826	30.0760879517
150.811166652	1009.18188477	40.7915496826	30.0760879517
150.811166652	1009.18188477	40.7915496826	30.0760879517
150.811166652	1009.18188477	40.7915496826	30.0760879517
150.811166653	1009.18188477	40.7915496826	30.0760879517
150.811166653	1009.18188477	40.7915496826	30.0760879517
150.811166653	1009.18188477	40.7915496826	29.9855079651
150.811166653	1009.18188477	40.7915496826	29.9855079651
150.811166653	1009.18188477	40.873374939	29.9855079651
150.811166653	1009.18188477	40.873374939	29.9855079651
150.811166654	1009.18188477	40.873374939	29.9855079651
150.811166654	1009.18188477	40.873374939	29.9855079651
150.811166654	1009.18457031	40.873374939	29.9855079651
150.811166654	1009.18457031	40.873374939	29.9855079651
150.811166655	1009.18457031	40.873374939	29.9855079651
150.811166655	1009.18457031	40.873374939	29.9855079651
150.811166655	1009.18457031	40.873374939	29.9855079651
150.811166655	1009.18457031	40.873374939	29.9855079651
150.811166656	1009.18457031	40.873374939	29.9855079651
150.811166656	1009.18457031	40.873374939	29.9855079651
150.811166656	1009.18457031	40.873374939	29.9855079651
150.811166656	1009.18457031	40.873374939	29.9855079651
150.811166656	1009.18457031	40.873374939	29.9855079651
150.811166657	1009.18457031	40.873374939	29.9855079651
150.811166657	1009.18457031	40.873374939	29.9855079651
150.811166657	1009.18457031	40.873374939	29.9855079651
150.811166657	1009.18457031	40.873374939	29.9855079651
150.811166658	1009.18457031	40.873374939	29.9855079651
150.811166658	1009.18457031	40.873374939	29.9855079651
150.811166658	1009.18334961	40.873374939	29.9855079651
150.811166658	1009.18334961	40.873374939	29.9855079651
150.811166659	1009.18334961	40.873374939	29.9855079651
150.811166659	1009.18334961	40.873374939	29.9855079651
150.811166659	1009.18334961	40.873374939	29.9855079651
150.811166659	1009.18334961	40.873374939	29.9855079651
150.81116666	1009.18334961	40.873374939	29.9855079651
150.81116666	1009.18334961	40.873374939	29.9855079651
150.81116666	1009.18334961	40.873374939	29.9855079651
150.81116666	1009.18334961	40.873374939	29.9855079651
150.81116666	1009.18334961	40.873374939	29.9855079651
150.811166661	1009.18334961	40.873374939	29.9855079651
150.811166661	1009.18334961	40.873374939	30.2572460175
150.811166661	1009.18334961	40.6508140564	30.2572460175
150.811166661	1009.18334961	40.6508140564	30.2572460175
150.811166662	1009.18334961	40.6508140564	30.2572460175
150.811166662	1009.18334961	40.6508140564	30.2572460175
150.811166662	1009.17871094	40.6508140564	30.2572460175
150.811166663	1009.17871094	40.6508140564	30.2572460175
150.811166663	1009.17871094	40.6508140564	30.2572460175
150.811166663	1009.17871094	40.6508140564	30.2572460175
150.811166663	1009.17871094	40.6508140564	30.2572460175
150.811166663	1009.17871094	40.6508140564	30.2572460175
150.811166664	1009.17871094	40.6508140564	30.2572460175
150.811166664	1009.17871094	40.6508140564	30.2572460175
150.811166664	1009.17871094	40.6508140564	30.2572460175
150.811166664	1009.17871094	40.6508140564	30.2572460175
150.811166665	1009.17871094	40.6508140564	30.2572460175
150.811166665	1009.17871094	40.6508140564	30.2572460175
150.811166665	1009.17871094	40.6508140564	30.2572460175
150.811166665	1009.17871094	40.6508140564	30.2572460175
150.811166665	1009.17871094	40.6508140564	30.2572460175
150.811166666	1009.17871094	40.6508140564	30.2572460175
150.811166666	1009.17871094	40.6508140564	30.2572460175
150.811166666	1009.17944336	40.6508140564	30.2572460175
150.811166667	1009.17944336	40.6508140564	30.2572460175
150.811166667	1009.17944336	40.6508140564	30.2572460175
150.811166667	1009.17944336	40.6508140564	30.2572460175
150.811166667	1009.17944336	40.6508140564	30.2572460175
150.811166667	1009.17944336	40.6508140564	30.2572460175
150.811166668	1009.17944336	40.6508140564	30.2572460175
150.811166668	1009.17944336	40.6508140564	30.2572460175
150.811166668	1009.17944336	40.6508140564	30.2572460175
150.811166668	1009.17944336	40.6508140564	30.2572460175
150.811166669	1009.17944336	40.6508140564	30.2572460175
150.811166669	1009.17944336	40.6508140564	30.0579719543
150.811166669	1009.17944336	38.2746353149	30.0579719543
150.811166669	1009.17944336	38.2746353149	30.0579719543
150.81116667	1009.17944336	38.2746353149	30.0579719543
150.81116667	1009.17944336	38.2746353149	30.0579719543
150.81116667	1009.17944336	38.2746353149	30.0579719543
150.81116667	1009.18212891	38.2746353149	30.0579719543
150.811166671	1009.18212891	38.2746353149	30.0579719543
150.811166671	1009.18212891	38.2746353149	30.0579719543
150.811166671	1009.18212891	38.2746353149	30.0579719543
150.811166671	1009.18212891	38.2746353149	30.0579719543
150.811166672	1009.18212891	38.2746353149	30.0579719543
150.811166672	1009.18212891	38.2746353149	30.0579719543
150.811166672	1009.18212891	38.2746353149	30.0579719543
150.811166672	1009.18212891	38.2746353149	30.0579719543
150.811166672	1009.18212891	38.2746353149	30.0579719543
150.811166673	1009.18212891	38.2746353149	30.0579719543
150.811166673	1009.18212891	38.2746353149	30.0579719543
150.811166673	1009.18212891	38.2746353149	30.0579719543
150.811166673	1009.18212891	38.2746353149	30.0579719543
150.811166674	1009.18212891	38.2746353149	30.0579719543
150.811166674	1009.18212891	38.2746353149	30.0579719543
150.811166674	1009.18212891	38.2746353149	30.0579719543
150.811166674	1009.17895508	38.2746353149	30.0579719543
150.811166675	1009.17895508	38.2746353149	30.0579719543
150.811166675	1009.17895508	38.2746353149	30.0579719543
150.811166675	1009.17895508	38.2746353149	30.0579719543
150.811166675	1009.17895508	38.2746353149	30.0579719543
150.811166676	1009.17895508	38.2746353149	30.0579719543
150.811166676	1009.17895508	38.2746353149	30.0579719543
150.811166676	1009.17895508	38.2746353149	30.0579719543
150.811166676	1009.17895508	38.2746353149	30.0579719543
150.811166676	1009.17895508	38.2746353149	30.0579719543
150.811166677	1009.17895508	38.2746353149	30.1123199463
150.811166677	1009.17895508	40.7555465698	30.1123199463
150.811166677	1009.17895508	40.7555465698	30.1123199463
150.811166678	1009.17895508	40.7555465698	30.1123199463
150.811166678	1009.17895508	40.7555465698	30.1123199463
150.811166678	1009.17895508	40.7555465698	30.1123199463
150.811166678	1009.17407227	40.7555465698	30.1123199463
150.811166679	1009.17407227	40.7555465698	30.1123199463
150.811166679	1009.17407227	40.7555465698	30.1123199463
150.811166679	1009.17407227	40.7555465698	30.1123199463
150.811166679	1009.17407227	40.7555465698	30.1123199463
150.811166679	1009.17407227	40.7555465698	30.1123199463
150.81116668	1009.17407227	40.7555465698	30.1123199463
150.81116668	1009.17407227	40.7555465698	30.1123199463
150.81116668	1009.17407227	40.7555465698	30.1123199463
150.81116668	1009.17407227	40.7555465698	30.1123199463
150.811166681	1009.17407227	40.7555465698	30.1123199463
150.811166681	1009.17407227	40.7555465698	30.1123199463
150.811166681	1009.17407227	40.7555465698	30.1123199463
150.811166681	1009.17407227	40.7555465698	30.1123199463
150.811166682	1009.17407227	40.7555465698	30.1123199463
150.811166682	1009.17407227	40.7555465698	30.1123199463
150.811166682	1009.17407227	40.7555465698	30.1123199463
150.811166682	1009.17407227	40.7555465698	30.1123199463
150.811166682	1009.17382812	40.7555465698	30.1123199463
150.811166683	1009.17382812	40.7555465698	30.1123199463
150.811166683	1009.17382812	40.7555465698	30.1123199463
150.811166683	1009.17382812	40.7555465698	30.1123199463
150.811166683	1009.17382812	40.7555465698	30.1123199463
150.811166684	1009.17382812	40.7555465698	30.1123199463
150.811166684	1009.17382812	40.7555465698	30.1123199463
150.811166684	1009.17382812	40.7555465698	30.1123199463
150.811166684	1009.17382812	40.7555465698	30.1123199463
150.811166685	1009.17382812	40.7555465698	30.1123199463
150.811166685	1009.17382812	38.9815979004	30.1123199463
150.811166685	1009.17382812	38.9815979004	30.1123199463
150.811166685	1009.17382812	38.9815979004	30.1123199463
150.811166686	1009.17382812	38.9815979004	30.1123199463
150.811166686	1009.17382812	38.9815979004	30.1123199463
150.811166686	1009.17382812	38.9815979004	30.1123199463
150.811166686	1009.16943359	38.9815979004	30.1123199463
150.811166687	1009.16943359	38.9815979004	30.1123199463
150.811166687	1009.16943359	38.9815979004	30.1123199463
150.811166687	1009.16943359	38.9815979004	30.1123199463
150.811166687	1009.16943359	38.9815979004	30.1123199463
150.811166688	1009.16943359	38.9815979004	30.1123199463
150.811166688	1009.16943359	38.9815979004	30.1123199463
150.811166688	1009.16943359	38.9815979004	30.1123199463
150.811166688	1009.16943359	38.9815979004	30.1123199463
150.811166689	1009.16943359	38.9815979004	30.1123199463
150.811166689	1009.16943359	38.9815979004	30.1123199463
150.811166689	1009.16943359	38.9815979004	30.1123199463
150.811166689	1009.16943359	38.9815979004	30.1123199463
150.811166689	1009.16943359	38.9815979004	30.1123199463
150.81116669	1009.16943359	38.9815979004	30.1123199463
150.81116669	1009.16943359	38.9815979004	30.1123199463
150.81116669	1009.16943359	38.9815979004	30.1123199463
150.81116669	1009.16943359	38.9815979004	30.1123199463
150.811166691	1009.16699219	38.9815979004	30.1123199463
150.811166691	1009.16699219	38.9815979004	30.1123199463
150.811166691	1009.16699219	38.9815979004	30.1123199463
150.811166691	1009.16699219	38.9815979004	30.1123199463
150.811166692	1009.16699219	38.9815979004	30.1123199463
150.811166692	1009.16699219	38.9815979004	30.1123199463
150.811166692	1009.16699219	38.9815979004	30.1123199463
150.811166692	1009.16699219	38.9815979004	30.1123199463
150.811166692	1009.16699219	38.9815979004	30.1666679382
150.811166693	1009.16699219	40.6769943237	30.1666679382
150.811166693	1009.16699219	40.6769943237	30.1666679382
150.811166693	1009.16699219	40.6769943237	30.1666679382
150.811166694	1009.16699219	40.6769943237	30.1666679382
150.811166694	1009.16699219	40.6769943237	30.1666679382
150.811166694	1009.16699219	40.6769943237	30.1666679382
150.811166694	1009.16699219	40.6769943237	30.1666679382
150.811166694	1009.16772461	40.6769943237	30.1666679382
150.811166695	1009.16772461	40.6769943237	30.1666679382
150.811166695	1009.16772461	40.6769943237	30.1666679382
150.811166695	1009.16772461	40.6769943237	30.1666679382
150.811166696	1009.16772461	40.6769943237	30.1666679382
150.811166696	1009.16772461	40.6769943237	30.1666679382
150.811166696	1009.16772461	40.6769943237	30.1666679382
150.811166696	1009.16772461	40.6769943237	30.1666679382
150.811166696	1009.16772461	40.6769943237	30.1666679382
150.811166697	1009.16772461	40.6769943237	30.1666679382
150.811166697	1009.16772461	40.6769943237	30.1666679382
150.811166697	1009.16772461	40.6769943237	30.1666679382
150.811166697	1009.16772461	40.6769943237	30.1666679382
150.811166698	1009.16772461	40.6769943237	30.1666679382
150.811166698	1009.16772461	40.6769943237	30.1666679382
150.811166698	1009.16772461	40.6769943237	30.1666679382
150.811166698	1009.16772461	40.6769943237	30.1666679382
150.811166698	1009.16918945	40.6769943237	30.1666679382
150.811166699	1009.16918945	40.6769943237	30.1666679382
150.811166699	1009.16918945	40.6769943237	30.1666679382
150.811166699	1009.16918945	40.6769943237	30.1666679382
150.8111667	1009.16918945	40.6769943237	30.1666679382
150.8111667	1009.16918945	40.6769943237	30.1666679382
150.8111667	1009.16918945	40.6769943237	30.1666679382
150.8111667	1009.16918945	40.6769943237	30.1666679382
150.8111667	1009.16918945	40.6769943237	30.1304359436
150.811166701	1009.16918945	39.5903701782	30.1304359436
150.811166701	1009.16918945	39.5903701782	30.1304359436
150.811166701	1009.16918945	39.5903701782	30.1304359436
150.811166701	1009.16918945	39.5903701782	30.1304359436
150.811166702	1009.16918945	39.5903701782	30.1304359436
150.811166702	1009.16918945	39.5903701782	30.1304359436
150.811166702	1009.16918945	39.5903701782	30.1304359436
150.811166702	1009.16918945	39.5903701782	30.1304359436
150.811166703	1009.17553711	39.5903701782	30.1304359436
150.811166703	1009.17553711	39.5903701782	30.1304359436
150.811166703	1009.17553711	39.5903701782	30.1304359436
150.811166703	1009.17553711	39.5903701782	30.1304359436
150.811166704	1009.17553711	39.5903701782	30.1304359436
150.811166704	1009.17553711	39.5903701782	30.1304359436
150.811166704	1009.17553711	39.5903701782	30.1304359436
150.811166704	1009.17553711	39.5903701782	30.1304359436
150.811166705	1009.17553711	39.5903701782	30.1304359436
150.811166705	1009.17553711	39.5903701782	30.1304359436
150.811166705	1009.17553711	39.5903701782	30.1304359436
150.811166705	1009.17553711	39.5903701782	30.1304359436
150.811166705	1009.17553711	39.5903701782	30.1304359436
150.811166706	1009.17553711	39.5903701782	30.1304359436
150.811166706	1009.17553711	39.5903701782	30.1304359436
150.811166706	1009.17553711	39.5903701782	30.1304359436
150.811166706	1009.17553711	39.5903701782	30.1304359436
150.811166707	1009.17724609	39.5903701782	30.1304359436
150.811166707	1009.17724609	39.5903701782	30.1304359436
150.811166707	1009.17724609	39.5903701782	30.1304359436
150.811166707	1009.17724609	39.5903701782	30.1304359436
150.811166708	1009.17724609	39.5903701782	30.1304359436
150.811166708	1009.17724609	39.5903701782	30.1304359436
150.811166708	1009.17724609	39.5903701782	30.1304359436
150.811166708	1009.17724609	39.5903701782	30.0760879517
150.811166709	1009.17724609	42.5655021667	30.0760879517
150.811166709	1009.17724609	42.5655021667	30.0760879517
150.811166709	1009.17724609	42.5655021667	30.0760879517
150.811166709	1009.17724609	42.5655021667	30.0760879517
150.81116671	1009.17724609	42.5655021667	30.0760879517
150.81116671	1009.17724609	42.5655021667	30.0760879517
150.81116671	1009.17724609	42.5655021667	30.0760879517
150.81116671	1009.17724609	42.5655021667	30.0760879517
150.81116671	1009.17724609	42.5655021667	30.0760879517
150.811166711	1009.18164062	42.5655021667	30.0760879517
150.811166711	1009.18164062	42.5655021667	30.0760879517
150.811166711	1009.18164062	42.5655021667	30.0760879517
150.811166712	1009.18164062	42.5655021667	30.0760879517
150.811166712	1009.18164062	42.5655021667	30.0760879517
150.811166712	1009.18164062	42.5655021667	30.0760879517
150.811166712	1009.18164062	42.5655021667	30.0760879517
150.811166712	1009.18164062	42.5655021667	30.0760879517
150.811166713	1009.18164062	42.5655021667	30.0760879517
150.811166713	1009.18164062	42.5655021667	30.0760879517
150.811166713	1009.18164062	42.5655021667	30.0760879517
150.811166713	1009.18164062	42.5655021667	30.0760879517
150.811166714	1009.18164062	42.5655021667	30.0760879517
150.811166714	1009.18164062	42.5655021667	30.0760879517
150.811166714	1009.18164062	42.5655021667	30.0760879517
150.811166714	1009.18164062	42.5655021667	30.0760879517
150.811166714	1009.18164062	42.5655021667	30.0760879517
150.811166715	1009.18286133	42.5655021667	30.0760879517
150.811166715	1009.18286133	42.5655021667	30.0760879517
150.811166715	1009.18286133	42.5655021667	30.0760879517
150.811166716	1009.18286133	42.5655021667	30.0760879517
150.811166716	1009.18286133	42.5655021667	30.0760879517
150.811166716	1009.18286133	42.5655021667	30.0760879517
150.811166716	1009.18286133	42.5655021667	30.0036239624
150.811166716	1009.18286133	40.366065979	30.0036239624
150.811166717	1009.18286133	40.366065979	30.0036239624
150.811166717	1009.18286133	40.366065979	30.0036239624
150.811166717	1009.18286133	40.366065979	30.0036239624
150.811166717	1009.18286133	40.366065979	30.0036239624
150.811166718	1009.18286133	40.366065979	30.0036239624
150.811166718	1009.18286133	40.366065979	30.0036239624
150.811166718	1009.18286133	40.366065979	30.0036239624
150.811166718	1009.18286133	40.366065979	30.0036239624
150.811166719	1009.18286133	40.366065979	30.0036239624
150.811166719	1009.18530273	40.366065979	30.0036239624
150.811166719	1009.18530273	40.366065979	30.0036239624
150.811166719	1009.18530273	40.366065979	30.0036239624
150.81116672	1009.18530273	40.366065979	30.0036239624
150.81116672	1009.18530273	40.366065979	30.0036239624
150.81116672	1009.18530273	40.366065979	30.0036239624
150.81116672	1009.18530273	40.366065979	30.0036239624
150.811166721	1009.18530273	40.366065979	30.0036239624
150.811166721	1009.18530273	40.366065979	30.0036239624
150.811166721	1009.18530273	40.366065979	30.0036239624
150.811166721	1009.18530273	40.366065979	30.0036239624
150.811166721	1009.18530273	40.366065979	30.0036239624
150.811166722	1009.18530273	40.366065979	30.0036239624
150.811166722	1009.18530273	40.366065979	30.0036239624
150.811166722	1009.18530273	40.366065979	30.0036239624
150.811166722	1009.18530273	40.366065979	30.0036239624
150.811166723	1009.18530273	40.366065979	30.0036239624
150.811166723	1009.1875	40.366065979	30.0036239624
150.811166723	1009.1875	40.366065979	30.0036239624
150.811166723	1009.1875	40.366065979	30.0036239624
150.811166724	1009.1875	40.366065979	30.0036239624
150.811166724	1009.1875	40.366065979	30.0036239624
150.811166724	1009.1875	40.366065979	30.0579719543
150.811166724	1009.1875	41.2203102112	30.0579719543
150.811166725	1009.1875	41.2203102112	30.0579719543
150.811166725	1009.1875	41.2203102112	30.0579719543
150.811166725	1009.1875	41.2203102112	30.0579719543
150.811166725	1009.1875	41.2203102112	30.0579719543
150.811166726	1009.1875	41.2203102112	30.0579719543
150.811166726	1009.1875	41.2203102112	30.0579719543
150.811166726	1009.1875	41.2203102112	30.0579719543
150.811166726	1009.1875	41.2203102112	30.0579719543
150.811166726	1009.1875	41.2203102112	30.0579719543
150.811166727	1009.1875	41.2203102112	30.0579719543
150.811166727	1009.18603516	41.2203102112	30.0579719543
150.811166727	1009.18603516	41.2203102112	30.0579719543
150.811166728	1009.18603516	41.2203102112	30.0579719543
150.811166728	1009.18603516	41.2203102112	30.0579719543
150.811166728	1009.18603516	41.2203102112	30.0579719543
150.811166728	1009.18603516	41.2203102112	30.0579719543
150.811166728	1009.18603516	41.2203102112	30.0579719543
150.811166729	1009.18603516	41.2203102112	30.0579719543
150.811166729	1009.18603516	41.2203102112	30.0579719543
150.811166729	1009.18603516	41.2203102112	30.0579719543
150.811166729	1009.18603516	41.2203102112	30.0579719543
150.81116673	1009.18603516	41.2203102112	30.0579719543
150.81116673	1009.18603516	41.2203102112	30.0579719543
150.81116673	1009.18603516	41.2203102112	30.0579719543
150.81116673	1009.18603516	41.2203102112	30.0579719543
150.81116673	1009.18603516	41.2203102112	30.0579719543
150.811166731	1009.18603516	41.2203102112	30.0579719543
150.811166731	1009.19042969	41.2203102112	30.0579719543
150.811166731	1009.19042969	41.2203102112	30.0579719543
150.811166732	1009.19042969	41.2203102112	30.0579719543
150.811166732	1009.19042969	41.2203102112	30.0579719543
150.811166732	1009.19042969	41.2203102112	30.1123199463
150.811166732	1009.19042969	42.1531066895	30.1123199463
150.811166733	1009.19042969	42.1531066895	30.1123199463
150.811166733	1009.19042969	42.1531066895	30.1123199463
150.811166733	1009.19042969	42.1531066895	30.1123199463
150.811166733	1009.19042969	42.1531066895	30.1123199463
150.811166733	1009.19042969	42.1531066895	30.1123199463
150.811166734	1009.19042969	42.1531066895	30.1123199463
150.811166734	1009.19042969	42.1531066895	30.1123199463
150.811166734	1009.19042969	42.1531066895	30.1123199463
150.811166734	1009.19042969	42.1531066895	30.1123199463
150.811166735	1009.19042969	42.1531066895	30.1123199463
150.811166735	1009.19042969	42.1531066895	30.1123199463
150.811166735	1009.18774414	42.1531066895	30.1123199463
150.811166735	1009.18774414	42.1531066895	30.1123199463
150.811166736	1009.18774414	42.1531066895	30.1123199463
150.811166736	1009.18774414	42.1531066895	30.1123199463
150.811166736	1009.18774414	42.1531066895	30.1123199463
150.811166736	1009.18774414	42.1531066895	30.1123199463
150.811166737	1009.18774414	42.1531066895	30.1123199463
150.811166737	1009.18774414	42.1531066895	30.1123199463
150.811166737	1009.18774414	42.1531066895	30.1123199463
150.811166737	1009.18774414	42.1531066895	30.1123199463
150.811166737	1009.18774414	42.1531066895	30.1123199463
150.811166738	1009.18774414	42.1531066895	30.1123199463
150.811166738	1009.18774414	42.1531066895	30.1123199463
150.811166738	1009.18774414	42.1531066895	30.1123199463
150.811166738	1009.18774414	42.1531066895	30.1123199463
150.811166739	1009.18774414	42.1531066895	30.1123199463
150.811166739	1009.18774414	42.1531066895	30.1123199463
150.811166739	1009.19067383	42.1531066895	30.1123199463
150.811166739	1009.19067383	42.1531066895	30.1123199463
150.81116674	1009.19067383	42.1531066895	30.1123199463
150.81116674	1009.19067383	42.1531066895	30.2391319275
150.81116674	1009.19067383	39.4856338501	30.2391319275
150.81116674	1009.19067383	39.4856338501	30.2391319275
150.811166741	1009.19067383	39.4856338501	30.2391319275
150.811166741	1009.19067383	39.4856338501	30.2391319275
150.811166741	1009.19067383	39.4856338501	30.2391319275
150.811166741	1009.19067383	39.4856338501	30.2391319275
150.811166742	1009.19067383	39.4856338501	30.2391319275
150.811166742	1009.19067383	39.4856338501	30.2391319275
150.811166742	1009.19067383	39.4856338501	30.2391319275
150.811166742	1009.19067383	39.4856338501	30.2391319275
150.811166742	1009.19067383	39.4856338501	30.2391319275
150.811166743	1009.19067383	39.4856338501	30.2391319275
150.811166743	1009.19067383	39.4856338501	30.2391319275
150.811166743	1009.19335938	39.4856338501	30.2391319275
150.811166744	1009.19335938	39.4856338501	30.2391319275
150.811166744	1009.19335938	39.4856338501	30.2391319275
150.811166744	1009.19335938	39.4856338501	30.2391319275
150.811166744	1009.19335938	39.4856338501	30.2391319275
150.811166744	1009.19335938	39.4856338501	30.2391319275
150.811166745	1009.19335938	39.4856338501	30.2391319275
150.811166745	1009.19335938	39.4856338501	30.2391319275
150.811166745	1009.19335938	39.4856338501	30.2391319275
150.811166745	1009.19335938	39.4856338501	30.2391319275
150.811166746	1009.19335938	39.4856338501	30.2391319275
150.811166746	1009.19335938	39.4856338501	30.2391319275
150.811166746	1009.19335938	39.4856338501	30.2391319275
150.811166746	1009.19335938	39.4856338501	30.2391319275
150.811166746	1009.19335938	39.4856338501	30.2391319275
150.811166747	1009.19335938	39.4856338501	30.2391319275
150.811166747	1009.19335938	39.4856338501	30.2391319275
150.811166747	1009.19262695	39.4856338501	30.2391319275
150.811166748	1009.19262695	39.4856338501	30.2391319275
150.811166748	1009.19262695	39.4856338501	29.9855079651
150.811166748	1009.19262695	42.0385551453	29.9855079651
150.811166748	1009.19262695	42.0385551453	29.9855079651
150.811166749	1009.19262695	42.0385551453	29.9855079651
