0.873007723452	1100
time	pressure	humidity	temperature
150.811165388	1006.77880859	36.116317749	33.0169181824
150.811165388	1006.77880859	36.116317749	33.0169181824
150.811165389	1006.77880859	36.116317749	33.0169181824
150.811165389	1006.77880859	36.116317749	33.0169181824
150.811165389	1006.77880859	36.116317749	33.0169181824
150.811165389	1006.77880859	36.116317749	33.0169181824
150.81116539	1006.77880859	36.116317749	33.0169181824
150.81116539	1006.77880859	36.116317749	33.0169181824
150.81116539	1006.77880859	36.116317749	33.0169181824
150.81116539	1006.77880859	36.116317749	33.0169181824
150.81116539	1006.78320312	36.116317749	33.0169181824
150.811165391	1006.78320312	36.116317749	33.0169181824
150.811165391	1006.78320312	36.116317749	33.1614646912
150.811165391	1006.78320312	36.116317749	33.1614646912
150.811165392	1006.78320312	37.3009872437	33.1614646912
150.811165392	1006.78320312	37.3009872437	33.1614646912
150.811165392	1006.78320312	37.3009872437	33.1614646912
150.811165392	1006.78320312	37.3009872437	33.1614646912
150.811165393	1006.78320312	37.3009872437	33.1614646912
150.811165393	1006.78320312	37.3009872437	33.1614646912
150.811165393	1006.78320312	37.3009872437	33.1614646912
150.811165393	1006.78320312	37.3009872437	33.1614646912
150.811165393	1006.78320312	37.3009872437	33.1614646912
150.811165394	1006.78320312	37.3009872437	33.1614646912
150.811165394	1006.78320312	37.3009872437	33.1614646912
150.811165394	1006.78320312	37.3009872437	33.1614646912
150.811165394	1006.77856445	37.3009872437	33.1614646912
150.811165395	1006.77856445	37.3009872437	33.1614646912
150.811165395	1006.77856445	37.3009872437	33.1614646912
150.811165395	1006.77856445	37.3009872437	33.1614646912
150.811165395	1006.77856445	37.3009872437	33.1614646912
150.811165396	1006.77856445	37.3009872437	33.1614646912
150.811165396	1006.77856445	37.3009872437	33.1614646912
150.811165396	1006.77856445	37.3009872437	33.1614646912
150.811165396	1006.77856445	37.3009872437	33.1614646912
150.811165397	1006.77856445	37.3009872437	33.1614646912
150.811165397	1006.77856445	37.3009872437	33.1614646912
150.811165397	1006.77856445	37.3009872437	33.1614646912
150.811165397	1006.77856445	37.3009872437	33.1614646912
150.811165397	1006.77856445	37.3009872437	33.1614646912
150.811165398	1006.77856445	37.3009872437	33.1614646912
150.811165398	1006.77856445	37.3009872437	33.1614646912
150.811165398	1006.77856445	37.3009872437	33.1614646912
150.811165398	1006.77905273	37.3009872437	33.1614646912
150.811165399	1006.77905273	37.3009872437	33.1614646912
150.811165399	1006.77905273	37.3009872437	33.1614646912
150.811165399	1006.77905273	37.3009872437	33.1614646912
150.811165399	1006.77905273	37.3009872437	33.0530548096
150.8111654	1006.77905273	36.0613594055	33.0530548096
150.8111654	1006.77905273	36.0613594055	33.0530548096
150.8111654	1006.77905273	36.0613594055	33.0530548096
150.8111654	1006.77905273	36.0613594055	33.0530548096
150.811165401	1006.77905273	36.0613594055	33.0530548096
150.811165401	1006.77905273	36.0613594055	33.0530548096
150.811165401	1006.77905273	36.0613594055	33.0530548096
150.811165401	1006.77905273	36.0613594055	33.0530548096
150.811165402	1006.77905273	36.0613594055	33.0530548096
150.811165402	1006.77905273	36.0613594055	33.0530548096
150.811165402	1006.77905273	36.0613594055	33.0530548096
150.811165402	1006.77905273	36.0613594055	33.0530548096
150.811165402	1006.77978516	36.0613594055	33.0530548096
150.811165403	1006.77978516	36.0613594055	33.0530548096
150.811165403	1006.77978516	36.0613594055	33.0530548096
150.811165403	1006.77978516	36.0613594055	33.0530548096
150.811165404	1006.77978516	36.0613594055	33.0530548096
150.811165404	1006.77978516	36.0613594055	33.0530548096
150.811165404	1006.77978516	36.0613594055	33.0530548096
150.811165404	1006.77978516	36.0613594055	33.0530548096
150.811165404	1006.77978516	36.0613594055	33.0530548096
150.811165405	1006.77978516	36.0613594055	33.0530548096
150.811165405	1006.77978516	36.0613594055	33.0530548096
150.811165405	1006.77978516	36.0613594055	33.0530548096
150.811165405	1006.77978516	36.0613594055	33.0530548096
150.811165406	1006.77978516	36.0613594055	33.0530548096
150.811165406	1006.77978516	36.0613594055	33.0530548096
150.811165406	1006.77978516	36.0613594055	33.0530548096
150.811165406	1006.77978516	36.0613594055	33.0530548096
150.811165406	1006.77490234	36.0613594055	33.0530548096
150.811165407	1006.77490234	36.0613594055	33.0530548096
150.811165407	1006.77490234	36.0613594055	33.0530548096
150.811165407	1006.77490234	36.0613594055	33.0530548096
150.811165407	1006.77490234	36.0613594055	33.1433944702
150.811165408	1006.77490234	36.9773406982	33.1433944702
150.811165408	1006.77490234	36.9773406982	33.1433944702
150.811165408	1006.77490234	36.9773406982	33.1433944702
150.811165409	1006.77490234	36.9773406982	33.1433944702
150.811165409	1006.77490234	36.9773406982	33.1433944702
150.811165409	1006.77490234	36.9773406982	33.1433944702
150.811165409	1006.77490234	36.9773406982	33.1433944702
150.811165409	1006.77490234	36.9773406982	33.1433944702
150.81116541	1006.77490234	36.9773406982	33.1433944702
150.81116541	1006.77490234	36.9773406982	33.1433944702
150.81116541	1006.77490234	36.9773406982	33.1433944702
150.81116541	1006.77954102	36.9773406982	33.1433944702
150.811165411	1006.77954102	36.9773406982	33.1433944702
150.811165411	1006.77954102	36.9773406982	33.1433944702
150.811165411	1006.77954102	36.9773406982	33.1433944702
150.811165411	1006.77954102	36.9773406982	33.1433944702
150.811165412	1006.77954102	36.9773406982	33.1433944702
150.811165412	1006.77954102	36.9773406982	33.1433944702
150.811165412	1006.77954102	36.9773406982	33.1433944702
150.811165412	1006.77954102	36.9773406982	33.1433944702
150.811165412	1006.77954102	36.9773406982	33.1433944702
150.811165413	1006.77954102	36.9773406982	33.1433944702
150.811165413	1006.77954102	36.9773406982	33.1433944702
150.811165413	1006.77954102	36.9773406982	33.1433944702
150.811165413	1006.77954102	36.9773406982	33.1433944702
150.811165414	1006.77954102	36.9773406982	33.1433944702
150.811165414	1006.77954102	36.9773406982	33.1433944702
150.811165414	1006.77954102	36.9773406982	33.1433944702
150.811165414	1006.77709961	36.9773406982	33.1433944702
150.811165415	1006.77709961	36.9773406982	33.1433944702
150.811165415	1006.77709961	36.9773406982	33.1433944702
150.811165415	1006.77709961	36.9773406982	33.1433944702
150.811165415	1006.77709961	36.9773406982	33.1433944702
150.811165416	1006.77709961	36.9773406982	33.1433944702
150.811165416	1006.77709961	36.9773406982	33.125328064
150.811165416	1006.77709961	37.3925819397	33.125328064
150.811165416	1006.77709961	37.3925819397	33.125328064
150.811165417	1006.77709961	37.3925819397	33.125328064
150.811165417	1006.77709961	37.3925819397	33.125328064
150.811165417	1006.77709961	37.3925819397	33.125328064
150.811165417	1006.77709961	37.3925819397	33.125328064
150.811165417	1006.77709961	37.3925819397	33.125328064
150.811165418	1006.77709961	37.3925819397	33.125328064
150.811165418	1006.77709961	37.3925819397	33.125328064
150.811165418	1006.77539062	37.3925819397	33.125328064
150.811165419	1006.77539062	37.3925819397	33.125328064
150.811165419	1006.77539062	37.3925819397	33.125328064
150.811165419	1006.77539062	37.3925819397	33.125328064
150.811165419	1006.77539062	37.3925819397	33.125328064
150.811165419	1006.77539062	37.3925819397	33.125328064
150.81116542	1006.77539062	37.3925819397	33.125328064
150.81116542	1006.77539062	37.3925819397	33.125328064
150.81116542	1006.77539062	37.3925819397	33.125328064
150.81116542	1006.77539062	37.3925819397	33.125328064
150.811165421	1006.77539062	37.3925819397	33.125328064
150.811165421	1006.77539062	37.3925819397	33.125328064
150.811165421	1006.77539062	37.3925819397	33.125328064
150.811165421	1006.77539062	37.3925819397	33.125328064
150.811165421	1006.77539062	37.3925819397	33.125328064
150.811165422	1006.77539062	37.3925819397	33.125328064
150.811165422	1006.77539062	37.3925819397	33.125328064
150.811165422	1006.77832031	37.3925819397	33.125328064
150.811165422	1006.77832031	37.3925819397	33.125328064
150.811165423	1006.77832031	37.3925819397	33.125328064
150.811165423	1006.77832031	37.3925819397	33.125328064
150.811165423	1006.77832031	37.3925819397	33.125328064
150.811165423	1006.77832031	37.3925819397	33.125328064
150.811165424	1006.77832031	37.3925819397	33.125328064
150.811165424	1006.77832031	37.3925819397	33.0349884033
150.811165424	1006.77832031	38.7818183899	33.0349884033
150.811165424	1006.77832031	38.7818183899	33.0349884033
150.811165425	1006.77832031	38.7818183899	33.0349884033
150.811165425	1006.77832031	38.7818183899	33.0349884033
150.811165425	1006.77832031	38.7818183899	33.0349884033
150.811165425	1006.77832031	38.7818183899	33.0349884033
150.811165426	1006.77832031	38.7818183899	33.0349884033
150.811165426	1006.77832031	38.7818183899	33.0349884033
150.811165426	1006.77832031	38.7818183899	33.0349884033
150.811165426	1006.78198242	38.7818183899	33.0349884033
150.811165427	1006.78198242	38.7818183899	33.0349884033
150.811165427	1006.78198242	38.7818183899	33.0349884033
150.811165427	1006.78198242	38.7818183899	33.0349884033
150.811165427	1006.78198242	38.7818183899	33.0349884033
150.811165427	1006.78198242	38.7818183899	33.0349884033
150.811165428	1006.78198242	38.7818183899	33.0349884033
150.811165428	1006.78198242	38.7818183899	33.0349884033
150.811165428	1006.78198242	38.7818183899	33.0349884033
150.811165428	1006.78198242	38.7818183899	33.0349884033
150.811165429	1006.78198242	38.7818183899	33.0349884033
150.811165429	1006.78198242	38.7818183899	33.0349884033
150.811165429	1006.78198242	38.7818183899	33.0349884033
150.811165429	1006.78198242	38.7818183899	33.0349884033
150.811165429	1006.78198242	38.7818183899	33.0349884033
150.81116543	1006.78198242	38.7818183899	33.0349884033
150.81116543	1006.78198242	38.7818183899	33.0349884033
150.81116543	1006.77929688	38.7818183899	33.0349884033
150.811165431	1006.77929688	38.7818183899	33.0349884033
150.811165431	1006.77929688	38.7818183899	33.0349884033
150.811165431	1006.77929688	38.7818183899	33.0349884033
150.811165431	1006.77929688	38.7818183899	33.0349884033
150.811165431	1006.77929688	38.7818183899	33.0349884033
150.811165432	1006.77929688	38.7818183899	33.0349884033
150.811165432	1006.77929688	38.7818183899	33.1795349121
150.811165432	1006.77929688	38.7818183899	33.1795349121
150.811165432	1006.77929688	37.0261917114	33.1795349121
150.811165433	1006.77929688	37.0261917114	33.1795349121
150.811165433	1006.77929688	37.0261917114	33.1795349121
150.811165433	1006.77929688	37.0261917114	33.1795349121
150.811165433	1006.77929688	37.0261917114	33.1795349121
150.811165434	1006.77929688	37.0261917114	33.1795349121
150.811165434	1006.77929688	37.0261917114	33.1795349121
150.811165434	1006.7800293	37.0261917114	33.1795349121
150.811165434	1006.7800293	37.0261917114	33.1795349121
150.811165435	1006.7800293	37.0261917114	33.1795349121
150.811165435	1006.7800293	37.0261917114	33.1795349121
150.811165435	1006.7800293	37.0261917114	33.1795349121
150.811165435	1006.7800293	37.0261917114	33.1795349121
150.811165436	1006.7800293	37.0261917114	33.1795349121
150.811165436	1006.7800293	37.0261917114	33.1795349121
150.811165436	1006.7800293	37.0261917114	33.1795349121
150.811165436	1006.7800293	37.0261917114	33.1795349121
150.811165436	1006.7800293	37.0261917114	33.1795349121
150.811165437	1006.7800293	37.0261917114	33.1795349121
150.811165437	1006.7800293	37.0261917114	33.1795349121
150.811165437	1006.7800293	37.0261917114	33.1795349121
150.811165437	1006.7800293	37.0261917114	33.1795349121
150.811165438	1006.7800293	37.0261917114	33.1795349121
150.811165438	1006.7800293	37.0261917114	33.1795349121
150.811165438	1006.78076172	37.0261917114	33.1795349121
150.811165438	1006.78076172	37.0261917114	33.1795349121
150.811165439	1006.78076172	37.0261917114	33.1795349121
150.811165439	1006.78076172	37.0261917114	33.1795349121
150.811165439	1006.78076172	37.0261917114	33.1795349121
150.811165439	1006.78076172	37.0261917114	33.1795349121
150.811165439	1006.78076172	37.0261917114	33.1795349121
150.81116544	1006.78076172	37.0261917114	33.1795349121
150.81116544	1006.78076172	37.0261917114	33.1795349121
150.81116544	1006.78076172	37.0261917114	33.1072616577
150.81116544	1006.78076172	36.6262130737	33.1072616577
150.811165441	1006.78076172	36.6262130737	33.1072616577
150.811165441	1006.78076172	36.6262130737	33.1072616577
150.811165441	1006.78076172	36.6262130737	33.1072616577
150.811165441	1006.78076172	36.6262130737	33.1072616577
150.811165442	1006.78076172	36.6262130737	33.1072616577
150.811165442	1006.77783203	36.6262130737	33.1072616577
150.811165442	1006.77783203	36.6262130737	33.1072616577
150.811165442	1006.77783203	36.6262130737	33.1072616577
150.811165443	1006.77783203	36.6262130737	33.1072616577
150.811165443	1006.77783203	36.6262130737	33.1072616577
150.811165443	1006.77783203	36.6262130737	33.1072616577
150.811165443	1006.77783203	36.6262130737	33.1072616577
150.811165444	1006.77783203	36.6262130737	33.1072616577
150.811165444	1006.77783203	36.6262130737	33.1072616577
150.811165444	1006.77783203	36.6262130737	33.1072616577
150.811165444	1006.77783203	36.6262130737	33.1072616577
150.811165444	1006.77783203	36.6262130737	33.1072616577
150.811165445	1006.77783203	36.6262130737	33.1072616577
150.811165445	1006.77783203	36.6262130737	33.1072616577
150.811165445	1006.77783203	36.6262130737	33.1072616577
150.811165445	1006.77783203	36.6262130737	33.1072616577
150.811165446	1006.77783203	36.6262130737	33.1072616577
150.811165446	1006.77783203	36.6262130737	33.1072616577
150.811165446	1006.77783203	36.6262130737	33.1072616577
150.811165446	1006.77783203	36.6262130737	33.1072616577
150.811165447	1006.77783203	36.6262130737	33.1072616577
150.811165447	1006.77783203	36.6262130737	33.1072616577
150.811165447	1006.77783203	36.6262130737	33.1072616577
150.811165447	1006.77783203	36.6262130737	33.1072616577
150.811165448	1006.77783203	36.6262130737	33.1072616577
150.811165448	1006.77783203	36.6262130737	33.1072616577
150.811165448	1006.77783203	36.6262130737	33.1072616577
150.811165448	1006.77783203	36.6262130737	33.0891914368
150.811165449	1006.77783203	37.649055481	33.0891914368
150.811165449	1006.77783203	37.649055481	33.0891914368
150.811165449	1006.77783203	37.649055481	33.0891914368
150.811165449	1006.77783203	37.649055481	33.0891914368
150.811165449	1006.77783203	37.649055481	33.0891914368
150.81116545	1006.77783203	37.649055481	33.0891914368
150.81116545	1006.77685547	37.649055481	33.0891914368
150.81116545	1006.77685547	37.649055481	33.0891914368
150.811165451	1006.77685547	37.649055481	33.0891914368
150.811165451	1006.77685547	37.649055481	33.0891914368
150.811165451	1006.77685547	37.649055481	33.0891914368
150.811165451	1006.77685547	37.649055481	33.0891914368
150.811165451	1006.77685547	37.649055481	33.0891914368
150.811165452	1006.77685547	37.649055481	33.0891914368
150.811165452	1006.77685547	37.649055481	33.0891914368
150.811165452	1006.77685547	37.649055481	33.0891914368
150.811165452	1006.77685547	37.649055481	33.0891914368
150.811165453	1006.77685547	37.649055481	33.0891914368
150.811165453	1006.77685547	37.649055481	33.0891914368
150.811165453	1006.77685547	37.649055481	33.0891914368
150.811165453	1006.77685547	37.649055481	33.0891914368
150.811165453	1006.77685547	37.649055481	33.0891914368
150.811165454	1006.77685547	37.649055481	33.0891914368
150.811165454	1006.77026367	37.649055481	33.0891914368
150.811165454	1006.77026367	37.649055481	33.0891914368
150.811165454	1006.77026367	37.649055481	33.0891914368
150.811165455	1006.77026367	37.649055481	33.0891914368
150.811165455	1006.77026367	37.649055481	33.0891914368
150.811165455	1006.77026367	37.649055481	33.0891914368
150.811165455	1006.77026367	37.649055481	33.0891914368
150.811165456	1006.77026367	37.649055481	33.0891914368
150.811165456	1006.77026367	37.649055481	33.0891914368
150.811165456	1006.77026367	37.649055481	33.0891914368
150.811165456	1006.77026367	37.649055481	33.0891914368
150.811165456	1006.77026367	37.649055481	33.1976013184
150.811165457	1006.77026367	38.7818183899	33.1976013184
150.811165457	1006.77026367	38.7818183899	33.1976013184
150.811165457	1006.77026367	38.7818183899	33.1976013184
150.811165458	1006.77026367	38.7818183899	33.1976013184
150.811165458	1006.7722168	38.7818183899	33.1976013184
150.811165458	1006.7722168	38.7818183899	33.1976013184
150.811165458	1006.7722168	38.7818183899	33.1976013184
150.811165459	1006.7722168	38.7818183899	33.1976013184
150.811165459	1006.7722168	38.7818183899	33.1976013184
150.811165459	1006.7722168	38.7818183899	33.1976013184
150.811165459	1006.7722168	38.7818183899	33.1976013184
150.811165459	1006.7722168	38.7818183899	33.1976013184
150.81116546	1006.7722168	38.7818183899	33.1976013184
150.81116546	1006.7722168	38.7818183899	33.1976013184
150.81116546	1006.7722168	38.7818183899	33.1976013184
150.81116546	1006.7722168	38.7818183899	33.1976013184
150.811165461	1006.7722168	38.7818183899	33.1976013184
150.811165461	1006.7722168	38.7818183899	33.1976013184
150.811165461	1006.7722168	38.7818183899	33.1976013184
150.811165461	1006.7722168	38.7818183899	33.1976013184
150.811165461	1006.7722168	38.7818183899	33.1976013184
150.811165462	1006.77075195	38.7818183899	33.1976013184
150.811165462	1006.77075195	38.7818183899	33.1976013184
150.811165462	1006.77075195	38.7818183899	33.1976013184
150.811165463	1006.77075195	38.7818183899	33.1976013184
150.811165463	1006.77075195	38.7818183899	33.1976013184
150.811165463	1006.77075195	38.7818183899	33.1976013184
150.811165463	1006.77075195	38.7818183899	33.1976013184
150.811165463	1006.77075195	38.7818183899	33.1976013184
150.811165464	1006.77075195	38.7818183899	33.1976013184
150.811165464	1006.77075195	38.7818183899	33.1976013184
150.811165464	1006.77075195	38.7818183899	33.1976013184
150.811165464	1006.77075195	38.7818183899	33.1976013184
150.811165465	1006.77075195	38.7818183899	33.1976013184
150.811165465	1006.77075195	37.4078483582	33.1976013184
150.811165465	1006.77075195	37.4078483582	33.1976013184
150.811165465	1006.77075195	37.4078483582	33.1976013184
150.811165466	1006.77075195	37.4078483582	33.1976013184
150.811165466	1006.76953125	37.4078483582	33.1976013184
150.811165466	1006.76953125	37.4078483582	33.1976013184
150.811165466	1006.76953125	37.4078483582	33.1976013184
150.811165467	1006.76953125	37.4078483582	33.1976013184
150.811165467	1006.76953125	37.4078483582	33.1976013184
150.811165467	1006.76953125	37.4078483582	33.1976013184
150.811165467	1006.76953125	37.4078483582	33.1976013184
150.811165468	1006.76953125	37.4078483582	33.1976013184
150.811165468	1006.76953125	37.4078483582	33.1976013184
150.811165468	1006.76953125	37.4078483582	33.1976013184
150.811165468	1006.76953125	37.4078483582	33.1976013184
150.811165468	1006.76953125	37.4078483582	33.1976013184
150.811165469	1006.76953125	37.4078483582	33.1976013184
150.811165469	1006.76953125	37.4078483582	33.1976013184
150.811165469	1006.76953125	37.4078483582	33.1976013184
150.811165469	1006.76953125	37.4078483582	33.1976013184
150.81116547	1006.76953125	37.4078483582	33.1976013184
150.81116547	1006.76855469	37.4078483582	33.1976013184
150.81116547	1006.76855469	37.4078483582	33.1976013184
150.81116547	1006.76855469	37.4078483582	33.1976013184
150.811165471	1006.76855469	37.4078483582	33.1976013184
150.811165471	1006.76855469	37.4078483582	33.1976013184
150.811165471	1006.76855469	37.4078483582	33.1976013184
150.811165471	1006.76855469	37.4078483582	33.1976013184
150.811165471	1006.76855469	37.4078483582	33.1976013184
150.811165472	1006.76855469	37.4078483582	33.1976013184
150.811165472	1006.76855469	37.4078483582	33.1976013184
150.811165472	1006.76855469	37.4078483582	33.1976013184
150.811165472	1006.76855469	37.4078483582	33.1976013184
150.811165473	1006.76855469	37.4078483582	33.1976013184
150.811165473	1006.76855469	37.4078483582	33.3060112
150.811165473	1006.76855469	34.485874176	33.3060112
150.811165473	1006.76855469	34.485874176	33.3060112
150.811165474	1006.76733398	34.485874176	33.3060112
150.811165474	1006.76733398	34.485874176	33.3060112
150.811165474	1006.76733398	34.485874176	33.3060112
150.811165474	1006.76733398	34.485874176	33.3060112
150.811165475	1006.76733398	34.485874176	33.3060112
150.811165475	1006.76733398	34.485874176	33.3060112
150.811165475	1006.76733398	34.485874176	33.3060112
150.811165475	1006.76733398	34.485874176	33.3060112
150.811165476	1006.76733398	34.485874176	33.3060112
150.811165476	1006.76733398	34.485874176	33.3060112
150.811165476	1006.76733398	34.485874176	33.3060112
150.811165476	1006.76733398	34.485874176	33.3060112
150.811165476	1006.76733398	34.485874176	33.3060112
150.811165477	1006.76733398	34.485874176	33.3060112
150.811165477	1006.76733398	34.485874176	33.3060112
150.811165477	1006.76733398	34.485874176	33.3060112
150.811165477	1006.76733398	34.485874176	33.3060112
150.811165478	1006.76733398	34.485874176	33.3060112
150.811165478	1006.76733398	34.485874176	33.3060112
150.811165478	1006.76733398	34.485874176	33.3060112
150.811165478	1006.76733398	34.485874176	33.3060112
150.811165479	1006.76733398	34.485874176	33.3060112
150.811165479	1006.76733398	34.485874176	33.3060112
150.811165479	1006.76733398	34.485874176	33.3060112
150.811165479	1006.76733398	34.485874176	33.3060112
150.81116548	1006.76733398	34.485874176	33.3060112
150.81116548	1006.76733398	34.485874176	33.3060112
150.81116548	1006.76733398	34.485874176	33.3060112
150.81116548	1006.76733398	34.485874176	33.3060112
150.81116548	1006.76733398	34.485874176	33.3060112
150.811165481	1006.76733398	34.485874176	33.3060112
150.811165481	1006.76733398	34.485874176	33.2337379456
150.811165481	1006.76733398	34.9499702454	33.2337379456
150.811165481	1006.76757812	34.9499702454	33.2337379456
150.811165482	1006.76757812	34.9499702454	33.2337379456
150.811165482	1006.76757812	34.9499702454	33.2337379456
150.811165482	1006.76757812	34.9499702454	33.2337379456
150.811165483	1006.76757812	34.9499702454	33.2337379456
150.811165483	1006.76757812	34.9499702454	33.2337379456
150.811165483	1006.76757812	34.9499702454	33.2337379456
150.811165483	1006.76757812	34.9499702454	33.2337379456
150.811165483	1006.76757812	34.9499702454	33.2337379456
150.811165484	1006.76757812	34.9499702454	33.2337379456
150.811165484	1006.76757812	34.9499702454	33.2337379456
150.811165484	1006.76757812	34.9499702454	33.2337379456
150.811165484	1006.76757812	34.9499702454	33.2337379456
150.811165485	1006.76757812	34.9499702454	33.2337379456
150.811165485	1006.76757812	34.9499702454	33.2337379456
150.811165485	1006.76757812	34.9499702454	33.2337379456
150.811165485	1006.76757812	34.9499702454	33.2337379456
150.811165485	1006.76928711	34.9499702454	33.2337379456
150.811165486	1006.76928711	34.9499702454	33.2337379456
150.811165486	1006.76928711	34.9499702454	33.2337379456
150.811165486	1006.76928711	34.9499702454	33.2337379456
150.811165486	1006.76928711	34.9499702454	33.2337379456
150.811165487	1006.76928711	34.9499702454	33.2337379456
150.811165487	1006.76928711	34.9499702454	33.2337379456
150.811165487	1006.76928711	34.9499702454	33.2337379456
150.811165487	1006.76928711	34.9499702454	33.2337379456
150.811165488	1006.76928711	34.9499702454	33.2337379456
150.811165488	1006.76928711	34.9499702454	33.2337379456
150.811165488	1006.76928711	34.9499702454	33.2337379456
150.811165488	1006.76928711	34.9499702454	33.2337379456
150.811165488	1006.76928711	34.9499702454	33.2337379456
150.811165489	1006.76928711	34.9499702454	33.2337379456
150.811165489	1006.76928711	34.9499702454	33.2156677246
150.811165489	1006.76928711	34.9499702454	33.2156677246
150.81116549	1006.76708984	33.731716156	33.2156677246
150.81116549	1006.76708984	33.731716156	33.2156677246
150.81116549	1006.76708984	33.731716156	33.2156677246
150.81116549	1006.76708984	33.731716156	33.2156677246
150.811165491	1006.76708984	33.731716156	33.2156677246
150.811165491	1006.76708984	33.731716156	33.2156677246
150.811165491	1006.76708984	33.731716156	33.2156677246
150.811165491	1006.76708984	33.731716156	33.2156677246
150.811165491	1006.76708984	33.731716156	33.2156677246
150.811165492	1006.76708984	33.731716156	33.2156677246
150.811165492	1006.76708984	33.731716156	33.2156677246
150.811165492	1006.76708984	33.731716156	33.2156677246
150.811165492	1006.76708984	33.731716156	33.2156677246
150.811165493	1006.76708984	33.731716156	33.2156677246
150.811165493	1006.76708984	33.731716156	33.2156677246
150.811165493	1006.76708984	33.731716156	33.2156677246
150.811165493	1006.76708984	33.731716156	33.2156677246
150.811165493	1006.76000977	33.731716156	33.2156677246
150.811165494	1006.76000977	33.731716156	33.2156677246
150.811165494	1006.76000977	33.731716156	33.2156677246
150.811165494	1006.76000977	33.731716156	33.2156677246
150.811165495	1006.76000977	33.731716156	33.2156677246
150.811165495	1006.76000977	33.731716156	33.2156677246
150.811165495	1006.76000977	33.731716156	33.2156677246
150.811165495	1006.76000977	33.731716156	33.2156677246
150.811165495	1006.76000977	33.731716156	33.2156677246
150.811165496	1006.76000977	33.731716156	33.2156677246
150.811165496	1006.76000977	33.731716156	33.2156677246
150.811165496	1006.76000977	33.731716156	33.2156677246
150.811165496	1006.76000977	33.731716156	33.2156677246
150.811165497	1006.76000977	33.731716156	33.2156677246
150.811165497	1006.76000977	33.731716156	33.2156677246
150.811165497	1006.76000977	33.731716156	33.2156677246
150.811165497	1006.76000977	33.731716156	33.1072616577
150.811165498	1006.75952148	34.8736381531	33.1072616577
150.811165498	1006.75952148	34.8736381531	33.1072616577
150.811165498	1006.75952148	34.8736381531	33.1072616577
150.811165498	1006.75952148	34.8736381531	33.1072616577
150.811165499	1006.75952148	34.8736381531	33.1072616577
150.811165499	1006.75952148	34.8736381531	33.1072616577
150.811165499	1006.75952148	34.8736381531	33.1072616577
150.811165499	1006.75952148	34.8736381531	33.1072616577
150.8111655	1006.75952148	34.8736381531	33.1072616577
150.8111655	1006.75952148	34.8736381531	33.1072616577
150.8111655	1006.75952148	34.8736381531	33.1072616577
150.8111655	1006.75952148	34.8736381531	33.1072616577
150.8111655	1006.75952148	34.8736381531	33.1072616577
150.811165501	1006.75952148	34.8736381531	33.1072616577
150.811165501	1006.75952148	34.8736381531	33.1072616577
150.811165501	1006.75952148	34.8736381531	33.1072616577
150.811165501	1006.75854492	34.8736381531	33.1072616577
150.811165502	1006.75854492	34.8736381531	33.1072616577
150.811165502	1006.75854492	34.8736381531	33.1072616577
150.811165502	1006.75854492	34.8736381531	33.1072616577
150.811165502	1006.75854492	34.8736381531	33.1072616577
150.811165503	1006.75854492	34.8736381531	33.1072616577
150.811165503	1006.75854492	34.8736381531	33.1072616577
150.811165503	1006.75854492	34.8736381531	33.1072616577
150.811165503	1006.75854492	34.8736381531	33.1072616577
150.811165503	1006.75854492	34.8736381531	33.1072616577
150.811165504	1006.75854492	34.8736381531	33.1072616577
150.811165504	1006.75854492	34.8736381531	33.1072616577
150.811165504	1006.75854492	34.8736381531	33.1072616577
150.811165504	1006.75854492	34.8736381531	33.1072616577
150.811165505	1006.75854492	34.8736381531	33.1072616577
150.811165505	1006.75854492	34.8736381531	33.1072616577
150.811165505	1006.75854492	34.8736381531	33.1072616577
150.811165505	1006.75683594	34.8736381531	33.1072616577
150.811165506	1006.75683594	37.0597763062	33.1072616577
150.811165506	1006.75683594	37.0597763062	33.1072616577
150.811165506	1006.75683594	37.0597763062	33.1072616577
150.811165507	1006.75683594	37.0597763062	33.1072616577
150.811165507	1006.75683594	37.0597763062	33.1072616577
150.811165507	1006.75683594	37.0597763062	33.1072616577
150.811165507	1006.75683594	37.0597763062	33.1072616577
150.811165507	1006.75683594	37.0597763062	33.1072616577
150.811165508	1006.75683594	37.0597763062	33.1072616577
150.811165508	1006.75683594	37.0597763062	33.1072616577
150.811165508	1006.75683594	37.0597763062	33.1072616577
150.811165508	1006.75683594	37.0597763062	33.1072616577
150.811165508	1006.75683594	37.0597763062	33.1072616577
150.811165509	1006.75683594	37.0597763062	33.1072616577
150.811165509	1006.75683594	37.0597763062	33.1072616577
150.811165509	1006.75683594	37.0597763062	33.1072616577
150.811165509	1006.75854492	37.0597763062	33.1072616577
150.81116551	1006.75854492	37.0597763062	33.1072616577
150.81116551	1006.75854492	37.0597763062	33.1072616577
150.81116551	1006.75854492	37.0597763062	33.1072616577
150.81116551	1006.75854492	37.0597763062	33.1072616577
150.811165511	1006.75854492	37.0597763062	33.1072616577
150.811165511	1006.75854492	37.0597763062	33.1072616577
150.811165511	1006.75854492	37.0597763062	33.1072616577
150.811165511	1006.75854492	37.0597763062	33.1072616577
150.811165512	1006.75854492	37.0597763062	33.1072616577
150.811165512	1006.75854492	37.0597763062	33.1072616577
150.811165512	1006.75854492	37.0597763062	33.1072616577
150.811165512	1006.75854492	37.0597763062	33.1072616577
150.811165512	1006.75854492	37.0597763062	33.1072616577
150.811165513	1006.75854492	37.0597763062	33.1072616577
150.811165513	1006.75854492	37.0597763062	33.1072616577
150.811165513	1006.75854492	37.0597763062	33.1072616577
150.811165513	1006.76123047	37.0597763062	33.1614646912
150.811165514	1006.76123047	34.4064865112	33.1614646912
150.811165514	1006.76123047	34.4064865112	33.1614646912
150.811165514	1006.76123047	34.4064865112	33.1614646912
150.811165515	1006.76123047	34.4064865112	33.1614646912
150.811165515	1006.76123047	34.4064865112	33.1614646912
150.811165515	1006.76123047	34.4064865112	33.1614646912
150.811165515	1006.76123047	34.4064865112	33.1614646912
150.811165515	1006.76123047	34.4064865112	33.1614646912
150.811165516	1006.76123047	34.4064865112	33.1614646912
150.811165516	1006.76123047	34.4064865112	33.1614646912
150.811165516	1006.76123047	34.4064865112	33.1614646912
150.811165516	1006.76123047	34.4064865112	33.1614646912
150.811165517	1006.76123047	34.4064865112	33.1614646912
150.811165517	1006.76123047	34.4064865112	33.1614646912
150.811165517	1006.76123047	34.4064865112	33.1614646912
150.811165517	1006.75976562	34.4064865112	33.1614646912
150.811165518	1006.75976562	34.4064865112	33.1614646912
150.811165518	1006.75976562	34.4064865112	33.1614646912
150.811165518	1006.75976562	34.4064865112	33.1614646912
150.811165518	1006.75976562	34.4064865112	33.1614646912
150.811165519	1006.75976562	34.4064865112	33.1614646912
150.811166621	1007.97070312	38.8073387146	32.8619308472
150.811166625	1007.97070312	38.8073387146	32.8619308472
150.811166625	1007.97070312	38.8073387146	32.8619308472
150.811166625	1007.97070312	38.8073387146	32.8619308472
150.811166625	1007.97070312	38.8073387146	32.8619308472
150.811166625	1007.97070312	38.8073387146	32.8619308472
150.811166626	1007.97070312	38.8073387146	32.8619308472
150.811166626	1007.97070312	38.8073387146	32.8619308472
150.811166626	1007.97070312	38.8073387146	32.8619308472
150.811166626	1007.97070312	38.8073387146	32.8619308472
150.811166626	1007.97070312	38.8073387146	32.8619308472
150.811166626	1007.97070312	38.8073387146	32.8619308472
150.811166626	1007.97070312	38.8073387146	32.8619308472
150.811166627	1007.97070312	38.8073387146	32.8619308472
150.811166627	1007.97070312	38.8073387146	32.8619308472
150.811166627	1007.96923828	38.8073387146	32.8619308472
150.811166627	1007.96923828	38.8073387146	32.8619308472
150.811166627	1007.96923828	38.8073387146	32.8619308472
150.811166627	1007.96923828	38.8073387146	32.8619308472
150.811166627	1007.96923828	38.8073387146	32.8619308472
150.811166628	1007.96923828	38.8073387146	32.8619308472
150.811166628	1007.96923828	38.8073387146	32.8619308472
150.811166628	1007.96923828	38.8073387146	32.8619308472
150.811166628	1007.96923828	38.8073387146	32.8619308472
150.811166628	1007.96923828	38.8073387146	32.8619308472
150.811166629	1007.96923828	38.8073387146	32.8619308472
150.811166629	1007.96923828	38.8073387146	32.8619308472
150.811166629	1007.96923828	38.8073387146	32.8619308472
150.811166629	1007.96923828	38.8073387146	32.8619308472
150.811166629	1007.96923828	38.8073387146	32.8619308472
150.811166629	1007.96923828	38.8073387146	32.8619308472
150.811166629	1007.96923828	38.8073387146	32.8619308472
150.81116663	1007.96923828	38.8073387146	32.8619308472
150.81116663	1007.96923828	38.8073387146	32.8619308472
150.81116663	1007.96923828	38.8073387146	32.8619308472
150.81116663	1007.96923828	38.8073387146	32.8619308472
150.81116663	1007.96923828	38.8073387146	32.8619308472
150.81116663	1007.96923828	38.8073387146	32.8619308472
150.81116663	1007.96923828	38.8073387146	32.8619308472
150.81116663	1007.96923828	38.8073387146	32.8619308472
150.811166631	1007.96923828	38.8073387146	32.8619308472
150.811166631	1007.96948242	37.5166893005	32.8619308472
150.811166631	1007.96948242	37.5166893005	32.8619308472
150.811166631	1007.96948242	37.5166893005	32.8619308472
150.811166631	1007.96948242	37.5166893005	32.8619308472
150.811166631	1007.96948242	37.5166893005	32.8619308472
150.811166632	1007.96948242	37.5166893005	32.8619308472
150.811166632	1007.96948242	37.5166893005	32.8619308472
150.811166632	1007.96948242	37.5166893005	32.8619308472
150.811166632	1007.96948242	37.5166893005	32.8619308472
150.811166632	1007.96948242	37.5166893005	32.8619308472
150.811166632	1007.96948242	37.5166893005	32.8619308472
150.811166632	1007.96948242	37.5166893005	32.8619308472
150.811166633	1007.96948242	37.5166893005	32.8619308472
150.811166633	1007.96948242	37.5166893005	32.8619308472
150.811166633	1007.96948242	37.5166893005	32.8619308472
150.811166633	1007.96948242	37.5166893005	32.8619308472
150.811166633	1007.96948242	37.5166893005	32.8619308472
150.811166633	1007.96948242	37.5166893005	32.8619308472
150.811166633	1007.96948242	37.5166893005	32.8619308472
150.811166634	1007.96948242	37.5166893005	32.8619308472
150.811166634	1007.96948242	37.5166893005	32.8619308472
150.811166634	1007.96948242	37.5166893005	32.8619308472
150.811166634	1007.96948242	37.5166893005	32.8619308472
150.811166634	1007.96948242	37.5166893005	32.8619308472
150.811166634	1007.96948242	37.5166893005	32.8619308472
150.811166634	1007.96948242	37.5166893005	32.8619308472
150.811166634	1007.96948242	37.5166893005	32.8619308472
150.811166635	1007.96948242	37.5166893005	32.8619308472
150.811166635	1007.96948242	37.5166893005	32.8619308472
150.811166635	1007.96972656	37.5166893005	32.8619308472
150.811166635	1007.96972656	37.5166893005	32.8619308472
150.811166635	1007.96972656	37.5166893005	32.8619308472
150.811166635	1007.96972656	37.5166893005	32.8619308472
150.811166636	1007.96972656	37.5166893005	32.8619308472
150.811166636	1007.96972656	37.5166893005	32.8619308472
150.811166636	1007.96972656	37.5166893005	32.8619308472
150.811166636	1007.96972656	37.5166893005	32.8619308472
150.811166636	1007.96972656	37.5166893005	32.8619308472
150.811166636	1007.96972656	37.5166893005	32.8619308472
150.811166636	1007.96972656	37.5166893005	32.8619308472
150.811166637	1007.96972656	37.5166893005	32.8619308472
150.811166637	1007.96972656	37.5166893005	32.8619308472
150.811166637	1007.96972656	37.5166893005	32.8619308472
150.811166637	1007.96972656	37.5166893005	32.8619308472
150.811166637	1007.96972656	37.5166893005	32.8619308472
150.811166637	1007.96972656	37.5166893005	32.8619308472
150.811166637	1007.96972656	37.5166893005	32.8619308472
150.811166637	1007.96972656	37.5166893005	32.8619308472
150.811166638	1007.96972656	37.5166893005	32.8619308472
150.811166638	1007.96972656	37.5166893005	32.8619308472
150.811166638	1007.96972656	37.5166893005	32.8619308472
150.811166638	1007.96972656	37.5166893005	32.8619308472
150.811166638	1007.96972656	37.5166893005	32.8619308472
150.811166638	1007.96972656	37.5166893005	32.8619308472
150.811166638	1007.96972656	37.5166893005	32.8619308472
150.811166639	1007.96972656	37.5166893005	32.9349861145
150.811166639	1007.96972656	37.5166893005	32.9349861145
150.811166639	1007.96875	39.5861816406	32.9349861145
150.811166639	1007.96875	39.5861816406	32.9349861145
150.811166639	1007.96875	39.5861816406	32.9349861145
150.811166639	1007.96875	39.5861816406	32.9349861145
150.81116664	1007.96875	39.5861816406	32.9349861145
150.81116664	1007.96875	39.5861816406	32.9349861145
150.81116664	1007.96875	39.5861816406	32.9349861145
150.81116664	1007.96875	39.5861816406	32.9349861145
150.81116664	1007.96875	39.5861816406	32.9349861145
150.81116664	1007.96875	39.5861816406	32.9349861145
150.81116664	1007.96875	39.5861816406	32.9349861145
150.811166641	1007.96875	39.5861816406	32.9349861145
150.811166641	1007.96875	39.5861816406	32.9349861145
150.811166641	1007.96875	39.5861816406	32.9349861145
150.811166641	1007.96875	39.5861816406	32.9349861145
150.811166641	1007.96875	39.5861816406	32.9349861145
150.811166641	1007.96875	39.5861816406	32.9349861145
150.811166641	1007.96875	39.5861816406	32.9349861145
150.811166642	1007.96875	39.5861816406	32.9349861145
150.811166642	1007.96875	39.5861816406	32.9349861145
150.811166642	1007.96875	39.5861816406	32.9349861145
150.811166642	1007.96875	39.5861816406	32.9349861145
150.811166642	1007.96875	39.5861816406	32.9349861145
150.811166642	1007.96875	39.5861816406	32.9349861145
150.811166642	1007.96875	39.5861816406	32.9349861145
150.811166642	1007.96875	39.5861816406	32.9349861145
150.811166643	1007.96875	39.5861816406	32.9349861145
150.811166643	1007.96875	39.5861816406	32.9349861145
150.811166643	1007.96875	39.5861816406	32.9349861145
150.811166643	1007.96679688	39.5861816406	32.9349861145
150.811166643	1007.96679688	39.5861816406	32.9349861145
150.811166643	1007.96679688	39.5861816406	32.9349861145
150.811166644	1007.96679688	39.5861816406	32.9349861145
150.811166644	1007.96679688	39.5861816406	32.9349861145
150.811166644	1007.96679688	39.5861816406	32.9349861145
150.811166644	1007.96679688	39.5861816406	32.9349861145
150.811166644	1007.96679688	39.5861816406	32.9349861145
150.811166644	1007.96679688	39.5861816406	32.9349861145
150.811166644	1007.96679688	39.5861816406	32.9349861145
150.811166644	1007.96679688	39.5861816406	32.9349861145
150.811166645	1007.96679688	39.5861816406	32.9349861145
150.811166645	1007.96679688	39.5861816406	32.9349861145
150.811166645	1007.96679688	39.5861816406	32.9349861145
150.811166645	1007.96679688	39.5861816406	32.9349861145
150.811166645	1007.96679688	39.5861816406	32.9349861145
150.811166645	1007.96679688	39.5861816406	32.9349861145
150.811166645	1007.96679688	39.5861816406	32.9349861145
150.811166646	1007.96679688	39.5861816406	32.9349861145
150.811166646	1007.96679688	39.5861816406	32.9349861145
150.811166646	1007.96679688	39.5861816406	32.9349861145
150.811166646	1007.96679688	39.5861816406	32.9349861145
150.811166646	1007.96679688	39.5861816406	32.9349861145
150.811166646	1007.96679688	39.5861816406	32.9349861145
150.811166646	1007.96679688	39.5861816406	32.9349861145
150.811166647	1007.96679688	39.5861816406	32.8801956177
150.811166647	1007.96679688	39.5861816406	32.8801956177
150.811166647	1007.96679688	39.0484085083	32.8801956177
150.811166647	1007.96679688	39.0484085083	32.8801956177
150.811166647	1007.96801758	39.0484085083	32.8801956177
150.811166647	1007.96801758	39.0484085083	32.8801956177
150.811166648	1007.96801758	39.0484085083	32.8801956177
150.811166648	1007.96801758	39.0484085083	32.8801956177
150.811166648	1007.96801758	39.0484085083	32.8801956177
150.811166648	1007.96801758	39.0484085083	32.8801956177
150.811166648	1007.96801758	39.0484085083	32.8801956177
150.811166648	1007.96801758	39.0484085083	32.8801956177
150.811166648	1007.96801758	39.0484085083	32.8801956177
150.811166649	1007.96801758	39.0484085083	32.8801956177
150.811166649	1007.96801758	39.0484085083	32.8801956177
150.811166649	1007.96801758	39.0484085083	32.8801956177
150.811166649	1007.96801758	39.0484085083	32.8801956177
150.811166649	1007.96801758	39.0484085083	32.8801956177
150.811166649	1007.96801758	39.0484085083	32.8801956177
150.811166649	1007.96801758	39.0484085083	32.8801956177
150.811166649	1007.96801758	39.0484085083	32.8801956177
150.81116665	1007.96801758	39.0484085083	32.8801956177
150.81116665	1007.96801758	39.0484085083	32.8801956177
150.81116665	1007.96801758	39.0484085083	32.8801956177
150.81116665	1007.96801758	39.0484085083	32.8801956177
150.81116665	1007.96801758	39.0484085083	32.8801956177
150.81116665	1007.96801758	39.0484085083	32.8801956177
150.81116665	1007.96801758	39.0484085083	32.8801956177
150.811166651	1007.96801758	39.0484085083	32.8801956177
150.811166651	1007.96801758	39.0484085083	32.8801956177
150.811166651	1007.96801758	39.0484085083	32.8801956177
150.811166651	1007.96801758	39.0484085083	32.8801956177
150.811166651	1007.96801758	39.0484085083	32.8801956177
150.811166651	1007.97021484	39.0484085083	32.8801956177
150.811166651	1007.97021484	39.0484085083	32.8801956177
150.811166652	1007.97021484	39.0484085083	32.8801956177
150.811166652	1007.97021484	39.0484085083	32.8801956177
150.811166652	1007.97021484	39.0484085083	32.8801956177
150.811166652	1007.97021484	39.0484085083	32.8801956177
150.811166652	1007.97021484	39.0484085083	32.8801956177
150.811166652	1007.97021484	39.0484085083	32.8801956177
150.811166652	1007.97021484	39.0484085083	32.8801956177
150.811166653	1007.97021484	39.0484085083	32.8801956177
150.811166653	1007.97021484	39.0484085083	32.8801956177
150.811166653	1007.97021484	39.0484085083	32.8801956177
150.811166653	1007.97021484	39.0484085083	32.8801956177
150.811166653	1007.97021484	39.0484085083	32.8801956177
150.811166653	1007.97021484	39.0484085083	32.8801956177
150.811166653	1007.97021484	39.0484085083	32.8801956177
150.811166654	1007.97021484	39.0484085083	32.8801956177
150.811166654	1007.97021484	39.0484085083	32.8801956177
150.811166654	1007.97021484	39.0484085083	32.8801956177
150.811166654	1007.97021484	39.0484085083	32.8801956177
150.811166654	1007.97021484	39.0484085083	32.8801956177
150.811166654	1007.97021484	39.0484085083	32.8801956177
150.811166654	1007.97021484	39.0484085083	32.8801956177
150.811166654	1007.97021484	39.0484085083	32.8801956177
150.811166655	1007.97021484	39.0484085083	32.8984603882
150.811166655	1007.97021484	39.0484085083	32.8984603882
150.811166655	1007.97021484	37.6650390625	32.8984603882
150.811166655	1007.97021484	37.6650390625	32.8984603882
150.811166655	1007.97583008	37.6650390625	32.8984603882
150.811166656	1007.97583008	37.6650390625	32.8984603882
150.811166656	1007.97583008	37.6650390625	32.8984603882
150.811166656	1007.97583008	37.6650390625	32.8984603882
150.811166656	1007.97583008	37.6650390625	32.8984603882
150.811166656	1007.97583008	37.6650390625	32.8984603882
150.811166656	1007.97583008	37.6650390625	32.8984603882
150.811166656	1007.97583008	37.6650390625	32.8984603882
150.811166656	1007.97583008	37.6650390625	32.8984603882
150.811166657	1007.97583008	37.6650390625	32.8984603882
150.811166657	1007.97583008	37.6650390625	32.8984603882
150.811166657	1007.97583008	37.6650390625	32.8984603882
150.811166657	1007.97583008	37.6650390625	32.8984603882
150.811166657	1007.97583008	37.6650390625	32.8984603882
150.811166657	1007.97583008	37.6650390625	32.8984603882
150.811166657	1007.97583008	37.6650390625	32.8984603882
150.811166658	1007.97583008	37.6650390625	32.8984603882
150.811166658	1007.97583008	37.6650390625	32.8984603882
150.811166658	1007.97583008	37.6650390625	32.8984603882
150.811166658	1007.97583008	37.6650390625	32.8984603882
150.811166658	1007.97583008	37.6650390625	32.8984603882
150.811166658	1007.97583008	37.6650390625	32.8984603882
150.811166658	1007.97583008	37.6650390625	32.8984603882
150.811166659	1007.97583008	37.6650390625	32.8984603882
150.811166659	1007.97583008	37.6650390625	32.8984603882
150.811166659	1007.97583008	37.6650390625	32.8984603882
150.811166659	1007.97583008	37.6650390625	32.8984603882
150.811166659	1007.97583008	37.6650390625	32.8984603882
150.811166659	1007.97583008	37.6650390625	32.8984603882
150.811166659	1007.98095703	37.6650390625	32.8984603882
150.81116666	1007.98095703	37.6650390625	32.8984603882
150.81116666	1007.98095703	37.6650390625	32.8984603882
150.81116666	1007.98095703	37.6650390625	32.8984603882
150.81116666	1007.98095703	37.6650390625	32.8984603882
150.81116666	1007.98095703	37.6650390625	32.8984603882
150.81116666	1007.98095703	37.6650390625	32.8984603882
150.81116666	1007.98095703	37.6650390625	32.8984603882
150.811166661	1007.98095703	37.6650390625	32.8984603882
150.811166661	1007.98095703	37.6650390625	32.8984603882
150.811166661	1007.98095703	37.6650390625	32.8984603882
150.811166661	1007.98095703	37.6650390625	32.8984603882
150.811166661	1007.98095703	37.6650390625	32.8984603882
150.811166661	1007.98095703	37.6650390625	32.8984603882
150.811166661	1007.98095703	37.6650390625	32.8984603882
150.811166662	1007.98095703	37.6650390625	32.8984603882
150.811166662	1007.98095703	37.6650390625	32.8984603882
150.811166662	1007.98095703	37.6650390625	32.8984603882
150.811166662	1007.98095703	37.6650390625	32.8984603882
150.811166662	1007.98095703	37.6650390625	32.8984603882
150.811166662	1007.98095703	37.6650390625	32.8984603882
150.811166662	1007.98095703	37.6650390625	32.8984603882
150.811166662	1007.98095703	37.6650390625	32.8984603882
150.811166663	1007.98095703	37.6650390625	32.8984603882
150.811166663	1007.98095703	37.6650390625	32.916721344
150.811166663	1007.98095703	40.2723007202	32.916721344
150.811166663	1007.98095703	40.2723007202	32.916721344
150.811166663	1007.98095703	40.2723007202	32.916721344
150.811166663	1007.98706055	40.2723007202	32.916721344
150.811166664	1007.98706055	40.2723007202	32.916721344
150.811166664	1007.98706055	40.2723007202	32.916721344
150.811166664	1007.98706055	40.2723007202	32.916721344
150.811166664	1007.98706055	40.2723007202	32.916721344
150.811166664	1007.98706055	40.2723007202	32.916721344
150.811166664	1007.98706055	40.2723007202	32.916721344
150.811166664	1007.98706055	40.2723007202	32.916721344
150.811166665	1007.98706055	40.2723007202	32.916721344
150.811166665	1007.98706055	40.2723007202	32.916721344
150.811166665	1007.98706055	40.2723007202	32.916721344
150.811166665	1007.98706055	40.2723007202	32.916721344
150.811166665	1007.98706055	40.2723007202	32.916721344
150.811166665	1007.98706055	40.2723007202	32.916721344
150.811166665	1007.98706055	40.2723007202	32.916721344
150.811166666	1007.98706055	40.2723007202	32.916721344
150.811166666	1007.98706055	40.2723007202	32.916721344
150.811166666	1007.98706055	40.2723007202	32.916721344
150.811166666	1007.98706055	40.2723007202	32.916721344
150.811166666	1007.98706055	40.2723007202	32.916721344
150.811166666	1007.98706055	40.2723007202	32.916721344
150.811166666	1007.98706055	40.2723007202	32.916721344
150.811166666	1007.98706055	40.2723007202	32.916721344
150.811166667	1007.98706055	40.2723007202	32.916721344
150.811166667	1007.98706055	40.2723007202	32.916721344
150.811166667	1007.98706055	40.2723007202	32.916721344
150.811166667	1007.98706055	40.2723007202	32.916721344
150.811166667	1007.98706055	40.2723007202	32.916721344
150.811166667	1007.98706055	40.2723007202	32.916721344
150.811166667	1007.98657227	40.2723007202	32.916721344
150.811166668	1007.98657227	40.2723007202	32.916721344
150.811166668	1007.98657227	40.2723007202	32.916721344
150.811166668	1007.98657227	40.2723007202	32.916721344
150.811166668	1007.98657227	40.2723007202	32.916721344
150.811166668	1007.98657227	40.2723007202	32.916721344
150.811166668	1007.98657227	40.2723007202	32.916721344
150.811166669	1007.98657227	40.2723007202	32.916721344
150.811166669	1007.98657227	40.2723007202	32.916721344
150.811166669	1007.98657227	40.2723007202	32.916721344
150.811166669	1007.98657227	40.2723007202	32.916721344
150.811166669	1007.98657227	40.2723007202	32.916721344
150.811166669	1007.98657227	40.2723007202	32.916721344
150.811166669	1007.98657227	40.2723007202	32.916721344
150.811166669	1007.98657227	40.2723007202	32.916721344
150.81116667	1007.98657227	40.2723007202	32.916721344
150.81116667	1007.98657227	40.2723007202	32.916721344
150.81116667	1007.98657227	40.2723007202	32.916721344
150.81116667	1007.98657227	40.2723007202	32.916721344
150.81116667	1007.98657227	40.2723007202	32.916721344
150.81116667	1007.98657227	40.2723007202	32.916721344
150.81116667	1007.98657227	40.2723007202	32.916721344
150.811166671	1007.98657227	40.2723007202	32.916721344
150.811166671	1007.98657227	40.2723007202	32.916721344
150.811166671	1007.98657227	40.2723007202	32.916721344
150.811166671	1007.98657227	39.945930481	32.916721344
150.811166671	1007.98657227	39.945930481	32.916721344
150.811166671	1007.98657227	39.945930481	32.916721344
150.811166672	1007.98681641	39.945930481	32.916721344
150.811166672	1007.98681641	39.945930481	32.916721344
150.811166672	1007.98681641	39.945930481	32.916721344
150.811166672	1007.98681641	39.945930481	32.916721344
150.811166672	1007.98681641	39.945930481	32.916721344
150.811166673	1007.98681641	39.945930481	32.916721344
150.811166673	1007.98681641	39.945930481	32.916721344
150.811166673	1007.98681641	39.945930481	32.916721344
150.811166673	1007.98681641	39.945930481	32.916721344
150.811166674	1007.98681641	39.945930481	32.916721344
150.811166674	1007.98681641	39.945930481	32.916721344
150.811166674	1007.98681641	39.945930481	32.916721344
150.811166674	1007.98681641	39.945930481	32.916721344
150.811166674	1007.98681641	39.945930481	32.916721344
150.811166674	1007.98681641	39.945930481	32.916721344
150.811166674	1007.98681641	39.945930481	32.916721344
150.811166675	1007.98681641	39.945930481	32.916721344
150.811166675	1007.98681641	39.945930481	32.916721344
150.811166675	1007.98681641	39.945930481	32.916721344
150.811166675	1007.98681641	39.945930481	32.916721344
150.811166675	1007.98681641	39.945930481	32.916721344
150.811166675	1007.98681641	39.945930481	32.916721344
150.811166675	1007.98681641	39.945930481	32.916721344
150.811166676	1007.98681641	39.945930481	32.916721344
150.811166676	1007.98608398	39.945930481	32.916721344
150.811166676	1007.98608398	39.945930481	32.916721344
150.811166676	1007.98608398	39.945930481	32.916721344
150.811166676	1007.98608398	39.945930481	32.916721344
150.811166676	1007.98608398	39.945930481	32.916721344
150.811166677	1007.98608398	39.945930481	32.916721344
150.811166677	1007.98608398	39.945930481	32.916721344
150.811166677	1007.98608398	39.945930481	32.916721344
150.811166677	1007.98608398	39.945930481	32.916721344
150.811166677	1007.98608398	39.945930481	32.916721344
150.811166677	1007.98608398	39.945930481	32.916721344
150.811166677	1007.98608398	39.945930481	32.916721344
150.811166678	1007.98608398	39.945930481	32.916721344
150.811166678	1007.98608398	39.945930481	32.916721344
150.811166678	1007.98608398	39.945930481	32.916721344
150.811166678	1007.98608398	39.945930481	32.916721344
150.811166678	1007.98608398	39.945930481	32.916721344
150.811166678	1007.98608398	39.945930481	32.916721344
150.811166678	1007.98608398	39.945930481	32.916721344
150.811166679	1007.98608398	39.945930481	32.916721344
150.811166679	1007.98608398	39.945930481	32.916721344
150.811166679	1007.98608398	39.945930481	32.8801956177
150.811166679	1007.98608398	39.945930481	32.8801956177
150.811166679	1007.98608398	40.2574653625	32.8801956177
150.811166679	1007.98608398	40.2574653625	32.8801956177
150.811166679	1007.98608398	40.2574653625	32.8801956177
150.81116668	1007.98608398	40.2574653625	32.8801956177
150.81116668	1007.98364258	40.2574653625	32.8801956177
150.81116668	1007.98364258	40.2574653625	32.8801956177
150.81116668	1007.98364258	40.2574653625	32.8801956177
150.81116668	1007.98364258	40.2574653625	32.8801956177
150.81116668	1007.98364258	40.2574653625	32.8801956177
150.811166681	1007.98364258	40.2574653625	32.8801956177
150.811166681	1007.98364258	40.2574653625	32.8801956177
150.811166681	1007.98364258	40.2574653625	32.8801956177
150.811166681	1007.98364258	40.2574653625	32.8801956177
150.811166681	1007.98364258	40.2574653625	32.8801956177
150.811166681	1007.98364258	40.2574653625	32.8801956177
150.811166681	1007.98364258	40.2574653625	32.8801956177
150.811166682	1007.98364258	40.2574653625	32.8801956177
150.811166682	1007.98364258	40.2574653625	32.8801956177
150.811166682	1007.98364258	40.2574653625	32.8801956177
150.811166682	1007.98364258	40.2574653625	32.8801956177
150.811166682	1007.98364258	40.2574653625	32.8801956177
150.811166682	1007.98364258	40.2574653625	32.8801956177
150.811166682	1007.98364258	40.2574653625	32.8801956177
150.811166683	1007.98364258	40.2574653625	32.8801956177
150.811166683	1007.98364258	40.2574653625	32.8801956177
150.811166683	1007.98364258	40.2574653625	32.8801956177
150.811166683	1007.98364258	40.2574653625	32.8801956177
150.811166683	1007.98364258	40.2574653625	32.8801956177
150.811166683	1007.98364258	40.2574653625	32.8801956177
150.811166683	1007.98364258	40.2574653625	32.8801956177
150.811166684	1007.98364258	40.2574653625	32.8801956177
150.811166684	1007.98486328	40.2574653625	32.8801956177
150.811166684	1007.98486328	40.2574653625	32.8801956177
150.811166684	1007.98486328	40.2574653625	32.8801956177
150.811166684	1007.98486328	40.2574653625	32.8801956177
150.811166684	1007.98486328	40.2574653625	32.8801956177
150.811166685	1007.98486328	40.2574653625	32.8801956177
150.811166685	1007.98486328	40.2574653625	32.8801956177
150.811166685	1007.98486328	40.2574653625	32.8801956177
150.811166685	1007.98486328	40.2574653625	32.8801956177
150.811166685	1007.98486328	40.2574653625	32.8801956177
150.811166685	1007.98486328	40.2574653625	32.8801956177
150.811166685	1007.98486328	40.2574653625	32.8801956177
150.811166685	1007.98486328	40.2574653625	32.8801956177
150.811166686	1007.98486328	40.2574653625	32.8801956177
150.811166686	1007.98486328	40.2574653625	32.8801956177
150.811166686	1007.98486328	40.2574653625	32.8801956177
150.811166686	1007.98486328	40.2574653625	32.8801956177
150.811166686	1007.98486328	40.2574653625	32.8801956177
150.811166686	1007.98486328	40.2574653625	32.8801956177
150.811166686	1007.98486328	40.2574653625	32.8801956177
150.811166687	1007.98486328	40.2574653625	32.8801956177
150.811166687	1007.98486328	40.2574653625	32.8801956177
150.811166687	1007.98486328	40.2574653625	32.8436660767
150.811166687	1007.98486328	40.2574653625	32.8436660767
150.811166687	1007.98486328	38.7294540405	32.8436660767
150.811166687	1007.98486328	38.7294540405	32.8436660767
150.811166687	1007.98486328	38.7294540405	32.8436660767
150.811166688	1007.98486328	38.7294540405	32.8436660767
150.811166688	1007.98486328	38.7294540405	32.8436660767
150.811166688	1007.98876953	38.7294540405	32.8436660767
150.811166688	1007.98876953	38.7294540405	32.8436660767
150.811166688	1007.98876953	38.7294540405	32.8436660767
150.811166688	1007.98876953	38.7294540405	32.8436660767
150.811166689	1007.98876953	38.7294540405	32.8436660767
150.811166689	1007.98876953	38.7294540405	32.8436660767
150.811166689	1007.98876953	38.7294540405	32.8436660767
150.811166689	1007.98876953	38.7294540405	32.8436660767
150.811166689	1007.98876953	38.7294540405	32.8436660767
150.811166689	1007.98876953	38.7294540405	32.8436660767
150.811166689	1007.98876953	38.7294540405	32.8436660767
150.811166689	1007.98876953	38.7294540405	32.8436660767
150.81116669	1007.98876953	38.7294540405	32.8436660767
150.81116669	1007.98876953	38.7294540405	32.8436660767
150.81116669	1007.98876953	38.7294540405	32.8436660767
150.81116669	1007.98876953	38.7294540405	32.8436660767
150.81116669	1007.98876953	38.7294540405	32.8436660767
150.81116669	1007.98876953	38.7294540405	32.8436660767
150.81116669	1007.98876953	38.7294540405	32.8436660767
150.811166691	1007.98876953	38.7294540405	32.8436660767
150.811166691	1007.98876953	38.7294540405	32.8436660767
150.811166691	1007.98876953	38.7294540405	32.8436660767
150.811166691	1007.98876953	38.7294540405	32.8436660767
150.811166691	1007.98876953	38.7294540405	32.8436660767
150.811166691	1007.98876953	38.7294540405	32.8436660767
150.811166691	1007.98876953	38.7294540405	32.8436660767
150.811166692	1007.98876953	38.7294540405	32.8436660767
150.811166692	1007.98876953	38.7294540405	32.8436660767
150.811166692	1007.98876953	38.7294540405	32.8436660767
150.811166692	1007.99365234	38.7294540405	32.8436660767
150.811166692	1007.99365234	38.7294540405	32.8436660767
150.811166692	1007.99365234	38.7294540405	32.8436660767
150.811166692	1007.99365234	38.7294540405	32.8436660767
150.811166693	1007.99365234	38.7294540405	32.8436660767
150.811166693	1007.99365234	38.7294540405	32.8436660767
150.811166693	1007.99365234	38.7294540405	32.8436660767
150.811166693	1007.99365234	38.7294540405	32.8436660767
150.811166693	1007.99365234	38.7294540405	32.8436660767
150.811166693	1007.99365234	38.7294540405	32.8436660767
150.811166693	1007.99365234	38.7294540405	32.8436660767
150.811166694	1007.99365234	38.7294540405	32.8436660767
150.811166694	1007.99365234	38.7294540405	32.8436660767
150.811166694	1007.99365234	38.7294540405	32.8436660767
150.811166694	1007.99365234	38.7294540405	32.8436660767
150.811166694	1007.99365234	38.7294540405	32.8436660767
150.811166694	1007.99365234	38.7294540405	32.8436660767
150.811166694	1007.99365234	38.7294540405	32.8436660767
150.811166694	1007.99365234	38.7294540405	32.8436660767
150.811166695	1007.99365234	38.7294540405	32.8436660767
150.811166695	1007.99365234	38.7294540405	32.8436660767
150.811166695	1007.99365234	38.7294540405	32.7888717651
150.811166695	1007.99365234	38.7294540405	32.7888717651
150.811166695	1007.99365234	39.4897537231	32.7888717651
150.811166695	1007.99365234	39.4897537231	32.7888717651
150.811166696	1007.99365234	39.4897537231	32.7888717651
150.811166696	1007.99365234	39.4897537231	32.7888717651
150.811166696	1007.99365234	39.4897537231	32.7888717651
150.811166696	1007.99243164	39.4897537231	32.7888717651
150.811166696	1007.99243164	39.4897537231	32.7888717651
150.811166696	1007.99243164	39.4897537231	32.7888717651
150.811166696	1007.99243164	39.4897537231	32.7888717651
150.811166697	1007.99243164	39.4897537231	32.7888717651
150.811166697	1007.99243164	39.4897537231	32.7888717651
150.811166697	1007.99243164	39.4897537231	32.7888717651
150.811166697	1007.99243164	39.4897537231	32.7888717651
150.811166697	1007.99243164	39.4897537231	32.7888717651
150.811166697	1007.99243164	39.4897537231	32.7888717651
150.811166697	1007.99243164	39.4897537231	32.7888717651
150.811166698	1007.99243164	39.4897537231	32.7888717651
150.811166698	1007.99243164	39.4897537231	32.7888717651
150.811166698	1007.99243164	39.4897537231	32.7888717651
150.811166698	1007.99243164	39.4897537231	32.7888717651
150.811166698	1007.99243164	39.4897537231	32.7888717651
150.811166698	1007.99243164	39.4897537231	32.7888717651
150.811166698	1007.99243164	39.4897537231	32.7888717651
150.811166699	1007.99243164	39.4897537231	32.7888717651
150.811166699	1007.99243164	39.4897537231	32.7888717651
150.811166699	1007.99243164	39.4897537231	32.7888717651
150.811166699	1007.99243164	39.4897537231	32.7888717651
150.811166699	1007.99243164	39.4897537231	32.7888717651
150.811166699	1007.99243164	39.4897537231	32.7888717651
150.811166699	1007.99243164	39.4897537231	32.7888717651
150.811166699	1007.99243164	39.4897537231	32.7888717651
150.8111667	1007.99243164	39.4897537231	32.7888717651
150.8111667	1007.99243164	39.4897537231	32.7888717651
150.8111667	1007.99243164	39.4897537231	32.7888717651
150.8111667	1007.99047852	39.4897537231	32.7888717651
150.8111667	1007.99047852	39.4897537231	32.7888717651
150.8111667	1007.99047852	39.4897537231	32.7888717651
150.811166701	1007.99047852	39.4897537231	32.7888717651
150.811166701	1007.99047852	39.4897537231	32.7888717651
150.811166701	1007.99047852	39.4897537231	32.7888717651
150.811166701	1007.99047852	39.4897537231	32.7888717651
150.811166701	1007.99047852	39.4897537231	32.7888717651
150.811166701	1007.99047852	39.4897537231	32.7888717651
150.811166701	1007.99047852	39.4897537231	32.7888717651
150.811166702	1007.99047852	39.4897537231	32.7888717651
150.811166702	1007.99047852	39.4897537231	32.7888717651
150.811166702	1007.99047852	39.4897537231	32.7888717651
150.811166702	1007.99047852	39.4897537231	32.7888717651
150.811166702	1007.99047852	39.4897537231	32.7888717651
150.811166702	1007.99047852	39.4897537231	32.7888717651
150.811166702	1007.99047852	39.4897537231	32.7888717651
150.811166702	1007.99047852	39.4897537231	32.7888717651
150.811166703	1007.99047852	39.4897537231	32.7888717651
150.811166703	1007.99047852	39.4897537231	32.7888717651
150.811166703	1007.99047852	39.4897537231	32.8619308472
150.811166703	1007.99047852	39.4897537231	32.8619308472
150.811166703	1007.99047852	39.9125518799	32.8619308472
150.811166703	1007.99047852	39.9125518799	32.8619308472
150.811166704	1007.99047852	39.9125518799	32.8619308472
150.811166704	1007.99047852	39.9125518799	32.8619308472
150.811166704	1007.99047852	39.9125518799	32.8619308472
150.811166704	1007.99047852	39.9125518799	32.8619308472
150.811166704	1007.99047852	39.9125518799	32.8619308472
150.811166704	1007.98193359	39.9125518799	32.8619308472
