0.873007723452	1100
time	pressure	humidity	temperature
150.811165904	1008.16186523	41.7663993835	30.7063713074
150.811165904	1008.16186523	41.7663993835	30.7063713074
150.811165905	1008.16186523	41.7663993835	30.7063713074
150.811165905	1008.16186523	41.7663993835	30.7063713074
150.811165905	1008.16186523	41.7663993835	30.7063713074
150.811165905	1008.16186523	41.7663993835	30.7063713074
150.811165906	1008.16186523	41.7663993835	30.7063713074
150.811165906	1008.16186523	41.7663993835	30.7063713074
150.811165906	1008.16186523	41.7663993835	30.7063713074
150.811165906	1008.15722656	41.7663993835	30.7063713074
150.811165907	1008.15722656	41.7663993835	30.7063713074
150.811165907	1008.15722656	41.7663993835	30.7063713074
150.811165907	1008.15722656	41.7663993835	30.7063713074
150.811165907	1008.15722656	41.7663993835	30.7063713074
150.811165908	1008.15722656	41.7663993835	30.7063713074
150.811165908	1008.15722656	41.7663993835	30.7063713074
150.811165908	1008.15722656	41.7663993835	30.7063713074
150.811165908	1008.15722656	41.7663993835	30.7063713074
150.811165908	1008.15722656	41.7663993835	30.7063713074
150.811165909	1008.15722656	41.7663993835	30.7063713074
150.811165909	1008.15722656	41.7663993835	30.759803772
150.811165909	1008.15722656	42.0571517944	30.759803772
150.81116591	1008.15722656	42.0571517944	30.759803772
150.81116591	1008.15722656	42.0571517944	30.759803772
150.81116591	1008.15722656	42.0571517944	30.759803772
150.81116591	1008.15722656	42.0571517944	30.759803772
150.81116591	1008.15722656	42.0571517944	30.759803772
150.811165911	1008.15722656	42.0571517944	30.759803772
150.811165911	1008.15722656	42.0571517944	30.759803772
150.811165911	1008.15722656	42.0571517944	30.759803772
150.811165911	1008.15722656	42.0571517944	30.759803772
150.811165912	1008.15722656	42.0571517944	30.759803772
150.811165912	1008.15722656	42.0571517944	30.759803772
150.811165912	1008.15722656	42.0571517944	30.759803772
150.811165913	1008.15722656	42.0571517944	30.759803772
150.811165913	1008.15722656	42.0571517944	30.759803772
150.811165913	1008.15722656	42.0571517944	30.759803772
150.811165913	1008.15722656	42.0571517944	30.759803772
150.811165914	1008.15722656	42.0571517944	30.759803772
150.811165914	1008.15722656	42.0571517944	30.759803772
150.811165914	1008.15722656	42.0571517944	30.759803772
150.811165914	1008.15722656	42.0571517944	30.759803772
150.811165914	1008.15917969	42.0571517944	30.759803772
150.811165915	1008.15917969	42.0571517944	30.759803772
150.811165915	1008.15917969	42.0571517944	30.759803772
150.811165915	1008.15917969	42.0571517944	30.759803772
150.811165916	1008.15917969	42.0571517944	30.759803772
150.811165916	1008.15917969	42.0571517944	30.759803772
150.811165916	1008.15917969	42.0571517944	30.759803772
150.811165916	1008.15917969	42.0571517944	30.759803772
150.811165916	1008.15917969	42.0571517944	30.759803772
150.811165917	1008.15917969	42.0571517944	30.759803772
150.811165917	1008.15917969	42.0571517944	30.6707515717
150.811165917	1008.15917969	39.7997436523	30.6707515717
150.811165917	1008.15917969	39.7997436523	30.6707515717
150.811165918	1008.15917969	39.7997436523	30.6707515717
150.811165918	1008.15917969	39.7997436523	30.6707515717
150.811165918	1008.15917969	39.7997436523	30.6707515717
150.811165918	1008.15917969	39.7997436523	30.6707515717
150.811165919	1008.16040039	39.7997436523	30.6707515717
150.811165919	1008.16040039	39.7997436523	30.6707515717
150.811165919	1008.16040039	39.7997436523	30.6707515717
150.811165919	1008.16040039	39.7997436523	30.6707515717
150.81116592	1008.16040039	39.7997436523	30.6707515717
150.81116592	1008.16040039	39.7997436523	30.6707515717
150.81116592	1008.16040039	39.7997436523	30.6707515717
150.81116592	1008.16040039	39.7997436523	30.6707515717
150.811165921	1008.16040039	39.7997436523	30.6707515717
150.811165921	1008.16040039	39.7997436523	30.6707515717
150.811165921	1008.16040039	39.7997436523	30.6707515717
150.811165921	1008.16040039	39.7997436523	30.6707515717
150.811165921	1008.16040039	39.7997436523	30.6707515717
150.811165922	1008.16040039	39.7997436523	30.6707515717
150.811165922	1008.16040039	39.7997436523	30.6707515717
150.811165922	1008.16040039	39.7997436523	30.6707515717
150.811165922	1008.16040039	39.7997436523	30.6707515717
150.811165923	1008.16040039	39.7997436523	30.6707515717
150.811165923	1008.15698242	39.7997436523	30.6707515717
150.811165923	1008.15698242	39.7997436523	30.6707515717
150.811165923	1008.15698242	39.7997436523	30.6707515717
150.811165924	1008.15698242	39.7997436523	30.6707515717
150.811165924	1008.15698242	39.7997436523	30.6707515717
150.811165924	1008.15698242	39.7997436523	30.6707515717
150.811165924	1008.15698242	39.7997436523	30.6707515717
150.811165924	1008.15698242	39.7997436523	30.6707515717
150.811165925	1008.15698242	39.7997436523	30.795425415
150.811165925	1008.15698242	40.8614768982	30.795425415
150.811165925	1008.15698242	40.8614768982	30.795425415
150.811165926	1008.15698242	40.8614768982	30.795425415
150.811165926	1008.15698242	40.8614768982	30.795425415
150.811165926	1008.15698242	40.8614768982	30.795425415
150.811165926	1008.15698242	40.8614768982	30.795425415
150.811165926	1008.15698242	40.8614768982	30.795425415
150.811165927	1008.15698242	40.8614768982	30.795425415
150.811165927	1008.15771484	40.8614768982	30.795425415
150.811165927	1008.15771484	40.8614768982	30.795425415
150.811165928	1008.15771484	40.8614768982	30.795425415
150.811165928	1008.15771484	40.8614768982	30.795425415
150.811165928	1008.15771484	40.8614768982	30.795425415
150.811165928	1008.15771484	40.8614768982	30.795425415
150.811165928	1008.15771484	40.8614768982	30.795425415
150.811165929	1008.15771484	40.8614768982	30.795425415
150.811165929	1008.15771484	40.8614768982	30.795425415
150.811165929	1008.15771484	40.8614768982	30.795425415
150.811165929	1008.15771484	40.8614768982	30.795425415
150.81116593	1008.15771484	40.8614768982	30.795425415
150.81116593	1008.15771484	40.8614768982	30.795425415
150.81116593	1008.15771484	40.8614768982	30.795425415
150.81116593	1008.15771484	40.8614768982	30.795425415
150.81116593	1008.15771484	40.8614768982	30.795425415
150.811165931	1008.15771484	40.8614768982	30.795425415
150.811165931	1008.1574707	40.8614768982	30.795425415
150.811165931	1008.1574707	40.8614768982	30.795425415
150.811165931	1008.1574707	40.8614768982	30.795425415
150.811165932	1008.1574707	40.8614768982	30.795425415
150.811165932	1008.1574707	40.8614768982	30.795425415
150.811165932	1008.1574707	40.8614768982	30.795425415
150.811165932	1008.1574707	40.8614768982	30.795425415
150.811165933	1008.1574707	40.8614768982	30.8132362366
150.811165933	1008.1574707	42.7660598755	30.8132362366
150.811165933	1008.1574707	42.7660598755	30.8132362366
150.811165933	1008.1574707	42.7660598755	30.8132362366
150.811165934	1008.1574707	42.7660598755	30.8132362366
150.811165934	1008.1574707	42.7660598755	30.8132362366
150.811165934	1008.1574707	42.7660598755	30.8132362366
150.811165934	1008.1574707	42.7660598755	30.8132362366
150.811165935	1008.1574707	42.7660598755	30.8132362366
150.811165935	1008.1574707	42.7660598755	30.8132362366
150.811165935	1008.15917969	42.7660598755	30.8132362366
150.811165935	1008.15917969	42.7660598755	30.8132362366
150.811165936	1008.15917969	42.7660598755	30.8132362366
150.811165936	1008.15917969	42.7660598755	30.8132362366
150.811165936	1008.15917969	42.7660598755	30.8132362366
150.811165936	1008.15917969	42.7660598755	30.8132362366
150.811165936	1008.15917969	42.7660598755	30.8132362366
150.811165937	1008.15917969	42.7660598755	30.8132362366
150.811165937	1008.15917969	42.7660598755	30.8132362366
150.811165937	1008.15917969	42.7660598755	30.8132362366
150.811165937	1008.15917969	42.7660598755	30.8132362366
150.811165938	1008.15917969	42.7660598755	30.8132362366
150.811165938	1008.15917969	42.7660598755	30.8132362366
150.811165938	1008.15917969	42.7660598755	30.8132362366
150.811165938	1008.15917969	42.7660598755	30.8132362366
150.811165938	1008.15917969	42.7660598755	30.8132362366
150.811165939	1008.15917969	42.7660598755	30.8132362366
150.811165939	1008.15917969	42.7660598755	30.8132362366
150.811165939	1008.15551758	42.7660598755	30.8132362366
150.81116594	1008.15551758	42.7660598755	30.8132362366
150.81116594	1008.15551758	42.7660598755	30.8132362366
150.81116594	1008.15551758	42.7660598755	30.8132362366
150.81116594	1008.15551758	42.7660598755	30.8132362366
150.81116594	1008.15551758	42.7660598755	30.7241821289
150.811165941	1008.15551758	40.6164627075	30.7241821289
150.811165941	1008.15551758	40.6164627075	30.7241821289
150.811165941	1008.15551758	40.6164627075	30.7241821289
150.811165942	1008.15551758	40.6164627075	30.7241821289
150.811165942	1008.15551758	40.6164627075	30.7241821289
150.811165942	1008.15551758	40.6164627075	30.7241821289
150.811165942	1008.15551758	40.6164627075	30.7241821289
150.811165942	1008.15551758	40.6164627075	30.7241821289
150.811165943	1008.15551758	40.6164627075	30.7241821289
150.811165943	1008.15551758	40.6164627075	30.7241821289
150.811165943	1008.15551758	40.6164627075	30.7241821289
150.811165943	1008.15405273	40.6164627075	30.7241821289
150.811165944	1008.15405273	40.6164627075	30.7241821289
150.811165944	1008.15405273	40.6164627075	30.7241821289
150.811165944	1008.15405273	40.6164627075	30.7241821289
150.811165944	1008.15405273	40.6164627075	30.7241821289
150.811165945	1008.15405273	40.6164627075	30.7241821289
150.811165945	1008.15405273	40.6164627075	30.7241821289
150.811165945	1008.15405273	40.6164627075	30.7241821289
150.811165945	1008.15405273	40.6164627075	30.7241821289
150.811165945	1008.15405273	40.6164627075	30.7241821289
150.811165946	1008.15405273	40.6164627075	30.7241821289
150.811165946	1008.15405273	40.6164627075	30.7241821289
150.811165946	1008.15405273	40.6164627075	30.7241821289
150.811165946	1008.15405273	40.6164627075	30.7241821289
150.811165947	1008.15405273	40.6164627075	30.7241821289
150.811165947	1008.15405273	40.6164627075	30.7241821289
150.811165947	1008.15405273	40.6164627075	30.7241821289
150.811165947	1008.15405273	40.6164627075	30.7241821289
150.811165947	1008.15185547	40.6164627075	30.7241821289
150.811165948	1008.15185547	40.6164627075	30.7241821289
150.811165948	1008.15185547	40.6164627075	30.7241821289
150.811165948	1008.15185547	40.6164627075	30.7776145935
150.811165949	1008.15185547	39.9108200073	30.7776145935
150.811165949	1008.15185547	39.9108200073	30.7776145935
150.811165949	1008.15185547	39.9108200073	30.7776145935
150.811165949	1008.15185547	39.9108200073	30.7776145935
150.81116595	1008.15185547	39.9108200073	30.7776145935
150.81116595	1008.15185547	39.9108200073	30.7776145935
150.81116595	1008.15185547	39.9108200073	30.7776145935
150.81116595	1008.15185547	39.9108200073	30.7776145935
150.81116595	1008.15185547	39.9108200073	30.7776145935
150.811165951	1008.15185547	39.9108200073	30.7776145935
150.811165951	1008.15185547	39.9108200073	30.7776145935
150.811165951	1008.15185547	39.9108200073	30.7776145935
150.811165951	1008.15185547	39.9108200073	30.7776145935
150.811165952	1008.15698242	39.9108200073	30.7776145935
150.811165952	1008.15698242	39.9108200073	30.7776145935
150.811165952	1008.15698242	39.9108200073	30.7776145935
150.811165952	1008.15698242	39.9108200073	30.7776145935
150.811165953	1008.15698242	39.9108200073	30.7776145935
150.811165953	1008.15698242	39.9108200073	30.7776145935
150.811165953	1008.15698242	39.9108200073	30.7776145935
150.811165953	1008.15698242	39.9108200073	30.7776145935
150.811165954	1008.15698242	39.9108200073	30.7776145935
150.811165954	1008.15698242	39.9108200073	30.7776145935
150.811165954	1008.15698242	39.9108200073	30.7776145935
150.811165954	1008.15698242	39.9108200073	30.7776145935
150.811165954	1008.15698242	39.9108200073	30.7776145935
150.811165955	1008.15698242	39.9108200073	30.7776145935
150.811165955	1008.15698242	39.9108200073	30.7776145935
150.811165955	1008.15698242	39.9108200073	30.7776145935
150.811165955	1008.15698242	39.9108200073	30.7776145935
150.811165956	1008.15844727	39.9108200073	30.7776145935
150.811165956	1008.15844727	39.9108200073	30.7776145935
150.811165956	1008.15844727	39.9108200073	30.7241821289
150.811165956	1008.15844727	41.7108612061	30.7241821289
150.811165957	1008.15844727	41.7108612061	30.7241821289
150.811165957	1008.15844727	41.7108612061	30.7241821289
150.811165957	1008.15844727	41.7108612061	30.7241821289
150.811165957	1008.15844727	41.7108612061	30.7241821289
150.811165958	1008.15844727	41.7108612061	30.7241821289
150.811165958	1008.15844727	41.7108612061	30.7241821289
150.811165958	1008.15844727	41.7108612061	30.7241821289
150.811165958	1008.15844727	41.7108612061	30.7241821289
150.811165959	1008.15844727	41.7108612061	30.7241821289
150.811165959	1008.15844727	41.7108612061	30.7241821289
150.811165959	1008.15844727	41.7108612061	30.7241821289
150.811165959	1008.15844727	41.7108612061	30.7241821289
150.811165959	1008.15844727	41.7108612061	30.7241821289
150.81116596	1008.15991211	41.7108612061	30.7241821289
150.81116596	1008.15991211	41.7108612061	30.7241821289
150.81116596	1008.15991211	41.7108612061	30.7241821289
150.81116596	1008.15991211	41.7108612061	30.7241821289
150.811165961	1008.15991211	41.7108612061	30.7241821289
150.811165961	1008.15991211	41.7108612061	30.7241821289
150.811165961	1008.15991211	41.7108612061	30.7241821289
150.811165961	1008.15991211	41.7108612061	30.7241821289
150.811165962	1008.15991211	41.7108612061	30.7241821289
150.811165962	1008.15991211	41.7108612061	30.7241821289
150.811165962	1008.15991211	41.7108612061	30.7241821289
150.811165962	1008.15991211	41.7108612061	30.7241821289
150.811165963	1008.15991211	41.7108612061	30.7241821289
150.811165963	1008.15991211	41.7108612061	30.7241821289
150.811165963	1008.15991211	41.7108612061	30.7241821289
150.811165963	1008.15991211	41.7108612061	30.7241821289
150.811165963	1008.15991211	41.7108612061	30.7241821289
150.811165964	1008.15991211	41.7108612061	30.7241821289
150.811165964	1008.15844727	41.7108612061	30.7419929504
150.811165964	1008.15844727	40.1787033081	30.7419929504
150.811165965	1008.15844727	40.1787033081	30.7419929504
150.811165965	1008.15844727	40.1787033081	30.7419929504
150.811165965	1008.15844727	40.1787033081	30.7419929504
150.811165965	1008.15844727	40.1787033081	30.7419929504
150.811165966	1008.15844727	40.1787033081	30.7419929504
150.811165966	1008.15844727	40.1787033081	30.7419929504
150.811165966	1008.15844727	40.1787033081	30.7419929504
150.811165966	1008.15844727	40.1787033081	30.7419929504
150.811165966	1008.15844727	40.1787033081	30.7419929504
150.811165967	1008.15844727	40.1787033081	30.7419929504
150.811165967	1008.15844727	40.1787033081	30.7419929504
150.811165967	1008.15844727	40.1787033081	30.7419929504
150.811165967	1008.15844727	40.1787033081	30.7419929504
150.811165968	1008.15844727	40.1787033081	30.7419929504
150.811165968	1008.15844727	40.1787033081	30.7419929504
150.811165968	1008.15600586	40.1787033081	30.7419929504
150.811165968	1008.15600586	40.1787033081	30.7419929504
150.811165969	1008.15600586	40.1787033081	30.7419929504
150.811165969	1008.15600586	40.1787033081	30.7419929504
150.811165969	1008.15600586	40.1787033081	30.7419929504
150.811165969	1008.15600586	40.1787033081	30.7419929504
150.811165969	1008.15600586	40.1787033081	30.7419929504
150.81116597	1008.15600586	40.1787033081	30.7419929504
150.81116597	1008.15600586	40.1787033081	30.7419929504
150.81116597	1008.15600586	40.1787033081	30.7419929504
150.81116597	1008.15600586	40.1787033081	30.7419929504
150.811165971	1008.15600586	40.1787033081	30.7419929504
150.811165971	1008.15600586	40.1787033081	30.7419929504
150.811165971	1008.15600586	40.1787033081	30.7419929504
150.811165971	1008.15600586	40.1787033081	30.7419929504
150.811165971	1008.15600586	40.1787033081	30.7419929504
150.811165972	1008.15600586	40.1787033081	30.7419929504
150.811165972	1008.15380859	41.8938064575	30.8132362366
150.811165973	1008.15380859	41.8938064575	30.8132362366
150.811165973	1008.15380859	41.8938064575	30.8132362366
150.811165973	1008.15380859	41.8938064575	30.8132362366
150.811165973	1008.15380859	41.8938064575	30.8132362366
150.811165973	1008.15380859	41.8938064575	30.8132362366
150.811165974	1008.15380859	41.8938064575	30.8132362366
150.811165974	1008.15380859	41.8938064575	30.8132362366
150.811165974	1008.15380859	41.8938064575	30.8132362366
150.811165974	1008.15380859	41.8938064575	30.8132362366
150.811165975	1008.15380859	41.8938064575	30.8132362366
150.811165975	1008.15380859	41.8938064575	30.8132362366
150.811165975	1008.15380859	41.8938064575	30.8132362366
150.811165975	1008.15380859	41.8938064575	30.8132362366
150.811165975	1008.15380859	41.8938064575	30.8132362366
150.811165976	1008.15380859	41.8938064575	30.8132362366
150.811165976	1008.15380859	41.8938064575	30.8132362366
150.811165976	1008.15454102	41.8938064575	30.8132362366
150.811165976	1008.15454102	41.8938064575	30.8132362366
150.811165977	1008.15454102	41.8938064575	30.8132362366
150.811165977	1008.15454102	41.8938064575	30.8132362366
150.811165977	1008.15454102	41.8938064575	30.8132362366
150.811165977	1008.15454102	41.8938064575	30.8132362366
150.811165978	1008.15454102	41.8938064575	30.8132362366
150.811165978	1008.15454102	41.8938064575	30.8132362366
150.811165978	1008.15454102	41.8938064575	30.8132362366
150.811165978	1008.15454102	41.8938064575	30.8132362366
150.811165978	1008.15454102	41.8938064575	30.8132362366
150.811165979	1008.15454102	41.8938064575	30.8132362366
150.811165979	1008.15454102	41.8938064575	30.8132362366
150.811165979	1008.15454102	41.8938064575	30.8132362366
150.811165979	1008.15454102	41.8938064575	30.8132362366
150.81116598	1008.15454102	41.8938064575	30.8132362366
150.81116598	1008.15454102	41.8938064575	30.795425415
150.81116598	1008.15283203	40.358379364	30.795425415
150.811165981	1008.15283203	40.358379364	30.795425415
150.811165981	1008.15283203	40.358379364	30.795425415
150.811165981	1008.15283203	40.358379364	30.795425415
150.811165981	1008.15283203	40.358379364	30.795425415
150.811165981	1008.15283203	40.358379364	30.795425415
150.811165982	1008.15283203	40.358379364	30.795425415
150.811165982	1008.15283203	40.358379364	30.795425415
150.811165982	1008.15283203	40.358379364	30.795425415
150.811165982	1008.15283203	40.358379364	30.795425415
150.811165983	1008.15283203	40.358379364	30.795425415
150.811165983	1008.15283203	40.358379364	30.795425415
150.811165983	1008.15283203	40.358379364	30.795425415
150.811165983	1008.15283203	40.358379364	30.795425415
150.811165983	1008.15283203	40.358379364	30.795425415
150.811165984	1008.15283203	40.358379364	30.795425415
150.811165984	1008.15283203	40.358379364	30.795425415
150.811165984	1008.15283203	40.358379364	30.795425415
150.811165984	1008.15234375	40.358379364	30.795425415
150.811165985	1008.15234375	40.358379364	30.795425415
150.811165985	1008.15234375	40.358379364	30.795425415
150.811165985	1008.15234375	40.358379364	30.795425415
150.811165985	1008.15234375	40.358379364	30.795425415
150.811165986	1008.15234375	40.358379364	30.795425415
150.811165986	1008.15234375	40.358379364	30.795425415
150.811165986	1008.15234375	40.358379364	30.795425415
150.811165986	1008.15234375	40.358379364	30.795425415
150.811165987	1008.15234375	40.358379364	30.795425415
150.811165987	1008.15234375	40.358379364	30.795425415
150.811165987	1008.15234375	40.358379364	30.795425415
150.811165987	1008.15234375	40.358379364	30.795425415
150.811165987	1008.15234375	40.358379364	30.795425415
150.811165988	1008.15234375	40.358379364	30.7419929504
150.811165988	1008.15234375	42.076751709	30.7419929504
150.811165988	1008.15234375	42.076751709	30.7419929504
150.811165988	1008.15429688	42.076751709	30.7419929504
150.811165989	1008.15429688	42.076751709	30.7419929504
150.811165989	1008.15429688	42.076751709	30.7419929504
150.811165989	1008.15429688	42.076751709	30.7419929504
150.81116599	1008.15429688	42.076751709	30.7419929504
150.81116599	1008.15429688	42.076751709	30.7419929504
150.81116599	1008.15429688	42.076751709	30.7419929504
150.81116599	1008.15429688	42.076751709	30.7419929504
150.81116599	1008.15429688	42.076751709	30.7419929504
150.811165991	1008.15429688	42.076751709	30.7419929504
150.811165991	1008.15429688	42.076751709	30.7419929504
150.811165991	1008.15429688	42.076751709	30.7419929504
150.811165991	1008.15429688	42.076751709	30.7419929504
150.811165992	1008.15429688	42.076751709	30.7419929504
150.811165992	1008.15429688	42.076751709	30.7419929504
150.811165992	1008.15429688	42.076751709	30.7419929504
150.811165992	1008.15429688	42.076751709	30.7419929504
150.811165992	1008.15429688	42.076751709	30.7419929504
150.811165993	1008.15600586	42.076751709	30.7419929504
150.811165993	1008.15600586	42.076751709	30.7419929504
150.811165993	1008.15600586	42.076751709	30.7419929504
150.811165994	1008.15600586	42.076751709	30.7419929504
150.811165994	1008.15600586	42.076751709	30.7419929504
150.811165994	1008.15600586	42.076751709	30.7419929504
150.811165994	1008.15600586	42.076751709	30.7419929504
150.811165994	1008.15600586	42.076751709	30.7419929504
150.811165995	1008.15600586	42.076751709	30.7419929504
150.811165995	1008.15600586	42.076751709	30.7419929504
150.811165995	1008.15600586	42.076751709	30.7419929504
150.811165995	1008.15600586	42.076751709	30.9200973511
150.811165996	1008.15600586	42.076751709	30.9200973511
150.811165996	1008.15600586	40.3779830933	30.9200973511
150.811165996	1008.15600586	40.3779830933	30.9200973511
150.811165996	1008.15600586	40.3779830933	30.9200973511
150.811165997	1008.16333008	40.3779830933	30.9200973511
150.811165997	1008.16333008	40.3779830933	30.9200973511
150.811165997	1008.16333008	40.3779830933	30.9200973511
150.811165997	1008.16333008	40.3779830933	30.9200973511
150.811165998	1008.16333008	40.3779830933	30.9200973511
150.811165998	1008.16333008	40.3779830933	30.9200973511
150.811165998	1008.16333008	40.3779830933	30.9200973511
150.811165998	1008.16333008	40.3779830933	30.9200973511
150.811165999	1008.16333008	40.3779830933	30.9200973511
150.811165999	1008.16333008	40.3779830933	30.9200973511
150.811165999	1008.16333008	40.3779830933	30.9200973511
150.811165999	1008.16333008	40.3779830933	30.9200973511
150.811165999	1008.16333008	40.3779830933	30.9200973511
150.811166	1008.16333008	40.3779830933	30.9200973511
150.811166	1008.16333008	40.3779830933	30.9200973511
150.811166	1008.16333008	40.3779830933	30.9200973511
150.811166	1008.16333008	40.3779830933	30.9200973511
150.811166001	1008.16333008	40.3779830933	30.9200973511
150.811166001	1008.16040039	40.3779830933	30.9200973511
150.811166001	1008.16040039	40.3779830933	30.9200973511
150.811166001	1008.16040039	40.3779830933	30.9200973511
150.811166002	1008.16040039	40.3779830933	30.9200973511
150.811166002	1008.16040039	40.3779830933	30.9200973511
150.811166002	1008.16040039	40.3779830933	30.9200973511
150.811166002	1008.16040039	40.3779830933	30.9200973511
150.811166002	1008.16040039	40.3779830933	30.9200973511
150.811166003	1008.16040039	40.3779830933	30.9200973511
150.811166003	1008.16040039	40.3779830933	30.9200973511
150.811166003	1008.16040039	40.3779830933	30.8666648865
150.811166003	1008.16040039	40.3779830933	30.8666648865
150.811166004	1008.16040039	43.1286811829	30.8666648865
150.811166004	1008.16040039	43.1286811829	30.8666648865
150.811166004	1008.16040039	43.1286811829	30.8666648865
150.811166004	1008.16040039	43.1286811829	30.8666648865
150.811166005	1008.16040039	43.1286811829	30.8666648865
150.811166005	1008.15356445	43.1286811829	30.8666648865
150.811166005	1008.15356445	43.1286811829	30.8666648865
150.811166006	1008.15356445	43.1286811829	30.8666648865
150.811166006	1008.15356445	43.1286811829	30.8666648865
150.811166006	1008.15356445	43.1286811829	30.8666648865
150.811166006	1008.15356445	43.1286811829	30.8666648865
150.811166006	1008.15356445	43.1286811829	30.8666648865
150.811166007	1008.15356445	43.1286811829	30.8666648865
150.811166007	1008.15356445	43.1286811829	30.8666648865
150.811166007	1008.15356445	43.1286811829	30.8666648865
150.811166007	1008.15356445	43.1286811829	30.8666648865
150.811166008	1008.15356445	43.1286811829	30.8666648865
150.811166008	1008.15356445	43.1286811829	30.8666648865
150.811166008	1008.15356445	43.1286811829	30.8666648865
150.811166008	1008.15356445	43.1286811829	30.8666648865
150.811166008	1008.15356445	43.1286811829	30.8666648865
150.811166009	1008.15356445	43.1286811829	30.8666648865
150.811166009	1008.15356445	43.1286811829	30.8666648865
150.811166009	1008.15625	43.1286811829	30.8666648865
150.811166009	1008.15625	43.1286811829	30.8666648865
150.81116601	1008.15625	43.1286811829	30.8666648865
150.81116601	1008.15625	43.1286811829	30.8666648865
150.81116601	1008.15625	43.1286811829	30.8666648865
150.81116601	1008.15625	43.1286811829	30.8666648865
150.811166011	1008.15625	43.1286811829	30.8666648865
150.811166011	1008.15625	43.1286811829	30.8666648865
150.811166011	1008.15625	43.1286811829	30.7241821289
150.811166011	1008.15625	43.1286811829	30.7241821289
150.811166012	1008.15625	43.3344955444	30.7241821289
150.811166012	1008.15625	43.3344955444	30.7241821289
150.811166012	1008.15625	43.3344955444	30.7241821289
150.811166012	1008.15625	43.3344955444	30.7241821289
150.811166013	1008.15625	43.3344955444	30.7241821289
150.811166013	1008.15625	43.3344955444	30.7241821289
150.811166013	1008.15625	43.3344955444	30.7241821289
150.811166013	1008.15234375	43.3344955444	30.7241821289
150.811166014	1008.15234375	43.3344955444	30.7241821289
150.811166014	1008.15234375	43.3344955444	30.7241821289
150.811166014	1008.15234375	43.3344955444	30.7241821289
150.811166014	1008.15234375	43.3344955444	30.7241821289
150.811166014	1008.15234375	43.3344955444	30.7241821289
150.811166015	1008.15234375	43.3344955444	30.7241821289
150.811166015	1008.15234375	43.3344955444	30.7241821289
150.811166015	1008.15234375	43.3344955444	30.7241821289
150.811166015	1008.15234375	43.3344955444	30.7241821289
150.811166016	1008.15234375	43.3344955444	30.7241821289
150.811166016	1008.15234375	43.3344955444	30.7241821289
150.811166016	1008.15234375	43.3344955444	30.7241821289
150.811166016	1008.15234375	43.3344955444	30.7241821289
150.811166016	1008.15234375	43.3344955444	30.7241821289
150.811166017	1008.15234375	43.3344955444	30.7241821289
150.811166017	1008.15234375	43.3344955444	30.7241821289
150.811166017	1008.15112305	43.3344955444	30.7241821289
150.811166018	1008.15112305	43.3344955444	30.7241821289
150.811166018	1008.15112305	43.3344955444	30.7241821289
150.811166018	1008.15112305	43.3344955444	30.7241821289
150.811166018	1008.15112305	43.3344955444	30.7241821289
150.811166018	1008.15112305	43.3344955444	30.7241821289
150.811166019	1008.15112305	43.3344955444	30.7241821289
150.811166019	1008.15112305	43.3344955444	30.7241821289
150.811166019	1008.15112305	43.3344955444	30.8310451508
150.811166019	1008.15112305	40.7863388062	30.8310451508
150.81116602	1008.15112305	40.7863388062	30.8310451508
150.81116602	1008.15112305	40.7863388062	30.8310451508
150.81116602	1008.15112305	40.7863388062	30.8310451508
150.81116602	1008.15112305	40.7863388062	30.8310451508
150.811166021	1008.15112305	40.7863388062	30.8310451508
150.811166021	1008.15112305	40.7863388062	30.8310451508
150.811166021	1008.15112305	40.7863388062	30.8310451508
150.811166021	1008.15356445	40.7863388062	30.8310451508
150.811166022	1008.15356445	40.7863388062	30.8310451508
150.811166022	1008.15356445	40.7863388062	30.8310451508
150.811166022	1008.15356445	40.7863388062	30.8310451508
150.811166022	1008.15356445	40.7863388062	30.8310451508
150.811166023	1008.15356445	40.7863388062	30.8310451508
150.811166023	1008.15356445	40.7863388062	30.8310451508
150.811166023	1008.15356445	40.7863388062	30.8310451508
150.811166023	1008.15356445	40.7863388062	30.8310451508
150.811166023	1008.15356445	40.7863388062	30.8310451508
150.811166024	1008.15356445	40.7863388062	30.8310451508
150.811166024	1008.15356445	40.7863388062	30.8310451508
150.811166024	1008.15356445	40.7863388062	30.8310451508
150.811166024	1008.15356445	40.7863388062	30.8310451508
150.811166025	1008.15356445	40.7863388062	30.8310451508
150.811166025	1008.15356445	40.7863388062	30.8310451508
150.811166025	1008.15356445	40.7863388062	30.8310451508
150.811166025	1008.15356445	40.7863388062	30.8310451508
150.811166025	1008.15942383	40.7863388062	30.8310451508
150.811166026	1008.15942383	40.7863388062	30.8310451508
150.811166026	1008.15942383	40.7863388062	30.8310451508
150.811166026	1008.15942383	40.7863388062	30.8310451508
150.811166027	1008.15942383	40.7863388062	30.8310451508
150.811166027	1008.15942383	40.7863388062	30.8310451508
150.811166027	1008.15942383	40.7863388062	30.8132362366
150.811166027	1008.15942383	41.4266433716	30.8132362366
150.811166028	1008.15942383	41.4266433716	30.8132362366
150.811166028	1008.15942383	41.4266433716	30.8132362366
150.811166028	1008.15942383	41.4266433716	30.8132362366
150.811166028	1008.15942383	41.4266433716	30.8132362366
150.811166028	1008.15942383	41.4266433716	30.8132362366
150.811166029	1008.15942383	41.4266433716	30.8132362366
150.811166029	1008.15942383	41.4266433716	30.8132362366
150.811166029	1008.15942383	41.4266433716	30.8132362366
150.811166029	1008.15942383	41.4266433716	30.8132362366
150.81116603	1008.15942383	41.4266433716	30.8132362366
150.81116603	1008.15942383	41.4266433716	30.8132362366
150.81116603	1008.15942383	41.4266433716	30.8132362366
150.81116603	1008.15942383	41.4266433716	30.8132362366
150.811166031	1008.15942383	41.4266433716	30.8132362366
150.811166031	1008.15942383	41.4266433716	30.8132362366
150.811166031	1008.15942383	41.4266433716	30.8132362366
150.811166031	1008.15942383	41.4266433716	30.8132362366
150.811166032	1008.15942383	41.4266433716	30.8132362366
150.811166032	1008.15942383	41.4266433716	30.8132362366
150.811166032	1008.15942383	41.4266433716	30.8132362366
150.811166032	1008.15942383	41.4266433716	30.8132362366
150.811166032	1008.15942383	41.4266433716	30.8132362366
150.811166033	1008.15942383	41.4266433716	30.8132362366
150.811166033	1008.15942383	41.4266433716	30.8132362366
150.811166033	1008.15942383	41.4266433716	30.8132362366
150.811166033	1008.15942383	41.4266433716	30.8132362366
150.811166034	1008.15942383	41.4266433716	30.8132362366
150.811166034	1008.15942383	41.4266433716	30.8132362366
150.811166034	1008.15942383	41.4266433716	30.8132362366
150.811166034	1008.15942383	41.4266433716	30.8132362366
150.811166035	1008.15942383	41.4266433716	30.8132362366
150.811166035	1008.15942383	41.4266433716	30.6885604858
150.811166035	1008.15942383	39.0581665039	30.6885604858
150.811167012	1008.97851562	39.2158470154	31.1454963684
150.811167016	1008.98071289	39.2158470154	31.1454963684
150.811167016	1008.98071289	39.2158470154	31.1454963684
150.811167017	1008.98071289	39.2158470154	31.1454963684
150.811167017	1008.98071289	39.2158470154	31.1454963684
150.811167017	1008.98071289	39.2158470154	31.1454963684
150.811167017	1008.98071289	39.2158470154	31.1454963684
150.811167017	1008.98071289	39.2158470154	31.1454963684
150.811167017	1008.98071289	39.2158470154	31.1454963684
150.811167017	1008.97705078	39.2158470154	31.1454963684
150.811167018	1008.97705078	39.2158470154	31.1454963684
150.811167018	1008.97705078	39.2158470154	31.1454963684
150.811167018	1008.97705078	39.2158470154	31.1454963684
150.811167018	1008.97705078	39.2158470154	31.1454963684
150.811167018	1008.97705078	39.2158470154	31.1454963684
150.811167018	1008.97705078	39.2158470154	31.1454963684
150.811167018	1008.97705078	39.2158470154	31.1454963684
150.811167019	1008.97705078	39.2158470154	31.1454963684
150.811167019	1008.97705078	39.2158470154	31.1454963684
150.811167019	1008.97705078	39.2158470154	31.1454963684
150.811167019	1008.97705078	39.2158470154	31.1454963684
150.811167019	1008.97705078	39.2158470154	31.1454963684
150.811167019	1008.97705078	39.2158470154	31.1454963684
150.811167019	1008.97705078	39.2158470154	31.1454963684
150.81116702	1008.97705078	39.2158470154	31.1454963684
150.81116702	1008.97705078	39.2158470154	31.1454963684
150.81116702	1008.97705078	39.2158470154	31.1454963684
150.81116702	1008.97705078	39.2158470154	31.1454963684
150.81116702	1008.97705078	39.2158470154	31.1454963684
150.81116702	1008.97705078	39.2158470154	31.16381073
150.81116702	1008.97705078	39.2158470154	31.16381073
150.811167021	1008.97705078	40.1057014465	31.16381073
150.811167021	1008.97705078	40.1057014465	31.16381073
150.811167021	1008.97705078	40.1057014465	31.16381073
150.811167021	1008.97705078	40.1057014465	31.16381073
150.811167021	1008.97705078	40.1057014465	31.16381073
150.811167021	1008.97705078	40.1057014465	31.16381073
150.811167021	1008.97680664	40.1057014465	31.16381073
150.811167022	1008.97680664	40.1057014465	31.16381073
150.811167022	1008.97680664	40.1057014465	31.16381073
150.811167022	1008.97680664	40.1057014465	31.16381073
150.811167022	1008.97680664	40.1057014465	31.16381073
150.811167022	1008.97680664	40.1057014465	31.16381073
150.811167022	1008.97680664	40.1057014465	31.16381073
150.811167022	1008.97680664	40.1057014465	31.16381073
150.811167023	1008.97680664	40.1057014465	31.16381073
150.811167023	1008.97680664	40.1057014465	31.16381073
150.811167023	1008.97680664	40.1057014465	31.16381073
150.811167023	1008.97680664	40.1057014465	31.16381073
150.811167023	1008.97680664	40.1057014465	31.16381073
150.811167023	1008.97680664	40.1057014465	31.16381073
150.811167023	1008.97680664	40.1057014465	31.16381073
150.811167024	1008.97680664	40.1057014465	31.16381073
150.811167024	1008.97680664	40.1057014465	31.16381073
150.811167024	1008.97680664	40.1057014465	31.16381073
150.811167024	1008.97680664	40.1057014465	31.16381073
150.811167024	1008.97680664	40.1057014465	31.16381073
150.811167024	1008.97680664	40.1057014465	31.16381073
150.811167024	1008.97680664	40.1057014465	31.16381073
150.811167025	1008.97680664	40.1057014465	31.16381073
150.811167025	1008.97680664	40.1057014465	31.16381073
150.811167025	1008.97680664	40.1057014465	31.16381073
150.811167025	1008.97680664	40.1057014465	31.16381073
150.811167025	1008.97680664	40.1057014465	31.16381073
150.811167025	1008.97680664	40.1057014465	31.16381073
150.811167025	1008.97680664	40.1057014465	31.16381073
150.811167025	1008.97729492	40.1057014465	31.16381073
150.811167026	1008.97729492	40.1057014465	31.16381073
150.811167026	1008.97729492	40.1057014465	31.16381073
150.811167026	1008.97729492	40.1057014465	31.16381073
150.811167026	1008.97729492	40.1057014465	31.16381073
150.811167026	1008.97729492	40.1057014465	31.16381073
150.811167026	1008.97729492	40.1057014465	31.16381073
150.811167027	1008.97729492	40.1057014465	31.16381073
150.811167027	1008.97729492	40.1057014465	31.16381073
150.811167027	1008.97729492	40.1057014465	31.16381073
150.811167027	1008.97729492	40.1057014465	31.16381073
150.811167027	1008.97729492	40.1057014465	31.16381073
150.811167027	1008.97729492	40.1057014465	31.16381073
150.811167027	1008.97729492	40.1057014465	31.16381073
150.811167028	1008.97729492	40.1057014465	31.16381073
150.811167028	1008.97729492	40.1057014465	31.16381073
150.811167028	1008.97729492	40.1057014465	31.16381073
150.811167028	1008.97729492	40.1057014465	31.16381073
150.811167028	1008.97729492	40.1057014465	31.16381073
150.811167028	1008.97729492	40.1057014465	31.16381073
150.811167028	1008.97729492	40.1057014465	31.10887146
150.811167029	1008.97729492	40.1057014465	31.10887146
150.811167029	1008.97729492	39.9333572388	31.10887146
150.811167029	1008.97729492	39.9333572388	31.10887146
150.811167029	1008.97729492	39.9333572388	31.10887146
150.811167029	1008.97729492	39.9333572388	31.10887146
150.811167029	1008.97729492	39.9333572388	31.10887146
150.811167029	1008.97729492	39.9333572388	31.10887146
150.81116703	1008.97729492	39.9333572388	31.10887146
150.81116703	1008.9753418	39.9333572388	31.10887146
150.81116703	1008.9753418	39.9333572388	31.10887146
150.81116703	1008.9753418	39.9333572388	31.10887146
150.81116703	1008.9753418	39.9333572388	31.10887146
150.81116703	1008.9753418	39.9333572388	31.10887146
150.81116703	1008.9753418	39.9333572388	31.10887146
150.811167031	1008.9753418	39.9333572388	31.10887146
150.811167031	1008.9753418	39.9333572388	31.10887146
150.811167031	1008.9753418	39.9333572388	31.10887146
150.811167031	1008.9753418	39.9333572388	31.10887146
150.811167031	1008.9753418	39.9333572388	31.10887146
150.811167031	1008.9753418	39.9333572388	31.10887146
150.811167031	1008.9753418	39.9333572388	31.10887146
150.811167032	1008.9753418	39.9333572388	31.10887146
150.811167032	1008.9753418	39.9333572388	31.10887146
150.811167032	1008.9753418	39.9333572388	31.10887146
150.811167032	1008.9753418	39.9333572388	31.10887146
150.811167032	1008.9753418	39.9333572388	31.10887146
150.811167032	1008.9753418	39.9333572388	31.10887146
150.811167032	1008.9753418	39.9333572388	31.10887146
150.811167032	1008.9753418	39.9333572388	31.10887146
150.811167033	1008.9753418	39.9333572388	31.10887146
150.811167033	1008.9753418	39.9333572388	31.10887146
150.811167033	1008.9753418	39.9333572388	31.10887146
150.811167033	1008.9753418	39.9333572388	31.10887146
150.811167033	1008.9753418	39.9333572388	31.10887146
150.811167033	1008.9753418	39.9333572388	31.10887146
150.811167033	1008.9753418	39.9333572388	31.10887146
150.811167034	1008.9753418	39.9333572388	31.10887146
150.811167034	1008.97802734	39.9333572388	31.10887146
150.811167034	1008.97802734	39.9333572388	31.10887146
150.811167034	1008.97802734	39.9333572388	31.10887146
150.811167034	1008.97802734	39.9333572388	31.10887146
150.811167034	1008.97802734	39.9333572388	31.10887146
150.811167035	1008.97802734	39.9333572388	31.10887146
150.811167035	1008.97802734	39.9333572388	31.10887146
150.811167035	1008.97802734	39.9333572388	31.10887146
150.811167035	1008.97802734	39.9333572388	31.10887146
150.811167035	1008.97802734	39.9333572388	31.10887146
150.811167035	1008.97802734	39.9333572388	31.10887146
150.811167035	1008.97802734	39.9333572388	31.10887146
150.811167035	1008.97802734	39.9333572388	31.10887146
150.811167036	1008.97802734	39.9333572388	31.10887146
150.811167036	1008.97802734	39.9333572388	31.10887146
150.811167036	1008.97802734	39.9333572388	31.10887146
150.811167036	1008.97802734	39.9333572388	31.10887146
150.811167036	1008.97802734	39.9333572388	31.10887146
150.811167036	1008.97802734	39.9333572388	31.10887146
150.811167036	1008.97802734	39.9333572388	31.0356178284
150.811167037	1008.97802734	38.0762672424	31.0356178284
150.811167037	1008.97802734	38.0762672424	31.0356178284
150.811167037	1008.97802734	38.0762672424	31.0356178284
150.811167037	1008.97802734	38.0762672424	31.0356178284
150.811167037	1008.97802734	38.0762672424	31.0356178284
150.811167037	1008.97802734	38.0762672424	31.0356178284
150.811167037	1008.97802734	38.0762672424	31.0356178284
150.811167038	1008.97802734	38.0762672424	31.0356178284
150.811167038	1008.97827148	38.0762672424	31.0356178284
150.811167038	1008.97827148	38.0762672424	31.0356178284
150.811167038	1008.97827148	38.0762672424	31.0356178284
150.811167038	1008.97827148	38.0762672424	31.0356178284
150.811167038	1008.97827148	38.0762672424	31.0356178284
150.811167039	1008.97827148	38.0762672424	31.0356178284
150.811167039	1008.97827148	38.0762672424	31.0356178284
150.811167039	1008.97827148	38.0762672424	31.0356178284
150.811167039	1008.97827148	38.0762672424	31.0356178284
150.811167039	1008.97827148	38.0762672424	31.0356178284
150.811167039	1008.97827148	38.0762672424	31.0356178284
150.811167039	1008.97827148	38.0762672424	31.0356178284
150.81116704	1008.97827148	38.0762672424	31.0356178284
150.81116704	1008.97827148	38.0762672424	31.0356178284
150.81116704	1008.97827148	38.0762672424	31.0356178284
150.81116704	1008.97827148	38.0762672424	31.0356178284
150.81116704	1008.97827148	38.0762672424	31.0356178284
150.81116704	1008.97827148	38.0762672424	31.0356178284
150.81116704	1008.97827148	38.0762672424	31.0356178284
150.81116704	1008.97827148	38.0762672424	31.0356178284
150.811167041	1008.97827148	38.0762672424	31.0356178284
150.811167041	1008.97827148	38.0762672424	31.0356178284
150.811167041	1008.97827148	38.0762672424	31.0356178284
150.811167041	1008.97827148	38.0762672424	31.0356178284
150.811167041	1008.97827148	38.0762672424	31.0356178284
150.811167041	1008.97827148	38.0762672424	31.0356178284
150.811167041	1008.97827148	38.0762672424	31.0356178284
150.811167042	1008.97827148	38.0762672424	31.0356178284
150.811167042	1008.97827148	38.0762672424	31.0356178284
150.811167042	1008.98120117	38.0762672424	31.0356178284
150.811167042	1008.98120117	38.0762672424	31.0356178284
150.811167042	1008.98120117	38.0762672424	31.0356178284
150.811167042	1008.98120117	38.0762672424	31.0356178284
150.811167042	1008.98120117	38.0762672424	31.0356178284
150.811167043	1008.98120117	38.0762672424	31.0356178284
150.811167043	1008.98120117	38.0762672424	31.0356178284
150.811167043	1008.98120117	38.0762672424	31.0356178284
150.811167043	1008.98120117	38.0762672424	31.0356178284
150.811167043	1008.98120117	38.0762672424	31.0356178284
150.811167043	1008.98120117	38.0762672424	31.0356178284
150.811167043	1008.98120117	38.0762672424	31.0356178284
150.811167044	1008.98120117	38.0762672424	31.0356178284
150.811167044	1008.98120117	38.0762672424	31.0356178284
150.811167044	1008.98120117	38.0762672424	31.0356178284
150.811167044	1008.98120117	38.0762672424	31.0356178284
150.811167044	1008.98120117	38.0762672424	31.0356178284
150.811167044	1008.98120117	38.0762672424	31.0356178284
150.811167044	1008.98120117	38.0762672424	31.16381073
150.811167045	1008.98120117	38.0762672424	31.16381073
150.811167045	1008.98120117	39.1806716919	31.16381073
150.811167045	1008.98120117	39.1806716919	31.16381073
150.811167045	1008.98120117	39.1806716919	31.16381073
150.811167045	1008.98120117	39.1806716919	31.16381073
150.811167045	1008.98120117	39.1806716919	31.16381073
150.811167045	1008.98120117	39.1806716919	31.16381073
150.811167046	1008.98120117	39.1806716919	31.16381073
150.811167046	1008.98120117	39.1806716919	31.16381073
150.811167046	1008.9831543	39.1806716919	31.16381073
150.811167046	1008.9831543	39.1806716919	31.16381073
150.811167046	1008.9831543	39.1806716919	31.16381073
150.811167046	1008.9831543	39.1806716919	31.16381073
150.811167047	1008.9831543	39.1806716919	31.16381073
150.811167047	1008.9831543	39.1806716919	31.16381073
150.811167047	1008.9831543	39.1806716919	31.16381073
150.811167047	1008.9831543	39.1806716919	31.16381073
150.811167047	1008.9831543	39.1806716919	31.16381073
150.811167047	1008.9831543	39.1806716919	31.16381073
150.811167047	1008.9831543	39.1806716919	31.16381073
150.811167047	1008.9831543	39.1806716919	31.16381073
150.811167048	1008.9831543	39.1806716919	31.16381073
150.811167048	1008.9831543	39.1806716919	31.16381073
150.811167048	1008.9831543	39.1806716919	31.16381073
150.811167048	1008.9831543	39.1806716919	31.16381073
150.811167048	1008.9831543	39.1806716919	31.16381073
150.811167048	1008.9831543	39.1806716919	31.16381073
150.811167048	1008.9831543	39.1806716919	31.16381073
150.811167049	1008.9831543	39.1806716919	31.16381073
150.811167049	1008.9831543	39.1806716919	31.16381073
150.811167049	1008.9831543	39.1806716919	31.16381073
150.811167049	1008.9831543	39.1806716919	31.16381073
150.811167049	1008.9831543	39.1806716919	31.16381073
150.811167049	1008.9831543	39.1806716919	31.16381073
150.811167049	1008.9831543	39.1806716919	31.16381073
150.81116705	1008.9831543	39.1806716919	31.16381073
150.81116705	1008.9831543	39.1806716919	31.16381073
150.81116705	1008.9831543	39.1806716919	31.16381073
150.81116705	1008.97924805	39.1806716919	31.16381073
150.81116705	1008.97924805	39.1806716919	31.16381073
150.81116705	1008.97924805	39.1806716919	31.16381073
150.81116705	1008.97924805	39.1806716919	31.16381073
150.811167051	1008.97924805	39.1806716919	31.16381073
150.811167051	1008.97924805	39.1806716919	31.16381073
150.811167051	1008.97924805	39.1806716919	31.16381073
150.811167051	1008.97924805	39.1806716919	31.16381073
150.811167051	1008.97924805	39.1806716919	31.16381073
150.811167051	1008.97924805	39.1806716919	31.16381073
150.811167051	1008.97924805	39.1806716919	31.16381073
150.811167052	1008.97924805	39.1806716919	31.16381073
150.811167052	1008.97924805	39.1806716919	31.16381073
150.811167052	1008.97924805	39.1806716919	31.16381073
150.811167052	1008.97924805	39.1806716919	31.16381073
150.811167052	1008.97924805	39.1806716919	31.16381073
150.811167052	1008.97924805	39.1806716919	31.16381073
150.811167052	1008.97924805	39.1806716919	31.16381073
150.811167053	1008.97924805	39.1806716919	31.2553749084
150.811167053	1008.97924805	39.1806716919	31.2553749084
150.811167053	1008.97924805	38.3506088257	31.2553749084
150.811167053	1008.97924805	38.3506088257	31.2553749084
150.811167053	1008.97924805	38.3506088257	31.2553749084
150.811167053	1008.97924805	38.3506088257	31.2553749084
150.811167053	1008.97924805	38.3506088257	31.2553749084
150.811167054	1008.97924805	38.3506088257	31.2553749084
150.811167054	1008.97924805	38.3506088257	31.2553749084
150.811167054	1008.97924805	38.3506088257	31.2553749084
150.811167054	1008.97973633	38.3506088257	31.2553749084
150.811167054	1008.97973633	38.3506088257	31.2553749084
150.811167054	1008.97973633	38.3506088257	31.2553749084
150.811167055	1008.97973633	38.3506088257	31.2553749084
150.811167055	1008.97973633	38.3506088257	31.2553749084
150.811167055	1008.97973633	38.3506088257	31.2553749084
150.811167055	1008.97973633	38.3506088257	31.2553749084
150.811167055	1008.97973633	38.3506088257	31.2553749084
150.811167055	1008.97973633	38.3506088257	31.2553749084
150.811167055	1008.97973633	38.3506088257	31.2553749084
150.811167055	1008.97973633	38.3506088257	31.2553749084
150.811167056	1008.97973633	38.3506088257	31.2553749084
150.811167056	1008.97973633	38.3506088257	31.2553749084
150.811167056	1008.97973633	38.3506088257	31.2553749084
150.811167056	1008.97973633	38.3506088257	31.2553749084
150.811167056	1008.97973633	38.3506088257	31.2553749084
150.811167056	1008.97973633	38.3506088257	31.2553749084
150.811167056	1008.97973633	38.3506088257	31.2553749084
150.811167057	1008.97973633	38.3506088257	31.2553749084
150.811167057	1008.97973633	38.3506088257	31.2553749084
150.811167057	1008.97973633	38.3506088257	31.2553749084
150.811167057	1008.97973633	38.3506088257	31.2553749084
150.811167057	1008.97973633	38.3506088257	31.2553749084
150.811167057	1008.97973633	38.3506088257	31.2553749084
150.811167057	1008.97973633	38.3506088257	31.2553749084
150.811167058	1008.97973633	38.3506088257	31.2553749084
150.811167058	1008.97973633	38.3506088257	31.2553749084
150.811167058	1008.97973633	38.3506088257	31.2553749084
150.811167058	1008.97973633	38.3506088257	31.2553749084
150.811167058	1008.97973633	38.3506088257	31.2553749084
150.811167058	1008.97973633	38.3506088257	31.2553749084
150.811167058	1008.97973633	38.3506088257	31.2553749084
150.811167059	1008.97973633	38.3506088257	31.2553749084
150.811167059	1008.97973633	38.3506088257	31.2553749084
150.811167059	1008.97973633	38.3506088257	31.2553749084
150.811167059	1008.97973633	38.3506088257	31.2553749084
150.811167059	1008.97973633	38.3506088257	31.2553749084
150.811167059	1008.97973633	38.3506088257	31.2553749084
150.811167059	1008.97973633	38.3506088257	31.2553749084
150.81116706	1008.97973633	38.3506088257	31.2553749084
150.81116706	1008.97973633	38.3506088257	31.2553749084
150.81116706	1008.97973633	38.3506088257	31.2553749084
150.81116706	1008.97973633	38.3506088257	31.2553749084
150.81116706	1008.97973633	38.3506088257	31.2553749084
150.81116706	1008.97973633	38.3506088257	31.2553749084
150.81116706	1008.97973633	38.3506088257	31.2553749084
150.81116706	1008.97973633	38.3506088257	31.0722446442
150.811167061	1008.97973633	38.3506088257	31.0722446442
150.811167061	1008.97973633	37.9777870178	31.0722446442
150.811167061	1008.97973633	37.9777870178	31.0722446442
150.811167061	1008.97973633	37.9777870178	31.0722446442
150.811167061	1008.97973633	37.9777870178	31.0722446442
150.811167061	1008.97973633	37.9777870178	31.0722446442
150.811167062	1008.97973633	37.9777870178	31.0722446442
150.811167062	1008.97973633	37.9777870178	31.0722446442
150.811167062	1008.97973633	37.9777870178	31.0722446442
150.811167062	1008.97973633	37.9777870178	31.0722446442
150.811167062	1008.97973633	37.9777870178	31.0722446442
150.811167062	1008.97875977	37.9777870178	31.0722446442
150.811167062	1008.97875977	37.9777870178	31.0722446442
150.811167063	1008.97875977	37.9777870178	31.0722446442
150.811167063	1008.97875977	37.9777870178	31.0722446442
150.811167063	1008.97875977	37.9777870178	31.0722446442
150.811167063	1008.97875977	37.9777870178	31.0722446442
150.811167063	1008.97875977	37.9777870178	31.0722446442
150.811167063	1008.97875977	37.9777870178	31.0722446442
150.811167063	1008.97875977	37.9777870178	31.0722446442
150.811167064	1008.97875977	37.9777870178	31.0722446442
150.811167064	1008.97875977	37.9777870178	31.0722446442
150.811167064	1008.97875977	37.9777870178	31.0722446442
150.811167064	1008.97875977	37.9777870178	31.0722446442
150.811167064	1008.97875977	37.9777870178	31.0722446442
150.811167064	1008.97875977	37.9777870178	31.0722446442
150.811167064	1008.97875977	37.9777870178	31.0722446442
150.811167065	1008.97875977	37.9777870178	31.0722446442
150.811167065	1008.97875977	37.9777870178	31.0722446442
150.811167065	1008.97875977	37.9777870178	31.0722446442
150.811167065	1008.97875977	37.9777870178	31.0722446442
150.811167065	1008.97875977	37.9777870178	31.0722446442
150.811167065	1008.97875977	37.9777870178	31.0722446442
150.811167065	1008.97875977	37.9777870178	31.0722446442
150.811167066	1008.97875977	37.9777870178	31.0722446442
150.811167066	1008.97875977	37.9777870178	31.0722446442
150.811167066	1008.97875977	37.9777870178	31.0722446442
150.811167066	1008.97875977	37.9777870178	31.0722446442
150.811167066	1008.97875977	37.9777870178	31.0722446442
150.811167066	1008.97631836	37.9777870178	31.0722446442
150.811167067	1008.97631836	37.9777870178	31.0722446442
150.811167067	1008.97631836	37.9777870178	31.0722446442
150.811167067	1008.97631836	37.9777870178	31.0722446442
150.811167067	1008.97631836	37.9777870178	31.0722446442
150.811167067	1008.97631836	37.9777870178	31.0722446442
150.811167067	1008.97631836	37.9777870178	31.0722446442
150.811167068	1008.97631836	37.9777870178	31.0722446442
150.811167068	1008.97631836	37.9777870178	31.0722446442
150.811167068	1008.97631836	37.9777870178	31.0722446442
150.811167068	1008.97631836	37.9777870178	31.0722446442
150.811167068	1008.97631836	37.9777870178	31.0722446442
150.811167068	1008.97631836	37.9777870178	31.0722446442
150.811167068	1008.97631836	37.9777870178	31.0722446442
150.811167068	1008.97631836	37.9777870178	31.0722446442
150.811167069	1008.97631836	37.9777870178	31.0722446442
150.811167069	1008.97631836	41.1925201416	31.0722446442
150.811167069	1008.97631836	41.1925201416	31.0722446442
150.811167069	1008.97631836	41.1925201416	31.0722446442
150.811167069	1008.97631836	41.1925201416	31.0722446442
150.81116707	1008.97631836	41.1925201416	31.0722446442
150.81116707	1008.97631836	41.1925201416	31.0722446442
150.81116707	1008.97631836	41.1925201416	31.0722446442
150.81116707	1008.97631836	41.1925201416	31.0722446442
150.81116707	1008.97631836	41.1925201416	31.0722446442
150.81116707	1008.97509766	41.1925201416	31.0722446442
150.811167071	1008.97509766	41.1925201416	31.0722446442
150.811167071	1008.97509766	41.1925201416	31.0722446442
150.811167071	1008.97509766	41.1925201416	31.0722446442
150.811167071	1008.97509766	41.1925201416	31.0722446442
150.811167071	1008.97509766	41.1925201416	31.0722446442
150.811167071	1008.97509766	41.1925201416	31.0722446442
150.811167071	1008.97509766	41.1925201416	31.0722446442
150.811167072	1008.97509766	41.1925201416	31.0722446442
150.811167072	1008.97509766	41.1925201416	31.0722446442
150.811167072	1008.97509766	41.1925201416	31.0722446442
150.811167072	1008.97509766	41.1925201416	31.0722446442
150.811167072	1008.97509766	41.1925201416	31.0722446442
150.811167072	1008.97509766	41.1925201416	31.0722446442
150.811167072	1008.97509766	41.1925201416	31.0722446442
150.811167073	1008.97509766	41.1925201416	31.0722446442
150.811167073	1008.97509766	41.1925201416	31.0722446442
150.811167073	1008.97509766	41.1925201416	31.0722446442
150.811167073	1008.97509766	41.1925201416	31.0722446442
150.811167073	1008.97509766	41.1925201416	31.0722446442
150.811167073	1008.97509766	41.1925201416	31.0722446442
150.811167074	1008.97509766	41.1925201416	31.0722446442
150.811167074	1008.97509766	41.1925201416	31.0722446442
150.811167074	1008.97509766	41.1925201416	31.0722446442
150.811167074	1008.97509766	41.1925201416	31.0722446442
150.811167074	1008.97509766	41.1925201416	31.0722446442
150.811167074	1008.97509766	41.1925201416	31.0722446442
150.811167074	1008.9753418	41.1925201416	31.0722446442
150.811167075	1008.9753418	41.1925201416	31.0722446442
150.811167075	1008.9753418	41.1925201416	31.0722446442
150.811167075	1008.9753418	41.1925201416	31.0722446442
150.811167075	1008.9753418	41.1925201416	31.0722446442
150.811167075	1008.9753418	41.1925201416	31.0722446442
150.811167075	1008.9753418	41.1925201416	31.0722446442
150.811167075	1008.9753418	41.1925201416	31.0722446442
150.811167076	1008.9753418	41.1925201416	31.0722446442
150.811167076	1008.9753418	41.1925201416	31.0722446442
150.811167076	1008.9753418	41.1925201416	31.0722446442
150.811167076	1008.9753418	41.1925201416	31.0722446442
150.811167076	1008.9753418	41.1925201416	31.0722446442
150.811167076	1008.9753418	41.1925201416	31.0722446442
150.811167076	1008.9753418	41.1925201416	31.0722446442
150.811167077	1008.9753418	41.1925201416	31.0722446442
150.811167077	1008.9753418	41.1925201416	31.2004356384
150.811167077	1008.9753418	38.5475769043	31.2004356384
150.811167077	1008.9753418	38.5475769043	31.2004356384
150.811167077	1008.9753418	38.5475769043	31.2004356384
150.811167077	1008.9753418	38.5475769043	31.2004356384
150.811167077	1008.9753418	38.5475769043	31.2004356384
150.811167078	1008.9753418	38.5475769043	31.2004356384
150.811167078	1008.9753418	38.5475769043	31.2004356384
150.811167078	1008.9753418	38.5475769043	31.2004356384
150.811167078	1008.9753418	38.5475769043	31.2004356384
150.811167078	1008.9753418	38.5475769043	31.2004356384
150.811167078	1008.9753418	38.5475769043	31.2004356384
150.811167078	1008.97680664	38.5475769043	31.2004356384
150.811167079	1008.97680664	38.5475769043	31.2004356384
150.811167079	1008.97680664	38.5475769043	31.2004356384
150.811167079	1008.97680664	38.5475769043	31.2004356384
150.811167079	1008.97680664	38.5475769043	31.2004356384
150.811167079	1008.97680664	38.5475769043	31.2004356384
150.811167079	1008.97680664	38.5475769043	31.2004356384
150.81116708	1008.97680664	38.5475769043	31.2004356384
150.81116708	1008.97680664	38.5475769043	31.2004356384
150.81116708	1008.97680664	38.5475769043	31.2004356384
150.81116708	1008.97680664	38.5475769043	31.2004356384
150.81116708	1008.97680664	38.5475769043	31.2004356384
150.81116708	1008.97680664	38.5475769043	31.2004356384
150.81116708	1008.97680664	38.5475769043	31.2004356384
150.81116708	1008.97680664	38.5475769043	31.2004356384
150.811167081	1008.97680664	38.5475769043	31.2004356384
150.811167081	1008.97680664	38.5475769043	31.2004356384
150.811167081	1008.97680664	38.5475769043	31.2004356384
150.811167081	1008.97680664	38.5475769043	31.2004356384
150.811167081	1008.97680664	38.5475769043	31.2004356384
150.811167081	1008.97680664	38.5475769043	31.2004356384
150.811167081	1008.97680664	38.5475769043	31.2004356384
150.811167082	1008.97680664	38.5475769043	31.2004356384
150.811167082	1008.97680664	38.5475769043	31.2004356384
150.811167082	1008.97680664	38.5475769043	31.2004356384
150.811167082	1008.97680664	38.5475769043	31.2004356384
150.811167082	1008.97680664	38.5475769043	31.2004356384
150.811167082	1008.97680664	38.5475769043	31.2004356384
150.811167082	1008.97680664	38.5475769043	31.2004356384
150.811167083	1008.97705078	38.5475769043	31.2004356384
150.811167083	1008.97705078	38.5475769043	31.2004356384
150.811167083	1008.97705078	38.5475769043	31.2004356384
150.811167083	1008.97705078	38.5475769043	31.2004356384
150.811167083	1008.97705078	38.5475769043	31.2004356384
150.811167083	1008.97705078	38.5475769043	31.2004356384
150.811167083	1008.97705078	38.5475769043	31.2004356384
150.811167084	1008.97705078	38.5475769043	31.2004356384
150.811167084	1008.97705078	38.5475769043	31.2004356384
150.811167084	1008.97705078	38.5475769043	31.2004356384
150.811167084	1008.97705078	38.5475769043	31.2004356384
150.811167084	1008.97705078	38.5475769043	31.2004356384
150.811167084	1008.97705078	38.5475769043	31.2004356384
150.811167084	1008.97705078	38.5475769043	31.2004356384
150.811167085	1008.97705078	38.5475769043	31.2004356384
150.811167085	1008.97705078	38.5475769043	31.21875
150.811167085	1008.97705078	38.5475769043	31.21875
150.811167085	1008.97705078	38.2486114502	31.21875
150.811167085	1008.97705078	38.2486114502	31.21875
150.811167085	1008.97705078	38.2486114502	31.21875
150.811167085	1008.97705078	38.2486114502	31.21875
150.811167086	1008.97705078	38.2486114502	31.21875
150.811167086	1008.97705078	38.2486114502	31.21875
150.811167086	1008.97705078	38.2486114502	31.21875
150.811167086	1008.97705078	38.2486114502	31.21875
150.811167086	1008.97705078	38.2486114502	31.21875
150.811167086	1008.97705078	38.2486114502	31.21875
150.811167086	1008.97705078	38.2486114502	31.21875
150.811167087	1008.96923828	38.2486114502	31.21875
150.811167087	1008.96923828	38.2486114502	31.21875
150.811167087	1008.96923828	38.2486114502	31.21875
150.811167087	1008.96923828	38.2486114502	31.21875
150.811167088	1008.96923828	38.2486114502	31.21875
150.811167088	1008.96923828	38.2486114502	31.21875
150.811167088	1008.96923828	38.2486114502	31.21875
150.811167088	1008.96923828	38.2486114502	31.21875
150.811167089	1008.96923828	38.2486114502	31.21875
150.811167089	1008.96923828	38.2486114502	31.21875
150.811167089	1008.96923828	38.2486114502	31.21875
150.811167089	1008.96923828	38.2486114502	31.21875
150.811167089	1008.96923828	38.2486114502	31.21875
150.81116709	1008.96923828	38.2486114502	31.21875
150.81116709	1008.96923828	38.2486114502	31.21875
150.81116709	1008.96923828	38.2486114502	31.21875
150.81116709	1008.96923828	38.2486114502	31.21875
150.811167091	1008.96923828	38.2486114502	31.21875
150.811167091	1008.97338867	38.2486114502	31.21875
150.811167091	1008.97338867	38.2486114502	31.21875
150.811167091	1008.97338867	38.2486114502	31.21875
150.811167092	1008.97338867	38.2486114502	31.21875
150.811167092	1008.97338867	38.2486114502	31.21875
150.811167092	1008.97338867	38.2486114502	31.21875
150.811167092	1008.97338867	38.2486114502	31.21875
150.811167093	1008.97338867	38.2486114502	31.21875
150.811167093	1008.97338867	38.2486114502	31.0539321899
150.811167093	1008.97338867	35.6282844543	31.0539321899
150.811167093	1008.97338867	35.6282844543	31.0539321899
150.811167094	1008.97338867	35.6282844543	31.0539321899
150.811167094	1008.97338867	35.6282844543	31.0539321899
150.811167094	1008.97338867	35.6282844543	31.0539321899
150.811167094	1008.97338867	35.6282844543	31.0539321899
150.811167094	1008.97338867	35.6282844543	31.0539321899
150.811167095	1008.97338867	35.6282844543	31.0539321899
150.811167095	1008.97460938	35.6282844543	31.0539321899
150.811167095	1008.97460938	35.6282844543	31.0539321899
150.811167096	1008.97460938	35.6282844543	31.0539321899
150.811167096	1008.97460938	35.6282844543	31.0539321899
150.811167096	1008.97460938	35.6282844543	31.0539321899
150.811167096	1008.97460938	35.6282844543	31.0539321899
150.811167096	1008.97460938	35.6282844543	31.0539321899
150.811167097	1008.97460938	35.6282844543	31.0539321899
150.811167097	1008.97460938	35.6282844543	31.0539321899
150.811167097	1008.97460938	35.6282844543	31.0539321899
150.811167097	1008.97460938	35.6282844543	31.0539321899
150.811167098	1008.97460938	35.6282844543	31.0539321899
150.811167098	1008.97460938	35.6282844543	31.0539321899
150.811167098	1008.97460938	35.6282844543	31.0539321899
150.811167098	1008.97460938	35.6282844543	31.0539321899
150.811167098	1008.97460938	35.6282844543	31.0539321899
150.811167099	1008.97460938	35.6282844543	31.0539321899
150.811167099	1008.97705078	35.6282844543	31.0539321899
150.811167099	1008.97705078	35.6282844543	31.0539321899
150.8111671	1008.97705078	35.6282844543	31.0539321899
150.8111671	1008.97705078	35.6282844543	31.0539321899
150.8111671	1008.97705078	35.6282844543	31.0539321899
150.8111671	1008.97705078	35.6282844543	31.0539321899
150.8111671	1008.97705078	35.6282844543	31.0539321899
150.811167101	1008.97705078	35.6282844543	31.0539321899
150.811167101	1008.97705078	35.6282844543	31.2370624542
