0.878125591661	1500
time	pressure	humidity	temperature
150.81128677	1007.89428711	40.9684753418	30.7317771912
150.811286771	1007.89428711	40.9684753418	30.7317771912
150.811286771	1007.89672852	40.9684753418	30.7317771912
150.811286772	1007.89672852	40.9684753418	30.7317771912
150.811286772	1007.89672852	40.9684753418	30.7317771912
150.811286772	1007.89672852	40.9684753418	30.7317771912
150.811286773	1007.89672852	40.9684753418	30.7317771912
150.811286773	1007.89672852	40.9684753418	30.7317771912
150.811286773	1007.89672852	40.9684753418	30.7317771912
150.811286773	1007.89672852	40.9684753418	30.7317771912
150.811286773	1007.89672852	40.9684753418	30.7317771912
150.811286774	1007.89672852	40.9684753418	30.7317771912
150.811286774	1007.89672852	40.9684753418	30.7317771912
150.811286774	1007.89672852	40.9684753418	30.7317771912
150.811286774	1007.89672852	40.9684753418	30.7317771912
150.811286775	1007.89672852	40.9684753418	30.7317771912
150.811286775	1007.89672852	40.9684753418	30.7317771912
150.811286775	1007.89672852	40.9684753418	30.7317771912
150.811286775	1007.89672852	40.9684753418	30.7317771912
150.811286775	1007.89575195	40.9684753418	30.7317771912
150.811286776	1007.89575195	40.9684753418	30.7317771912
150.811286776	1007.89575195	40.9684753418	30.7317771912
150.811286776	1007.89575195	40.9684753418	30.7317771912
150.811286777	1007.89575195	40.9684753418	30.7317771912
150.811286777	1007.89575195	40.9684753418	30.7317771912
150.811286777	1007.89575195	40.9684753418	30.7317771912
150.811286777	1007.89575195	40.9684753418	30.7317771912
150.811286777	1007.89575195	40.9684753418	30.7317771912
150.811286778	1007.89575195	40.9684753418	30.6575279236
150.811286778	1007.89575195	40.9684753418	30.6575279236
150.811286778	1007.89575195	40.0144462585	30.6575279236
150.811286778	1007.89575195	40.0144462585	30.6575279236
150.811286779	1007.89575195	40.0144462585	30.6575279236
150.811286779	1007.89575195	40.0144462585	30.6575279236
150.811286779	1007.89575195	40.0144462585	30.6575279236
150.811286779	1007.89428711	40.0144462585	30.6575279236
150.81128678	1007.89428711	40.0144462585	30.6575279236
150.81128678	1007.89428711	40.0144462585	30.6575279236
150.81128678	1007.89428711	40.0144462585	30.6575279236
150.81128678	1007.89428711	40.0144462585	30.6575279236
150.811286781	1007.89428711	40.0144462585	30.6575279236
150.811286781	1007.89428711	40.0144462585	30.6575279236
150.811286781	1007.89428711	40.0144462585	30.6575279236
150.811286781	1007.89428711	40.0144462585	30.6575279236
150.811286782	1007.89428711	40.0144462585	30.6575279236
150.811286782	1007.89428711	40.0144462585	30.6575279236
150.811286782	1007.89428711	40.0144462585	30.6575279236
150.811286782	1007.89428711	40.0144462585	30.6575279236
150.811286782	1007.89428711	40.0144462585	30.6575279236
150.811286783	1007.89428711	40.0144462585	30.6575279236
150.811286783	1007.89428711	40.0144462585	30.6575279236
150.811286783	1007.89428711	40.0144462585	30.6575279236
150.811286783	1007.90234375	40.0144462585	30.6575279236
150.811286784	1007.90234375	40.0144462585	30.6575279236
150.811286784	1007.90234375	40.0144462585	30.6575279236
150.811286784	1007.90234375	40.0144462585	30.6575279236
150.811286784	1007.90234375	40.0144462585	30.6575279236
150.811286785	1007.90234375	40.0144462585	30.6575279236
150.811286785	1007.90234375	40.0144462585	30.6575279236
150.811286785	1007.90234375	40.0144462585	30.6575279236
150.811286785	1007.90234375	40.0144462585	30.6575279236
150.811286786	1007.90234375	40.0144462585	30.6575279236
150.811286786	1007.90234375	40.0144462585	30.7317771912
150.811286786	1007.90234375	40.0144462585	30.7317771912
150.811286786	1007.90234375	37.4917068481	30.7317771912
150.811286787	1007.90234375	37.4917068481	30.7317771912
150.811286787	1007.90234375	37.4917068481	30.7317771912
150.811286787	1007.90234375	37.4917068481	30.7317771912
150.811286787	1007.90087891	37.4917068481	30.7317771912
150.811286788	1007.90087891	37.4917068481	30.7317771912
150.811286788	1007.90087891	37.4917068481	30.7317771912
150.811286788	1007.90087891	37.4917068481	30.7317771912
150.811286788	1007.90087891	37.4917068481	30.7317771912
150.811286789	1007.90087891	37.4917068481	30.7317771912
150.811286789	1007.90087891	37.4917068481	30.7317771912
150.811286789	1007.90087891	37.4917068481	30.7317771912
150.811286789	1007.90087891	37.4917068481	30.7317771912
150.811286789	1007.90087891	37.4917068481	30.7317771912
150.81128679	1007.90087891	37.4917068481	30.7317771912
150.81128679	1007.90087891	37.4917068481	30.7317771912
150.81128679	1007.90087891	37.4917068481	30.7317771912
150.81128679	1007.90087891	37.4917068481	30.7317771912
150.811286791	1007.90087891	37.4917068481	30.7317771912
150.811286791	1007.90087891	37.4917068481	30.7317771912
150.811286791	1007.90087891	37.4917068481	30.7317771912
150.811286791	1007.90771484	37.4917068481	30.7317771912
150.811286792	1007.90771484	37.4917068481	30.7317771912
150.811286792	1007.90771484	37.4917068481	30.7317771912
150.811286792	1007.90771484	37.4917068481	30.7317771912
150.811286792	1007.90771484	37.4917068481	30.7317771912
150.811286792	1007.90771484	37.4917068481	30.7317771912
150.811286793	1007.90771484	37.4917068481	30.7317771912
150.811286793	1007.90771484	37.4917068481	30.7317771912
150.811286793	1007.90771484	37.4917068481	30.7317771912
150.811286793	1007.90771484	37.4917068481	30.7317771912
150.811286794	1007.90771484	37.4917068481	30.7317771912
150.811286794	1007.90771484	37.4917068481	30.7317771912
150.811286794	1007.90771484	37.4917068481	30.5275878906
150.811286794	1007.90771484	39.6750946045	30.5275878906
150.811286795	1007.90771484	39.6750946045	30.5275878906
150.811286795	1007.90771484	39.6750946045	30.5275878906
150.811286795	1007.90307617	39.6750946045	30.5275878906
150.811286795	1007.90307617	39.6750946045	30.5275878906
150.811286796	1007.90307617	39.6750946045	30.5275878906
150.811286796	1007.90307617	39.6750946045	30.5275878906
150.811286796	1007.90307617	39.6750946045	30.5275878906
150.811286796	1007.90307617	39.6750946045	30.5275878906
150.811286797	1007.90307617	39.6750946045	30.5275878906
150.811286797	1007.90307617	39.6750946045	30.5275878906
150.811286797	1007.90307617	39.6750946045	30.5275878906
150.811286797	1007.90307617	39.6750946045	30.5275878906
150.811286797	1007.90307617	39.6750946045	30.5275878906
150.811286798	1007.90307617	39.6750946045	30.5275878906
150.811286798	1007.90307617	39.6750946045	30.5275878906
150.811286798	1007.90307617	39.6750946045	30.5275878906
150.811286798	1007.90307617	39.6750946045	30.5275878906
150.811286799	1007.90307617	39.6750946045	30.5275878906
150.811286799	1007.90307617	39.6750946045	30.5275878906
150.811286799	1007.90673828	39.6750946045	30.5275878906
150.811286799	1007.90673828	39.6750946045	30.5275878906
150.8112868	1007.90673828	39.6750946045	30.5275878906
150.8112868	1007.90673828	39.6750946045	30.5275878906
150.8112868	1007.90673828	39.6750946045	30.5275878906
150.8112868	1007.90673828	39.6750946045	30.5275878906
150.811286801	1007.90673828	39.6750946045	30.5275878906
150.811286801	1007.90673828	39.6750946045	30.5275878906
150.811286801	1007.90673828	39.6750946045	30.5275878906
150.811286801	1007.90673828	39.6750946045	30.5275878906
150.811286801	1007.90673828	39.6750946045	30.5275878906
150.811286802	1007.90673828	39.6750946045	30.5275878906
150.811286802	1007.90673828	39.6750946045	30.5275878906
150.811286802	1007.90673828	39.6750946045	30.6760902405
150.811286802	1007.90673828	40.0912818909	30.6760902405
150.811286803	1007.90673828	40.0912818909	30.6760902405
150.811286803	1007.90454102	40.0912818909	30.6760902405
150.811286803	1007.90454102	40.0912818909	30.6760902405
150.811286804	1007.90454102	40.0912818909	30.6760902405
150.811286804	1007.90454102	40.0912818909	30.6760902405
150.811286804	1007.90454102	40.0912818909	30.6760902405
150.811286804	1007.90454102	40.0912818909	30.6760902405
150.811286804	1007.90454102	40.0912818909	30.6760902405
150.811286805	1007.90454102	40.0912818909	30.6760902405
150.811286805	1007.90454102	40.0912818909	30.6760902405
150.811286805	1007.90454102	40.0912818909	30.6760902405
150.811286805	1007.90454102	40.0912818909	30.6760902405
150.811286806	1007.90454102	40.0912818909	30.6760902405
150.811286806	1007.90454102	40.0912818909	30.6760902405
150.811286806	1007.90454102	40.0912818909	30.6760902405
150.811286806	1007.90454102	40.0912818909	30.6760902405
150.811286806	1007.90454102	40.0912818909	30.6760902405
150.811286807	1007.90454102	40.0912818909	30.6760902405
150.811286807	1007.8996582	40.0912818909	30.6760902405
150.811286807	1007.8996582	40.0912818909	30.6760902405
150.811286808	1007.8996582	40.0912818909	30.6760902405
150.811286808	1007.8996582	40.0912818909	30.6760902405
150.811286808	1007.8996582	40.0912818909	30.6760902405
150.811286808	1007.8996582	40.0912818909	30.6760902405
150.811286808	1007.8996582	40.0912818909	30.6760902405
150.811286809	1007.8996582	40.0912818909	30.6760902405
150.811286809	1007.8996582	40.0912818909	30.6760902405
150.811286809	1007.8996582	40.0912818909	30.6760902405
150.811286809	1007.8996582	40.0912818909	30.6760902405
150.81128681	1007.8996582	40.0912818909	30.6760902405
150.81128681	1007.8996582	40.0912818909	30.6760902405
150.81128681	1007.8996582	40.0912818909	30.6760902405
150.81128681	1007.8996582	40.0912818909	30.5647144318
150.811286811	1007.8996582	40.0176467896	30.5647144318
150.811286811	1007.8972168	40.0176467896	30.5647144318
150.811286811	1007.8972168	40.0176467896	30.5647144318
150.811286811	1007.8972168	40.0176467896	30.5647144318
150.811286812	1007.8972168	40.0176467896	30.5647144318
150.811286812	1007.8972168	40.0176467896	30.5647144318
150.811286812	1007.8972168	40.0176467896	30.5647144318
150.811286812	1007.8972168	40.0176467896	30.5647144318
150.811286813	1007.8972168	40.0176467896	30.5647144318
150.811286813	1007.8972168	40.0176467896	30.5647144318
150.811286813	1007.8972168	40.0176467896	30.5647144318
150.811286813	1007.8972168	40.0176467896	30.5647144318
150.811286813	1007.8972168	40.0176467896	30.5647144318
150.811286814	1007.8972168	40.0176467896	30.5647144318
150.811286814	1007.8972168	40.0176467896	30.5647144318
150.811286814	1007.8972168	40.0176467896	30.5647144318
150.811286814	1007.8972168	40.0176467896	30.5647144318
150.811286815	1007.8972168	40.0176467896	30.5647144318
150.811286815	1007.89697266	40.0176467896	30.5647144318
150.811286815	1007.89697266	40.0176467896	30.5647144318
150.811286815	1007.89697266	40.0176467896	30.5647144318
150.811286816	1007.89697266	40.0176467896	30.5647144318
150.811286816	1007.89697266	40.0176467896	30.5647144318
150.811286816	1007.89697266	40.0176467896	30.5647144318
150.811286816	1007.89697266	40.0176467896	30.5647144318
150.811286816	1007.89697266	40.0176467896	30.5647144318
150.811286817	1007.89697266	40.0176467896	30.5647144318
150.811286817	1007.89697266	40.0176467896	30.5647144318
150.811286817	1007.89697266	40.0176467896	30.5647144318
150.811286817	1007.89697266	40.0176467896	30.5647144318
150.811286818	1007.89697266	40.0176467896	30.5647144318
150.811286818	1007.89697266	40.0176467896	30.5647144318
150.811286818	1007.89697266	40.0176467896	30.5647144318
150.811286818	1007.89697266	40.0176467896	30.6389656067
150.811286819	1007.89697266	41.1925811768	30.6389656067
150.811286819	1007.90014648	41.1925811768	30.6389656067
150.811286819	1007.90014648	41.1925811768	30.6389656067
150.81128682	1007.90014648	41.1925811768	30.6389656067
150.81128682	1007.90014648	41.1925811768	30.6389656067
150.81128682	1007.90014648	41.1925811768	30.6389656067
150.81128682	1007.90014648	41.1925811768	30.6389656067
150.81128682	1007.90014648	41.1925811768	30.6389656067
150.811286821	1007.90014648	41.1925811768	30.6389656067
150.811286821	1007.90014648	41.1925811768	30.6389656067
150.811286821	1007.90014648	41.1925811768	30.6389656067
150.811286821	1007.90014648	41.1925811768	30.6389656067
150.811286822	1007.90014648	41.1925811768	30.6389656067
150.811286822	1007.90014648	41.1925811768	30.6389656067
150.811286822	1007.90014648	41.1925811768	30.6389656067
150.811286822	1007.90014648	41.1925811768	30.6389656067
150.811286822	1007.90014648	41.1925811768	30.6389656067
150.811286823	1007.90185547	41.1925811768	30.6389656067
150.811286823	1007.90185547	41.1925811768	30.6389656067
150.811286823	1007.90185547	41.1925811768	30.6389656067
150.811286823	1007.90185547	41.1925811768	30.6389656067
150.811286824	1007.90185547	41.1925811768	30.6389656067
150.811286824	1007.90185547	41.1925811768	30.6389656067
150.811286824	1007.90185547	41.1925811768	30.6389656067
150.811286824	1007.90185547	41.1925811768	30.6389656067
150.811286825	1007.90185547	41.1925811768	30.6389656067
150.811286825	1007.90185547	41.1925811768	30.6389656067
150.811286825	1007.90185547	41.1925811768	30.6389656067
150.811286825	1007.90185547	41.1925811768	30.6389656067
150.811286825	1007.90185547	41.1925811768	30.6389656067
150.811286826	1007.90185547	41.1925811768	30.6389656067
150.811286826	1007.90185547	41.1925811768	30.6389656067
150.811286826	1007.90185547	41.1925811768	30.6389656067
150.811286826	1007.90185547	41.1925811768	30.6389656067
150.811286827	1007.90209961	39.3389434814	30.6389656067
150.811286827	1007.90209961	39.3389434814	30.6389656067
150.811286827	1007.90209961	39.3389434814	30.6389656067
150.811286828	1007.90209961	39.3389434814	30.6389656067
150.811286828	1007.90209961	39.3389434814	30.6389656067
150.811286828	1007.90209961	39.3389434814	30.6389656067
150.811286828	1007.90209961	39.3389434814	30.6389656067
150.811286828	1007.90209961	39.3389434814	30.6389656067
150.811286829	1007.90209961	39.3389434814	30.6389656067
150.811286829	1007.90209961	39.3389434814	30.6389656067
150.811286829	1007.90209961	39.3389434814	30.6389656067
150.811286829	1007.90209961	39.3389434814	30.6389656067
150.81128683	1007.90209961	39.3389434814	30.6389656067
150.81128683	1007.90209961	39.3389434814	30.6389656067
150.81128683	1007.90209961	39.3389434814	30.6389656067
150.81128683	1007.90209961	39.3389434814	30.6389656067
150.81128683	1007.90039062	39.3389434814	30.6389656067
150.811286831	1007.90039062	39.3389434814	30.6389656067
150.811286831	1007.90039062	39.3389434814	30.6389656067
150.811286831	1007.90039062	39.3389434814	30.6389656067
150.811286832	1007.90039062	39.3389434814	30.6389656067
150.811286832	1007.90039062	39.3389434814	30.6389656067
150.811286832	1007.90039062	39.3389434814	30.6389656067
150.811286832	1007.90039062	39.3389434814	30.6389656067
150.811286832	1007.90039062	39.3389434814	30.6389656067
150.811286833	1007.90039062	39.3389434814	30.6389656067
150.811286833	1007.90039062	39.3389434814	30.6389656067
150.811286833	1007.90039062	39.3389434814	30.6389656067
150.811286833	1007.90039062	39.3389434814	30.6389656067
150.811286834	1007.90039062	39.3389434814	30.6389656067
150.811286834	1007.90039062	39.3389434814	30.6389656067
150.811286834	1007.90039062	39.3389434814	30.6389656067
150.811286834	1007.90039062	39.3389434814	30.6389656067
150.811286834	1007.89941406	39.3389434814	30.7132148743
150.811286835	1007.89941406	38.2504501343	30.7132148743
150.811286835	1007.89941406	38.2504501343	30.7132148743
150.811286835	1007.89941406	38.2504501343	30.7132148743
150.811286836	1007.89941406	38.2504501343	30.7132148743
150.811286836	1007.89941406	38.2504501343	30.7132148743
150.811286836	1007.89941406	38.2504501343	30.7132148743
150.811286836	1007.89941406	38.2504501343	30.7132148743
150.811286837	1007.89941406	38.2504501343	30.7132148743
150.811286837	1007.89941406	38.2504501343	30.7132148743
150.811286837	1007.89941406	38.2504501343	30.7132148743
150.811286837	1007.89941406	38.2504501343	30.7132148743
150.811286837	1007.89941406	38.2504501343	30.7132148743
150.811286838	1007.89941406	38.2504501343	30.7132148743
150.811286838	1007.89941406	38.2504501343	30.7132148743
150.811286838	1007.89941406	38.2504501343	30.7132148743
150.811286838	1007.89916992	38.2504501343	30.7132148743
150.811286839	1007.89916992	38.2504501343	30.7132148743
150.811286839	1007.89916992	38.2504501343	30.7132148743
150.811286839	1007.89916992	38.2504501343	30.7132148743
150.811286839	1007.89916992	38.2504501343	30.7132148743
150.81128684	1007.89916992	38.2504501343	30.7132148743
150.81128684	1007.89916992	38.2504501343	30.7132148743
150.81128684	1007.89916992	38.2504501343	30.7132148743
150.81128684	1007.89916992	38.2504501343	30.7132148743
150.811286841	1007.89916992	38.2504501343	30.7132148743
150.811286841	1007.89916992	38.2504501343	30.7132148743
150.811286841	1007.89916992	38.2504501343	30.7132148743
150.811286841	1007.89916992	38.2504501343	30.7132148743
150.811286841	1007.89916992	38.2504501343	30.7132148743
150.811286842	1007.89916992	38.2504501343	30.7132148743
150.811286842	1007.89916992	38.2504501343	30.7132148743
150.811286842	1007.89916992	38.2504501343	30.7132148743
150.811286842	1007.90234375	38.2504501343	30.7317771912
150.811286843	1007.90234375	38.4617462158	30.7317771912
150.811286843	1007.90234375	38.4617462158	30.7317771912
150.811286843	1007.90234375	38.4617462158	30.7317771912
150.811286844	1007.90234375	38.4617462158	30.7317771912
150.811286844	1007.90234375	38.4617462158	30.7317771912
150.811286844	1007.90234375	38.4617462158	30.7317771912
150.811286844	1007.90234375	38.4617462158	30.7317771912
150.811286844	1007.90234375	38.4617462158	30.7317771912
150.811286845	1007.90234375	38.4617462158	30.7317771912
150.811286845	1007.90234375	38.4617462158	30.7317771912
150.811286845	1007.90234375	38.4617462158	30.7317771912
150.811286845	1007.90234375	38.4617462158	30.7317771912
150.811286846	1007.90234375	38.4617462158	30.7317771912
150.811286846	1007.90234375	38.4617462158	30.7317771912
150.811286846	1007.90234375	38.4617462158	30.7317771912
150.811286846	1007.8996582	38.4617462158	30.7317771912
150.811286847	1007.8996582	38.4617462158	30.7317771912
150.811286847	1007.8996582	38.4617462158	30.7317771912
150.811286847	1007.8996582	38.4617462158	30.7317771912
150.811286847	1007.8996582	38.4617462158	30.7317771912
150.811286848	1007.8996582	38.4617462158	30.7317771912
150.811286848	1007.8996582	38.4617462158	30.7317771912
150.811286848	1007.8996582	38.4617462158	30.7317771912
150.811286848	1007.8996582	38.4617462158	30.7317771912
150.811286848	1007.8996582	38.4617462158	30.7317771912
150.811286849	1007.8996582	38.4617462158	30.7317771912
150.811286849	1007.8996582	38.4617462158	30.7317771912
150.811286849	1007.8996582	38.4617462158	30.7317771912
150.811286849	1007.8996582	38.4617462158	30.7317771912
150.81128685	1007.8996582	38.4617462158	30.7317771912
150.81128685	1007.8996582	38.4617462158	30.7317771912
150.81128685	1007.8996582	38.4617462158	30.7317771912
150.81128685	1007.89453125	38.4617462158	30.7317771912
150.811286851	1007.89453125	38.4617462158	30.6760902405
150.811286851	1007.89453125	42.3258895874	30.6760902405
150.811286851	1007.89453125	42.3258895874	30.6760902405
150.811286851	1007.89453125	42.3258895874	30.6760902405
150.811286852	1007.89453125	42.3258895874	30.6760902405
150.811286852	1007.89453125	42.3258895874	30.6760902405
150.811286852	1007.89453125	42.3258895874	30.6760902405
150.811286852	1007.89453125	42.3258895874	30.6760902405
150.811286853	1007.89453125	42.3258895874	30.6760902405
150.811286853	1007.89453125	42.3258895874	30.6760902405
150.811286853	1007.89453125	42.3258895874	30.6760902405
150.811286853	1007.89453125	42.3258895874	30.6760902405
150.811286853	1007.89453125	42.3258895874	30.6760902405
150.811286854	1007.89453125	42.3258895874	30.6760902405
150.811286854	1007.89453125	42.3258895874	30.6760902405
150.811286854	1007.89404297	42.3258895874	30.6760902405
150.811286854	1007.89404297	42.3258895874	30.6760902405
150.811286855	1007.89404297	42.3258895874	30.6760902405
150.811286855	1007.89404297	42.3258895874	30.6760902405
150.811286855	1007.89404297	42.3258895874	30.6760902405
150.811286855	1007.89404297	42.3258895874	30.6760902405
150.811286856	1007.89404297	42.3258895874	30.6760902405
150.811286856	1007.89404297	42.3258895874	30.6760902405
150.811286856	1007.89404297	42.3258895874	30.6760902405
150.811286856	1007.89404297	42.3258895874	30.6760902405
150.811286856	1007.89404297	42.3258895874	30.6760902405
150.811286857	1007.89404297	42.3258895874	30.6760902405
150.811286857	1007.89404297	42.3258895874	30.6760902405
150.811286857	1007.89404297	42.3258895874	30.6760902405
150.811286857	1007.89404297	42.3258895874	30.6760902405
150.811286858	1007.89404297	42.3258895874	30.6760902405
150.811286858	1007.89404297	42.3258895874	30.6760902405
150.811286858	1007.89477539	42.3258895874	30.6760902405
150.811286858	1007.89477539	42.3258895874	30.6760902405
150.811286859	1007.89477539	42.3258895874	30.6389656067
150.811286859	1007.89477539	38.4777526855	30.6389656067
150.811286859	1007.89477539	38.4777526855	30.6389656067
150.81128686	1007.89477539	38.4777526855	30.6389656067
150.81128686	1007.89477539	38.4777526855	30.6389656067
150.81128686	1007.89477539	38.4777526855	30.6389656067
150.81128686	1007.89477539	38.4777526855	30.6389656067
150.81128686	1007.89477539	38.4777526855	30.6389656067
150.811286861	1007.89477539	38.4777526855	30.6389656067
150.811286861	1007.89477539	38.4777526855	30.6389656067
150.811286861	1007.89477539	38.4777526855	30.6389656067
150.811286861	1007.89477539	38.4777526855	30.6389656067
150.811286862	1007.89477539	38.4777526855	30.6389656067
150.811286862	1007.89477539	38.4777526855	30.6389656067
150.811286862	1007.89331055	38.4777526855	30.6389656067
150.811286862	1007.89331055	38.4777526855	30.6389656067
150.811286863	1007.89331055	38.4777526855	30.6389656067
150.811286863	1007.89331055	38.4777526855	30.6389656067
150.811286863	1007.89331055	38.4777526855	30.6389656067
150.811286863	1007.89331055	38.4777526855	30.6389656067
150.811286863	1007.89331055	38.4777526855	30.6389656067
150.811286864	1007.89331055	38.4777526855	30.6389656067
150.811286864	1007.89331055	38.4777526855	30.6389656067
150.811286864	1007.89331055	38.4777526855	30.6389656067
150.811286864	1007.89331055	38.4777526855	30.6389656067
150.811286865	1007.89331055	38.4777526855	30.6389656067
150.811286865	1007.89331055	38.4777526855	30.6389656067
150.811286865	1007.89331055	38.4777526855	30.6389656067
150.811286865	1007.89331055	38.4777526855	30.6389656067
150.811286865	1007.89331055	38.4777526855	30.6389656067
150.811286866	1007.89331055	38.4777526855	30.6389656067
150.811286866	1007.8984375	38.4777526855	30.6389656067
150.811286866	1007.8984375	38.4777526855	30.6389656067
150.811286867	1007.8984375	38.4777526855	30.6389656067
150.811286867	1007.8984375	38.4777526855	30.6575279236
150.811286867	1007.8984375	41.3718605042	30.6575279236
150.811286867	1007.8984375	41.3718605042	30.6575279236
150.811286868	1007.8984375	41.3718605042	30.6575279236
150.811286868	1007.8984375	41.3718605042	30.6575279236
150.811286868	1007.8984375	41.3718605042	30.6575279236
150.811286868	1007.8984375	41.3718605042	30.6575279236
150.811286868	1007.8984375	41.3718605042	30.6575279236
150.811286869	1007.8984375	41.3718605042	30.6575279236
150.811286869	1007.8984375	41.3718605042	30.6575279236
150.811286869	1007.8984375	41.3718605042	30.6575279236
150.811286869	1007.8984375	41.3718605042	30.6575279236
150.81128687	1007.8984375	41.3718605042	30.6575279236
150.81128687	1007.90039062	41.3718605042	30.6575279236
150.81128687	1007.90039062	41.3718605042	30.6575279236
150.81128687	1007.90039062	41.3718605042	30.6575279236
150.811286871	1007.90039062	41.3718605042	30.6575279236
150.811286871	1007.90039062	41.3718605042	30.6575279236
150.811286871	1007.90039062	41.3718605042	30.6575279236
150.811286871	1007.90039062	41.3718605042	30.6575279236
150.811286872	1007.90039062	41.3718605042	30.6575279236
150.811286872	1007.90039062	41.3718605042	30.6575279236
150.811286872	1007.90039062	41.3718605042	30.6575279236
150.811286872	1007.90039062	41.3718605042	30.6575279236
150.811286872	1007.90039062	41.3718605042	30.6575279236
150.811286873	1007.90039062	41.3718605042	30.6575279236
150.811286873	1007.90039062	41.3718605042	30.6575279236
150.811286873	1007.90039062	41.3718605042	30.6575279236
150.811286873	1007.90039062	41.3718605042	30.6575279236
150.811286874	1007.90039062	41.3718605042	30.6575279236
150.811286874	1007.90429688	41.3718605042	30.6575279236
150.811286874	1007.90429688	41.3718605042	30.6575279236
150.811286874	1007.90429688	41.3718605042	30.6575279236
150.811286875	1007.90429688	41.3718605042	30.6575279236
150.811286875	1007.90429688	41.3718605042	30.4719009399
150.811286875	1007.90429688	39.5886535645	30.4719009399
150.811286875	1007.90429688	39.5886535645	30.4719009399
150.811286876	1007.90429688	39.5886535645	30.4719009399
150.811286876	1007.90429688	39.5886535645	30.4719009399
150.811286876	1007.90429688	39.5886535645	30.4719009399
150.811286876	1007.90429688	39.5886535645	30.4719009399
150.811286877	1007.90429688	39.5886535645	30.4719009399
150.811286877	1007.90429688	39.5886535645	30.4719009399
150.811286877	1007.90429688	39.5886535645	30.4719009399
150.811286877	1007.90429688	39.5886535645	30.4719009399
150.811286877	1007.90429688	39.5886535645	30.4719009399
150.811286878	1007.90771484	39.5886535645	30.4719009399
150.811286878	1007.90771484	39.5886535645	30.4719009399
150.811286878	1007.90771484	39.5886535645	30.4719009399
150.811286879	1007.90771484	39.5886535645	30.4719009399
150.811286879	1007.90771484	39.5886535645	30.4719009399
150.811286879	1007.90771484	39.5886535645	30.4719009399
150.811286879	1007.90771484	39.5886535645	30.4719009399
150.811286879	1007.90771484	39.5886535645	30.4719009399
150.81128688	1007.90771484	39.5886535645	30.4719009399
150.81128688	1007.90771484	39.5886535645	30.4719009399
150.81128688	1007.90771484	39.5886535645	30.4719009399
150.81128688	1007.90771484	39.5886535645	30.4719009399
150.811286881	1007.90771484	39.5886535645	30.4719009399
150.811286881	1007.90771484	39.5886535645	30.4719009399
150.811286881	1007.90771484	39.5886535645	30.4719009399
150.811286881	1007.90771484	39.5886535645	30.4719009399
150.811286881	1007.90771484	39.5886535645	30.4719009399
150.811286882	1007.89526367	39.5886535645	30.4719009399
150.811286882	1007.89526367	39.5886535645	30.4719009399
150.811286882	1007.89526367	39.5886535645	30.4719009399
150.811286882	1007.89526367	39.5886535645	30.4719009399
150.811286883	1007.89526367	39.5886535645	30.4719009399
150.811286883	1007.89526367	39.5886535645	30.7317771912
150.811286883	1007.89526367	41.1797714233	30.7317771912
150.811286884	1007.89526367	41.1797714233	30.7317771912
150.811286884	1007.89526367	41.1797714233	30.7317771912
150.811286884	1007.89526367	41.1797714233	30.7317771912
150.811286884	1007.89526367	41.1797714233	30.7317771912
150.811286884	1007.89526367	41.1797714233	30.7317771912
150.811286885	1007.89526367	41.1797714233	30.7317771912
150.811286885	1007.89526367	41.1797714233	30.7317771912
150.811286885	1007.89526367	41.1797714233	30.7317771912
150.811286885	1007.89526367	41.1797714233	30.7317771912
150.811286886	1007.89428711	41.1797714233	30.7317771912
150.811286886	1007.89428711	41.1797714233	30.7317771912
150.811286886	1007.89428711	41.1797714233	30.7317771912
150.811286886	1007.89428711	41.1797714233	30.7317771912
150.811286887	1007.89428711	41.1797714233	30.7317771912
150.811286887	1007.89428711	41.1797714233	30.7317771912
150.811286887	1007.89428711	41.1797714233	30.7317771912
150.811286887	1007.89428711	41.1797714233	30.7317771912
150.811286887	1007.89428711	41.1797714233	30.7317771912
150.811286888	1007.89428711	41.1797714233	30.7317771912
150.811286888	1007.89428711	41.1797714233	30.7317771912
150.811286888	1007.89428711	41.1797714233	30.7317771912
150.811286888	1007.89428711	41.1797714233	30.7317771912
150.811286889	1007.89428711	41.1797714233	30.7317771912
150.811286889	1007.89428711	41.1797714233	30.7317771912
150.811286889	1007.89428711	41.1797714233	30.7317771912
150.811286889	1007.89428711	41.1797714233	30.7317771912
150.811286889	1007.89282227	41.1797714233	30.7317771912
150.81128689	1007.89282227	41.1797714233	30.7317771912
150.81128689	1007.89282227	41.1797714233	30.7317771912
150.81128689	1007.89282227	41.1797714233	30.7317771912
150.811286891	1007.89282227	41.1797714233	30.7317771912
150.811286891	1007.89282227	41.1797714233	30.7317771912
150.811286891	1007.89282227	41.1797714233	30.6575279236
150.811286891	1007.89282227	38.6186180115	30.6575279236
150.811286892	1007.89282227	38.6186180115	30.6575279236
150.811286892	1007.89282227	38.6186180115	30.6575279236
150.811286892	1007.89282227	38.6186180115	30.6575279236
150.811286892	1007.89282227	38.6186180115	30.6575279236
150.811286892	1007.89282227	38.6186180115	30.6575279236
150.811286893	1007.89282227	38.6186180115	30.6575279236
150.811286893	1007.89282227	38.6186180115	30.6575279236
150.811286893	1007.89282227	38.6186180115	30.6575279236
150.811286893	1007.88916016	38.6186180115	30.6575279236
150.811286894	1007.88916016	38.6186180115	30.6575279236
150.811286894	1007.88916016	38.6186180115	30.6575279236
150.811286894	1007.88916016	38.6186180115	30.6575279236
150.811286894	1007.88916016	38.6186180115	30.6575279236
150.811286895	1007.88916016	38.6186180115	30.6575279236
150.811286895	1007.88916016	38.6186180115	30.6575279236
150.811286895	1007.88916016	38.6186180115	30.6575279236
150.811286895	1007.88916016	38.6186180115	30.6575279236
150.811286896	1007.88916016	38.6186180115	30.6575279236
150.811286896	1007.88916016	38.6186180115	30.6575279236
150.811286896	1007.88916016	38.6186180115	30.6575279236
150.811286896	1007.88916016	38.6186180115	30.6575279236
150.811286896	1007.88916016	38.6186180115	30.6575279236
150.811286897	1007.88916016	38.6186180115	30.6575279236
150.811286897	1007.88916016	38.6186180115	30.6575279236
150.811286897	1007.88916016	38.6186180115	30.6575279236
150.811286897	1007.88842773	38.6186180115	30.6575279236
150.811286898	1007.88842773	38.6186180115	30.6575279236
150.811286898	1007.88842773	38.6186180115	30.6575279236
150.811286898	1007.88842773	38.6186180115	30.6575279236
150.811286898	1007.88842773	38.6186180115	30.6575279236
150.811286899	1007.88842773	38.6186180115	30.6575279236
150.811286899	1007.88842773	38.6186180115	30.6575279236
150.811286899	1007.88842773	38.6186180115	30.6204032898
150.811286899	1007.88842773	38.6186180115	30.6204032898
150.8112869	1007.88842773	37.3444442749	30.6204032898
150.8112869	1007.88842773	37.3444442749	30.6204032898
150.8112869	1007.88842773	37.3444442749	30.6204032898
150.8112869	1007.88842773	37.3444442749	30.6204032898
150.811286901	1007.88842773	37.3444442749	30.6204032898
150.811286901	1007.88842773	37.3444442749	30.6204032898
150.811286901	1007.88842773	37.3444442749	30.6204032898
150.811286901	1007.88720703	37.3444442749	30.6204032898
150.811286902	1007.88720703	37.3444442749	30.6204032898
150.811286902	1007.88720703	37.3444442749	30.6204032898
150.811286902	1007.88720703	37.3444442749	30.6204032898
150.811286902	1007.88720703	37.3444442749	30.6204032898
150.811286903	1007.88720703	37.3444442749	30.6204032898
150.811286903	1007.88720703	37.3444442749	30.6204032898
150.811286903	1007.88720703	37.3444442749	30.6204032898
150.811286903	1007.88720703	37.3444442749	30.6204032898
150.811286903	1007.88720703	37.3444442749	30.6204032898
150.811286904	1007.88720703	37.3444442749	30.6204032898
150.811286904	1007.88720703	37.3444442749	30.6204032898
150.811286904	1007.88720703	37.3444442749	30.6204032898
150.811286904	1007.88720703	37.3444442749	30.6204032898
150.811286905	1007.88720703	37.3444442749	30.6204032898
150.811286905	1007.88720703	37.3444442749	30.6204032898
150.811286905	1007.88720703	37.3444442749	30.6204032898
150.811286905	1007.88745117	37.3444442749	30.6204032898
150.811286906	1007.88745117	37.3444442749	30.6204032898
150.811286906	1007.88745117	37.3444442749	30.6204032898
150.811286906	1007.88745117	37.3444442749	30.6204032898
150.811286906	1007.88745117	37.3444442749	30.6204032898
150.811286906	1007.88745117	37.3444442749	30.6204032898
150.811286907	1007.88745117	37.3444442749	30.6204032898
150.811286907	1007.88745117	37.3444442749	30.6204032898
150.811286907	1007.88745117	37.3444442749	30.5832767487
150.811286907	1007.88745117	37.3444442749	30.5832767487
150.811286908	1007.88745117	42.2554588318	30.5832767487
150.811286908	1007.88745117	42.2554588318	30.5832767487
150.811286908	1007.88745117	42.2554588318	30.5832767487
150.811286908	1007.88745117	42.2554588318	30.5832767487
150.811286909	1007.88745117	42.2554588318	30.5832767487
150.811286909	1007.88745117	42.2554588318	30.5832767487
150.811286909	1007.88330078	42.2554588318	30.5832767487
150.811286909	1007.88330078	42.2554588318	30.5832767487
150.81128691	1007.88330078	42.2554588318	30.5832767487
150.81128691	1007.88330078	42.2554588318	30.5832767487
150.81128691	1007.88330078	42.2554588318	30.5832767487
150.81128691	1007.88330078	42.2554588318	30.5832767487
150.811286911	1007.88330078	42.2554588318	30.5832767487
150.811286911	1007.88330078	42.2554588318	30.5832767487
150.811286911	1007.88330078	42.2554588318	30.5832767487
150.811286911	1007.88330078	42.2554588318	30.5832767487
150.811286911	1007.88330078	42.2554588318	30.5832767487
150.811286912	1007.88330078	42.2554588318	30.5832767487
150.811286912	1007.88330078	42.2554588318	30.5832767487
150.811286912	1007.88330078	42.2554588318	30.5832767487
150.811286912	1007.88330078	42.2554588318	30.5832767487
150.811286913	1007.88330078	42.2554588318	30.5832767487
150.811286913	1007.88330078	42.2554588318	30.5832767487
150.811286913	1007.8815918	42.2554588318	30.5832767487
150.811286913	1007.8815918	42.2554588318	30.5832767487
150.811286914	1007.8815918	42.2554588318	30.5832767487
150.811286914	1007.8815918	42.2554588318	30.5832767487
150.811286914	1007.8815918	42.2554588318	30.5832767487
150.811286914	1007.8815918	42.2554588318	30.5832767487
150.811286915	1007.8815918	42.2554588318	30.5832767487
150.811286915	1007.8815918	42.2554588318	30.5832767487
150.811286915	1007.8815918	42.2554588318	30.5832767487
150.811286915	1007.8815918	42.2554588318	30.5832767487
150.811286915	1007.8815918	42.2554588318	30.7317771912
150.811286916	1007.8815918	40.7379722595	30.7317771912
150.811286916	1007.8815918	40.7379722595	30.7317771912
150.811286916	1007.8815918	40.7379722595	30.7317771912
150.811286916	1007.8815918	40.7379722595	30.7317771912
150.811286917	1007.8815918	40.7379722595	30.7317771912
150.811286917	1007.87768555	40.7379722595	30.7317771912
150.811286917	1007.87768555	40.7379722595	30.7317771912
150.811286918	1007.87768555	40.7379722595	30.7317771912
150.811286918	1007.87768555	40.7379722595	30.7317771912
150.811286918	1007.87768555	40.7379722595	30.7317771912
150.811286918	1007.87768555	40.7379722595	30.7317771912
150.811286918	1007.87768555	40.7379722595	30.7317771912
150.811286919	1007.87768555	40.7379722595	30.7317771912
150.811286919	1007.87768555	40.7379722595	30.7317771912
150.811286919	1007.87768555	40.7379722595	30.7317771912
150.811286919	1007.87768555	40.7379722595	30.7317771912
150.81128692	1007.87768555	40.7379722595	30.7317771912
150.81128692	1007.87768555	40.7379722595	30.7317771912
150.81128692	1007.87768555	40.7379722595	30.7317771912
150.81128692	1007.87768555	40.7379722595	30.7317771912
150.81128692	1007.87768555	40.7379722595	30.7317771912
150.811286921	1007.87768555	40.7379722595	30.7317771912
150.811286921	1007.88183594	40.7379722595	30.7317771912
150.811286921	1007.88183594	40.7379722595	30.7317771912
150.811286922	1007.88183594	40.7379722595	30.7317771912
150.811286922	1007.88183594	40.7379722595	30.7317771912
150.811286922	1007.88183594	40.7379722595	30.7317771912
150.811286922	1007.88183594	40.7379722595	30.7317771912
150.811286922	1007.88183594	40.7379722595	30.7317771912
150.811286923	1007.88183594	40.7379722595	30.7317771912
150.811286923	1007.88183594	40.7379722595	30.7317771912
150.811286923	1007.88183594	40.7379722595	30.7317771912
150.811286923	1007.88183594	40.7379722595	30.7317771912
150.811286924	1007.88183594	40.7379722595	30.5832767487
150.811286924	1007.88183594	39.0219993591	30.5832767487
150.811286924	1007.88183594	39.0219993591	30.5832767487
150.811286924	1007.88183594	39.0219993591	30.5832767487
150.811286925	1007.88183594	39.0219993591	30.5832767487
150.811286925	1007.88183594	39.0219993591	30.5832767487
150.811286925	1007.88061523	39.0219993591	30.5832767487
150.811286925	1007.88061523	39.0219993591	30.5832767487
150.811286926	1007.88061523	39.0219993591	30.5832767487
150.811286926	1007.88061523	39.0219993591	30.5832767487
150.811286926	1007.88061523	39.0219993591	30.5832767487
150.811286926	1007.88061523	39.0219993591	30.5832767487
150.811286927	1007.88061523	39.0219993591	30.5832767487
150.811286927	1007.88061523	39.0219993591	30.5832767487
150.811286927	1007.88061523	39.0219993591	30.5832767487
150.811286927	1007.88061523	39.0219993591	30.5832767487
150.811286927	1007.88061523	39.0219993591	30.5832767487
150.811286928	1007.88061523	39.0219993591	30.5832767487
150.811286928	1007.88061523	39.0219993591	30.5832767487
150.811286928	1007.88061523	39.0219993591	30.5832767487
150.811286928	1007.88061523	39.0219993591	30.5832767487
150.811286929	1007.88061523	39.0219993591	30.5832767487
150.811286929	1007.88232422	39.0219993591	30.5832767487
150.811286929	1007.88232422	39.0219993591	30.5832767487
150.811286929	1007.88232422	39.0219993591	30.5832767487
150.81128693	1007.88232422	39.0219993591	30.5832767487
150.81128693	1007.88232422	39.0219993591	30.5832767487
150.81128693	1007.88232422	39.0219993591	30.5832767487
150.81128693	1007.88232422	39.0219993591	30.5832767487
150.81128693	1007.88232422	39.0219993591	30.5832767487
150.811286931	1007.88232422	39.0219993591	30.5832767487
150.811286931	1007.88232422	39.0219993591	30.5832767487
150.811286931	1007.88232422	39.0219993591	30.5832767487
150.811286931	1007.88232422	39.0219993591	30.5832767487
150.811286932	1007.88232422	39.0219993591	30.6389656067
150.811286932	1007.88232422	39.5278282166	30.6389656067
150.811286932	1007.88232422	39.5278282166	30.6389656067
150.811286932	1007.88232422	39.5278282166	30.6389656067
150.811286933	1007.88232422	39.5278282166	30.6389656067
150.811286933	1007.88598633	39.5278282166	30.6389656067
150.811286933	1007.88598633	39.5278282166	30.6389656067
150.811286934	1007.88598633	39.5278282166	30.6389656067
150.811286934	1007.88598633	39.5278282166	30.6389656067
150.811286934	1007.88598633	39.5278282166	30.6389656067
150.811286934	1007.88598633	39.5278282166	30.6389656067
150.811286934	1007.88598633	39.5278282166	30.6389656067
150.811286935	1007.88598633	39.5278282166	30.6389656067
150.811286935	1007.88598633	39.5278282166	30.6389656067
150.811286935	1007.88598633	39.5278282166	30.6389656067
150.811286935	1007.88598633	39.5278282166	30.6389656067
150.811286936	1007.88598633	39.5278282166	30.6389656067
150.811286936	1007.88598633	39.5278282166	30.6389656067
150.811286936	1007.88598633	39.5278282166	30.6389656067
150.811286936	1007.88598633	39.5278282166	30.6389656067
150.811286936	1007.88598633	39.5278282166	30.6389656067
150.811286937	1007.88354492	39.5278282166	30.6389656067
150.811286937	1007.88354492	39.5278282166	30.6389656067
150.811286937	1007.88354492	39.5278282166	30.6389656067
150.811286937	1007.88354492	39.5278282166	30.6389656067
150.811286938	1007.88354492	39.5278282166	30.6389656067
150.811286938	1007.88354492	39.5278282166	30.6389656067
150.811286938	1007.88354492	39.5278282166	30.6389656067
150.811286938	1007.88354492	39.5278282166	30.6389656067
150.811286939	1007.88354492	39.5278282166	30.6389656067
150.811286939	1007.88354492	39.5278282166	30.6389656067
150.811286939	1007.88354492	39.5278282166	30.6389656067
150.811286939	1007.88354492	39.5278282166	30.6389656067
150.811286939	1007.88354492	39.5278282166	30.6389656067
150.81128694	1007.88354492	39.5278282166	30.6760902405
150.81128694	1007.88354492	42.2298469543	30.6760902405
150.81128694	1007.88354492	42.2298469543	30.6760902405
150.811286941	1007.88354492	42.2298469543	30.6760902405
150.811286941	1007.88085938	42.2298469543	30.6760902405
150.811286941	1007.88085938	42.2298469543	30.6760902405
150.811286941	1007.88085938	42.2298469543	30.6760902405
150.811286942	1007.88085938	42.2298469543	30.6760902405
150.811286942	1007.88085938	42.2298469543	30.6760902405
150.811286942	1007.88085938	42.2298469543	30.6760902405
150.811286942	1007.88085938	42.2298469543	30.6760902405
150.811286942	1007.88085938	42.2298469543	30.6760902405
150.811286943	1007.88085938	42.2298469543	30.6760902405
150.811286943	1007.88085938	42.2298469543	30.6760902405
150.811286943	1007.88085938	42.2298469543	30.6760902405
150.811286943	1007.88085938	42.2298469543	30.6760902405
150.811286944	1007.88085938	42.2298469543	30.6760902405
150.811286944	1007.88085938	42.2298469543	30.6760902405
150.811286944	1007.88085938	42.2298469543	30.6760902405
150.811286944	1007.88085938	42.2298469543	30.6760902405
150.811286944	1007.87744141	42.2298469543	30.6760902405
150.811286945	1007.87744141	42.2298469543	30.6760902405
150.811286945	1007.87744141	42.2298469543	30.6760902405
150.811286945	1007.87744141	42.2298469543	30.6760902405
150.811286946	1007.87744141	42.2298469543	30.6760902405
150.811286946	1007.87744141	42.2298469543	30.6760902405
150.811286946	1007.87744141	42.2298469543	30.6760902405
150.811286946	1007.87744141	42.2298469543	30.6760902405
150.811286946	1007.87744141	42.2298469543	30.6760902405
150.811286947	1007.87744141	42.2298469543	30.6760902405
150.811286947	1007.87744141	42.2298469543	30.6760902405
150.811286947	1007.87744141	42.2298469543	30.6760902405
150.811286947	1007.87744141	42.2298469543	30.6760902405
150.811286948	1007.87744141	42.2298469543	30.6760902405
150.811286948	1007.87744141	42.2298469543	30.7317771912
150.811286948	1007.87744141	42.7772941589	30.7317771912
150.811286948	1007.87744141	42.7772941589	30.7317771912
150.811286949	1007.8737793	42.7772941589	30.7317771912
150.811286949	1007.8737793	42.7772941589	30.7317771912
150.811286949	1007.8737793	42.7772941589	30.7317771912
150.811286949	1007.8737793	42.7772941589	30.7317771912
150.811287931	1009.29516602	40.0060348511	30.2753620148
150.811287934	1009.29516602	40.0060348511	30.2753620148
150.811287934	1009.29516602	40.0060348511	30.2753620148
150.811287934	1009.29516602	40.0060348511	30.2753620148
150.811287934	1009.29516602	40.0060348511	30.2753620148
150.811287935	1009.29516602	40.0060348511	30.2753620148
150.811287935	1009.29516602	40.0060348511	30.2753620148
150.811287935	1009.29516602	40.0060348511	30.2753620148
150.811287935	1009.29516602	40.0060348511	30.2753620148
150.811287935	1009.29516602	40.0060348511	30.2753620148
150.811287935	1009.29516602	40.0060348511	30.2753620148
150.811287935	1009.29516602	40.0060348511	30.2753620148
150.811287936	1009.29516602	40.0060348511	30.2753620148
150.811287936	1009.29516602	40.0060348511	30.2753620148
150.811287936	1009.29516602	40.0060348511	30.2753620148
150.811287936	1009.29516602	40.0060348511	30.2753620148
150.811287936	1009.29125977	40.0060348511	30.2753620148
150.811287936	1009.29125977	40.0060348511	30.2753620148
150.811287936	1009.29125977	40.0060348511	30.2753620148
150.811287937	1009.29125977	40.0060348511	30.2753620148
150.811287937	1009.29125977	40.0060348511	30.2753620148
150.811287937	1009.29125977	40.0060348511	30.2753620148
150.811287937	1009.29125977	40.0060348511	30.2753620148
150.811287937	1009.29125977	40.0060348511	30.2753620148
150.811287937	1009.29125977	40.0060348511	30.2753620148
150.811287937	1009.29125977	40.0060348511	30.2753620148
150.811287938	1009.29125977	40.0060348511	30.2753620148
150.811287938	1009.29125977	40.0060348511	30.2753620148
150.811287938	1009.29125977	40.0060348511	30.2753620148
150.811287938	1009.29125977	40.0060348511	30.2753620148
150.811287938	1009.29125977	40.0060348511	30.2753620148
150.811287938	1009.29125977	40.0060348511	30.2753620148
150.811287938	1009.29125977	40.0060348511	30.2753620148
150.811287938	1009.29125977	40.0060348511	30.2753620148
150.811287939	1009.29125977	40.0060348511	30.2753620148
150.811287939	1009.29125977	40.0060348511	30.2753620148
150.811287939	1009.29125977	40.0060348511	30.2753620148
150.811287939	1009.29125977	40.0060348511	30.1847839355
150.811287939	1009.29125977	40.0060348511	30.1847839355
150.811287939	1009.29125977	39.7245597839	30.1847839355
150.81128794	1009.29125977	39.7245597839	30.1847839355
150.81128794	1009.29125977	39.7245597839	30.1847839355
150.81128794	1009.29125977	39.7245597839	30.1847839355
150.81128794	1009.29125977	39.7245597839	30.1847839355
150.81128794	1009.29296875	39.7245597839	30.1847839355
150.81128794	1009.29296875	39.7245597839	30.1847839355
150.81128794	1009.29296875	39.7245597839	30.1847839355
150.811287941	1009.29296875	39.7245597839	30.1847839355
150.811287941	1009.29296875	39.7245597839	30.1847839355
150.811287941	1009.29296875	39.7245597839	30.1847839355
150.811287941	1009.29296875	39.7245597839	30.1847839355
150.811287941	1009.29296875	39.7245597839	30.1847839355
150.811287941	1009.29296875	39.7245597839	30.1847839355
150.811287941	1009.29296875	39.7245597839	30.1847839355
150.811287942	1009.29296875	39.7245597839	30.1847839355
150.811287942	1009.29296875	39.7245597839	30.1847839355
150.811287942	1009.29296875	39.7245597839	30.1847839355
150.811287942	1009.29296875	39.7245597839	30.1847839355
150.811287942	1009.29296875	39.7245597839	30.1847839355
150.811287942	1009.29296875	39.7245597839	30.1847839355
150.811287942	1009.29296875	39.7245597839	30.1847839355
150.811287943	1009.29296875	39.7245597839	30.1847839355
150.811287943	1009.29296875	39.7245597839	30.1847839355
150.811287943	1009.29296875	39.7245597839	30.1847839355
150.811287943	1009.29296875	39.7245597839	30.1847839355
150.811287943	1009.29296875	39.7245597839	30.1847839355
150.811287943	1009.29296875	39.7245597839	30.1847839355
150.811287943	1009.29296875	39.7245597839	30.1847839355
150.811287943	1009.29296875	39.7245597839	30.1847839355
150.811287944	1009.29296875	39.7245597839	30.1847839355
150.811287944	1009.29296875	39.7245597839	30.1847839355
150.811287944	1009.29296875	39.7245597839	30.1847839355
150.811287944	1009.29296875	39.7245597839	30.1847839355
150.811287944	1009.29614258	39.7245597839	30.1847839355
150.811287944	1009.29614258	39.7245597839	30.1847839355
150.811287945	1009.29614258	39.7245597839	30.1847839355
150.811287945	1009.29614258	39.7245597839	30.1847839355
150.811287945	1009.29614258	39.7245597839	30.1847839355
150.811287945	1009.29614258	39.7245597839	30.1847839355
150.811287945	1009.29614258	39.7245597839	30.1847839355
150.811287945	1009.29614258	39.7245597839	30.1847839355
150.811287945	1009.29614258	39.7245597839	30.1847839355
150.811287946	1009.29614258	39.7245597839	30.1847839355
150.811287946	1009.29614258	39.7245597839	30.1847839355
150.811287946	1009.29614258	39.7245597839	30.1847839355
150.811287946	1009.29614258	39.7245597839	30.1847839355
150.811287946	1009.29614258	39.7245597839	30.1847839355
150.811287946	1009.29614258	39.7245597839	30.1847839355
150.811287946	1009.29614258	39.7245597839	30.1847839355
150.811287946	1009.29614258	39.7245597839	30.1847839355
150.811287947	1009.29614258	39.7245597839	30.1847839355
150.811287947	1009.29614258	39.7245597839	30.1847839355
150.811287947	1009.29614258	39.7245597839	30.1847839355
150.811287947	1009.29614258	39.7245597839	30.2391319275
150.811287947	1009.29614258	39.7245597839	30.2391319275
150.811287947	1009.29614258	38.2124481201	30.2391319275
150.811287948	1009.29614258	38.2124481201	30.2391319275
150.811287948	1009.29614258	38.2124481201	30.2391319275
150.811287948	1009.29614258	38.2124481201	30.2391319275
150.811287948	1009.29614258	38.2124481201	30.2391319275
150.811287948	1009.29614258	38.2124481201	30.2391319275
150.811287948	1009.29760742	38.2124481201	30.2391319275
150.811287948	1009.29760742	38.2124481201	30.2391319275
150.811287949	1009.29760742	38.2124481201	30.2391319275
150.811287949	1009.29760742	38.2124481201	30.2391319275
150.811287949	1009.29760742	38.2124481201	30.2391319275
150.811287949	1009.29760742	38.2124481201	30.2391319275
150.811287949	1009.29760742	38.2124481201	30.2391319275
150.811287949	1009.29760742	38.2124481201	30.2391319275
150.811287949	1009.29760742	38.2124481201	30.2391319275
150.81128795	1009.29760742	38.2124481201	30.2391319275
150.81128795	1009.29760742	38.2124481201	30.2391319275
150.81128795	1009.29760742	38.2124481201	30.2391319275
150.81128795	1009.29760742	38.2124481201	30.2391319275
150.81128795	1009.29760742	38.2124481201	30.2391319275
150.81128795	1009.29760742	38.2124481201	30.2391319275
150.81128795	1009.29760742	38.2124481201	30.2391319275
150.811287951	1009.29760742	38.2124481201	30.2391319275
150.811287951	1009.29760742	38.2124481201	30.2391319275
150.811287951	1009.29760742	38.2124481201	30.2391319275
150.811287951	1009.29760742	38.2124481201	30.2391319275
150.811287951	1009.29760742	38.2124481201	30.2391319275
150.811287951	1009.29760742	38.2124481201	30.2391319275
150.811287951	1009.29760742	38.2124481201	30.2391319275
150.811287951	1009.29760742	38.2124481201	30.2391319275
150.811287952	1009.29760742	38.2124481201	30.2391319275
150.811287952	1009.29760742	38.2124481201	30.2391319275
150.811287952	1009.29760742	38.2124481201	30.2391319275
150.811287952	1009.29760742	38.2124481201	30.2391319275
150.811287952	1009.29760742	38.2124481201	30.2391319275
150.811287952	1009.30175781	38.2124481201	30.2391319275
150.811287953	1009.30175781	38.2124481201	30.2391319275
150.811287953	1009.30175781	38.2124481201	30.2391319275
150.811287953	1009.30175781	38.2124481201	30.2391319275
150.811287953	1009.30175781	38.2124481201	30.2391319275
150.811287953	1009.30175781	38.2124481201	30.2391319275
150.811287953	1009.30175781	38.2124481201	30.2391319275
150.811287953	1009.30175781	38.2124481201	30.2391319275
150.811287953	1009.30175781	38.2124481201	30.2391319275
150.811287954	1009.30175781	38.2124481201	30.2391319275
150.811287954	1009.30175781	38.2124481201	30.2391319275
150.811287954	1009.30175781	38.2124481201	30.2391319275
150.811287954	1009.30175781	38.2124481201	30.2391319275
150.811287954	1009.30175781	38.2124481201	30.2391319275
150.811287954	1009.30175781	38.2124481201	30.2391319275
150.811287954	1009.30175781	38.2124481201	30.2391319275
150.811287955	1009.30175781	38.2124481201	30.2391319275
150.811287955	1009.30175781	38.2124481201	30.2391319275
150.811287955	1009.30175781	38.2124481201	30.2028999329
150.811287955	1009.30175781	38.2124481201	30.2028999329
150.811287955	1009.30175781	42.4149475098	30.2028999329
150.811287955	1009.30175781	42.4149475098	30.2028999329
150.811287955	1009.30175781	42.4149475098	30.2028999329
150.811287956	1009.30175781	42.4149475098	30.2028999329
150.811287956	1009.30175781	42.4149475098	30.2028999329
150.811287956	1009.30175781	42.4149475098	30.2028999329
150.811287956	1009.30175781	42.4149475098	30.2028999329
150.811287956	1009.30175781	42.4149475098	30.2028999329
150.811287956	1009.30371094	42.4149475098	30.2028999329
150.811287957	1009.30371094	42.4149475098	30.2028999329
150.811287957	1009.30371094	42.4149475098	30.2028999329
150.811287957	1009.30371094	42.4149475098	30.2028999329
150.811287957	1009.30371094	42.4149475098	30.2028999329
150.811287957	1009.30371094	42.4149475098	30.2028999329
150.811287957	1009.30371094	42.4149475098	30.2028999329
150.811287957	1009.30371094	42.4149475098	30.2028999329
150.811287958	1009.30371094	42.4149475098	30.2028999329
150.811287958	1009.30371094	42.4149475098	30.2028999329
150.811287958	1009.30371094	42.4149475098	30.2028999329
150.811287958	1009.30371094	42.4149475098	30.2028999329
150.811287958	1009.30371094	42.4149475098	30.2028999329
150.811287958	1009.30371094	42.4149475098	30.2028999329
150.811287958	1009.30371094	42.4149475098	30.2028999329
150.811287958	1009.30371094	42.4149475098	30.2028999329
150.811287959	1009.30371094	42.4149475098	30.2028999329
150.811287959	1009.30371094	42.4149475098	30.2028999329
150.811287959	1009.30371094	42.4149475098	30.2028999329
150.811287959	1009.30371094	42.4149475098	30.2028999329
150.811287959	1009.30371094	42.4149475098	30.2028999329
150.811287959	1009.30371094	42.4149475098	30.2028999329
150.811287959	1009.30371094	42.4149475098	30.2028999329
150.81128796	1009.30371094	42.4149475098	30.2028999329
150.81128796	1009.30371094	42.4149475098	30.2028999329
150.81128796	1009.30371094	42.4149475098	30.2028999329
150.81128796	1009.30371094	42.4149475098	30.2028999329
150.81128796	1009.30371094	42.4149475098	30.2028999329
150.81128796	1009.30371094	42.4149475098	30.2028999329
150.81128796	1009.30004883	42.4149475098	30.2028999329
150.811287961	1009.30004883	42.4149475098	30.2028999329
150.811287961	1009.30004883	42.4149475098	30.2028999329
150.811287961	1009.30004883	42.4149475098	30.2028999329
150.811287961	1009.30004883	42.4149475098	30.2028999329
150.811287961	1009.30004883	42.4149475098	30.2028999329
150.811287961	1009.30004883	42.4149475098	30.2028999329
150.811287961	1009.30004883	42.4149475098	30.2028999329
150.811287962	1009.30004883	42.4149475098	30.2028999329
150.811287962	1009.30004883	42.4149475098	30.2028999329
150.811287962	1009.30004883	42.4149475098	30.2028999329
150.811287962	1009.30004883	42.4149475098	30.2028999329
150.811287962	1009.30004883	42.4149475098	30.2028999329
150.811287962	1009.30004883	42.4149475098	30.2028999329
150.811287962	1009.30004883	42.4149475098	30.2028999329
150.811287963	1009.30004883	42.4149475098	30.2028999329
150.811287963	1009.30004883	42.4149475098	30.2028999329
150.811287963	1009.30004883	42.4149475098	30.2391319275
150.811287963	1009.30004883	42.4149475098	30.2391319275
150.811287963	1009.30004883	41.9730949402	30.2391319275
150.811287963	1009.30004883	41.9730949402	30.2391319275
150.811287963	1009.30004883	41.9730949402	30.2391319275
150.811287964	1009.30004883	41.9730949402	30.2391319275
150.811287964	1009.30004883	41.9730949402	30.2391319275
150.811287964	1009.30004883	41.9730949402	30.2391319275
150.811287964	1009.30004883	41.9730949402	30.2391319275
150.811287964	1009.30004883	41.9730949402	30.2391319275
150.811287964	1009.30004883	41.9730949402	30.2391319275
150.811287964	1009.29614258	41.9730949402	30.2391319275
150.811287965	1009.29614258	41.9730949402	30.2391319275
150.811287965	1009.29614258	41.9730949402	30.2391319275
150.811287965	1009.29614258	41.9730949402	30.2391319275
150.811287965	1009.29614258	41.9730949402	30.2391319275
150.811287965	1009.29614258	41.9730949402	30.2391319275
150.811287965	1009.29614258	41.9730949402	30.2391319275
150.811287965	1009.29614258	41.9730949402	30.2391319275
150.811287966	1009.29614258	41.9730949402	30.2391319275
150.811287966	1009.29614258	41.9730949402	30.2391319275
150.811287966	1009.29614258	41.9730949402	30.2391319275
150.811287966	1009.29614258	41.9730949402	30.2391319275
150.811287966	1009.29614258	41.9730949402	30.2391319275
150.811287966	1009.29614258	41.9730949402	30.2391319275
150.811287966	1009.29614258	41.9730949402	30.2391319275
150.811287967	1009.29614258	41.9730949402	30.2391319275
150.811287967	1009.29614258	41.9730949402	30.2391319275
150.811287967	1009.29614258	41.9730949402	30.2391319275
150.811287967	1009.29614258	41.9730949402	30.2391319275
150.811287967	1009.29614258	41.9730949402	30.2391319275
150.811287967	1009.29614258	41.9730949402	30.2391319275
150.811287967	1009.29614258	41.9730949402	30.2391319275
150.811287968	1009.29614258	41.9730949402	30.2391319275
150.811287968	1009.29614258	41.9730949402	30.2391319275
150.811287968	1009.29614258	41.9730949402	30.2391319275
150.811287968	1009.29614258	41.9730949402	30.2391319275
150.811287968	1009.29614258	41.9730949402	30.2391319275
150.811287968	1009.29614258	41.9730949402	30.2391319275
150.811287968	1009.29614258	41.9730949402	30.2391319275
150.811287968	1009.29711914	41.9730949402	30.2391319275
150.811287969	1009.29711914	41.9730949402	30.2391319275
150.811287969	1009.29711914	41.9730949402	30.2391319275
150.811287969	1009.29711914	41.9730949402	30.2391319275
150.811287969	1009.29711914	41.9730949402	30.2391319275
150.811287969	1009.29711914	41.9730949402	30.2391319275
150.811287969	1009.29711914	41.9730949402	30.2391319275
150.81128797	1009.29711914	41.9730949402	30.2391319275
150.81128797	1009.29711914	41.9730949402	30.2391319275
150.81128797	1009.29711914	41.9730949402	30.2391319275
150.81128797	1009.29711914	41.9730949402	30.2391319275
150.81128797	1009.29711914	41.9730949402	30.2391319275
150.81128797	1009.29711914	41.9730949402	30.2391319275
150.81128797	1009.29711914	41.9730949402	30.2391319275
150.811287971	1009.29711914	41.9730949402	30.2391319275
150.811287971	1009.29711914	41.9730949402	30.2934780121
150.811287971	1009.29711914	41.9730949402	30.2934780121
150.811287971	1009.29711914	40.7228164673	30.2934780121
150.811287971	1009.29711914	40.7228164673	30.2934780121
150.811287971	1009.29711914	40.7228164673	30.2934780121
150.811287971	1009.29711914	40.7228164673	30.2934780121
150.811287972	1009.29711914	40.7228164673	30.2934780121
150.811287972	1009.29711914	40.7228164673	30.2934780121
150.811287972	1009.29711914	40.7228164673	30.2934780121
150.811287972	1009.29711914	40.7228164673	30.2934780121
150.811287972	1009.29711914	40.7228164673	30.2934780121
150.811287972	1009.29711914	40.7228164673	30.2934780121
150.811287972	1009.29711914	40.7228164673	30.2934780121
150.811287973	1009.30175781	40.7228164673	30.2934780121
150.811287973	1009.30175781	40.7228164673	30.2934780121
150.811287973	1009.30175781	40.7228164673	30.2934780121
150.811287973	1009.30175781	40.7228164673	30.2934780121
150.811287973	1009.30175781	40.7228164673	30.2934780121
150.811287973	1009.30175781	40.7228164673	30.2934780121
150.811287973	1009.30175781	40.7228164673	30.2934780121
150.811287974	1009.30175781	40.7228164673	30.2934780121
150.811287974	1009.30175781	40.7228164673	30.2934780121
150.811287974	1009.30175781	40.7228164673	30.2934780121
150.811287974	1009.30175781	40.7228164673	30.2934780121
150.811287974	1009.30175781	40.7228164673	30.2934780121
150.811287974	1009.30175781	40.7228164673	30.2934780121
150.811287974	1009.30175781	40.7228164673	30.2934780121
150.811287975	1009.30175781	40.7228164673	30.2934780121
150.811287975	1009.30175781	40.7228164673	30.2934780121
150.811287975	1009.30175781	40.7228164673	30.2934780121
150.811287975	1009.30175781	40.7228164673	30.2934780121
150.811287975	1009.30175781	40.7228164673	30.2934780121
150.811287975	1009.30175781	40.7228164673	30.2934780121
150.811287975	1009.30175781	40.7228164673	30.2934780121
150.811287975	1009.30175781	40.7228164673	30.2934780121
150.811287976	1009.30175781	40.7228164673	30.2934780121
150.811287976	1009.30175781	40.7228164673	30.2934780121
150.811287976	1009.30175781	40.7228164673	30.2934780121
150.811287976	1009.30175781	40.7228164673	30.2934780121
150.811287976	1009.30175781	40.7228164673	30.2934780121
150.811287976	1009.30175781	40.7228164673	30.2934780121
150.811287976	1009.30175781	40.7228164673	30.2934780121
150.811287977	1009.29858398	40.7228164673	30.2934780121
150.811287977	1009.29858398	40.7228164673	30.2934780121
150.811287977	1009.29858398	40.7228164673	30.2934780121
150.811287977	1009.29858398	40.7228164673	30.2934780121
150.811287977	1009.29858398	40.7228164673	30.2934780121
150.811287977	1009.29858398	40.7228164673	30.2934780121
150.811287978	1009.29858398	40.7228164673	30.2934780121
150.811287978	1009.29858398	40.7228164673	30.2934780121
150.811287978	1009.29858398	40.7228164673	30.2934780121
150.811287978	1009.29858398	40.7228164673	30.2934780121
150.811287978	1009.29858398	40.7228164673	30.2934780121
150.811287978	1009.29858398	40.7228164673	30.2934780121
150.811287978	1009.29858398	40.7228164673	30.2934780121
150.811287978	1009.29858398	40.7228164673	30.2934780121
150.811287979	1009.29858398	40.7228164673	30.3840579987
150.811287979	1009.29858398	40.7228164673	30.3840579987
150.811287979	1009.29858398	40.8340988159	30.3840579987
150.811287979	1009.29858398	40.8340988159	30.3840579987
150.811287979	1009.29858398	40.8340988159	30.3840579987
150.811287979	1009.29858398	40.8340988159	30.3840579987
150.81128798	1009.29858398	40.8340988159	30.3840579987
150.81128798	1009.29858398	40.8340988159	30.3840579987
150.81128798	1009.29858398	40.8340988159	30.3840579987
150.81128798	1009.29858398	40.8340988159	30.3840579987
150.81128798	1009.29858398	40.8340988159	30.3840579987
150.81128798	1009.29858398	40.8340988159	30.3840579987
150.81128798	1009.29858398	40.8340988159	30.3840579987
150.811287981	1009.29858398	40.8340988159	30.3840579987
150.811287981	1009.29760742	40.8340988159	30.3840579987
150.811287981	1009.29760742	40.8340988159	30.3840579987
150.811287981	1009.29760742	40.8340988159	30.3840579987
150.811287981	1009.29760742	40.8340988159	30.3840579987
150.811287981	1009.29760742	40.8340988159	30.3840579987
150.811287981	1009.29760742	40.8340988159	30.3840579987
150.811287982	1009.29760742	40.8340988159	30.3840579987
150.811287982	1009.29760742	40.8340988159	30.3840579987
150.811287982	1009.29760742	40.8340988159	30.3840579987
150.811287982	1009.29760742	40.8340988159	30.3840579987
150.811287982	1009.29760742	40.8340988159	30.3840579987
150.811287982	1009.29760742	40.8340988159	30.3840579987
150.811287982	1009.29760742	40.8340988159	30.3840579987
150.811287983	1009.29760742	40.8340988159	30.3840579987
150.811287983	1009.29760742	40.8340988159	30.3840579987
150.811287983	1009.29760742	40.8340988159	30.3840579987
150.811287983	1009.29760742	40.8340988159	30.3840579987
150.811287983	1009.29760742	40.8340988159	30.3840579987
150.811287983	1009.29760742	40.8340988159	30.3840579987
150.811287983	1009.29760742	40.8340988159	30.3840579987
150.811287983	1009.29760742	40.8340988159	30.3840579987
150.811287984	1009.29760742	40.8340988159	30.3840579987
150.811287984	1009.29760742	40.8340988159	30.3840579987
150.811287984	1009.29760742	40.8340988159	30.3840579987
150.811287984	1009.29760742	40.8340988159	30.3840579987
150.811287984	1009.29760742	40.8340988159	30.3840579987
150.811287984	1009.29760742	40.8340988159	30.3840579987
150.811287984	1009.29760742	40.8340988159	30.3840579987
150.811287985	1009.29760742	40.8340988159	30.3840579987
150.811287985	1009.29443359	40.8340988159	30.3840579987
150.811287985	1009.29443359	40.8340988159	30.3840579987
150.811287985	1009.29443359	40.8340988159	30.3840579987
150.811287985	1009.29443359	40.8340988159	30.3840579987
150.811287985	1009.29443359	40.8340988159	30.3840579987
150.811287986	1009.29443359	40.8340988159	30.3840579987
150.811287986	1009.29443359	40.8340988159	30.3840579987
150.811287986	1009.29443359	40.8340988159	30.3840579987
150.811287986	1009.29443359	40.8340988159	30.3840579987
150.811287986	1009.29443359	40.8340988159	30.3840579987
150.811287986	1009.29443359	40.8340988159	30.3840579987
150.811287986	1009.29443359	40.8340988159	30.3840579987
150.811287986	1009.29443359	40.8340988159	30.2572460175
150.811287987	1009.29443359	40.8340988159	30.2572460175
150.811287987	1009.29443359	39.9405784607	30.2572460175
150.811287987	1009.29443359	39.9405784607	30.2572460175
150.811287987	1009.29443359	39.9405784607	30.2572460175
150.811287987	1009.29443359	39.9405784607	30.2572460175
150.811287987	1009.29443359	39.9405784607	30.2572460175
150.811287988	1009.29443359	39.9405784607	30.2572460175
150.811287988	1009.29443359	39.9405784607	30.2572460175
150.811287988	1009.29443359	39.9405784607	30.2572460175
150.811287988	1009.29443359	39.9405784607	30.2572460175
150.811287988	1009.29443359	39.9405784607	30.2572460175
150.811287988	1009.29443359	39.9405784607	30.2572460175
150.811287988	1009.29443359	39.9405784607	30.2572460175
150.811287988	1009.29443359	39.9405784607	30.2572460175
150.811287989	1009.29443359	39.9405784607	30.2572460175
150.811287989	1009.29760742	39.9405784607	30.2572460175
150.811287989	1009.29760742	39.9405784607	30.2572460175
150.811287989	1009.29760742	39.9405784607	30.2572460175
150.811287989	1009.29760742	39.9405784607	30.2572460175
150.811287989	1009.29760742	39.9405784607	30.2572460175
150.81128799	1009.29760742	39.9405784607	30.2572460175
150.81128799	1009.29760742	39.9405784607	30.2572460175
150.81128799	1009.29760742	39.9405784607	30.2572460175
150.81128799	1009.29760742	39.9405784607	30.2572460175
150.81128799	1009.29760742	39.9405784607	30.2572460175
150.81128799	1009.29760742	39.9405784607	30.2572460175
150.81128799	1009.29760742	39.9405784607	30.2572460175
150.81128799	1009.29760742	39.9405784607	30.2572460175
150.811287991	1009.29760742	39.9405784607	30.2572460175
150.811287991	1009.29760742	39.9405784607	30.2572460175
150.811287991	1009.29760742	39.9405784607	30.2572460175
150.811287991	1009.29760742	39.9405784607	30.2572460175
150.811287991	1009.29760742	39.9405784607	30.2572460175
150.811287991	1009.29760742	39.9405784607	30.2572460175
150.811287991	1009.29760742	39.9405784607	30.2572460175
150.811287992	1009.29760742	39.9405784607	30.2572460175
150.811287992	1009.29760742	39.9405784607	30.2572460175
150.811287992	1009.29760742	39.9405784607	30.2572460175
150.811287992	1009.29760742	39.9405784607	30.2572460175
150.811287992	1009.29760742	39.9405784607	30.2572460175
150.811287992	1009.29760742	39.9405784607	30.2572460175
150.811287992	1009.29760742	39.9405784607	30.2572460175
150.811287993	1009.29760742	39.9405784607	30.2572460175
150.811287993	1009.29760742	39.9405784607	30.2572460175
150.811287993	1009.29980469	39.9405784607	30.2572460175
150.811287993	1009.29980469	39.9405784607	30.2572460175
150.811287993	1009.29980469	39.9405784607	30.2572460175
150.811287993	1009.29980469	39.9405784607	30.2572460175
150.811287993	1009.29980469	39.9405784607	30.2572460175
150.811287994	1009.29980469	39.9405784607	30.2572460175
150.811287994	1009.29980469	39.9405784607	30.2572460175
150.811287994	1009.29980469	39.9405784607	30.2572460175
150.811287994	1009.29980469	39.9405784607	30.2572460175
150.811287994	1009.29980469	39.9405784607	30.2572460175
150.811287994	1009.29980469	39.9405784607	30.2572460175
150.811287994	1009.29980469	39.9405784607	30.2028999329
150.811287995	1009.29980469	39.9405784607	30.2028999329
150.811287995	1009.29980469	40.2646026611	30.2028999329
150.811287995	1009.29980469	40.2646026611	30.2028999329
150.811287995	1009.29980469	40.2646026611	30.2028999329
150.811287995	1009.29980469	40.2646026611	30.2028999329
150.811287995	1009.29980469	40.2646026611	30.2028999329
150.811287995	1009.29980469	40.2646026611	30.2028999329
150.811287996	1009.29980469	40.2646026611	30.2028999329
150.811287996	1009.29980469	40.2646026611	30.2028999329
150.811287996	1009.29980469	40.2646026611	30.2028999329
150.811287996	1009.29980469	40.2646026611	30.2028999329
150.811287996	1009.29980469	40.2646026611	30.2028999329
150.811287996	1009.29980469	40.2646026611	30.2028999329
150.811287996	1009.29980469	40.2646026611	30.2028999329
150.811287997	1009.29980469	40.2646026611	30.2028999329
150.811287997	1009.29980469	40.2646026611	30.2028999329
150.811287997	1009.30273438	40.2646026611	30.2028999329
150.811287997	1009.30273438	40.2646026611	30.2028999329
150.811287997	1009.30273438	40.2646026611	30.2028999329
150.811287997	1009.30273438	40.2646026611	30.2028999329
150.811287998	1009.30273438	40.2646026611	30.2028999329
150.811287998	1009.30273438	40.2646026611	30.2028999329
150.811287998	1009.30273438	40.2646026611	30.2028999329
150.811287998	1009.30273438	40.2646026611	30.2028999329
150.811287998	1009.30273438	40.2646026611	30.2028999329
150.811287998	1009.30273438	40.2646026611	30.2028999329
150.811287999	1009.30273438	40.2646026611	30.2028999329
150.811287999	1009.30273438	40.2646026611	30.2028999329
150.811287999	1009.30273438	40.2646026611	30.2028999329
150.811287999	1009.30273438	40.2646026611	30.2028999329
150.811288	1009.30273438	40.2646026611	30.2028999329
150.811288	1009.30273438	40.2646026611	30.2028999329
150.811288	1009.30273438	40.2646026611	30.2028999329
150.811288	1009.30273438	40.2646026611	30.2028999329
150.811288	1009.30273438	40.2646026611	30.2028999329
150.811288001	1009.30273438	40.2646026611	30.2028999329
150.811288001	1009.30444336	40.2646026611	30.2028999329
150.811288001	1009.30444336	40.2646026611	30.2028999329
150.811288002	1009.30444336	40.2646026611	30.2028999329
150.811288002	1009.30444336	40.2646026611	30.2028999329
150.811288002	1009.30444336	40.2646026611	30.2028999329
150.811288002	1009.30444336	40.2646026611	30.3115940094
150.811288003	1009.30444336	40.2646026611	30.3115940094
150.811288003	1009.30444336	39.5936431885	30.3115940094
150.811288003	1009.30444336	39.5936431885	30.3115940094
150.811288003	1009.30444336	39.5936431885	30.3115940094
150.811288003	1009.30444336	39.5936431885	30.3115940094
150.811288004	1009.30444336	39.5936431885	30.3115940094
150.811288004	1009.30444336	39.5936431885	30.3115940094
150.811288004	1009.30444336	39.5936431885	30.3115940094
150.811288004	1009.30444336	39.5936431885	30.3115940094
150.811288005	1009.30444336	39.5936431885	30.3115940094
150.811288005	1009.30249023	39.5936431885	30.3115940094
150.811288005	1009.30249023	39.5936431885	30.3115940094
150.811288005	1009.30249023	39.5936431885	30.3115940094
150.811288006	1009.30249023	39.5936431885	30.3115940094
150.811288006	1009.30249023	39.5936431885	30.3115940094
150.811288006	1009.30249023	39.5936431885	30.3115940094
150.811288006	1009.30249023	39.5936431885	30.3115940094
150.811288007	1009.30249023	39.5936431885	30.3115940094
150.811288007	1009.30249023	39.5936431885	30.3115940094
150.811288007	1009.30249023	39.5936431885	30.3115940094
150.811288007	1009.30249023	39.5936431885	30.3115940094
150.811288007	1009.30249023	39.5936431885	30.3115940094
150.811288008	1009.30249023	39.5936431885	30.3115940094
150.811288008	1009.30249023	39.5936431885	30.3115940094
150.811288008	1009.30249023	39.5936431885	30.3115940094
150.811288008	1009.30249023	39.5936431885	30.3115940094
150.811288009	1009.30249023	39.5936431885	30.3115940094
150.811288009	1009.30249023	39.5936431885	30.3115940094
150.811288009	1009.30786133	39.5936431885	30.3115940094
150.811288009	1009.30786133	39.5936431885	30.3115940094
150.81128801	1009.30786133	39.5936431885	30.3115940094
150.81128801	1009.30786133	39.5936431885	30.3115940094
150.81128801	1009.30786133	39.5936431885	30.3115940094
150.81128801	1009.30786133	39.5936431885	30.1485519409
150.811288011	1009.30786133	40.9846572876	30.1485519409
150.811288011	1009.30786133	40.9846572876	30.1485519409
150.811288011	1009.30786133	40.9846572876	30.1485519409
150.811288011	1009.30786133	40.9846572876	30.1485519409
150.811288012	1009.30786133	40.9846572876	30.1485519409
150.811288012	1009.30786133	40.9846572876	30.1485519409
150.811288012	1009.30786133	40.9846572876	30.1485519409
150.811288012	1009.30786133	40.9846572876	30.1485519409
150.811288012	1009.30786133	40.9846572876	30.1485519409
150.811288013	1009.30786133	40.9846572876	30.1485519409
150.811288013	1009.30395508	40.9846572876	30.1485519409
150.811288013	1009.30395508	40.9846572876	30.1485519409
150.811288014	1009.30395508	40.9846572876	30.1485519409
150.811288014	1009.30395508	40.9846572876	30.1485519409
150.811288014	1009.30395508	40.9846572876	30.1485519409
150.811288014	1009.30395508	40.9846572876	30.1485519409
150.811288014	1009.30395508	40.9846572876	30.1485519409
150.811288015	1009.30395508	40.9846572876	30.1485519409
150.811288015	1009.30395508	40.9846572876	30.1485519409
150.811288015	1009.30395508	40.9846572876	30.1485519409
150.811288015	1009.30395508	40.9846572876	30.1485519409
150.811288016	1009.30395508	40.9846572876	30.1485519409
150.811288016	1009.30395508	40.9846572876	30.1485519409
150.811288016	1009.30395508	40.9846572876	30.1485519409
150.811288016	1009.30395508	40.9846572876	30.1485519409
150.811288016	1009.30395508	40.9846572876	30.1485519409
150.811288017	1009.30395508	40.9846572876	30.1485519409
150.811288017	1009.30395508	40.9846572876	30.1485519409
150.811288017	1009.30761719	40.9846572876	30.1485519409
150.811288018	1009.30761719	40.9846572876	30.1485519409
150.811288018	1009.30761719	40.9846572876	30.1485519409
150.811288018	1009.30761719	40.9846572876	30.1485519409
150.811288018	1009.30761719	40.9846572876	30.2210159302
150.811288019	1009.30761719	40.2056884766	30.2210159302
150.811288019	1009.30761719	40.2056884766	30.2210159302
150.811288019	1009.30761719	40.2056884766	30.2210159302
150.811288019	1009.30761719	40.2056884766	30.2210159302
150.811288019	1009.30761719	40.2056884766	30.2210159302
150.81128802	1009.30761719	40.2056884766	30.2210159302
150.81128802	1009.30761719	40.2056884766	30.2210159302
150.81128802	1009.30761719	40.2056884766	30.2210159302
150.81128802	1009.30761719	40.2056884766	30.2210159302
150.811288021	1009.30761719	40.2056884766	30.2210159302
150.811288021	1009.30761719	40.2056884766	30.2210159302
150.811288021	1009.30566406	40.2056884766	30.2210159302
150.811288021	1009.30566406	40.2056884766	30.2210159302
150.811288022	1009.30566406	40.2056884766	30.2210159302
150.811288022	1009.30566406	40.2056884766	30.2210159302
150.811288022	1009.30566406	40.2056884766	30.2210159302
150.811288022	1009.30566406	40.2056884766	30.2210159302
150.811288023	1009.30566406	40.2056884766	30.2210159302
150.811288023	1009.30566406	40.2056884766	30.2210159302
150.811288023	1009.30566406	40.2056884766	30.2210159302
150.811288023	1009.30566406	40.2056884766	30.2210159302
150.811288023	1009.30566406	40.2056884766	30.2210159302
150.811288024	1009.30566406	40.2056884766	30.2210159302
150.811288024	1009.30566406	40.2056884766	30.2210159302
150.811288024	1009.30566406	40.2056884766	30.2210159302
150.811288024	1009.30566406	40.2056884766	30.2210159302
150.811288025	1009.30566406	40.2056884766	30.2210159302
150.811288025	1009.30566406	40.2056884766	30.2210159302
150.811288025	1009.30566406	40.2056884766	30.2210159302
150.811288025	1009.29882812	40.2056884766	30.2210159302
150.811288026	1009.29882812	40.2056884766	30.2210159302
150.811288026	1009.29882812	40.2056884766	30.2210159302
150.811288026	1009.29882812	40.2056884766	30.3659420013
150.811288026	1009.29882812	41.5508804321	30.3659420013
150.811288027	1009.29882812	41.5508804321	30.3659420013
150.811288027	1009.29882812	41.5508804321	30.3659420013
150.811288027	1009.29882812	41.5508804321	30.3659420013
150.811288027	1009.29882812	41.5508804321	30.3659420013
150.811288028	1009.29882812	41.5508804321	30.3659420013
150.811288028	1009.29882812	41.5508804321	30.3659420013
150.811288028	1009.29882812	41.5508804321	30.3659420013
150.811288028	1009.29882812	41.5508804321	30.3659420013
150.811288028	1009.29882812	41.5508804321	30.3659420013
150.811288029	1009.29882812	41.5508804321	30.3659420013
150.811288029	1009.29882812	41.5508804321	30.3659420013
150.811288029	1009.29394531	41.5508804321	30.3659420013
150.81128803	1009.29394531	41.5508804321	30.3659420013
150.81128803	1009.29394531	41.5508804321	30.3659420013
150.81128803	1009.29394531	41.5508804321	30.3659420013
150.81128803	1009.29394531	41.5508804321	30.3659420013
150.81128803	1009.29394531	41.5508804321	30.3659420013
150.811288031	1009.29394531	41.5508804321	30.3659420013
150.811288031	1009.29394531	41.5508804321	30.3659420013
150.811288031	1009.29394531	41.5508804321	30.3659420013
150.811288031	1009.29394531	41.5508804321	30.3659420013
150.811288032	1009.29394531	41.5508804321	30.3659420013
150.811288032	1009.29394531	41.5508804321	30.3659420013
150.811288032	1009.29394531	41.5508804321	30.3659420013
150.811288032	1009.29394531	41.5508804321	30.3659420013
150.811288032	1009.29394531	41.5508804321	30.3659420013
150.811288033	1009.29394531	41.5508804321	30.3659420013
150.811288033	1009.29394531	41.5508804321	30.3659420013
150.811288033	1009.29394531	41.5508804321	30.3659420013
150.811288033	1009.29248047	41.5508804321	30.3659420013
150.811288034	1009.29248047	41.5508804321	30.3659420013
150.811288034	1009.29248047	41.5508804321	30.3659420013
150.811288034	1009.29248047	37.5316696167	30.3659420013
150.811288035	1009.29248047	37.5316696167	30.3659420013
150.811288035	1009.29248047	37.5316696167	30.3659420013
150.811288035	1009.29248047	37.5316696167	30.3659420013
150.811288035	1009.29248047	37.5316696167	30.3659420013
150.811288036	1009.29248047	37.5316696167	30.3659420013
150.811288036	1009.29248047	37.5316696167	30.3659420013
150.811288036	1009.29248047	37.5316696167	30.3659420013
150.811288036	1009.29248047	37.5316696167	30.3659420013
150.811288036	1009.29248047	37.5316696167	30.3659420013
150.811288037	1009.29248047	37.5316696167	30.3659420013
150.811288037	1009.29248047	37.5316696167	30.3659420013
150.811288037	1009.29248047	37.5316696167	30.3659420013
150.811288037	1009.29199219	37.5316696167	30.3659420013
150.811288038	1009.29199219	37.5316696167	30.3659420013
150.811288038	1009.29199219	37.5316696167	30.3659420013
150.811288038	1009.29199219	37.5316696167	30.3659420013
150.811288038	1009.29199219	37.5316696167	30.3659420013
150.811288039	1009.29199219	37.5316696167	30.3659420013
150.811288039	1009.29199219	37.5316696167	30.3659420013
150.811288039	1009.29199219	37.5316696167	30.3659420013
150.811288039	1009.29199219	37.5316696167	30.3659420013
150.811288039	1009.29199219	37.5316696167	30.3659420013
150.81128804	1009.29199219	37.5316696167	30.3659420013
150.81128804	1009.29199219	37.5316696167	30.3659420013
150.81128804	1009.29199219	37.5316696167	30.3659420013
150.81128804	1009.29199219	37.5316696167	30.3659420013
150.811288041	1009.29199219	37.5316696167	30.3659420013
150.811288041	1009.29199219	37.5316696167	30.3659420013
150.811288041	1009.29199219	37.5316696167	30.3659420013
150.811288041	1009.29199219	37.5316696167	30.3659420013
150.811288042	1009.29248047	37.5316696167	30.3659420013
150.811288042	1009.29248047	37.5316696167	30.3297100067
150.811288042	1009.29248047	40.4642524719	30.3297100067
150.811288042	1009.29248047	40.4642524719	30.3297100067
150.811288043	1009.29248047	40.4642524719	30.3297100067
150.811288043	1009.29248047	40.4642524719	30.3297100067
150.811288043	1009.29248047	40.4642524719	30.3297100067
150.811288043	1009.29248047	40.4642524719	30.3297100067
150.811288044	1009.29248047	40.4642524719	30.3297100067
150.811288044	1009.29248047	40.4642524719	30.3297100067
150.811288044	1009.29248047	40.4642524719	30.3297100067
150.811288044	1009.29248047	40.4642524719	30.3297100067
150.811288045	1009.29248047	40.4642524719	30.3297100067
150.811288045	1009.29248047	40.4642524719	30.3297100067
150.811288045	1009.29248047	40.4642524719	30.3297100067
150.811288045	1009.29248047	40.4642524719	30.3297100067
150.811288045	1009.29101562	40.4642524719	30.3297100067
150.811288046	1009.29101562	40.4642524719	30.3297100067
150.811288046	1009.29101562	40.4642524719	30.3297100067
150.811288046	1009.29101562	40.4642524719	30.3297100067
150.811288046	1009.29101562	40.4642524719	30.3297100067
150.811288047	1009.29101562	40.4642524719	30.3297100067
150.811288047	1009.29101562	40.4642524719	30.3297100067
150.811288047	1009.29101562	40.4642524719	30.3297100067
150.811288047	1009.29101562	40.4642524719	30.3297100067
150.811288048	1009.29101562	40.4642524719	30.3297100067
150.811288048	1009.29101562	40.4642524719	30.3297100067
150.811288048	1009.29101562	40.4642524719	30.3297100067
150.811288048	1009.29101562	40.4642524719	30.3297100067
150.811288048	1009.29101562	40.4642524719	30.3297100067
150.811288049	1009.29101562	40.4642524719	30.3297100067
150.811288049	1009.29101562	40.4642524719	30.3297100067
150.811288049	1009.29101562	40.4642524719	30.3297100067
150.811288049	1009.29223633	40.4642524719	30.3297100067
150.81128805	1009.29223633	40.4642524719	30.2934780121
150.81128805	1009.29223633	36.6970596313	30.2934780121
150.81128805	1009.29223633	36.6970596313	30.2934780121
150.811288051	1009.29223633	36.6970596313	30.2934780121
150.811288051	1009.29223633	36.6970596313	30.2934780121
150.811288051	1009.29223633	36.6970596313	30.2934780121
150.811288051	1009.29223633	36.6970596313	30.2934780121
150.811288051	1009.29223633	36.6970596313	30.2934780121
150.811288052	1009.29223633	36.6970596313	30.2934780121
150.811288052	1009.29223633	36.6970596313	30.2934780121
150.811288052	1009.29223633	36.6970596313	30.2934780121
150.811288052	1009.29223633	36.6970596313	30.2934780121
150.811288053	1009.29223633	36.6970596313	30.2934780121
150.811288053	1009.29223633	36.6970596313	30.2934780121
150.811288053	1009.29223633	36.6970596313	30.2934780121
150.811288053	1009.29223633	36.6970596313	30.2934780121
150.811288053	1009.29272461	36.6970596313	30.2934780121
150.811288054	1009.29272461	36.6970596313	30.2934780121
150.811288054	1009.29272461	36.6970596313	30.2934780121
150.811288054	1009.29272461	36.6970596313	30.2934780121
150.811288055	1009.29272461	36.6970596313	30.2934780121
150.811288055	1009.29272461	36.6970596313	30.2934780121
150.811288055	1009.29272461	36.6970596313	30.2934780121
150.811288055	1009.29272461	36.6970596313	30.2934780121
150.811288055	1009.29272461	36.6970596313	30.2934780121
150.811288056	1009.29272461	36.6970596313	30.2934780121
150.811288056	1009.29272461	36.6970596313	30.2934780121
150.811288056	1009.29272461	36.6970596313	30.2934780121
150.811288056	1009.29272461	36.6970596313	30.2934780121
150.811288057	1009.29272461	36.6970596313	30.2934780121
150.811288057	1009.29272461	36.6970596313	30.2934780121
150.811288057	1009.29272461	36.6970596313	30.2934780121
150.811288057	1009.29272461	36.6970596313	30.2934780121
150.811288057	1009.29125977	36.6970596313	30.3297100067
150.811288058	1009.29125977	37.9309692383	30.3297100067
150.811288058	1009.29125977	37.9309692383	30.3297100067
150.811288058	1009.29125977	37.9309692383	30.3297100067
150.811288059	1009.29125977	37.9309692383	30.3297100067
150.811288059	1009.29125977	37.9309692383	30.3297100067
150.811288059	1009.29125977	37.9309692383	30.3297100067
150.811288059	1009.29125977	37.9309692383	30.3297100067
150.81128806	1009.29125977	37.9309692383	30.3297100067
150.81128806	1009.29125977	37.9309692383	30.3297100067
150.81128806	1009.29125977	37.9309692383	30.3297100067
150.81128806	1009.29125977	37.9309692383	30.3297100067
150.81128806	1009.29125977	37.9309692383	30.3297100067
150.811288061	1009.29125977	37.9309692383	30.3297100067
150.811288061	1009.29125977	37.9309692383	30.3297100067
150.811288061	1009.29125977	37.9309692383	30.3297100067
150.811288061	1009.29125977	37.9309692383	30.3297100067
150.811288062	1009.29492188	37.9309692383	30.3297100067
150.811288062	1009.29492188	37.9309692383	30.3297100067
150.811288062	1009.29492188	37.9309692383	30.3297100067
150.811288062	1009.29492188	37.9309692383	30.3297100067
150.811288063	1009.29492188	37.9309692383	30.3297100067
150.811288063	1009.29492188	37.9309692383	30.3297100067
150.811288063	1009.29492188	37.9309692383	30.3297100067
150.811288063	1009.29492188	37.9309692383	30.3297100067
150.811288064	1009.29492188	37.9309692383	30.3297100067
150.811288064	1009.29492188	37.9309692383	30.3297100067
150.811288064	1009.29492188	37.9309692383	30.3297100067
150.811288064	1009.29492188	37.9309692383	30.3297100067
150.811288064	1009.29492188	37.9309692383	30.3297100067
150.811288065	1009.29492188	37.9309692383	30.3297100067
150.811288065	1009.29492188	37.9309692383	30.3297100067
150.811288065	1009.29492188	37.9309692383	30.3297100067
150.811288065	1009.29492188	37.9309692383	30.3297100067
150.811288066	1009.29589844	37.9309692383	30.2753620148
150.811288066	1009.29589844	42.3494873047	30.2753620148
150.811288066	1009.29589844	42.3494873047	30.2753620148
150.811288067	1009.29589844	42.3494873047	30.2753620148
150.811288067	1009.29589844	42.3494873047	30.2753620148
150.811288067	1009.29589844	42.3494873047	30.2753620148
150.811288067	1009.29589844	42.3494873047	30.2753620148
150.811288067	1009.29589844	42.3494873047	30.2753620148
150.811288068	1009.29589844	42.3494873047	30.2753620148
150.811288068	1009.29589844	42.3494873047	30.2753620148
150.811288068	1009.29589844	42.3494873047	30.2753620148
150.811288068	1009.29589844	42.3494873047	30.2753620148
150.811288069	1009.29589844	42.3494873047	30.2753620148
150.811288069	1009.29589844	42.3494873047	30.2753620148
150.811288069	1009.29589844	42.3494873047	30.2753620148
150.811288069	1009.29589844	42.3494873047	30.2753620148
