0.878125591661	1500
time	pressure	humidity	temperature
150.811287009	1008.2722168	40.181968689	30.8310451508
150.81128701	1008.27758789	40.181968689	30.8310451508
150.811287011	1008.27758789	40.181968689	30.8310451508
150.811287011	1008.27758789	40.181968689	30.8310451508
150.811287011	1008.27758789	40.181968689	30.8310451508
150.811287011	1008.27758789	40.181968689	30.8310451508
150.811287012	1008.27758789	40.181968689	30.8310451508
150.811287012	1008.27758789	40.181968689	30.8310451508
150.811287012	1008.27758789	40.181968689	30.8310451508
150.811287012	1008.27758789	40.181968689	30.8310451508
150.811287013	1008.27758789	40.181968689	30.8310451508
150.811287013	1008.27758789	40.181968689	30.8310451508
150.811287013	1008.27758789	40.181968689	30.8310451508
150.811287013	1008.27758789	40.181968689	30.8310451508
150.811287013	1008.27758789	40.181968689	30.8310451508
150.811287014	1008.27758789	40.181968689	30.8310451508
150.811287014	1008.27758789	40.181968689	30.8310451508
150.811287014	1008.27758789	40.181968689	30.8310451508
150.811287014	1008.27758789	40.181968689	30.8310451508
150.811287015	1008.26953125	40.181968689	30.8310451508
150.811287015	1008.26953125	40.181968689	30.8310451508
150.811287015	1008.26953125	40.181968689	30.8310451508
150.811287015	1008.26953125	40.181968689	30.8310451508
150.811287016	1008.26953125	40.181968689	30.8310451508
150.811287016	1008.26953125	40.181968689	30.8310451508
150.811287016	1008.26953125	40.181968689	30.8310451508
150.811287016	1008.26953125	40.181968689	30.8666648865
150.811287017	1008.26953125	40.181968689	30.8666648865
150.811287017	1008.26953125	40.49559021	30.8666648865
150.811287017	1008.26953125	40.49559021	30.8666648865
150.811287017	1008.26953125	40.49559021	30.8666648865
150.811287018	1008.26953125	40.49559021	30.8666648865
150.811287018	1008.26953125	40.49559021	30.8666648865
150.811287018	1008.26953125	40.49559021	30.8666648865
150.811287018	1008.26953125	40.49559021	30.8666648865
150.811287018	1008.26953125	40.49559021	30.8666648865
150.811287019	1008.27368164	40.49559021	30.8666648865
150.811287019	1008.27368164	40.49559021	30.8666648865
150.811287019	1008.27368164	40.49559021	30.8666648865
150.811287019	1008.27368164	40.49559021	30.8666648865
150.81128702	1008.27368164	40.49559021	30.8666648865
150.81128702	1008.27368164	40.49559021	30.8666648865
150.81128702	1008.27368164	40.49559021	30.8666648865
150.81128702	1008.27368164	40.49559021	30.8666648865
150.811287021	1008.27368164	40.49559021	30.8666648865
150.811287021	1008.27368164	40.49559021	30.8666648865
150.811287021	1008.27368164	40.49559021	30.8666648865
150.811287021	1008.27368164	40.49559021	30.8666648865
150.811287021	1008.27368164	40.49559021	30.8666648865
150.811287022	1008.27368164	40.49559021	30.8666648865
150.811287022	1008.27368164	40.49559021	30.8666648865
150.811287022	1008.27368164	40.49559021	30.8666648865
150.811287022	1008.27368164	40.49559021	30.8666648865
150.811287023	1008.27612305	40.49559021	30.8666648865
150.811287023	1008.27612305	40.49559021	30.8666648865
150.811287023	1008.27612305	40.49559021	30.8666648865
150.811287023	1008.27612305	40.49559021	30.8666648865
150.811287024	1008.27612305	40.49559021	30.8666648865
150.811287024	1008.27612305	40.49559021	30.8666648865
150.811287024	1008.27612305	40.49559021	31.0625801086
150.811287024	1008.27612305	40.49559021	31.0625801086
150.811287025	1008.27612305	42.3609695435	31.0625801086
150.811287025	1008.27612305	42.3609695435	31.0625801086
150.811287025	1008.27612305	42.3609695435	31.0625801086
150.811287025	1008.27612305	42.3609695435	31.0625801086
150.811287026	1008.27612305	42.3609695435	31.0625801086
150.811287026	1008.27612305	42.3609695435	31.0625801086
150.811287026	1008.27612305	42.3609695435	31.0625801086
150.811287026	1008.27612305	42.3609695435	31.0625801086
150.811287026	1008.27612305	42.3609695435	31.0625801086
150.811287027	1008.26855469	42.3609695435	31.0625801086
150.811287027	1008.26855469	42.3609695435	31.0625801086
150.811287027	1008.26855469	42.3609695435	31.0625801086
150.811287028	1008.26855469	42.3609695435	31.0625801086
150.811287028	1008.26855469	42.3609695435	31.0625801086
150.811287028	1008.26855469	42.3609695435	31.0625801086
150.811287028	1008.26855469	42.3609695435	31.0625801086
150.811287028	1008.26855469	42.3609695435	31.0625801086
150.811287029	1008.26855469	42.3609695435	31.0625801086
150.811287029	1008.26855469	42.3609695435	31.0625801086
150.811287029	1008.26855469	42.3609695435	31.0625801086
150.811287029	1008.26855469	42.3609695435	31.0625801086
150.81128703	1008.26855469	42.3609695435	31.0625801086
150.81128703	1008.26855469	42.3609695435	31.0625801086
150.81128703	1008.26855469	42.3609695435	31.0625801086
150.81128703	1008.26855469	42.3609695435	31.0625801086
150.81128703	1008.26855469	42.3609695435	31.0625801086
150.811287031	1008.26855469	42.3609695435	31.0625801086
150.811287031	1008.26733398	42.3609695435	31.0625801086
150.811287031	1008.26733398	42.3609695435	31.0625801086
150.811287032	1008.26733398	42.3609695435	31.0625801086
150.811287032	1008.26733398	42.3609695435	31.0625801086
150.811287032	1008.26733398	42.3609695435	30.9379081726
150.811287032	1008.26733398	38.6694107056	30.9379081726
150.811287033	1008.26733398	38.6694107056	30.9379081726
150.811287033	1008.26733398	38.6694107056	30.9379081726
150.811287033	1008.26733398	38.6694107056	30.9379081726
150.811287033	1008.26733398	38.6694107056	30.9379081726
150.811287033	1008.26733398	38.6694107056	30.9379081726
150.811287034	1008.26733398	38.6694107056	30.9379081726
150.811287034	1008.26733398	38.6694107056	30.9379081726
150.811287034	1008.26733398	38.6694107056	30.9379081726
150.811287034	1008.26733398	38.6694107056	30.9379081726
150.811287035	1008.26733398	38.6694107056	30.9379081726
150.811287035	1008.26733398	38.6694107056	30.9379081726
150.811287035	1008.26489258	38.6694107056	30.9379081726
150.811287035	1008.26489258	38.6694107056	30.9379081726
150.811287036	1008.26489258	38.6694107056	30.9379081726
150.811287036	1008.26489258	38.6694107056	30.9379081726
150.811287036	1008.26489258	38.6694107056	30.9379081726
150.811287036	1008.26489258	38.6694107056	30.9379081726
150.811287037	1008.26489258	38.6694107056	30.9379081726
150.811287037	1008.26489258	38.6694107056	30.9379081726
150.811287037	1008.26489258	38.6694107056	30.9379081726
150.811287037	1008.26489258	38.6694107056	30.9379081726
150.811287037	1008.26489258	38.6694107056	30.9379081726
150.811287038	1008.26489258	38.6694107056	30.9379081726
150.811287038	1008.26489258	38.6694107056	30.9379081726
150.811287038	1008.26489258	38.6694107056	30.9379081726
150.811287038	1008.26489258	38.6694107056	30.9379081726
150.811287039	1008.26489258	38.6694107056	30.9379081726
150.811287039	1008.26489258	38.6694107056	30.9379081726
150.811287039	1008.26489258	38.6694107056	30.9379081726
150.811287039	1008.26367188	38.6694107056	30.9379081726
150.81128704	1008.26367188	38.6694107056	30.9379081726
150.81128704	1008.26367188	38.6694107056	30.9735298157
150.81128704	1008.26367188	38.6694107056	30.9735298157
150.81128704	1008.26367188	37.1829872131	30.9735298157
150.811287041	1008.26367188	37.1829872131	30.9735298157
150.811287041	1008.26367188	37.1829872131	30.9735298157
150.811287041	1008.26367188	37.1829872131	30.9735298157
150.811287041	1008.26367188	37.1829872131	30.9735298157
150.811287042	1008.26367188	37.1829872131	30.9735298157
150.811287042	1008.26367188	37.1829872131	30.9735298157
150.811287042	1008.26367188	37.1829872131	30.9735298157
150.811287042	1008.26367188	37.1829872131	30.9735298157
150.811287042	1008.26367188	37.1829872131	30.9735298157
150.811287043	1008.26367188	37.1829872131	30.9735298157
150.811287043	1008.26367188	37.1829872131	30.9735298157
150.811287043	1008.27026367	37.1829872131	30.9735298157
150.811287044	1008.27026367	37.1829872131	30.9735298157
150.811287044	1008.27026367	37.1829872131	30.9735298157
150.811287044	1008.27026367	37.1829872131	30.9735298157
150.811287044	1008.27026367	37.1829872131	30.9735298157
150.811287044	1008.27026367	37.1829872131	30.9735298157
150.811287045	1008.27026367	37.1829872131	30.9735298157
150.811287045	1008.27026367	37.1829872131	30.9735298157
150.811287045	1008.27026367	37.1829872131	30.9735298157
150.811287045	1008.27026367	37.1829872131	30.9735298157
150.811287046	1008.27026367	37.1829872131	30.9735298157
150.811287046	1008.27026367	37.1829872131	30.9735298157
150.811287046	1008.27026367	37.1829872131	30.9735298157
150.811287046	1008.27026367	37.1829872131	30.9735298157
150.811287046	1008.27026367	37.1829872131	30.9735298157
150.811287047	1008.27026367	37.1829872131	30.9735298157
150.811287047	1008.27026367	37.1829872131	30.9735298157
150.811287047	1008.27026367	37.1829872131	30.9735298157
150.811287047	1008.27001953	37.1829872131	30.9735298157
150.811287048	1008.27001953	37.1829872131	30.9557189941
150.811287048	1008.27001953	37.1829872131	30.9557189941
150.811287048	1008.27001953	39.7997436523	30.9557189941
150.811287049	1008.27001953	39.7997436523	30.9557189941
150.811287049	1008.27001953	39.7997436523	30.9557189941
150.811287049	1008.27001953	39.7997436523	30.9557189941
150.811287049	1008.27001953	39.7997436523	30.9557189941
150.811287049	1008.27001953	39.7997436523	30.9557189941
150.81128705	1008.27001953	39.7997436523	30.9557189941
150.81128705	1008.27001953	39.7997436523	30.9557189941
150.81128705	1008.27001953	39.7997436523	30.9557189941
150.81128705	1008.27001953	39.7997436523	30.9557189941
150.811287051	1008.27001953	39.7997436523	30.9557189941
150.811287051	1008.27001953	39.7997436523	30.9557189941
150.811287051	1008.27001953	39.7997436523	30.9557189941
150.811287051	1008.27001953	39.7997436523	30.9557189941
150.811287051	1008.28051758	39.7997436523	30.9557189941
150.811287052	1008.28051758	39.7997436523	30.9557189941
150.811287052	1008.28051758	39.7997436523	30.9557189941
150.811287052	1008.28051758	39.7997436523	30.9557189941
150.811287052	1008.28051758	39.7997436523	30.9557189941
150.811287053	1008.28051758	39.7997436523	30.9557189941
150.811287053	1008.28051758	39.7997436523	30.9557189941
150.811287053	1008.28051758	39.7997436523	30.9557189941
150.811287053	1008.28051758	39.7997436523	30.9557189941
150.811287054	1008.28051758	39.7997436523	30.9557189941
150.811287054	1008.28051758	39.7997436523	30.9557189941
150.811287054	1008.28051758	39.7997436523	30.9557189941
150.811287054	1008.28051758	39.7997436523	30.9557189941
150.811287054	1008.28051758	39.7997436523	30.9557189941
150.811287055	1008.28051758	39.7997436523	30.9557189941
150.811287055	1008.28051758	39.7997436523	30.9557189941
150.811287055	1008.28051758	39.7997436523	30.9557189941
150.811287055	1008.28051758	39.7997436523	30.9557189941
150.811287056	1008.28393555	39.7997436523	30.7419929504
150.811287056	1008.28393555	38.0487060547	30.7419929504
150.811287056	1008.28393555	38.0487060547	30.7419929504
150.811287057	1008.28393555	38.0487060547	30.7419929504
150.811287057	1008.28393555	38.0487060547	30.7419929504
150.811287057	1008.28393555	38.0487060547	30.7419929504
150.811287057	1008.28393555	38.0487060547	30.7419929504
150.811287057	1008.28393555	38.0487060547	30.7419929504
150.811287058	1008.28393555	38.0487060547	30.7419929504
150.811287058	1008.28393555	38.0487060547	30.7419929504
150.811287058	1008.28393555	38.0487060547	30.7419929504
150.811287058	1008.28393555	38.0487060547	30.7419929504
150.811287059	1008.28393555	38.0487060547	30.7419929504
150.811287059	1008.28393555	38.0487060547	30.7419929504
150.811287059	1008.28393555	38.0487060547	30.7419929504
150.811287059	1008.28393555	38.0487060547	30.7419929504
150.811287059	1008.28393555	38.0487060547	30.7419929504
150.81128706	1008.27905273	38.0487060547	30.7419929504
150.81128706	1008.27905273	38.0487060547	30.7419929504
150.81128706	1008.27905273	38.0487060547	30.7419929504
150.811287061	1008.27905273	38.0487060547	30.7419929504
150.811287061	1008.27905273	38.0487060547	30.7419929504
150.811287061	1008.27905273	38.0487060547	30.7419929504
150.811287061	1008.27905273	38.0487060547	30.7419929504
150.811287061	1008.27905273	38.0487060547	30.7419929504
150.811287062	1008.27905273	38.0487060547	30.7419929504
150.811287062	1008.27905273	38.0487060547	30.7419929504
150.811287062	1008.27905273	38.0487060547	30.7419929504
150.811287062	1008.27905273	38.0487060547	30.7419929504
150.811287063	1008.27905273	38.0487060547	30.7419929504
150.811287063	1008.27905273	38.0487060547	30.7419929504
150.811287063	1008.27905273	38.0487060547	30.7419929504
150.811287063	1008.27905273	38.0487060547	30.7419929504
150.811287063	1008.27905273	38.0487060547	30.884475708
150.811287064	1008.27856445	41.6030540466	30.884475708
150.811287064	1008.27856445	41.6030540466	30.884475708
150.811287064	1008.27856445	41.6030540466	30.884475708
150.811287065	1008.27856445	41.6030540466	30.884475708
150.811287065	1008.27856445	41.6030540466	30.884475708
150.811287065	1008.27856445	41.6030540466	30.884475708
150.811287065	1008.27856445	41.6030540466	30.884475708
150.811287066	1008.27856445	41.6030540466	30.884475708
150.811287066	1008.27856445	41.6030540466	30.884475708
150.811287066	1008.27856445	41.6030540466	30.884475708
150.811287066	1008.27856445	41.6030540466	30.884475708
150.811287066	1008.27856445	41.6030540466	30.884475708
150.811287067	1008.27856445	41.6030540466	30.884475708
150.811287067	1008.27856445	41.6030540466	30.884475708
150.811287067	1008.27856445	41.6030540466	30.884475708
150.811287067	1008.27856445	41.6030540466	30.884475708
150.811287068	1008.27856445	41.6030540466	30.884475708
150.811287068	1008.27856445	41.6030540466	30.884475708
150.811287068	1008.27758789	41.6030540466	30.884475708
150.811287068	1008.27758789	41.6030540466	30.884475708
150.811287069	1008.27758789	41.6030540466	30.884475708
150.811287069	1008.27758789	41.6030540466	30.884475708
150.811287069	1008.27758789	41.6030540466	30.884475708
150.811287069	1008.27758789	41.6030540466	30.884475708
150.811287069	1008.27758789	41.6030540466	30.884475708
150.81128707	1008.27758789	41.6030540466	30.884475708
150.81128707	1008.27758789	41.6030540466	30.884475708
150.81128707	1008.27758789	41.6030540466	30.884475708
150.81128707	1008.27758789	41.6030540466	30.884475708
150.811287071	1008.27758789	41.6030540466	30.884475708
150.811287071	1008.27758789	41.6030540466	30.884475708
150.811287071	1008.27758789	41.6030540466	30.884475708
150.811287071	1008.27758789	41.6030540466	30.884475708
150.811287071	1008.27758789	41.6030540466	30.8132362366
150.811287072	1008.27734375	40.3877792358	30.8132362366
150.811287072	1008.27734375	40.3877792358	30.8132362366
150.811287072	1008.27734375	40.3877792358	30.8132362366
150.811287073	1008.27734375	40.3877792358	30.8132362366
150.811287073	1008.27734375	40.3877792358	30.8132362366
150.811287073	1008.27734375	40.3877792358	30.8132362366
150.811287073	1008.27734375	40.3877792358	30.8132362366
150.811287074	1008.27734375	40.3877792358	30.8132362366
150.811287074	1008.27734375	40.3877792358	30.8132362366
150.811287074	1008.27734375	40.3877792358	30.8132362366
150.811287074	1008.27734375	40.3877792358	30.8132362366
150.811287074	1008.27734375	40.3877792358	30.8132362366
150.811287075	1008.27734375	40.3877792358	30.8132362366
150.811287075	1008.27734375	40.3877792358	30.8132362366
150.811287075	1008.27734375	40.3877792358	30.8132362366
150.811287075	1008.27734375	40.3877792358	30.8132362366
150.811287076	1008.27734375	40.3877792358	30.8132362366
150.811287076	1008.27734375	40.3877792358	30.8132362366
150.811287076	1008.27490234	40.3877792358	30.8132362366
150.811287076	1008.27490234	40.3877792358	30.8132362366
150.811287077	1008.27490234	40.3877792358	30.8132362366
150.811287077	1008.27490234	40.3877792358	30.8132362366
150.811287077	1008.27490234	40.3877792358	30.8132362366
150.811287077	1008.27490234	40.3877792358	30.8132362366
150.811287078	1008.27490234	40.3877792358	30.8132362366
150.811287078	1008.27490234	40.3877792358	30.8132362366
150.811287078	1008.27490234	40.3877792358	30.8132362366
150.811287078	1008.27490234	40.3877792358	30.8132362366
150.811287078	1008.27490234	40.3877792358	30.8132362366
150.811287079	1008.27490234	40.3877792358	30.8132362366
150.811287079	1008.27490234	40.3877792358	30.8132362366
150.811287079	1008.27490234	40.3877792358	30.8132362366
150.811287079	1008.27490234	40.3877792358	30.8132362366
150.81128708	1008.27490234	41.5899887085	30.8132362366
150.81128708	1008.27490234	41.5899887085	30.8132362366
150.81128708	1008.27172852	41.5899887085	30.8132362366
150.811287081	1008.27172852	41.5899887085	30.8132362366
150.811287081	1008.27172852	41.5899887085	30.8132362366
150.811287081	1008.27172852	41.5899887085	30.8132362366
150.811287081	1008.27172852	41.5899887085	30.8132362366
150.811287081	1008.27172852	41.5899887085	30.8132362366
150.811287082	1008.27172852	41.5899887085	30.8132362366
150.811287082	1008.27172852	41.5899887085	30.8132362366
150.811287082	1008.27172852	41.5899887085	30.8132362366
150.811287082	1008.27172852	41.5899887085	30.8132362366
150.811287083	1008.27172852	41.5899887085	30.8132362366
150.811287083	1008.27172852	41.5899887085	30.8132362366
150.811287083	1008.27172852	41.5899887085	30.8132362366
150.811287083	1008.27172852	41.5899887085	30.8132362366
150.811287083	1008.27172852	41.5899887085	30.8132362366
150.811287084	1008.27172852	41.5899887085	30.8132362366
150.811287084	1008.27172852	41.5899887085	30.8132362366
150.811287084	1008.27172852	41.5899887085	30.8132362366
150.811287084	1008.26928711	41.5899887085	30.8132362366
150.811287085	1008.26928711	41.5899887085	30.8132362366
150.811287085	1008.26928711	41.5899887085	30.8132362366
150.811287085	1008.26928711	41.5899887085	30.8132362366
150.811287085	1008.26928711	41.5899887085	30.8132362366
150.811287086	1008.26928711	41.5899887085	30.8132362366
150.811287086	1008.26928711	41.5899887085	30.8132362366
150.811287086	1008.26928711	41.5899887085	30.8132362366
150.811287086	1008.26928711	41.5899887085	30.8132362366
150.811287087	1008.26928711	41.5899887085	30.8132362366
150.811287087	1008.26928711	41.5899887085	30.8132362366
150.811287087	1008.26928711	41.5899887085	30.8132362366
150.811287087	1008.26928711	41.5899887085	30.9022865295
150.811287088	1008.26928711	38.7249488831	30.9022865295
150.811287088	1008.26928711	38.7249488831	30.9022865295
150.811287088	1008.26928711	38.7249488831	30.9022865295
150.811287088	1008.26928711	38.7249488831	30.9022865295
150.811287088	1008.27416992	38.7249488831	30.9022865295
150.811287089	1008.27416992	38.7249488831	30.9022865295
150.811287089	1008.27416992	38.7249488831	30.9022865295
150.811287089	1008.27416992	38.7249488831	30.9022865295
150.81128709	1008.27416992	38.7249488831	30.9022865295
150.81128709	1008.27416992	38.7249488831	30.9022865295
150.81128709	1008.27416992	38.7249488831	30.9022865295
150.81128709	1008.27416992	38.7249488831	30.9022865295
150.81128709	1008.27416992	38.7249488831	30.9022865295
150.811287091	1008.27416992	38.7249488831	30.9022865295
150.811287091	1008.27416992	38.7249488831	30.9022865295
150.811287091	1008.27416992	38.7249488831	30.9022865295
150.811287091	1008.27416992	38.7249488831	30.9022865295
150.811287092	1008.27416992	38.7249488831	30.9022865295
150.811287092	1008.27416992	38.7249488831	30.9022865295
150.811287092	1008.27416992	38.7249488831	30.9022865295
150.811287092	1008.27416992	38.7249488831	30.9022865295
150.811287092	1008.27709961	38.7249488831	30.9022865295
150.811287093	1008.27709961	38.7249488831	30.9022865295
150.811287093	1008.27709961	38.7249488831	30.9022865295
150.811287093	1008.27709961	38.7249488831	30.9022865295
150.811287093	1008.27709961	38.7249488831	30.9022865295
150.811287094	1008.27709961	38.7249488831	30.9022865295
150.811287094	1008.27709961	38.7249488831	30.9022865295
150.811287094	1008.27709961	38.7249488831	30.9022865295
150.811287094	1008.27709961	38.7249488831	30.9022865295
150.811287095	1008.27709961	38.7249488831	30.9022865295
150.811287095	1008.27709961	38.7249488831	30.9022865295
150.811287095	1008.27709961	38.7249488831	30.8310451508
150.811287095	1008.27709961	38.5027999878	30.8310451508
150.811287096	1008.27709961	38.5027999878	30.8310451508
150.811287096	1008.27709961	38.5027999878	30.8310451508
150.811287096	1008.27709961	38.5027999878	30.8310451508
150.811287096	1008.27709961	38.5027999878	30.8310451508
150.811287097	1008.27905273	38.5027999878	30.8310451508
150.811287097	1008.27905273	38.5027999878	30.8310451508
150.811287097	1008.27905273	38.5027999878	30.8310451508
150.811287097	1008.27905273	38.5027999878	30.8310451508
150.811287098	1008.27905273	38.5027999878	30.8310451508
150.811287098	1008.27905273	38.5027999878	30.8310451508
150.811287098	1008.27905273	38.5027999878	30.8310451508
150.811287098	1008.27905273	38.5027999878	30.8310451508
150.811287099	1008.27905273	38.5027999878	30.8310451508
150.811287099	1008.27905273	38.5027999878	30.8310451508
150.811287099	1008.27905273	38.5027999878	30.8310451508
150.811287099	1008.27905273	38.5027999878	30.8310451508
150.811287099	1008.27905273	38.5027999878	30.8310451508
150.8112871	1008.27905273	38.5027999878	30.8310451508
150.8112871	1008.27905273	38.5027999878	30.8310451508
150.8112871	1008.27905273	38.5027999878	30.8310451508
150.8112871	1008.27905273	38.5027999878	30.8310451508
150.811287101	1008.27905273	38.5027999878	30.8310451508
150.811287101	1008.28222656	38.5027999878	30.8310451508
150.811287101	1008.28222656	38.5027999878	30.8310451508
150.811287101	1008.28222656	38.5027999878	30.8310451508
150.811287102	1008.28222656	38.5027999878	30.8310451508
150.811287102	1008.28222656	38.5027999878	30.8310451508
150.811287102	1008.28222656	38.5027999878	30.8310451508
150.811287102	1008.28222656	38.5027999878	30.8310451508
150.811287102	1008.28222656	38.5027999878	30.8310451508
150.811287103	1008.28222656	38.5027999878	30.8310451508
150.811287103	1008.28222656	38.5027999878	30.884475708
150.811287103	1008.28222656	38.4603309631	30.884475708
150.811287104	1008.28222656	38.4603309631	30.884475708
150.811287104	1008.28222656	38.4603309631	30.884475708
150.811287104	1008.28222656	38.4603309631	30.884475708
150.811287104	1008.28222656	38.4603309631	30.884475708
150.811287104	1008.28222656	38.4603309631	30.884475708
150.811287105	1008.28222656	38.4603309631	30.884475708
150.811287105	1008.28393555	38.4603309631	30.884475708
150.811287105	1008.28393555	38.4603309631	30.884475708
150.811287105	1008.28393555	38.4603309631	30.884475708
150.811287106	1008.28393555	38.4603309631	30.884475708
150.811287106	1008.28393555	38.4603309631	30.884475708
150.811287106	1008.28393555	38.4603309631	30.884475708
150.811287106	1008.28393555	38.4603309631	30.884475708
150.811287107	1008.28393555	38.4603309631	30.884475708
150.811287107	1008.28393555	38.4603309631	30.884475708
150.811287107	1008.28393555	38.4603309631	30.884475708
150.811287107	1008.28393555	38.4603309631	30.884475708
150.811287107	1008.28393555	38.4603309631	30.884475708
150.811287108	1008.28393555	38.4603309631	30.884475708
150.811287108	1008.28393555	38.4603309631	30.884475708
150.811287108	1008.28393555	38.4603309631	30.884475708
150.811287108	1008.28393555	38.4603309631	30.884475708
150.811287109	1008.28393555	38.4603309631	30.884475708
150.811287109	1008.28393555	38.4603309631	30.884475708
150.811287109	1008.2800293	38.4603309631	30.884475708
150.811287109	1008.2800293	38.4603309631	30.884475708
150.81128711	1008.2800293	38.4603309631	30.884475708
150.81128711	1008.2800293	38.4603309631	30.884475708
150.81128711	1008.2800293	38.4603309631	30.884475708
150.81128711	1008.2800293	38.4603309631	30.884475708
150.811287111	1008.2800293	38.4603309631	30.884475708
150.811287111	1008.2800293	38.4603309631	30.9022865295
150.811287111	1008.2800293	41.0738220215	30.9022865295
150.811287111	1008.2800293	41.0738220215	30.9022865295
150.811287112	1008.2800293	41.0738220215	30.9022865295
150.811287112	1008.2800293	41.0738220215	30.9022865295
150.811287112	1008.2800293	41.0738220215	30.9022865295
150.811287112	1008.2800293	41.0738220215	30.9022865295
150.811287112	1008.2800293	41.0738220215	30.9022865295
150.811287113	1008.2800293	41.0738220215	30.9022865295
150.811287113	1008.2800293	41.0738220215	30.9022865295
150.811287113	1008.28271484	41.0738220215	30.9022865295
150.811287114	1008.28271484	41.0738220215	30.9022865295
150.811287114	1008.28271484	41.0738220215	30.9022865295
150.811287114	1008.28271484	41.0738220215	30.9022865295
150.811287114	1008.28271484	41.0738220215	30.9022865295
150.811287114	1008.28271484	41.0738220215	30.9022865295
150.811287115	1008.28271484	41.0738220215	30.9022865295
150.811287115	1008.28271484	41.0738220215	30.9022865295
150.811287115	1008.28271484	41.0738220215	30.9022865295
150.811287115	1008.28271484	41.0738220215	30.9022865295
150.811287116	1008.28271484	41.0738220215	30.9022865295
150.811287116	1008.28271484	41.0738220215	30.9022865295
150.811287116	1008.28271484	41.0738220215	30.9022865295
150.811287116	1008.28271484	41.0738220215	30.9022865295
150.811287116	1008.28271484	41.0738220215	30.9022865295
150.811287117	1008.28271484	41.0738220215	30.9022865295
150.811287117	1008.28271484	41.0738220215	30.9022865295
150.811287117	1008.28344727	41.0738220215	30.9022865295
150.811287117	1008.28344727	41.0738220215	30.9022865295
150.811287118	1008.28344727	41.0738220215	30.9022865295
150.811287118	1008.28344727	41.0738220215	30.9022865295
150.811287118	1008.28344727	41.0738220215	30.9022865295
150.811287118	1008.28344727	41.0738220215	30.9022865295
150.811287119	1008.28344727	41.0738220215	30.8132362366
150.811287119	1008.28344727	41.0411529541	30.8132362366
150.811287119	1008.28344727	41.0411529541	30.8132362366
150.811287119	1008.28344727	41.0411529541	30.8132362366
150.81128712	1008.28344727	41.0411529541	30.8132362366
150.81128712	1008.28344727	41.0411529541	30.8132362366
150.81128712	1008.28344727	41.0411529541	30.8132362366
150.81128712	1008.28344727	41.0411529541	30.8132362366
150.811287121	1008.28344727	41.0411529541	30.8132362366
150.811287121	1008.28344727	41.0411529541	30.8132362366
150.811287121	1008.28344727	41.0411529541	30.8132362366
150.811287121	1008.28662109	41.0411529541	30.8132362366
150.811287122	1008.28662109	41.0411529541	30.8132362366
150.811287122	1008.28662109	41.0411529541	30.8132362366
150.811287122	1008.28662109	41.0411529541	30.8132362366
150.811287122	1008.28662109	41.0411529541	30.8132362366
150.811287123	1008.28662109	41.0411529541	30.8132362366
150.811287123	1008.28662109	41.0411529541	30.8132362366
150.811287123	1008.28662109	41.0411529541	30.8132362366
150.811287123	1008.28662109	41.0411529541	30.8132362366
150.811287123	1008.28662109	41.0411529541	30.8132362366
150.811287124	1008.28662109	41.0411529541	30.8132362366
150.811287124	1008.28662109	41.0411529541	30.8132362366
150.811287124	1008.28662109	41.0411529541	30.8132362366
150.811287124	1008.28662109	41.0411529541	30.8132362366
150.811287125	1008.28662109	41.0411529541	30.8132362366
150.811287125	1008.28662109	41.0411529541	30.8132362366
150.811287125	1008.28662109	41.0411529541	30.8132362366
150.811287125	1008.28662109	41.0411529541	30.8132362366
150.811287125	1008.28588867	41.0411529541	30.8132362366
150.811287126	1008.28588867	41.0411529541	30.8132362366
150.811287126	1008.28588867	41.0411529541	30.8132362366
150.811287126	1008.28588867	41.0411529541	30.8132362366
150.811287126	1008.28588867	41.0411529541	30.8488559723
150.811287127	1008.28588867	40.5903282166	30.8488559723
150.811287127	1008.28588867	40.5903282166	30.8488559723
150.811287127	1008.28588867	40.5903282166	30.8488559723
150.811287128	1008.28588867	40.5903282166	30.8488559723
150.811287128	1008.28588867	40.5903282166	30.8488559723
150.811287128	1008.28588867	40.5903282166	30.8488559723
150.811287128	1008.28588867	40.5903282166	30.8488559723
150.811287128	1008.28588867	40.5903282166	30.8488559723
150.811287129	1008.28588867	40.5903282166	30.8488559723
150.811287129	1008.28588867	40.5903282166	30.8488559723
150.811287129	1008.28588867	40.5903282166	30.8488559723
150.811287129	1008.28588867	40.5903282166	30.8488559723
150.81128713	1008.28491211	40.5903282166	30.8488559723
150.81128713	1008.28491211	40.5903282166	30.8488559723
150.81128713	1008.28491211	40.5903282166	30.8488559723
150.81128713	1008.28491211	40.5903282166	30.8488559723
150.811287131	1008.28491211	40.5903282166	30.8488559723
150.811287131	1008.28491211	40.5903282166	30.8488559723
150.811287131	1008.28491211	40.5903282166	30.8488559723
150.811287131	1008.28491211	40.5903282166	30.8488559723
150.811287131	1008.28491211	40.5903282166	30.8488559723
150.811287132	1008.28491211	40.5903282166	30.8488559723
150.811287132	1008.28491211	40.5903282166	30.8488559723
150.811287132	1008.28491211	40.5903282166	30.8488559723
150.811287132	1008.28491211	40.5903282166	30.8488559723
150.811287133	1008.28491211	40.5903282166	30.8488559723
150.811287133	1008.28491211	40.5903282166	30.8488559723
150.811287133	1008.28491211	40.5903282166	30.8488559723
150.811287133	1008.28491211	40.5903282166	30.8488559723
150.811287133	1008.28491211	40.5903282166	30.8488559723
150.811287134	1008.28662109	40.5903282166	30.8488559723
150.811287134	1008.28662109	40.5903282166	30.8488559723
150.811287134	1008.28662109	40.5903282166	30.9200973511
150.811287135	1008.28662109	39.182308197	30.9200973511
150.811287135	1008.28662109	39.182308197	30.9200973511
150.811287135	1008.28662109	39.182308197	30.9200973511
150.811287135	1008.28662109	39.182308197	30.9200973511
150.811287136	1008.28662109	39.182308197	30.9200973511
150.811287136	1008.28662109	39.182308197	30.9200973511
150.811287136	1008.28662109	39.182308197	30.9200973511
150.811287136	1008.28662109	39.182308197	30.9200973511
150.811287136	1008.28662109	39.182308197	30.9200973511
150.811287137	1008.28662109	39.182308197	30.9200973511
150.811287137	1008.28662109	39.182308197	30.9200973511
150.811287137	1008.28662109	39.182308197	30.9200973511
150.811287137	1008.28662109	39.182308197	30.9200973511
150.811287138	1008.28662109	39.182308197	30.9200973511
150.811287138	1008.28417969	39.182308197	30.9200973511
150.811287138	1008.28417969	39.182308197	30.9200973511
150.811287138	1008.28417969	39.182308197	30.9200973511
150.811287139	1008.28417969	39.182308197	30.9200973511
150.811287139	1008.28417969	39.182308197	30.9200973511
150.811287139	1008.28417969	39.182308197	30.9200973511
150.811287139	1008.28417969	39.182308197	30.9200973511
150.81128714	1008.28417969	39.182308197	30.9200973511
150.81128714	1008.28417969	39.182308197	30.9200973511
150.81128714	1008.28417969	39.182308197	30.9200973511
150.81128714	1008.28417969	39.182308197	30.9200973511
150.81128714	1008.28417969	39.182308197	30.9200973511
150.811287141	1008.28417969	39.182308197	30.9200973511
150.811287141	1008.28417969	39.182308197	30.9200973511
150.811287141	1008.28417969	39.182308197	30.9200973511
150.811287141	1008.28417969	39.182308197	30.9200973511
150.811287142	1008.28417969	39.182308197	30.9200973511
150.811287142	1008.28491211	39.182308197	30.9200973511
150.811287142	1008.28491211	39.182308197	30.884475708
150.811287143	1008.28491211	42.3479003906	30.884475708
150.811287143	1008.28491211	42.3479003906	30.884475708
150.811287143	1008.28491211	42.3479003906	30.884475708
150.811287143	1008.28491211	42.3479003906	30.884475708
150.811287143	1008.28491211	42.3479003906	30.884475708
150.811287144	1008.28491211	42.3479003906	30.884475708
150.811287144	1008.28491211	42.3479003906	30.884475708
150.811287144	1008.28491211	42.3479003906	30.884475708
150.811287144	1008.28491211	42.3479003906	30.884475708
150.811287145	1008.28491211	42.3479003906	30.884475708
150.811287145	1008.28491211	42.3479003906	30.884475708
150.811287145	1008.28491211	42.3479003906	30.884475708
150.811287145	1008.28491211	42.3479003906	30.884475708
150.811287145	1008.28491211	42.3479003906	30.884475708
150.811287146	1008.28491211	42.3479003906	30.884475708
150.811287146	1008.28710938	42.3479003906	30.884475708
150.811287146	1008.28710938	42.3479003906	30.884475708
150.811287147	1008.28710938	42.3479003906	30.884475708
150.811287147	1008.28710938	42.3479003906	30.884475708
150.811287147	1008.28710938	42.3479003906	30.884475708
150.811287147	1008.28710938	42.3479003906	30.884475708
150.811287147	1008.28710938	42.3479003906	30.884475708
150.811287148	1008.28710938	42.3479003906	30.884475708
150.811287148	1008.28710938	42.3479003906	30.884475708
150.811287148	1008.28710938	42.3479003906	30.884475708
150.811287148	1008.28710938	42.3479003906	30.884475708
150.811287149	1008.28710938	42.3479003906	30.884475708
150.811287149	1008.28710938	42.3479003906	30.884475708
150.811287149	1008.28710938	42.3479003906	30.884475708
150.811287149	1008.28710938	42.3479003906	30.884475708
150.811287149	1008.28710938	42.3479003906	30.884475708
150.81128715	1008.28710938	42.3479003906	30.884475708
150.81128715	1008.28710938	42.3479003906	30.884475708
150.81128715	1008.28466797	40.7079353333	30.884475708
150.811287151	1008.28466797	40.7079353333	30.884475708
150.811287151	1008.28466797	40.7079353333	30.884475708
150.811287151	1008.28466797	40.7079353333	30.884475708
150.811287151	1008.28466797	40.7079353333	30.884475708
150.811287152	1008.28466797	40.7079353333	30.884475708
150.811287152	1008.28466797	40.7079353333	30.884475708
150.811287152	1008.28466797	40.7079353333	30.884475708
150.811287152	1008.28466797	40.7079353333	30.884475708
150.811287152	1008.28466797	40.7079353333	30.884475708
150.811287153	1008.28466797	40.7079353333	30.884475708
150.811287153	1008.28466797	40.7079353333	30.884475708
150.811287153	1008.28466797	40.7079353333	30.884475708
150.811287153	1008.28466797	40.7079353333	30.884475708
150.811287154	1008.28466797	40.7079353333	30.884475708
150.811287154	1008.28466797	40.7079353333	30.884475708
150.811287154	1008.28466797	40.7079353333	30.884475708
150.811287154	1008.2800293	40.7079353333	30.884475708
150.811287155	1008.2800293	40.7079353333	30.884475708
150.811287155	1008.2800293	40.7079353333	30.884475708
150.811287155	1008.2800293	40.7079353333	30.884475708
150.811287155	1008.2800293	40.7079353333	30.884475708
150.811287155	1008.2800293	40.7079353333	30.884475708
150.811287156	1008.2800293	40.7079353333	30.884475708
150.811287156	1008.2800293	40.7079353333	30.884475708
150.811287156	1008.2800293	40.7079353333	30.884475708
150.811287156	1008.2800293	40.7079353333	30.884475708
150.811287157	1008.2800293	40.7079353333	30.884475708
150.811287157	1008.2800293	40.7079353333	30.884475708
150.811287157	1008.2800293	40.7079353333	30.884475708
150.811287157	1008.2800293	40.7079353333	30.884475708
150.811287157	1008.2800293	40.7079353333	30.884475708
150.811287158	1008.2800293	40.7079353333	30.884475708
150.811287158	1008.2800293	40.7079353333	31.0091495514
150.811287158	1008.28198242	38.2512512207	31.0091495514
150.811287159	1008.28198242	38.2512512207	31.0091495514
150.811287159	1008.28198242	38.2512512207	31.0091495514
150.811287159	1008.28198242	38.2512512207	31.0091495514
150.811287159	1008.28198242	38.2512512207	31.0091495514
150.81128716	1008.28198242	38.2512512207	31.0091495514
150.81128716	1008.28198242	38.2512512207	31.0091495514
150.81128716	1008.28198242	38.2512512207	31.0091495514
150.81128716	1008.28198242	38.2512512207	31.0091495514
150.81128716	1008.28198242	38.2512512207	31.0091495514
150.811287161	1008.28198242	38.2512512207	31.0091495514
150.811287161	1008.28198242	38.2512512207	31.0091495514
150.811287161	1008.28198242	38.2512512207	31.0091495514
150.811287161	1008.28198242	38.2512512207	31.0091495514
150.811287162	1008.28198242	38.2512512207	31.0091495514
150.811287162	1008.28198242	38.2512512207	31.0091495514
150.811287162	1008.28198242	38.2512512207	31.0091495514
150.811287162	1008.28198242	38.2512512207	31.0091495514
150.811287162	1008.28173828	38.2512512207	31.0091495514
150.811287163	1008.28173828	38.2512512207	31.0091495514
150.811287163	1008.28173828	38.2512512207	31.0091495514
150.811287163	1008.28173828	38.2512512207	31.0091495514
150.811287164	1008.28173828	38.2512512207	31.0091495514
150.811287164	1008.28173828	38.2512512207	31.0091495514
150.811287164	1008.28173828	38.2512512207	31.0091495514
150.811287164	1008.28173828	38.2512512207	31.0091495514
150.811287164	1008.28173828	38.2512512207	31.0091495514
150.811287165	1008.28173828	38.2512512207	31.0091495514
150.811287165	1008.28173828	38.2512512207	31.0091495514
150.811287165	1008.28173828	38.2512512207	31.0091495514
150.811287165	1008.28173828	38.2512512207	31.0091495514
150.811287166	1008.28173828	38.2512512207	31.0091495514
150.811287166	1008.28173828	38.2512512207	30.884475708
150.811287166	1008.28173828	41.6389923096	30.884475708
150.811287166	1008.28369141	41.6389923096	30.884475708
150.811287167	1008.28369141	41.6389923096	30.884475708
150.811287167	1008.28369141	41.6389923096	30.884475708
150.811287167	1008.28369141	41.6389923096	30.884475708
150.811287167	1008.28369141	41.6389923096	30.884475708
150.811287168	1008.28369141	41.6389923096	30.884475708
150.811287168	1008.28369141	41.6389923096	30.884475708
150.811287168	1008.28369141	41.6389923096	30.884475708
150.811287168	1008.28369141	41.6389923096	30.884475708
150.811287169	1008.28369141	41.6389923096	30.884475708
150.811287169	1008.28369141	41.6389923096	30.884475708
150.811287169	1008.28369141	41.6389923096	30.884475708
150.811287169	1008.28369141	41.6389923096	30.884475708
150.811287169	1008.28369141	41.6389923096	30.884475708
150.81128717	1008.28369141	41.6389923096	30.884475708
150.81128717	1008.28369141	41.6389923096	30.884475708
150.81128717	1008.28369141	41.6389923096	30.884475708
150.81128717	1008.28369141	41.6389923096	30.884475708
150.811287171	1008.27905273	41.6389923096	30.884475708
150.811287171	1008.27905273	41.6389923096	30.884475708
150.811287171	1008.27905273	41.6389923096	30.884475708
150.811287171	1008.27905273	41.6389923096	30.884475708
150.811287172	1008.27905273	41.6389923096	30.884475708
150.811287172	1008.27905273	41.6389923096	30.884475708
150.811287172	1008.27905273	41.6389923096	30.884475708
150.811287172	1008.27905273	41.6389923096	30.884475708
150.811287173	1008.27905273	41.6389923096	30.884475708
150.811287173	1008.27905273	41.6389923096	30.884475708
150.811287173	1008.27905273	41.6389923096	30.884475708
150.811287173	1008.27905273	41.6389923096	30.884475708
150.811287173	1008.27905273	41.6389923096	30.884475708
150.811287174	1008.27905273	41.6389923096	30.8488559723
150.811287174	1008.27905273	41.8252029419	30.8488559723
150.811287174	1008.27905273	41.8252029419	30.8488559723
150.811287174	1008.27905273	41.8252029419	30.8488559723
150.811287175	1008.26953125	41.8252029419	30.8488559723
150.811287175	1008.26953125	41.8252029419	30.8488559723
150.811287175	1008.26953125	41.8252029419	30.8488559723
150.811287176	1008.26953125	41.8252029419	30.8488559723
150.811287176	1008.26953125	41.8252029419	30.8488559723
150.811287176	1008.26953125	41.8252029419	30.8488559723
150.811287176	1008.26953125	41.8252029419	30.8488559723
150.811287176	1008.26953125	41.8252029419	30.8488559723
150.811287177	1008.26953125	41.8252029419	30.8488559723
150.811287177	1008.26953125	41.8252029419	30.8488559723
150.811287177	1008.26953125	41.8252029419	30.8488559723
150.811287177	1008.26953125	41.8252029419	30.8488559723
150.811287178	1008.26953125	41.8252029419	30.8488559723
150.811287178	1008.26953125	41.8252029419	30.8488559723
150.811287178	1008.26953125	41.8252029419	30.8488559723
150.811287178	1008.26953125	41.8252029419	30.8488559723
150.811287178	1008.26953125	41.8252029419	30.8488559723
150.811287179	1008.26953125	41.8252029419	30.8488559723
150.811287179	1008.26782227	41.8252029419	30.8488559723
150.811287179	1008.26782227	41.8252029419	30.8488559723
150.811287179	1008.26782227	41.8252029419	30.8488559723
150.81128718	1008.26782227	41.8252029419	30.8488559723
150.81128718	1008.26782227	41.8252029419	30.8488559723
150.81128718	1008.26782227	41.8252029419	30.8488559723
150.81128718	1008.26782227	41.8252029419	30.8488559723
150.811287181	1008.26782227	41.8252029419	30.8488559723
150.811287181	1008.26782227	41.8252029419	30.8488559723
150.811287181	1008.26782227	41.8252029419	30.8488559723
150.811287181	1008.26782227	41.8252029419	30.8488559723
150.811287181	1008.26782227	41.8252029419	30.9022865295
150.811287182	1008.26782227	39.816078186	30.9022865295
150.811287182	1008.26782227	39.816078186	30.9022865295
150.811287182	1008.26782227	39.816078186	30.9022865295
150.811287183	1008.26782227	39.816078186	30.9022865295
150.811287183	1008.26782227	39.816078186	30.9022865295
150.811287183	1008.26391602	39.816078186	30.9022865295
150.811287183	1008.26391602	39.816078186	30.9022865295
150.811287184	1008.26391602	39.816078186	30.9022865295
150.811287184	1008.26391602	39.816078186	30.9022865295
150.811287184	1008.26391602	39.816078186	30.9022865295
150.811287184	1008.26391602	39.816078186	30.9022865295
150.811287184	1008.26391602	39.816078186	30.9022865295
150.811287185	1008.26391602	39.816078186	30.9022865295
150.811287185	1008.26391602	39.816078186	30.9022865295
150.811287185	1008.26391602	39.816078186	30.9022865295
150.811287185	1008.26391602	39.816078186	30.9022865295
150.811287186	1008.26391602	39.816078186	30.9022865295
150.811287186	1008.26391602	39.816078186	30.9022865295
150.811287186	1008.26391602	39.816078186	30.9022865295
150.811287186	1008.26391602	39.816078186	30.9022865295
150.811287186	1008.26391602	39.816078186	30.9022865295
150.811287187	1008.26391602	39.816078186	30.9022865295
150.811287187	1008.26391602	39.816078186	30.9022865295
150.811287187	1008.26196289	39.816078186	30.9022865295
150.811287188	1008.26196289	39.816078186	30.9022865295
150.811287188	1008.26196289	39.816078186	30.9022865295
150.811287188	1008.26196289	39.816078186	30.9022865295
150.811288171	1009.08105469	38.1079216003	31.3652553558
150.811288174	1009.08422852	38.1079216003	31.3652553558
150.811288174	1009.08422852	38.1079216003	31.3652553558
150.811288174	1009.08422852	38.1079216003	31.3652553558
150.811288174	1009.08422852	38.1079216003	31.3652553558
150.811288175	1009.08422852	38.1079216003	31.3652553558
150.811288175	1009.08422852	38.1079216003	31.3652553558
150.811288175	1009.08422852	38.1079216003	31.3652553558
150.811288175	1009.08422852	38.1079216003	31.1821231842
150.811288175	1009.08422852	38.1079216003	31.1821231842
150.811288175	1009.08422852	39.0927429199	31.1821231842
150.811288176	1009.08422852	39.0927429199	31.1821231842
150.811288176	1009.08422852	39.0927429199	31.1821231842
150.811288176	1009.08422852	39.0927429199	31.1821231842
150.811288176	1009.08422852	39.0927429199	31.1821231842
150.811288176	1009.08422852	39.0927429199	31.1821231842
150.811288176	1009.08349609	39.0927429199	31.1821231842
150.811288177	1009.08349609	39.0927429199	31.1821231842
150.811288177	1009.08349609	39.0927429199	31.1821231842
150.811288177	1009.08349609	39.0927429199	31.1821231842
150.811288177	1009.08349609	39.0927429199	31.1821231842
150.811288177	1009.08349609	39.0927429199	31.1821231842
150.811288177	1009.08349609	39.0927429199	31.1821231842
150.811288177	1009.08349609	39.0927429199	31.1821231842
150.811288178	1009.08349609	39.0927429199	31.1821231842
150.811288178	1009.08349609	39.0927429199	31.1821231842
150.811288178	1009.08349609	39.0927429199	31.1821231842
150.811288178	1009.08349609	39.0927429199	31.1821231842
150.811288178	1009.08349609	39.0927429199	31.1821231842
150.811288178	1009.08349609	39.0927429199	31.1821231842
150.811288178	1009.08349609	39.0927429199	31.1821231842
150.811288178	1009.08349609	39.0927429199	31.1821231842
150.811288179	1009.08349609	39.0927429199	31.1821231842
150.811288179	1009.08349609	39.0927429199	31.1821231842
150.811288179	1009.08349609	39.0927429199	31.1821231842
150.811288179	1009.08349609	39.0927429199	31.1821231842
150.811288179	1009.08349609	39.0927429199	31.1821231842
150.811288179	1009.08349609	39.0927429199	31.1821231842
150.811288179	1009.08349609	39.0927429199	31.1821231842
150.81128818	1009.08349609	39.0927429199	31.1821231842
150.81128818	1009.08349609	39.0927429199	31.1821231842
150.81128818	1009.08349609	39.0927429199	31.1821231842
150.81128818	1009.08349609	39.0927429199	31.1821231842
150.81128818	1009.08349609	39.0927429199	31.1821231842
150.81128818	1009.08081055	39.0927429199	31.1821231842
150.811288181	1009.08081055	39.0927429199	31.1821231842
150.811288181	1009.08081055	39.0927429199	31.1821231842
150.811288181	1009.08081055	39.0927429199	31.1821231842
150.811288181	1009.08081055	39.0927429199	31.1821231842
150.811288181	1009.08081055	39.0927429199	31.1821231842
150.811288181	1009.08081055	39.0927429199	31.1821231842
150.811288181	1009.08081055	39.0927429199	31.1821231842
150.811288182	1009.08081055	39.0927429199	31.1821231842
150.811288182	1009.08081055	39.0927429199	31.1821231842
150.811288182	1009.08081055	39.0927429199	31.1821231842
150.811288182	1009.08081055	39.0927429199	31.1821231842
150.811288182	1009.08081055	39.0927429199	31.1821231842
150.811288182	1009.08081055	39.0927429199	31.1821231842
150.811288182	1009.08081055	39.0927429199	31.1821231842
150.811288183	1009.08081055	39.0927429199	31.1821231842
150.811288183	1009.08081055	39.0927429199	31.2553749084
150.811288183	1009.08081055	39.0927429199	31.2553749084
150.811288183	1009.08081055	38.6460571289	31.2553749084
150.811288184	1009.08081055	38.6460571289	31.2553749084
150.811288184	1009.08081055	38.6460571289	31.2553749084
150.811288184	1009.08081055	38.6460571289	31.2553749084
150.811288184	1009.08081055	38.6460571289	31.2553749084
150.811288184	1009.08081055	38.6460571289	31.2553749084
150.811288184	1009.08666992	38.6460571289	31.2553749084
150.811288185	1009.08666992	38.6460571289	31.2553749084
150.811288185	1009.08666992	38.6460571289	31.2553749084
150.811288185	1009.08666992	38.6460571289	31.2553749084
150.811288185	1009.08666992	38.6460571289	31.2553749084
150.811288185	1009.08666992	38.6460571289	31.2553749084
150.811288185	1009.08666992	38.6460571289	31.2553749084
150.811288185	1009.08666992	38.6460571289	31.2553749084
150.811288186	1009.08666992	38.6460571289	31.2553749084
150.811288186	1009.08666992	38.6460571289	31.2553749084
150.811288186	1009.08666992	38.6460571289	31.2553749084
150.811288186	1009.08666992	38.6460571289	31.2553749084
150.811288186	1009.08666992	38.6460571289	31.2553749084
150.811288186	1009.08666992	38.6460571289	31.2553749084
150.811288186	1009.08666992	38.6460571289	31.2553749084
150.811288187	1009.08666992	38.6460571289	31.2553749084
150.811288187	1009.08666992	38.6460571289	31.2553749084
150.811288187	1009.08666992	38.6460571289	31.2553749084
150.811288187	1009.08666992	38.6460571289	31.2553749084
150.811288187	1009.08666992	38.6460571289	31.2553749084
150.811288187	1009.08666992	38.6460571289	31.2553749084
150.811288187	1009.08666992	38.6460571289	31.2553749084
150.811288188	1009.08666992	38.6460571289	31.2553749084
150.811288188	1009.08666992	38.6460571289	31.2553749084
150.811288188	1009.08666992	38.6460571289	31.2553749084
150.811288188	1009.08666992	38.6460571289	31.2553749084
150.811288188	1009.08666992	38.6460571289	31.2553749084
150.811288188	1009.08666992	38.6460571289	31.2553749084
150.811288188	1009.09179688	38.6460571289	31.2553749084
150.811288189	1009.09179688	38.6460571289	31.2553749084
150.811288189	1009.09179688	38.6460571289	31.2553749084
150.811288189	1009.09179688	38.6460571289	31.2553749084
150.811288189	1009.09179688	38.6460571289	31.2553749084
150.811288189	1009.09179688	38.6460571289	31.2553749084
150.811288189	1009.09179688	38.6460571289	31.2553749084
150.81128819	1009.09179688	38.6460571289	31.2553749084
150.81128819	1009.09179688	38.6460571289	31.2553749084
150.81128819	1009.09179688	38.6460571289	31.2553749084
150.81128819	1009.09179688	38.6460571289	31.2553749084
150.81128819	1009.09179688	38.6460571289	31.2553749084
150.81128819	1009.09179688	38.6460571289	31.2553749084
150.81128819	1009.09179688	38.6460571289	31.2553749084
150.811288191	1009.09179688	38.6460571289	31.2553749084
150.811288191	1009.09179688	38.6460571289	31.2553749084
150.811288191	1009.09179688	38.6460571289	31.2553749084
150.811288191	1009.09179688	38.6460571289	31.2553749084
150.811288191	1009.09179688	38.6460571289	31.2370624542
150.811288191	1009.09179688	38.6460571289	31.2370624542
150.811288192	1009.09179688	39.0857086182	31.2370624542
150.811288192	1009.09179688	39.0857086182	31.2370624542
150.811288192	1009.09179688	39.0857086182	31.2370624542
150.811288192	1009.09179688	39.0857086182	31.2370624542
150.811288192	1009.09179688	39.0857086182	31.2370624542
150.811288192	1009.09179688	39.0857086182	31.2370624542
150.811288192	1009.09179688	39.0857086182	31.2370624542
150.811288193	1009.08813477	39.0857086182	31.2370624542
150.811288193	1009.08813477	39.0857086182	31.2370624542
150.811288193	1009.08813477	39.0857086182	31.2370624542
150.811288193	1009.08813477	39.0857086182	31.2370624542
150.811288193	1009.08813477	39.0857086182	31.2370624542
150.811288193	1009.08813477	39.0857086182	31.2370624542
150.811288193	1009.08813477	39.0857086182	31.2370624542
150.811288194	1009.08813477	39.0857086182	31.2370624542
150.811288194	1009.08813477	39.0857086182	31.2370624542
150.811288194	1009.08813477	39.0857086182	31.2370624542
150.811288194	1009.08813477	39.0857086182	31.2370624542
150.811288194	1009.08813477	39.0857086182	31.2370624542
150.811288194	1009.08813477	39.0857086182	31.2370624542
150.811288194	1009.08813477	39.0857086182	31.2370624542
150.811288195	1009.08813477	39.0857086182	31.2370624542
150.811288195	1009.08813477	39.0857086182	31.2370624542
150.811288195	1009.08813477	39.0857086182	31.2370624542
150.811288195	1009.08813477	39.0857086182	31.2370624542
150.811288195	1009.08813477	39.0857086182	31.2370624542
150.811288195	1009.08813477	39.0857086182	31.2370624542
150.811288195	1009.08813477	39.0857086182	31.2370624542
150.811288195	1009.08813477	39.0857086182	31.2370624542
150.811288196	1009.08813477	39.0857086182	31.2370624542
150.811288196	1009.08813477	39.0857086182	31.2370624542
150.811288196	1009.08813477	39.0857086182	31.2370624542
150.811288196	1009.08813477	39.0857086182	31.2370624542
150.811288196	1009.08813477	39.0857086182	31.2370624542
150.811288196	1009.08813477	39.0857086182	31.2370624542
150.811288196	1009.08813477	39.0857086182	31.2370624542
150.811288197	1009.08911133	39.0857086182	31.2370624542
150.811288197	1009.08911133	39.0857086182	31.2370624542
150.811288197	1009.08911133	39.0857086182	31.2370624542
150.811288197	1009.08911133	39.0857086182	31.2370624542
150.811288197	1009.08911133	39.0857086182	31.2370624542
150.811288197	1009.08911133	39.0857086182	31.2370624542
150.811288198	1009.08911133	39.0857086182	31.2370624542
150.811288198	1009.08911133	39.0857086182	31.2370624542
150.811288198	1009.08911133	39.0857086182	31.2370624542
150.811288198	1009.08911133	39.0857086182	31.2370624542
150.811288198	1009.08911133	39.0857086182	31.2370624542
150.811288198	1009.08911133	39.0857086182	31.2370624542
150.811288198	1009.08911133	39.0857086182	31.2370624542
150.811288198	1009.08911133	39.0857086182	31.2370624542
150.811288199	1009.08911133	39.0857086182	31.2370624542
150.811288199	1009.08911133	39.0857086182	31.2370624542
150.811288199	1009.08911133	39.0857086182	31.2370624542
150.811288199	1009.08911133	39.0857086182	31.2370624542
150.811288199	1009.08911133	39.0857086182	31.3469429016
150.811288199	1009.08911133	39.0857086182	31.3469429016
150.811288199	1009.08911133	37.8617172241	31.3469429016
150.8112882	1009.08911133	37.8617172241	31.3469429016
150.8112882	1009.08911133	37.8617172241	31.3469429016
150.8112882	1009.08911133	37.8617172241	31.3469429016
150.8112882	1009.08911133	37.8617172241	31.3469429016
150.811288201	1009.08911133	37.8617172241	31.3469429016
150.811288201	1009.09350586	37.8617172241	31.3469429016
150.811288201	1009.09350586	37.8617172241	31.3469429016
150.811288201	1009.09350586	37.8617172241	31.3469429016
150.811288202	1009.09350586	37.8617172241	31.3469429016
150.811288202	1009.09350586	37.8617172241	31.3469429016
150.811288202	1009.09350586	37.8617172241	31.3469429016
150.811288202	1009.09350586	37.8617172241	31.3469429016
150.811288203	1009.09350586	37.8617172241	31.3469429016
150.811288203	1009.09350586	37.8617172241	31.3469429016
150.811288203	1009.09350586	37.8617172241	31.3469429016
150.811288203	1009.09350586	37.8617172241	31.3469429016
150.811288203	1009.09350586	37.8617172241	31.3469429016
150.811288204	1009.09350586	37.8617172241	31.3469429016
150.811288204	1009.09350586	37.8617172241	31.3469429016
150.811288204	1009.09350586	37.8617172241	31.3469429016
150.811288204	1009.09350586	37.8617172241	31.3469429016
150.811288205	1009.09350586	37.8617172241	31.3469429016
150.811288205	1009.09741211	37.8617172241	31.3469429016
150.811288205	1009.09741211	37.8617172241	31.3469429016
150.811288205	1009.09741211	37.8617172241	31.3469429016
150.811288206	1009.09741211	37.8617172241	31.3469429016
150.811288206	1009.09741211	37.8617172241	31.3469429016
150.811288206	1009.09741211	37.8617172241	31.3469429016
150.811288206	1009.09741211	37.8617172241	31.3469429016
150.811288206	1009.09741211	37.8617172241	31.3469429016
150.811288207	1009.09741211	37.8617172241	31.2370624542
150.811288207	1009.09741211	36.7748985291	31.2370624542
150.811288208	1009.09741211	36.7748985291	31.2370624542
150.811288208	1009.09741211	36.7748985291	31.2370624542
150.811288208	1009.09741211	36.7748985291	31.2370624542
150.811288208	1009.09741211	36.7748985291	31.2370624542
150.811288209	1009.09741211	36.7748985291	31.2370624542
150.811288209	1009.10058594	36.7748985291	31.2370624542
150.811288209	1009.10058594	36.7748985291	31.2370624542
150.81128821	1009.10058594	36.7748985291	31.2370624542
150.81128821	1009.10058594	36.7748985291	31.2370624542
150.81128821	1009.10058594	36.7748985291	31.2370624542
150.81128821	1009.10058594	36.7748985291	31.2370624542
150.81128821	1009.10058594	36.7748985291	31.2370624542
150.811288211	1009.10058594	36.7748985291	31.2370624542
150.811288211	1009.10058594	36.7748985291	31.2370624542
150.811288211	1009.10058594	36.7748985291	31.2370624542
150.811288211	1009.10058594	36.7748985291	31.2370624542
150.811288212	1009.10058594	36.7748985291	31.2370624542
150.811288212	1009.10058594	36.7748985291	31.2370624542
150.811288212	1009.10058594	36.7748985291	31.2370624542
150.811288212	1009.10058594	36.7748985291	31.2370624542
150.811288212	1009.10058594	36.7748985291	31.2370624542
150.811288213	1009.10058594	36.7748985291	31.2370624542
150.811288213	1009.10083008	36.7748985291	31.2370624542
150.811288213	1009.10083008	36.7748985291	31.2370624542
150.811288214	1009.10083008	36.7748985291	31.2370624542
150.811288214	1009.10083008	36.7748985291	31.2370624542
150.811288214	1009.10083008	36.7748985291	31.2370624542
150.811288214	1009.10083008	36.7748985291	31.2370624542
150.811288214	1009.10083008	36.7748985291	31.2370624542
150.811288215	1009.10083008	36.7748985291	31.2370624542
150.811288215	1009.10083008	36.7748985291	31.2370624542
150.811288215	1009.10083008	36.7748985291	31.2370624542
150.811288215	1009.10083008	36.7748985291	31.1821231842
150.811288216	1009.10083008	40.985004425	31.1821231842
150.811288216	1009.10083008	40.985004425	31.1821231842
150.811288216	1009.10083008	40.985004425	31.1821231842
150.811288216	1009.10083008	40.985004425	31.1821231842
150.811288217	1009.10083008	40.985004425	31.1821231842
150.811288217	1009.10083008	40.985004425	31.1821231842
150.811288217	1009.10693359	40.985004425	31.1821231842
150.811288217	1009.10693359	40.985004425	31.1821231842
150.811288218	1009.10693359	40.985004425	31.1821231842
150.811288218	1009.10693359	40.985004425	31.1821231842
150.811288218	1009.10693359	40.985004425	31.1821231842
150.811288218	1009.10693359	40.985004425	31.1821231842
150.811288219	1009.10693359	40.985004425	31.1821231842
150.811288219	1009.10693359	40.985004425	31.1821231842
150.811288219	1009.10693359	40.985004425	31.1821231842
150.811288219	1009.10693359	40.985004425	31.1821231842
150.811288219	1009.10693359	40.985004425	31.1821231842
150.81128822	1009.10693359	40.985004425	31.1821231842
150.81128822	1009.10693359	40.985004425	31.1821231842
150.81128822	1009.10693359	40.985004425	31.1821231842
150.81128822	1009.10693359	40.985004425	31.1821231842
150.811288221	1009.10693359	40.985004425	31.1821231842
150.811288221	1009.10693359	40.985004425	31.1821231842
150.811288221	1009.10644531	40.985004425	31.1821231842
150.811288221	1009.10644531	40.985004425	31.1821231842
150.811288222	1009.10644531	40.985004425	31.1821231842
150.811288222	1009.10644531	40.985004425	31.1821231842
150.811288222	1009.10644531	40.985004425	31.1821231842
150.811288222	1009.10644531	40.985004425	31.1821231842
150.811288222	1009.10644531	40.985004425	31.1821231842
150.811288223	1009.10644531	40.985004425	31.1821231842
150.811288223	1009.10644531	40.985004425	31.1821231842
150.811288223	1009.10644531	40.985004425	31.1821231842
150.811288223	1009.10644531	40.985004425	31.3469429016
150.811288224	1009.10644531	36.5392456055	31.3469429016
150.811288224	1009.10644531	36.5392456055	31.3469429016
150.811288224	1009.10644531	36.5392456055	31.3469429016
150.811288224	1009.10644531	36.5392456055	31.3469429016
150.811288225	1009.10644531	36.5392456055	31.3469429016
150.811288225	1009.10644531	36.5392456055	31.3469429016
150.811288225	1009.10766602	36.5392456055	31.3469429016
150.811288226	1009.10766602	36.5392456055	31.3469429016
150.811288226	1009.10766602	36.5392456055	31.3469429016
150.811288226	1009.10766602	36.5392456055	31.3469429016
150.811288226	1009.10766602	36.5392456055	31.3469429016
150.811288226	1009.10766602	36.5392456055	31.3469429016
150.811288227	1009.10766602	36.5392456055	31.3469429016
150.811288227	1009.10766602	36.5392456055	31.3469429016
150.811288227	1009.10766602	36.5392456055	31.3469429016
150.811288227	1009.10766602	36.5392456055	31.3469429016
150.811288228	1009.10766602	36.5392456055	31.3469429016
150.811288228	1009.10766602	36.5392456055	31.3469429016
150.811288228	1009.10766602	36.5392456055	31.3469429016
150.811288228	1009.10766602	36.5392456055	31.3469429016
150.811288228	1009.10766602	36.5392456055	31.3469429016
150.811288229	1009.10766602	36.5392456055	31.3469429016
150.811288229	1009.10766602	36.5392456055	31.3469429016
150.811288229	1009.10766602	36.5392456055	31.3469429016
150.811288229	1009.11376953	36.5392456055	31.3469429016
150.81128823	1009.11376953	36.5392456055	31.3469429016
150.81128823	1009.11376953	36.5392456055	31.3469429016
150.81128823	1009.11376953	36.5392456055	31.3469429016
150.81128823	1009.11376953	36.5392456055	31.3469429016
150.811288231	1009.11376953	36.5392456055	31.3469429016
150.811288231	1009.11376953	36.5392456055	31.3469429016
150.811288231	1009.11376953	36.5392456055	31.3469429016
150.811288231	1009.11376953	36.5392456055	31.2553749084
150.811288232	1009.11376953	35.744354248	31.2553749084
150.811288232	1009.11376953	35.744354248	31.2553749084
150.811288232	1009.11376953	35.744354248	31.2553749084
150.811288232	1009.11376953	35.744354248	31.2553749084
150.811288233	1009.11376953	35.744354248	31.2553749084
150.811288233	1009.11376953	35.744354248	31.2553749084
150.811288233	1009.11376953	35.744354248	31.2553749084
150.811288233	1009.11254883	35.744354248	31.2553749084
150.811288234	1009.11254883	35.744354248	31.2553749084
150.811288234	1009.11254883	35.744354248	31.2553749084
150.811288234	1009.11254883	35.744354248	31.2553749084
150.811288234	1009.11254883	35.744354248	31.2553749084
150.811288235	1009.11254883	35.744354248	31.2553749084
150.811288235	1009.11254883	35.744354248	31.2553749084
150.811288235	1009.11254883	35.744354248	31.2553749084
150.811288235	1009.11254883	35.744354248	31.2553749084
150.811288235	1009.11254883	35.744354248	31.2553749084
150.811288236	1009.11254883	35.744354248	31.2553749084
150.811288236	1009.11254883	35.744354248	31.2553749084
150.811288236	1009.11254883	35.744354248	31.2553749084
150.811288236	1009.11254883	35.744354248	31.2553749084
150.811288237	1009.11254883	35.744354248	31.2553749084
150.811288237	1009.11254883	35.744354248	31.2553749084
150.811288237	1009.11254883	35.744354248	31.2553749084
150.811288237	1009.11254883	35.744354248	31.2553749084
150.811288237	1009.11083984	35.744354248	31.2553749084
150.811288238	1009.11083984	35.744354248	31.2553749084
150.811288238	1009.11083984	35.744354248	31.2553749084
150.811288238	1009.11083984	35.744354248	31.2553749084
150.811288239	1009.11083984	35.744354248	31.2553749084
150.811288239	1009.11083984	35.744354248	31.2553749084
150.811288239	1009.11083984	35.744354248	31.2553749084
150.811288239	1009.11083984	35.744354248	31.2553749084
150.811288239	1009.11083984	35.744354248	31.2920036316
150.81128824	1009.11083984	37.2954444885	31.2920036316
150.81128824	1009.11083984	37.2954444885	31.2920036316
150.81128824	1009.11083984	37.2954444885	31.2920036316
150.81128824	1009.11083984	37.2954444885	31.2920036316
150.811288241	1009.11083984	37.2954444885	31.2920036316
150.811288241	1009.11083984	37.2954444885	31.2920036316
150.811288241	1009.11083984	37.2954444885	31.2920036316
150.811288241	1009.11181641	37.2954444885	31.2920036316
150.811288242	1009.11181641	37.2954444885	31.2920036316
150.811288242	1009.11181641	37.2954444885	31.2920036316
150.811288242	1009.11181641	37.2954444885	31.2920036316
150.811288242	1009.11181641	37.2954444885	31.2920036316
150.811288243	1009.11181641	37.2954444885	31.2920036316
150.811288243	1009.11181641	37.2954444885	31.2920036316
150.811288243	1009.11181641	37.2954444885	31.2920036316
150.811288243	1009.11181641	37.2954444885	31.2920036316
150.811288244	1009.11181641	37.2954444885	31.2920036316
150.811288244	1009.11181641	37.2954444885	31.2920036316
150.811288244	1009.11181641	37.2954444885	31.2920036316
150.811288244	1009.11181641	37.2954444885	31.2920036316
150.811288244	1009.11181641	37.2954444885	31.2920036316
150.811288245	1009.11181641	37.2954444885	31.2920036316
150.811288245	1009.11181641	37.2954444885	31.2920036316
150.811288245	1009.11181641	37.2954444885	31.2920036316
150.811288245	1009.11181641	37.2954444885	31.2920036316
150.811288246	1009.1171875	37.2954444885	31.2920036316
150.811288246	1009.1171875	37.2954444885	31.2920036316
150.811288246	1009.1171875	37.2954444885	31.2920036316
150.811288246	1009.1171875	37.2954444885	31.2920036316
150.811288247	1009.1171875	37.2954444885	31.2920036316
150.811288247	1009.1171875	37.2954444885	31.2920036316
150.811288247	1009.1171875	37.2954444885	31.2920036316
150.811288247	1009.1171875	37.2954444885	31.2920036316
150.811288248	1009.1171875	37.2954444885	31.27368927
150.811288248	1009.1171875	41.0799713135	31.27368927
150.811288248	1009.1171875	41.0799713135	31.27368927
150.811288248	1009.1171875	41.0799713135	31.27368927
150.811288249	1009.1171875	41.0799713135	31.27368927
150.811288249	1009.1171875	41.0799713135	31.27368927
150.811288249	1009.1171875	41.0799713135	31.27368927
150.811288249	1009.1171875	41.0799713135	31.27368927
150.811288249	1009.11767578	41.0799713135	31.27368927
150.81128825	1009.11767578	41.0799713135	31.27368927
150.81128825	1009.11767578	41.0799713135	31.27368927
150.81128825	1009.11767578	41.0799713135	31.27368927
150.811288251	1009.11767578	41.0799713135	31.27368927
150.811288251	1009.11767578	41.0799713135	31.27368927
150.811288251	1009.11767578	41.0799713135	31.27368927
150.811288251	1009.11767578	41.0799713135	31.27368927
150.811288251	1009.11767578	41.0799713135	31.27368927
150.811288252	1009.11767578	41.0799713135	31.27368927
150.811288252	1009.11767578	41.0799713135	31.27368927
150.811288252	1009.11767578	41.0799713135	31.27368927
150.811288252	1009.11767578	41.0799713135	31.27368927
150.811288253	1009.11767578	41.0799713135	31.27368927
150.811288253	1009.11767578	41.0799713135	31.27368927
150.811288253	1009.11767578	41.0799713135	31.27368927
150.811288253	1009.11767578	41.0799713135	31.27368927
150.811288253	1009.11767578	41.0799713135	31.27368927
150.811288254	1009.11865234	41.0799713135	31.27368927
150.811288254	1009.11865234	41.0799713135	31.27368927
150.811288254	1009.11865234	41.0799713135	31.27368927
150.811288255	1009.11865234	41.0799713135	31.27368927
150.811288255	1009.11865234	41.0799713135	31.27368927
150.811288255	1009.11865234	41.0799713135	31.27368927
150.811288255	1009.11865234	41.0799713135	31.27368927
150.811288255	1009.11865234	41.0799713135	31.2370624542
150.811288256	1009.11865234	41.0799713135	31.2370624542
150.811288256	1009.11865234	38.9977798462	31.2370624542
150.811288256	1009.11865234	38.9977798462	31.2370624542
150.811288256	1009.11865234	38.9977798462	31.2370624542
150.811288257	1009.11865234	38.9977798462	31.2370624542
150.811288257	1009.11865234	38.9977798462	31.2370624542
150.811288257	1009.11865234	38.9977798462	31.2370624542
150.811288258	1009.11865234	38.9977798462	31.2370624542
150.811288258	1009.11303711	38.9977798462	31.2370624542
150.811288258	1009.11303711	38.9977798462	31.2370624542
150.811288258	1009.11303711	38.9977798462	31.2370624542
150.811288259	1009.11303711	38.9977798462	31.2370624542
150.811288259	1009.11303711	38.9977798462	31.2370624542
150.811288259	1009.11303711	38.9977798462	31.2370624542
150.811288259	1009.11303711	38.9977798462	31.2370624542
150.811288259	1009.11303711	38.9977798462	31.2370624542
150.81128826	1009.11303711	38.9977798462	31.2370624542
150.81128826	1009.11303711	38.9977798462	31.2370624542
150.81128826	1009.11303711	38.9977798462	31.2370624542
150.81128826	1009.11303711	38.9977798462	31.2370624542
150.811288261	1009.11303711	38.9977798462	31.2370624542
150.811288261	1009.11303711	38.9977798462	31.2370624542
150.811288261	1009.11303711	38.9977798462	31.2370624542
150.811288261	1009.11303711	38.9977798462	31.2370624542
150.811288261	1009.11303711	38.9977798462	31.2370624542
150.811288262	1009.11279297	38.9977798462	31.2370624542
150.811288262	1009.11279297	38.9977798462	31.2370624542
150.811288262	1009.11279297	38.9977798462	31.2370624542
150.811288263	1009.11279297	38.9977798462	31.2370624542
150.811288263	1009.11279297	38.9977798462	31.2370624542
150.811288263	1009.11279297	38.9977798462	31.2370624542
150.811288263	1009.11279297	38.9977798462	31.2370624542
150.811288263	1009.11279297	38.9977798462	31.2370624542
150.811288264	1009.11279297	38.9977798462	31.2553749084
150.811288264	1009.11279297	37.3341369629	31.2553749084
150.811288264	1009.11279297	37.3341369629	31.2553749084
150.811288264	1009.11279297	37.3341369629	31.2553749084
150.811288265	1009.11279297	37.3341369629	31.2553749084
150.811288265	1009.11279297	37.3341369629	31.2553749084
150.811288265	1009.11279297	37.3341369629	31.2553749084
150.811288265	1009.11279297	37.3341369629	31.2553749084
150.811288266	1009.11279297	37.3341369629	31.2553749084
150.811288266	1009.10913086	37.3341369629	31.2553749084
150.811288266	1009.10913086	37.3341369629	31.2553749084
150.811288266	1009.10913086	37.3341369629	31.2553749084
150.811288267	1009.10913086	37.3341369629	31.2553749084
150.811288267	1009.10913086	37.3341369629	31.2553749084
150.811288267	1009.10913086	37.3341369629	31.2553749084
150.811288267	1009.10913086	37.3341369629	31.2553749084
150.811288268	1009.10913086	37.3341369629	31.2553749084
150.811288268	1009.10913086	37.3341369629	31.2553749084
150.811288268	1009.10913086	37.3341369629	31.2553749084
150.811288268	1009.10913086	37.3341369629	31.2553749084
150.811288268	1009.10913086	37.3341369629	31.2553749084
150.811288269	1009.10913086	37.3341369629	31.2553749084
150.811288269	1009.10913086	37.3341369629	31.2553749084
150.811288269	1009.10913086	37.3341369629	31.2553749084
150.811288269	1009.10913086	37.3341369629	31.2553749084
150.81128827	1009.10913086	37.3341369629	31.2553749084
150.81128827	1009.10913086	37.3341369629	31.2553749084
150.81128827	1009.1105957	37.3341369629	31.2553749084
150.81128827	1009.1105957	37.3341369629	31.2553749084
150.811288271	1009.1105957	37.3341369629	31.2553749084
150.811288271	1009.1105957	37.3341369629	31.2553749084
150.811288271	1009.1105957	37.3341369629	31.2553749084
150.811288271	1009.1105957	37.3341369629	31.2553749084
150.811288272	1009.1105957	37.3341369629	31.3469429016
150.811288272	1009.1105957	39.5464630127	31.3469429016
150.811288272	1009.1105957	39.5464630127	31.3469429016
150.811288272	1009.1105957	39.5464630127	31.3469429016
150.811288273	1009.1105957	39.5464630127	31.3469429016
150.811288273	1009.1105957	39.5464630127	31.3469429016
150.811288273	1009.1105957	39.5464630127	31.3469429016
150.811288273	1009.1105957	39.5464630127	31.3469429016
150.811288273	1009.1105957	39.5464630127	31.3469429016
150.811288274	1009.1105957	39.5464630127	31.3469429016
150.811288274	1009.10522461	39.5464630127	31.3469429016
150.811288274	1009.10522461	39.5464630127	31.3469429016
150.811288275	1009.10522461	39.5464630127	31.3469429016
150.811288275	1009.10522461	39.5464630127	31.3469429016
150.811288275	1009.10522461	39.5464630127	31.3469429016
150.811288275	1009.10522461	39.5464630127	31.3469429016
150.811288275	1009.10522461	39.5464630127	31.3469429016
150.811288276	1009.10522461	39.5464630127	31.3469429016
150.811288276	1009.10522461	39.5464630127	31.3469429016
150.811288276	1009.10522461	39.5464630127	31.3469429016
150.811288276	1009.10522461	39.5464630127	31.3469429016
150.811288277	1009.10522461	39.5464630127	31.3469429016
150.811288277	1009.10522461	39.5464630127	31.3469429016
150.811288277	1009.10522461	39.5464630127	31.3469429016
150.811288277	1009.10522461	39.5464630127	31.3469429016
150.811288277	1009.10522461	39.5464630127	31.3469429016
150.811288278	1009.10522461	39.5464630127	31.3469429016
150.811288278	1009.10522461	39.5464630127	31.3469429016
150.811288278	1009.10620117	39.5464630127	31.3469429016
150.811288279	1009.10620117	39.5464630127	31.3469429016
150.811288279	1009.10620117	39.5464630127	31.3469429016
150.811288279	1009.10620117	39.5464630127	31.3469429016
150.811288279	1009.10620117	39.5464630127	31.3469429016
150.811288279	1009.10620117	39.5464630127	31.3469429016
150.81128828	1009.10620117	39.5464630127	31.2370624542
150.81128828	1009.10620117	39.5781173706	31.2370624542
150.81128828	1009.10620117	39.5781173706	31.2370624542
150.81128828	1009.10620117	39.5781173706	31.2370624542
150.811288281	1009.10620117	39.5781173706	31.2370624542
150.811288281	1009.10620117	39.5781173706	31.2370624542
150.811288281	1009.10620117	39.5781173706	31.2370624542
150.811288281	1009.10620117	39.5781173706	31.2370624542
150.811288282	1009.10620117	39.5781173706	31.2370624542
150.811288282	1009.10620117	39.5781173706	31.2370624542
150.811288282	1009.10620117	39.5781173706	31.2370624542
150.811288282	1009.10205078	39.5781173706	31.2370624542
150.811288283	1009.10205078	39.5781173706	31.2370624542
150.811288283	1009.10205078	39.5781173706	31.2370624542
150.811288283	1009.10205078	39.5781173706	31.2370624542
150.811288283	1009.10205078	39.5781173706	31.2370624542
150.811288284	1009.10205078	39.5781173706	31.2370624542
150.811288284	1009.10205078	39.5781173706	31.2370624542
150.811288284	1009.10205078	39.5781173706	31.2370624542
150.811288284	1009.10205078	39.5781173706	31.2370624542
150.811288284	1009.10205078	39.5781173706	31.2370624542
150.811288285	1009.10205078	39.5781173706	31.2370624542
150.811288285	1009.10205078	39.5781173706	31.2370624542
150.811288285	1009.10205078	39.5781173706	31.2370624542
150.811288285	1009.10205078	39.5781173706	31.2370624542
150.811288286	1009.10205078	39.5781173706	31.2370624542
150.811288286	1009.10205078	39.5781173706	31.2370624542
150.811288286	1009.10205078	39.5781173706	31.2370624542
150.811288286	1009.10620117	39.5781173706	31.2370624542
150.811288287	1009.10620117	39.5781173706	31.2370624542
150.811288287	1009.10620117	39.5781173706	31.2370624542
150.811288287	1009.10620117	39.5781173706	31.2370624542
150.811288287	1009.10620117	39.5781173706	31.2370624542
150.811288287	1009.10620117	39.5781173706	31.2370624542
150.811288288	1009.10620117	39.5781173706	31.3103141785
150.811288288	1009.10620117	38.9942626953	31.3103141785
150.811288288	1009.10620117	38.9942626953	31.3103141785
150.811288289	1009.10620117	38.9942626953	31.3103141785
150.811288289	1009.10620117	38.9942626953	31.3103141785
150.811288289	1009.10620117	38.9942626953	31.3103141785
150.811288289	1009.10620117	38.9942626953	31.3103141785
150.811288289	1009.10620117	38.9942626953	31.3103141785
150.81128829	1009.10620117	38.9942626953	31.3103141785
150.81128829	1009.10620117	38.9942626953	31.3103141785
150.81128829	1009.10620117	38.9942626953	31.3103141785
150.81128829	1009.11157227	38.9942626953	31.3103141785
150.811288291	1009.11157227	38.9942626953	31.3103141785
150.811288291	1009.11157227	38.9942626953	31.3103141785
150.811288291	1009.11157227	38.9942626953	31.3103141785
150.811288291	1009.11157227	38.9942626953	31.3103141785
150.811288292	1009.11157227	38.9942626953	31.3103141785
150.811288292	1009.11157227	38.9942626953	31.3103141785
150.811288292	1009.11157227	38.9942626953	31.3103141785
150.811288292	1009.11157227	38.9942626953	31.3103141785
150.811288293	1009.11157227	38.9942626953	31.3103141785
150.811288293	1009.11157227	38.9942626953	31.3103141785
150.811288293	1009.11157227	38.9942626953	31.3103141785
150.811288293	1009.11157227	38.9942626953	31.3103141785
150.811288293	1009.11157227	38.9942626953	31.3103141785
150.811288294	1009.11157227	38.9942626953	31.3103141785
150.811288294	1009.11157227	38.9942626953	31.3103141785
150.811288294	1009.11157227	38.9942626953	31.3103141785
150.811288294	1009.11669922	38.9942626953	31.3103141785
150.811288295	1009.11669922	38.9942626953	31.3103141785
150.811288295	1009.11669922	38.9942626953	31.3103141785
150.811288295	1009.11669922	38.9942626953	31.3103141785
150.811288295	1009.11669922	38.9942626953	31.3103141785
150.811288296	1009.11669922	38.9942626953	31.3103141785
150.811288296	1009.11669922	38.9942626953	31.3103141785
150.811288296	1009.11669922	38.5053672791	31.3103141785
150.811288296	1009.11669922	38.5053672791	31.3103141785
150.811288297	1009.11669922	38.5053672791	31.3103141785
150.811288297	1009.11669922	38.5053672791	31.3103141785
150.811288297	1009.11669922	38.5053672791	31.3103141785
150.811288297	1009.11669922	38.5053672791	31.3103141785
150.811288298	1009.11669922	38.5053672791	31.3103141785
150.811288298	1009.11669922	38.5053672791	31.3103141785
150.811288298	1009.11669922	38.5053672791	31.3103141785
150.811288298	1009.11669922	38.5053672791	31.3103141785
150.811288298	1009.11352539	38.5053672791	31.3103141785
150.811288299	1009.11352539	38.5053672791	31.3103141785
150.811288299	1009.11352539	38.5053672791	31.3103141785
150.811288299	1009.11352539	38.5053672791	31.3103141785
150.8112883	1009.11352539	38.5053672791	31.3103141785
150.8112883	1009.11352539	38.5053672791	31.3103141785
150.8112883	1009.11352539	38.5053672791	31.3103141785
150.8112883	1009.11352539	38.5053672791	31.3103141785
150.8112883	1009.11352539	38.5053672791	31.3103141785
150.811288301	1009.11352539	38.5053672791	31.3103141785
150.811288301	1009.11352539	38.5053672791	31.3103141785
150.811288301	1009.11352539	38.5053672791	31.3103141785
150.811288301	1009.11352539	38.5053672791	31.3103141785
150.811288302	1009.11352539	38.5053672791	31.3103141785
150.811288302	1009.11352539	38.5053672791	31.3103141785
150.811288302	1009.11352539	38.5053672791	31.3103141785
150.811288302	1009.11352539	38.5053672791	31.3103141785
150.811288302	1009.11352539	38.5053672791	31.3103141785
150.811288303	1009.10620117	38.5053672791	31.3103141785
150.811288303	1009.10620117	38.5053672791	31.3103141785
150.811288303	1009.10620117	38.5053672791	31.3103141785
150.811288303	1009.10620117	38.5053672791	31.3103141785
150.811288304	1009.10620117	38.5053672791	31.3103141785
150.811288304	1009.10620117	38.5053672791	31.27368927
150.811288304	1009.10620117	34.8228416443	31.27368927
150.811288305	1009.10620117	34.8228416443	31.27368927
150.811288305	1009.10620117	34.8228416443	31.27368927
150.811288305	1009.10620117	34.8228416443	31.27368927
150.811288305	1009.10620117	34.8228416443	31.27368927
150.811288305	1009.10620117	34.8228416443	31.27368927
150.811288306	1009.10620117	34.8228416443	31.27368927
150.811288306	1009.10620117	34.8228416443	31.27368927
150.811288306	1009.10620117	34.8228416443	31.27368927
150.811288306	1009.10620117	34.8228416443	31.27368927
150.811288307	1009.10644531	34.8228416443	31.27368927
150.811288307	1009.10644531	34.8228416443	31.27368927
150.811288307	1009.10644531	34.8228416443	31.27368927
150.811288307	1009.10644531	34.8228416443	31.27368927
150.811288308	1009.10644531	34.8228416443	31.27368927
150.811288308	1009.10644531	34.8228416443	31.27368927
150.811288308	1009.10644531	34.8228416443	31.27368927
150.811288308	1009.10644531	34.8228416443	31.27368927
150.811288309	1009.10644531	34.8228416443	31.27368927
150.811288309	1009.10644531	34.8228416443	31.27368927
150.811288309	1009.10644531	34.8228416443	31.27368927
150.811288309	1009.10644531	34.8228416443	31.27368927
150.811288309	1009.10644531	34.8228416443	31.27368927
150.81128831	1009.10644531	34.8228416443	31.27368927
150.81128831	1009.10644531	34.8228416443	31.27368927
150.81128831	1009.10644531	34.8228416443	31.27368927
150.81128831	1009.10644531	34.8228416443	31.27368927
150.811288311	1009.10644531	34.8228416443	31.27368927
150.811288311	1009.10986328	34.8228416443	31.27368927
150.811288311	1009.10986328	34.8228416443	31.27368927
150.811288311	1009.10986328	34.8228416443	31.27368927
150.811288312	1009.10986328	34.8228416443	31.27368927
150.811288312	1009.10986328	34.8228416443	31.3652553558
150.811288312	1009.10986328	37.7948913574	31.3652553558
150.811288312	1009.10986328	37.7948913574	31.3652553558
150.811288313	1009.10986328	37.7948913574	31.3652553558
150.811288313	1009.10986328	37.7948913574	31.3652553558
150.811288313	1009.10986328	37.7948913574	31.3652553558
150.811288313	1009.10986328	37.7948913574	31.3652553558
150.811288314	1009.10986328	37.7948913574	31.3652553558
150.811288314	1009.10986328	37.7948913574	31.3652553558
150.811288314	1009.10986328	37.7948913574	31.3652553558
150.811288314	1009.10986328	37.7948913574	31.3652553558
150.811288314	1009.10986328	37.7948913574	31.3652553558
150.811288315	1009.10449219	37.7948913574	31.3652553558
150.811288315	1009.10449219	37.7948913574	31.3652553558
150.811288315	1009.10449219	37.7948913574	31.3652553558
150.811288316	1009.10449219	37.7948913574	31.3652553558
150.811288316	1009.10449219	37.7948913574	31.3652553558
150.811288316	1009.10449219	37.7948913574	31.3652553558
150.811288316	1009.10449219	37.7948913574	31.3652553558
150.811288316	1009.10449219	37.7948913574	31.3652553558
150.811288317	1009.10449219	37.7948913574	31.3652553558
150.811288317	1009.10449219	37.7948913574	31.3652553558
150.811288317	1009.10449219	37.7948913574	31.3652553558
150.811288317	1009.10449219	37.7948913574	31.3652553558
150.811288318	1009.10449219	37.7948913574	31.3652553558
150.811288318	1009.10449219	37.7948913574	31.3652553558
150.811288318	1009.10449219	37.7948913574	31.3652553558
150.811288318	1009.10449219	37.7948913574	31.3652553558
150.811288318	1009.10449219	37.7948913574	31.3652553558
150.811288319	1009.10449219	37.7948913574	31.3652553558
150.811288319	1009.09667969	37.7948913574	31.3652553558
150.811288319	1009.09667969	37.7948913574	31.3652553558
150.811288319	1009.09667969	37.7948913574	31.3652553558
150.81128832	1009.09667969	37.7948913574	31.3652553558
150.81128832	1009.09667969	37.7948913574	31.2920036316
150.81128832	1009.09667969	40.675491333	31.2920036316
150.811288321	1009.09667969	40.675491333	31.2920036316
150.811288321	1009.09667969	40.675491333	31.2920036316
150.811288321	1009.09667969	40.675491333	31.2920036316
150.811288321	1009.09667969	40.675491333	31.2920036316
150.811288321	1009.09667969	40.675491333	31.2920036316
150.811288322	1009.09667969	40.675491333	31.2920036316
150.811288322	1009.09667969	40.675491333	31.2920036316
150.811288322	1009.09667969	40.675491333	31.2920036316
150.811288322	1009.09667969	40.675491333	31.2920036316
150.811288323	1009.09667969	40.675491333	31.2920036316
150.811288323	1009.09667969	40.675491333	31.2920036316
150.811288323	1009.09667969	40.675491333	31.2920036316
150.811288323	1009.09667969	40.675491333	31.2920036316
150.811288324	1009.09667969	40.675491333	31.2920036316
150.811288324	1009.09667969	40.675491333	31.2920036316
150.811288324	1009.09667969	40.675491333	31.2920036316
150.811288324	1009.09667969	40.675491333	31.2920036316
150.811288325	1009.09667969	40.675491333	31.2920036316
150.811288325	1009.09667969	40.675491333	31.2920036316
150.811288325	1009.09667969	40.675491333	31.2920036316
150.811288325	1009.09667969	40.675491333	31.2920036316
150.811288325	1009.09667969	40.675491333	31.2920036316
150.811288326	1009.09667969	40.675491333	31.2920036316
150.811288326	1009.09667969	40.675491333	31.2920036316
150.811288326	1009.09667969	40.675491333	31.2920036316
150.811288326	1009.09667969	40.675491333	31.2920036316
150.811288327	1009.09667969	40.675491333	31.2920036316
150.811288327	1009.09667969	40.675491333	31.2920036316
150.811288327	1009.09765625	40.675491333	31.2920036316
150.811288327	1009.09765625	40.675491333	31.2920036316
150.811288328	1009.09765625	40.675491333	31.2920036316
150.811288328	1009.09765625	40.675491333	31.2920036316
150.811288328	1009.09765625	40.675491333	31.1454963684
150.811288328	1009.09765625	36.2332458496	31.1454963684
150.811288329	1009.09765625	36.2332458496	31.1454963684
150.811288329	1009.09765625	36.2332458496	31.1454963684
150.811288329	1009.09765625	36.2332458496	31.1454963684
150.811288329	1009.09765625	36.2332458496	31.1454963684
150.81128833	1009.09765625	36.2332458496	31.1454963684
150.81128833	1009.09765625	36.2332458496	31.1454963684
150.81128833	1009.09765625	36.2332458496	31.1454963684
150.81128833	1009.09765625	36.2332458496	31.1454963684
150.81128833	1009.09765625	36.2332458496	31.1454963684
150.811288331	1009.09765625	36.2332458496	31.1454963684
150.811288331	1009.09765625	36.2332458496	31.1454963684
150.811288331	1009.09423828	36.2332458496	31.1454963684
150.811288332	1009.09423828	36.2332458496	31.1454963684
150.811288332	1009.09423828	36.2332458496	31.1454963684
150.811288332	1009.09423828	36.2332458496	31.1454963684
150.811288332	1009.09423828	36.2332458496	31.1454963684
150.811288333	1009.09423828	36.2332458496	31.1454963684
150.811288333	1009.09423828	36.2332458496	31.1454963684
150.811288333	1009.09423828	36.2332458496	31.1454963684
150.811288333	1009.09423828	36.2332458496	31.1454963684
150.811288334	1009.09423828	36.2332458496	31.1454963684
150.811288334	1009.09423828	36.2332458496	31.1454963684
150.811288334	1009.09423828	36.2332458496	31.1454963684
150.811288334	1009.09423828	36.2332458496	31.1454963684
150.811288334	1009.09423828	36.2332458496	31.1454963684
150.811288335	1009.09423828	36.2332458496	31.1454963684
150.811288335	1009.09423828	36.2332458496	31.1454963684
150.811288335	1009.09448242	36.2332458496	31.1454963684
150.811288336	1009.09448242	36.2332458496	31.1454963684
150.811288336	1009.09448242	36.2332458496	31.1454963684
150.811288336	1009.09448242	36.2332458496	31.2553749084
150.811288336	1009.09448242	40.0951499939	31.2553749084
150.811288337	1009.09448242	40.0951499939	31.2553749084
150.811288337	1009.09448242	40.0951499939	31.2553749084
150.811288337	1009.09448242	40.0951499939	31.2553749084
150.811288337	1009.09448242	40.0951499939	31.2553749084
150.811288337	1009.09448242	40.0951499939	31.2553749084
150.811288338	1009.09448242	40.0951499939	31.2553749084
150.811288338	1009.09448242	40.0951499939	31.2553749084
