0.878125591661	1500
time	pressure	humidity	temperature
150.811286633	1006.89746094	36.1987571716	33.3060112
150.811286634	1006.89746094	36.1987571716	33.3060112
150.811286634	1006.89746094	36.1987571716	33.3060112
150.811286635	1006.89746094	36.1987571716	33.3060112
150.811286635	1006.89477539	36.1987571716	33.3060112
150.811286635	1006.89477539	36.1987571716	33.3060112
150.811286636	1006.89477539	36.1987571716	33.3060112
150.811286636	1006.89477539	36.1987571716	33.3060112
150.811286636	1006.89477539	36.1987571716	33.3060112
150.811286636	1006.89477539	36.1987571716	33.3060112
150.811286636	1006.89477539	36.1987571716	33.3060112
150.811286637	1006.89477539	36.1987571716	33.3060112
150.811286637	1006.89477539	36.1987571716	33.3060112
150.811286637	1006.89477539	36.1987571716	33.2518081665
150.811286637	1006.89477539	33.3073120117	33.2518081665
150.811286638	1006.89477539	33.3073120117	33.2518081665
150.811286638	1006.89477539	33.3073120117	33.2518081665
150.811286638	1006.89477539	33.3073120117	33.2518081665
150.811286638	1006.89477539	33.3073120117	33.2518081665
150.811286639	1006.89477539	33.3073120117	33.2518081665
150.811286639	1006.89428711	33.3073120117	33.2518081665
150.811286639	1006.89428711	33.3073120117	33.2518081665
150.811286639	1006.89428711	33.3073120117	33.2518081665
150.81128664	1006.89428711	33.3073120117	33.2518081665
150.81128664	1006.89428711	33.3073120117	33.2518081665
150.81128664	1006.89428711	33.3073120117	33.2518081665
150.81128664	1006.89428711	33.3073120117	33.2518081665
150.811286641	1006.89428711	33.3073120117	33.2518081665
150.811286641	1006.89428711	33.3073120117	33.2518081665
150.811286641	1006.89428711	33.3073120117	33.2518081665
150.811286641	1006.89428711	33.3073120117	33.2518081665
150.811286641	1006.89428711	33.3073120117	33.2518081665
150.811286642	1006.89428711	33.3073120117	33.2518081665
150.811286642	1006.89428711	33.3073120117	33.2518081665
150.811286642	1006.89428711	33.3073120117	33.2518081665
150.811286642	1006.89428711	33.3073120117	33.2518081665
150.811286643	1006.89428711	33.3073120117	33.2518081665
150.811286643	1006.89501953	33.3073120117	33.2518081665
150.811286643	1006.89501953	33.3073120117	33.2518081665
150.811286643	1006.89501953	33.3073120117	33.2518081665
150.811286644	1006.89501953	33.3073120117	33.2518081665
150.811286644	1006.89501953	33.3073120117	33.2518081665
150.811286644	1006.89501953	33.3073120117	33.2518081665
150.811286644	1006.89501953	33.3073120117	33.2518081665
150.811286644	1006.89501953	33.3073120117	33.2518081665
150.811286645	1006.89501953	33.3073120117	33.2518081665
150.811286645	1006.89501953	33.3073120117	33.2518081665
150.811286645	1006.89501953	33.3073120117	33.2518081665
150.811286645	1006.89501953	33.3073120117	33.0891914368
150.811286646	1006.89501953	35.2339248657	33.0891914368
150.811286646	1006.89501953	35.2339248657	33.0891914368
150.811286646	1006.89501953	35.2339248657	33.0891914368
150.811286646	1006.89501953	35.2339248657	33.0891914368
150.811286647	1006.89135742	35.2339248657	33.0891914368
150.811286647	1006.89135742	35.2339248657	33.0891914368
150.811286647	1006.89135742	35.2339248657	33.0891914368
150.811286647	1006.89135742	35.2339248657	33.0891914368
150.811286648	1006.89135742	35.2339248657	33.0891914368
150.811286648	1006.89135742	35.2339248657	33.0891914368
150.811286648	1006.89135742	35.2339248657	33.0891914368
150.811286648	1006.89135742	35.2339248657	33.0891914368
150.811286649	1006.89135742	35.2339248657	33.0891914368
150.811286649	1006.89135742	35.2339248657	33.0891914368
150.811286649	1006.89135742	35.2339248657	33.0891914368
150.811286649	1006.89135742	35.2339248657	33.0891914368
150.811286649	1006.89135742	35.2339248657	33.0891914368
150.81128665	1006.89135742	35.2339248657	33.0891914368
150.81128665	1006.89135742	35.2339248657	33.0891914368
150.81128665	1006.89135742	35.2339248657	33.0891914368
150.81128665	1006.89135742	35.2339248657	33.0891914368
150.811286651	1006.88647461	35.2339248657	33.0891914368
150.811286651	1006.88647461	35.2339248657	33.0891914368
150.811286651	1006.88647461	35.2339248657	33.0891914368
150.811286651	1006.88647461	35.2339248657	33.0891914368
150.811286652	1006.88647461	35.2339248657	33.0891914368
150.811286652	1006.88647461	35.2339248657	33.0891914368
150.811286652	1006.88647461	35.2339248657	33.0891914368
150.811286652	1006.88647461	35.2339248657	33.0891914368
150.811286653	1006.88647461	35.2339248657	33.0891914368
150.811286653	1006.88647461	35.2339248657	33.0891914368
150.811286653	1006.88647461	35.2339248657	33.0891914368
150.811286653	1006.88647461	35.2339248657	33.0891914368
150.811286653	1006.88647461	35.2339248657	33.3240814209
150.811286654	1006.88647461	35.4812393188	33.3240814209
150.811286654	1006.88647461	35.4812393188	33.3240814209
150.811286654	1006.88647461	35.4812393188	33.3240814209
150.811286654	1006.88476562	35.4812393188	33.3240814209
150.811286655	1006.88476562	35.4812393188	33.3240814209
150.811286655	1006.88476562	35.4812393188	33.3240814209
150.811286655	1006.88476562	35.4812393188	33.3240814209
150.811286656	1006.88476562	35.4812393188	33.3240814209
150.811286656	1006.88476562	35.4812393188	33.3240814209
150.811286656	1006.88476562	35.4812393188	33.3240814209
150.811286656	1006.88476562	35.4812393188	33.3240814209
150.811286656	1006.88476562	35.4812393188	33.3240814209
150.811286657	1006.88476562	35.4812393188	33.3240814209
150.811286657	1006.88476562	35.4812393188	33.3240814209
150.811286657	1006.88476562	35.4812393188	33.3240814209
150.811286657	1006.88476562	35.4812393188	33.3240814209
150.811286658	1006.88476562	35.4812393188	33.3240814209
150.811286658	1006.88476562	35.4812393188	33.3240814209
150.811286658	1006.88476562	35.4812393188	33.3240814209
150.811286658	1006.88476562	35.4812393188	33.3240814209
150.811286658	1006.88256836	35.4812393188	33.3240814209
150.811286659	1006.88256836	35.4812393188	33.3240814209
150.811286659	1006.88256836	35.4812393188	33.3240814209
150.811286659	1006.88256836	35.4812393188	33.3240814209
150.81128666	1006.88256836	35.4812393188	33.3240814209
150.81128666	1006.88256836	35.4812393188	33.3240814209
150.81128666	1006.88256836	35.4812393188	33.3240814209
150.81128666	1006.88256836	35.4812393188	33.3240814209
150.81128666	1006.88256836	35.4812393188	33.3240814209
150.811286661	1006.88256836	35.4812393188	33.3240814209
150.811286661	1006.88256836	35.4812393188	33.3240814209
150.811286661	1006.88256836	35.4812393188	33.3240814209
150.811286661	1006.88256836	35.4812393188	33.3240814209
150.811286662	1006.88256836	35.4812393188	33.2698745728
150.811286662	1006.88256836	36.8399429321	33.2698745728
150.811286662	1006.88256836	36.8399429321	33.2698745728
150.811286662	1006.88256836	36.8399429321	33.2698745728
150.811286663	1006.8840332	36.8399429321	33.2698745728
150.811286663	1006.8840332	36.8399429321	33.2698745728
150.811286663	1006.8840332	36.8399429321	33.2698745728
150.811286663	1006.8840332	36.8399429321	33.2698745728
150.811286664	1006.8840332	36.8399429321	33.2698745728
150.811286664	1006.8840332	36.8399429321	33.2698745728
150.811286664	1006.8840332	36.8399429321	33.2698745728
150.811286664	1006.8840332	36.8399429321	33.2698745728
150.811286665	1006.8840332	36.8399429321	33.2698745728
150.811286665	1006.8840332	36.8399429321	33.2698745728
150.811286665	1006.8840332	36.8399429321	33.2698745728
150.811286665	1006.8840332	36.8399429321	33.2698745728
150.811286665	1006.8840332	36.8399429321	33.2698745728
150.811286666	1006.8840332	36.8399429321	33.2698745728
150.811286666	1006.8840332	36.8399429321	33.2698745728
150.811286666	1006.8840332	36.8399429321	33.2698745728
150.811286666	1006.8840332	36.8399429321	33.2698745728
150.811286667	1006.87988281	36.8399429321	33.2698745728
150.811286667	1006.87988281	36.8399429321	33.2698745728
150.811286667	1006.87988281	36.8399429321	33.2698745728
150.811286667	1006.87988281	36.8399429321	33.2698745728
150.811286668	1006.87988281	36.8399429321	33.2698745728
150.811286668	1006.87988281	36.8399429321	33.2698745728
150.811286668	1006.87988281	36.8399429321	33.2698745728
150.811286668	1006.87988281	36.8399429321	33.2698745728
150.811286668	1006.87988281	36.8399429321	33.2698745728
150.811286669	1006.87988281	36.8399429321	33.2698745728
150.811286669	1006.87988281	36.8399429321	33.2698745728
150.811286669	1006.87988281	36.8399429321	33.2698745728
150.811286669	1006.87988281	36.8399429321	33.2698745728
150.81128667	1006.87988281	36.8399429321	33.2698745728
150.81128667	1006.87988281	36.8399429321	33.1795349121
150.81128667	1006.87988281	34.3729019165	33.1795349121
150.81128667	1006.88037109	34.3729019165	33.1795349121
150.811286671	1006.88037109	34.3729019165	33.1795349121
150.811286671	1006.88037109	34.3729019165	33.1795349121
150.811286671	1006.88037109	34.3729019165	33.1795349121
150.811286672	1006.88037109	34.3729019165	33.1795349121
150.811286672	1006.88037109	34.3729019165	33.1795349121
150.811286672	1006.88037109	34.3729019165	33.1795349121
150.811286672	1006.88037109	34.3729019165	33.1795349121
150.811286672	1006.88037109	34.3729019165	33.1795349121
150.811286673	1006.88037109	34.3729019165	33.1795349121
150.811286673	1006.88037109	34.3729019165	33.1795349121
150.811286673	1006.88037109	34.3729019165	33.1795349121
150.811286673	1006.88037109	34.3729019165	33.1795349121
150.811286674	1006.88037109	34.3729019165	33.1795349121
150.811286674	1006.88037109	34.3729019165	33.1795349121
150.811286674	1006.88037109	34.3729019165	33.1795349121
150.811286674	1006.88037109	34.3729019165	33.1795349121
150.811286674	1006.88208008	34.3729019165	33.1795349121
150.811286675	1006.88208008	34.3729019165	33.1795349121
150.811286675	1006.88208008	34.3729019165	33.1795349121
150.811286675	1006.88208008	34.3729019165	33.1795349121
150.811286675	1006.88208008	34.3729019165	33.1795349121
150.811286676	1006.88208008	34.3729019165	33.1795349121
150.811286676	1006.88208008	34.3729019165	33.1795349121
150.811286676	1006.88208008	34.3729019165	33.1795349121
150.811286676	1006.88208008	34.3729019165	33.1795349121
150.811286677	1006.88208008	34.3729019165	33.1795349121
150.811286677	1006.88208008	34.3729019165	33.1795349121
150.811286677	1006.88208008	34.3729019165	33.1795349121
150.811286677	1006.88208008	34.3729019165	33.1795349121
150.811286677	1006.88208008	34.3729019165	33.1795349121
150.811286678	1006.88208008	34.3729019165	33.1795349121
150.811286678	1006.88208008	34.3729019165	33.3060112
150.811286678	1006.88208008	34.1194801331	33.3060112
150.811286679	1006.87695312	34.1194801331	33.3060112
150.811286679	1006.87695312	34.1194801331	33.3060112
150.811286679	1006.87695312	34.1194801331	33.3060112
150.811286679	1006.87695312	34.1194801331	33.3060112
150.81128668	1006.87695312	34.1194801331	33.3060112
150.81128668	1006.87695312	34.1194801331	33.3060112
150.81128668	1006.87695312	34.1194801331	33.3060112
150.81128668	1006.87695312	34.1194801331	33.3060112
150.81128668	1006.87695312	34.1194801331	33.3060112
150.811286681	1006.87695312	34.1194801331	33.3060112
150.811286681	1006.87695312	34.1194801331	33.3060112
150.811286681	1006.87695312	34.1194801331	33.3060112
150.811286681	1006.87695312	34.1194801331	33.3060112
150.811286682	1006.87695312	34.1194801331	33.3060112
150.811286682	1006.87695312	34.1194801331	33.3060112
150.811286682	1006.87695312	34.1194801331	33.3060112
150.811286682	1006.87475586	34.1194801331	33.3060112
150.811286683	1006.87475586	34.1194801331	33.3060112
150.811286683	1006.87475586	34.1194801331	33.3060112
150.811286683	1006.87475586	34.1194801331	33.3060112
150.811286683	1006.87475586	34.1194801331	33.3060112
150.811286684	1006.87475586	34.1194801331	33.3060112
150.811286684	1006.87475586	34.1194801331	33.3060112
150.811286684	1006.87475586	34.1194801331	33.3060112
150.811286684	1006.87475586	34.1194801331	33.3060112
150.811286684	1006.87475586	34.1194801331	33.3060112
150.811286685	1006.87475586	34.1194801331	33.3060112
150.811286685	1006.87475586	34.1194801331	33.3060112
150.811286685	1006.87475586	34.1194801331	33.3060112
150.811286685	1006.87475586	34.1194801331	33.3060112
150.811286686	1006.87475586	34.1194801331	33.3060112
150.811286686	1006.87475586	34.1194801331	33.3060112
150.811286686	1006.87475586	34.1194801331	33.1614646912
150.811286686	1006.87426758	35.5850486755	33.1614646912
150.811286687	1006.87426758	35.5850486755	33.1614646912
150.811286687	1006.87426758	35.5850486755	33.1614646912
150.811286687	1006.87426758	35.5850486755	33.1614646912
150.811286687	1006.87426758	35.5850486755	33.1614646912
150.811286688	1006.87426758	35.5850486755	33.1614646912
150.811286688	1006.87426758	35.5850486755	33.1614646912
150.811286688	1006.87426758	35.5850486755	33.1614646912
150.811286688	1006.87426758	35.5850486755	33.1614646912
150.811286689	1006.87426758	35.5850486755	33.1614646912
150.811286689	1006.87426758	35.5850486755	33.1614646912
150.811286689	1006.87426758	35.5850486755	33.1614646912
150.811286689	1006.87426758	35.5850486755	33.1614646912
150.811286689	1006.87426758	35.5850486755	33.1614646912
150.81128669	1006.87426758	35.5850486755	33.1614646912
150.81128669	1006.87426758	35.5850486755	33.1614646912
150.81128669	1006.87426758	35.5850486755	33.1614646912
150.81128669	1006.87231445	35.5850486755	33.1614646912
150.811286691	1006.87231445	35.5850486755	33.1614646912
150.811286691	1006.87231445	35.5850486755	33.1614646912
150.811286691	1006.87231445	35.5850486755	33.1614646912
150.811286691	1006.87231445	35.5850486755	33.1614646912
150.811286692	1006.87231445	35.5850486755	33.1614646912
150.811286692	1006.87231445	35.5850486755	33.1614646912
150.811286692	1006.87231445	35.5850486755	33.1614646912
150.811286692	1006.87231445	35.5850486755	33.1614646912
150.811286692	1006.87231445	35.5850486755	33.1614646912
150.811286693	1006.87231445	35.5850486755	33.1614646912
150.811286693	1006.87231445	35.5850486755	33.1614646912
150.811286693	1006.87231445	35.5850486755	33.1614646912
150.811286693	1006.87231445	35.5850486755	33.1614646912
150.811286694	1006.87231445	35.5850486755	33.1614646912
150.811286694	1006.87231445	35.5850486755	33.1614646912
150.811286694	1006.87231445	35.5850486755	33.1614646912
150.811286694	1006.8659668	35.9880828857	33.2156677246
150.811286695	1006.8659668	35.9880828857	33.2156677246
150.811286695	1006.8659668	35.9880828857	33.2156677246
150.811286695	1006.8659668	35.9880828857	33.2156677246
150.811286696	1006.8659668	35.9880828857	33.2156677246
150.811286696	1006.8659668	35.9880828857	33.2156677246
150.811286696	1006.8659668	35.9880828857	33.2156677246
150.811286696	1006.8659668	35.9880828857	33.2156677246
150.811286696	1006.8659668	35.9880828857	33.2156677246
150.811286697	1006.8659668	35.9880828857	33.2156677246
150.811286697	1006.8659668	35.9880828857	33.2156677246
150.811286697	1006.8659668	35.9880828857	33.2156677246
150.811286697	1006.8659668	35.9880828857	33.2156677246
150.811286697	1006.8659668	35.9880828857	33.2156677246
150.811286698	1006.8659668	35.9880828857	33.2156677246
150.811286698	1006.8659668	35.9880828857	33.2156677246
150.811286698	1006.86254883	35.9880828857	33.2156677246
150.811286699	1006.86254883	35.9880828857	33.2156677246
150.811286699	1006.86254883	35.9880828857	33.2156677246
150.811286699	1006.86254883	35.9880828857	33.2156677246
150.811286699	1006.86254883	35.9880828857	33.2156677246
150.811286699	1006.86254883	35.9880828857	33.2156677246
150.8112867	1006.86254883	35.9880828857	33.2156677246
150.8112867	1006.86254883	35.9880828857	33.2156677246
150.8112867	1006.86254883	35.9880828857	33.2156677246
150.8112867	1006.86254883	35.9880828857	33.2156677246
150.811286701	1006.86254883	35.9880828857	33.2156677246
150.811286701	1006.86254883	35.9880828857	33.2156677246
150.811286701	1006.86254883	35.9880828857	33.2156677246
150.811286701	1006.86254883	35.9880828857	33.2156677246
150.811286701	1006.86254883	35.9880828857	33.2156677246
150.811286702	1006.86254883	35.9880828857	33.2156677246
150.811286702	1006.86254883	35.9880828857	33.2156677246
150.811286702	1006.86303711	35.9880828857	33.1614646912
150.811286703	1006.86303711	35.9880828857	33.1614646912
150.811286703	1006.86303711	34.0645217896	33.1614646912
150.811286703	1006.86303711	34.0645217896	33.1614646912
150.811286703	1006.86303711	34.0645217896	33.1614646912
150.811286704	1006.86303711	34.0645217896	33.1614646912
150.811286704	1006.86303711	34.0645217896	33.1614646912
150.811286704	1006.86303711	34.0645217896	33.1614646912
150.811286704	1006.86303711	34.0645217896	33.1614646912
150.811286704	1006.86303711	34.0645217896	33.1614646912
150.811286705	1006.86303711	34.0645217896	33.1614646912
150.811286705	1006.86303711	34.0645217896	33.1614646912
150.811286705	1006.86303711	34.0645217896	33.1614646912
150.811286705	1006.86303711	34.0645217896	33.1614646912
150.811286706	1006.86303711	34.0645217896	33.1614646912
150.811286706	1006.86303711	34.0645217896	33.1614646912
150.811286706	1006.87036133	34.0645217896	33.1614646912
150.811286706	1006.87036133	34.0645217896	33.1614646912
150.811286707	1006.87036133	34.0645217896	33.1614646912
150.811286707	1006.87036133	34.0645217896	33.1614646912
150.811286707	1006.87036133	34.0645217896	33.1614646912
150.811286707	1006.87036133	34.0645217896	33.1614646912
150.811286708	1006.87036133	34.0645217896	33.1614646912
150.811286708	1006.87036133	34.0645217896	33.1614646912
150.811286708	1006.87036133	34.0645217896	33.1614646912
150.811286708	1006.87036133	34.0645217896	33.1614646912
150.811286708	1006.87036133	34.0645217896	33.1614646912
150.811286709	1006.87036133	34.0645217896	33.1614646912
150.811286709	1006.87036133	34.0645217896	33.1614646912
150.811286709	1006.87036133	34.0645217896	33.1614646912
150.811286709	1006.87036133	34.0645217896	33.1614646912
150.81128671	1006.87036133	34.0645217896	33.1614646912
150.81128671	1006.87036133	34.0645217896	33.1614646912
150.81128671	1006.86987305	34.0645217896	33.1614646912
150.81128671	1006.86987305	34.0645217896	33.1614646912
150.811286711	1006.86987305	34.0645217896	33.1795349121
150.811286711	1006.86987305	34.3148918152	33.1795349121
150.811286711	1006.86987305	34.3148918152	33.1795349121
150.811286711	1006.86987305	34.3148918152	33.1795349121
150.811286712	1006.86987305	34.3148918152	33.1795349121
150.811286712	1006.86987305	34.3148918152	33.1795349121
150.811286712	1006.86987305	34.3148918152	33.1795349121
150.811286712	1006.86987305	34.3148918152	33.1795349121
150.811286713	1006.86987305	34.3148918152	33.1795349121
150.811286713	1006.86987305	34.3148918152	33.1795349121
150.811286713	1006.86987305	34.3148918152	33.1795349121
150.811286713	1006.86987305	34.3148918152	33.1795349121
150.811286713	1006.86987305	34.3148918152	33.1795349121
150.811286714	1006.86987305	34.3148918152	33.1795349121
150.811286714	1006.86987305	34.3148918152	33.1795349121
150.811286714	1006.86791992	34.3148918152	33.1795349121
150.811286715	1006.86791992	34.3148918152	33.1795349121
150.811286715	1006.86791992	34.3148918152	33.1795349121
150.811286715	1006.86791992	34.3148918152	33.1795349121
150.811286715	1006.86791992	34.3148918152	33.1795349121
150.811286715	1006.86791992	34.3148918152	33.1795349121
150.811286716	1006.86791992	34.3148918152	33.1795349121
150.811286716	1006.86791992	34.3148918152	33.1795349121
150.811286716	1006.86791992	34.3148918152	33.1795349121
150.811286716	1006.86791992	34.3148918152	33.1795349121
150.811286717	1006.86791992	34.3148918152	33.1795349121
150.811286717	1006.86791992	34.3148918152	33.1795349121
150.811286717	1006.86791992	34.3148918152	33.1795349121
150.811286717	1006.86791992	34.3148918152	33.1795349121
150.811286717	1006.86791992	34.3148918152	33.1795349121
150.811286718	1006.86791992	34.3148918152	33.1795349121
150.811286718	1006.86791992	34.3148918152	33.1795349121
150.811286718	1006.86914062	34.3148918152	33.1795349121
150.811286718	1006.86914062	34.3148918152	33.1795349121
150.811286719	1006.86914062	34.3148918152	33.2156677246
150.811286719	1006.86914062	35.1362190247	33.2156677246
150.811286719	1006.86914062	35.1362190247	33.2156677246
150.81128672	1006.86914062	35.1362190247	33.2156677246
150.81128672	1006.86914062	35.1362190247	33.2156677246
150.81128672	1006.86914062	35.1362190247	33.2156677246
150.81128672	1006.86914062	35.1362190247	33.2156677246
150.81128672	1006.86914062	35.1362190247	33.2156677246
150.811286721	1006.86914062	35.1362190247	33.2156677246
150.811286721	1006.86914062	35.1362190247	33.2156677246
150.811286721	1006.86914062	35.1362190247	33.2156677246
150.811286721	1006.86914062	35.1362190247	33.2156677246
150.811286722	1006.86914062	35.1362190247	33.2156677246
150.811286722	1006.86914062	35.1362190247	33.2156677246
150.811286722	1006.86230469	35.1362190247	33.2156677246
150.811286722	1006.86230469	35.1362190247	33.2156677246
150.811286723	1006.86230469	35.1362190247	33.2156677246
150.811286723	1006.86230469	35.1362190247	33.2156677246
150.811286723	1006.86230469	35.1362190247	33.2156677246
150.811286723	1006.86230469	35.1362190247	33.2156677246
150.811286723	1006.86230469	35.1362190247	33.2156677246
150.811286724	1006.86230469	35.1362190247	33.2156677246
150.811286724	1006.86230469	35.1362190247	33.2156677246
150.811286724	1006.86230469	35.1362190247	33.2156677246
150.811286724	1006.86230469	35.1362190247	33.2156677246
150.811286725	1006.86230469	35.1362190247	33.2156677246
150.811286725	1006.86230469	35.1362190247	33.2156677246
150.811286725	1006.86230469	35.1362190247	33.2156677246
150.811286725	1006.86230469	35.1362190247	33.2156677246
150.811286725	1006.86230469	35.1362190247	33.2156677246
150.811286726	1006.86230469	35.1362190247	33.2156677246
150.811286726	1006.86157227	35.1362190247	33.2156677246
150.811286726	1006.86157227	35.1362190247	33.2156677246
150.811286727	1006.86157227	35.1362190247	33.2156677246
150.811286727	1006.86157227	35.1362190247	33.2156677246
150.811286727	1006.86157227	36.5956802368	33.2156677246
150.811286727	1006.86157227	36.5956802368	33.2156677246
150.811286728	1006.86157227	36.5956802368	33.2156677246
150.811286728	1006.86157227	36.5956802368	33.2156677246
150.811286728	1006.86157227	36.5956802368	33.2156677246
150.811286728	1006.86157227	36.5956802368	33.2156677246
150.811286728	1006.86157227	36.5956802368	33.2156677246
150.811286729	1006.86157227	36.5956802368	33.2156677246
150.811286729	1006.86157227	36.5956802368	33.2156677246
150.811286729	1006.86157227	36.5956802368	33.2156677246
150.811286729	1006.86157227	36.5956802368	33.2156677246
150.81128673	1006.86157227	36.5956802368	33.2156677246
150.81128673	1006.86279297	36.5956802368	33.2156677246
150.81128673	1006.86279297	36.5956802368	33.2156677246
150.81128673	1006.86279297	36.5956802368	33.2156677246
150.811286731	1006.86279297	36.5956802368	33.2156677246
150.811286731	1006.86279297	36.5956802368	33.2156677246
150.811286731	1006.86279297	36.5956802368	33.2156677246
150.811286731	1006.86279297	36.5956802368	33.2156677246
150.811286732	1006.86279297	36.5956802368	33.2156677246
150.811286732	1006.86279297	36.5956802368	33.2156677246
150.811286732	1006.86279297	36.5956802368	33.2156677246
150.811286732	1006.86279297	36.5956802368	33.2156677246
150.811286732	1006.86279297	36.5956802368	33.2156677246
150.811286733	1006.86279297	36.5956802368	33.2156677246
150.811286733	1006.86279297	36.5956802368	33.2156677246
150.811286733	1006.86279297	36.5956802368	33.2156677246
150.811286733	1006.86279297	36.5956802368	33.2156677246
150.811286734	1006.86279297	36.5956802368	33.2156677246
150.811286734	1006.86474609	36.5956802368	33.2156677246
150.811286734	1006.86474609	36.5956802368	33.2156677246
150.811286734	1006.86474609	36.5956802368	33.2156677246
150.811286735	1006.86474609	36.5956802368	33.2156677246
150.811286735	1006.86474609	36.5956802368	33.2156677246
150.811286735	1006.86474609	36.5956802368	33.2156677246
150.811286735	1006.86474609	36.5071372986	33.2156677246
150.811286736	1006.86474609	36.5071372986	33.2156677246
150.811286736	1006.86474609	36.5071372986	33.2156677246
150.811286736	1006.86474609	36.5071372986	33.2156677246
150.811286736	1006.86474609	36.5071372986	33.2156677246
150.811286737	1006.86474609	36.5071372986	33.2156677246
150.811286737	1006.86474609	36.5071372986	33.2156677246
150.811286737	1006.86474609	36.5071372986	33.2156677246
150.811286737	1006.86474609	36.5071372986	33.2156677246
150.811286737	1006.86474609	36.5071372986	33.2156677246
150.811286738	1006.86376953	36.5071372986	33.2156677246
150.811286738	1006.86376953	36.5071372986	33.2156677246
150.811286738	1006.86376953	36.5071372986	33.2156677246
150.811286739	1006.86376953	36.5071372986	33.2156677246
150.811286739	1006.86376953	36.5071372986	33.2156677246
150.811286739	1006.86376953	36.5071372986	33.2156677246
150.811286739	1006.86376953	36.5071372986	33.2156677246
150.811286739	1006.86376953	36.5071372986	33.2156677246
150.81128674	1006.86376953	36.5071372986	33.2156677246
150.81128674	1006.86376953	36.5071372986	33.2156677246
150.81128674	1006.86376953	36.5071372986	33.2156677246
150.81128674	1006.86376953	36.5071372986	33.2156677246
150.811286741	1006.86376953	36.5071372986	33.2156677246
150.811286741	1006.86376953	36.5071372986	33.2156677246
150.811286741	1006.86376953	36.5071372986	33.2156677246
150.811286741	1006.86376953	36.5071372986	33.2156677246
150.811286741	1006.86376953	36.5071372986	33.2156677246
150.811286742	1006.86157227	36.5071372986	33.2156677246
150.811286742	1006.86157227	36.5071372986	33.2156677246
150.811286742	1006.86157227	36.5071372986	33.2156677246
150.811286742	1006.86157227	36.5071372986	33.2156677246
150.811286743	1006.86157227	36.5071372986	33.2156677246
150.811286743	1006.86157227	36.5071372986	33.2156677246
150.811286743	1006.86157227	36.5071372986	33.1976013184
150.811286743	1006.86157227	36.6933860779	33.1976013184
150.811286744	1006.86157227	36.6933860779	33.1976013184
150.811286744	1006.86157227	36.6933860779	33.1976013184
150.811286744	1006.86157227	36.6933860779	33.1976013184
150.811286744	1006.86157227	36.6933860779	33.1976013184
150.811286745	1006.86157227	36.6933860779	33.1976013184
150.811286745	1006.86157227	36.6933860779	33.1976013184
150.811286745	1006.86157227	36.6933860779	33.1976013184
150.811286745	1006.86157227	36.6933860779	33.1976013184
150.811286746	1006.86157227	36.6933860779	33.1976013184
150.811286746	1006.86499023	36.6933860779	33.1976013184
150.811286746	1006.86499023	36.6933860779	33.1976013184
150.811286746	1006.86499023	36.6933860779	33.1976013184
150.811286747	1006.86499023	36.6933860779	33.1976013184
150.811286747	1006.86499023	36.6933860779	33.1976013184
150.811286747	1006.86499023	36.6933860779	33.1976013184
150.811286747	1006.86499023	36.6933860779	33.1976013184
150.811286748	1006.86499023	36.6933860779	33.1976013184
150.811286748	1006.86499023	36.6933860779	33.1976013184
150.811286748	1006.86499023	36.6933860779	33.1976013184
150.811286748	1006.86499023	36.6933860779	33.1976013184
150.811286748	1006.86499023	36.6933860779	33.1976013184
150.811286749	1006.86499023	36.6933860779	33.1976013184
150.811286749	1006.86499023	36.6933860779	33.1976013184
150.811286749	1006.86499023	36.6933860779	33.1976013184
150.811286749	1006.86499023	36.6933860779	33.1976013184
150.811286749	1006.86499023	36.6933860779	33.1976013184
150.81128675	1006.86816406	36.6933860779	33.1976013184
150.81128675	1006.86816406	36.6933860779	33.1976013184
150.81128675	1006.86816406	36.6933860779	33.1976013184
150.811286751	1006.86816406	36.6933860779	33.1976013184
150.811286751	1006.86816406	36.6933860779	33.1976013184
150.811286751	1006.86816406	36.6933860779	33.1976013184
150.811286751	1006.86816406	36.6933860779	33.2337379456
150.811286752	1006.86816406	38.1497955322	33.2337379456
150.811286752	1006.86816406	38.1497955322	33.2337379456
150.811286752	1006.86816406	38.1497955322	33.2337379456
150.811286752	1006.86816406	38.1497955322	33.2337379456
150.811286753	1006.86816406	38.1497955322	33.2337379456
150.811286753	1006.86816406	38.1497955322	33.2337379456
150.811286753	1006.86816406	38.1497955322	33.2337379456
150.811286753	1006.86816406	38.1497955322	33.2337379456
150.811286753	1006.86816406	38.1497955322	33.2337379456
150.811286754	1006.86523438	38.1497955322	33.2337379456
150.811286754	1006.86523438	38.1497955322	33.2337379456
150.811286754	1006.86523438	38.1497955322	33.2337379456
150.811286754	1006.86523438	38.1497955322	33.2337379456
150.811286755	1006.86523438	38.1497955322	33.2337379456
150.811286755	1006.86523438	38.1497955322	33.2337379456
150.811286755	1006.86523438	38.1497955322	33.2337379456
150.811286755	1006.86523438	38.1497955322	33.2337379456
150.811286756	1006.86523438	38.1497955322	33.2337379456
150.811286756	1006.86523438	38.1497955322	33.2337379456
150.811286756	1006.86523438	38.1497955322	33.2337379456
150.811286756	1006.86523438	38.1497955322	33.2337379456
150.811286756	1006.86523438	38.1497955322	33.2337379456
150.811286757	1006.86523438	38.1497955322	33.2337379456
150.811286757	1006.86523438	38.1497955322	33.2337379456
150.811286757	1006.86523438	38.1497955322	33.2337379456
150.811286757	1006.86523438	38.1497955322	33.2337379456
150.811286758	1006.85961914	38.1497955322	33.2337379456
150.811286758	1006.85961914	38.1497955322	33.2337379456
150.811286758	1006.85961914	38.1497955322	33.2337379456
150.811286758	1006.85961914	38.1497955322	33.2337379456
150.811286759	1006.85961914	38.1497955322	33.2337379456
150.811286759	1006.85961914	38.1497955322	33.2337379456
150.811286759	1006.85961914	38.1497955322	33.2337379456
150.811286759	1006.85961914	38.1497955322	33.2337379456
150.81128676	1006.85961914	38.1497955322	33.2698745728
150.81128676	1006.85961914	33.9973526001	33.2698745728
150.81128676	1006.85961914	33.9973526001	33.2698745728
150.81128676	1006.85961914	33.9973526001	33.2698745728
150.811286761	1006.85961914	33.9973526001	33.2698745728
150.811286761	1006.85961914	33.9973526001	33.2698745728
150.811286761	1006.85961914	33.9973526001	33.2698745728
150.811286761	1006.85961914	33.9973526001	33.2698745728
150.811286761	1006.86279297	33.9973526001	33.2698745728
150.811286762	1006.86279297	33.9973526001	33.2698745728
150.811286762	1006.86279297	33.9973526001	33.2698745728
150.811286762	1006.86279297	33.9973526001	33.2698745728
150.811286763	1006.86279297	33.9973526001	33.2698745728
150.811286763	1006.86279297	33.9973526001	33.2698745728
150.811286763	1006.86279297	33.9973526001	33.2698745728
150.811286763	1006.86279297	33.9973526001	33.2698745728
150.811286763	1006.86279297	33.9973526001	33.2698745728
150.811286764	1006.86279297	33.9973526001	33.2698745728
150.811286764	1006.86279297	33.9973526001	33.2698745728
150.811286764	1006.86279297	33.9973526001	33.2698745728
150.811286764	1006.86279297	33.9973526001	33.2698745728
150.811286765	1006.86279297	33.9973526001	33.2698745728
150.811286765	1006.86279297	33.9973526001	33.2698745728
150.811286765	1006.86279297	33.9973526001	33.2698745728
150.811286765	1006.86279297	33.9973526001	33.2698745728
150.811286765	1006.85766602	33.9973526001	33.2698745728
150.811286766	1006.85766602	33.9973526001	33.2698745728
150.811286766	1006.85766602	33.9973526001	33.2698745728
150.811286766	1006.85766602	33.9973526001	33.2698745728
150.811286767	1006.85766602	33.9973526001	33.2698745728
150.811286767	1006.85766602	33.9973526001	33.2698745728
150.811286767	1006.85766602	33.9973526001	33.2698745728
150.811286767	1006.85766602	33.9973526001	33.2698745728
150.811286767	1006.85766602	33.9973526001	33.2698745728
150.811286768	1006.85766602	33.9973526001	33.0711212158
150.811286768	1006.85766602	34.137802124	33.0711212158
150.811286768	1006.85766602	34.137802124	33.0711212158
150.811286768	1006.85766602	34.137802124	33.0711212158
150.811286769	1006.85766602	34.137802124	33.0711212158
150.811286769	1006.85766602	34.137802124	33.0711212158
150.811286769	1006.85766602	34.137802124	33.0711212158
150.811286769	1006.86108398	34.137802124	33.0711212158
150.81128677	1006.86108398	34.137802124	33.0711212158
150.81128677	1006.86108398	34.137802124	33.0711212158
150.81128677	1006.86108398	34.137802124	33.0711212158
150.81128677	1006.86108398	34.137802124	33.0711212158
150.811286771	1006.86108398	34.137802124	33.0711212158
150.811286771	1006.86108398	34.137802124	33.0711212158
150.811286771	1006.86108398	34.137802124	33.0711212158
150.811286771	1006.86108398	34.137802124	33.0711212158
150.811286772	1006.86108398	34.137802124	33.0711212158
150.811286772	1006.86108398	34.137802124	33.0711212158
150.811286772	1006.86108398	34.137802124	33.0711212158
150.811286772	1006.86108398	34.137802124	33.0711212158
150.811286772	1006.86108398	34.137802124	33.0711212158
150.811286773	1006.86108398	34.137802124	33.0711212158
150.811286773	1006.86108398	34.137802124	33.0711212158
150.811286773	1006.86108398	34.137802124	33.0711212158
150.811286773	1006.86035156	34.137802124	33.0711212158
150.811286774	1006.86035156	34.137802124	33.0711212158
150.811286774	1006.86035156	34.137802124	33.0711212158
150.811286774	1006.86035156	34.137802124	33.0711212158
150.811286774	1006.86035156	34.137802124	33.0711212158
150.811286775	1006.86035156	34.137802124	33.0711212158
150.811286775	1006.86035156	34.137802124	33.0711212158
150.811286775	1006.86035156	34.137802124	33.0711212158
150.811286775	1006.86035156	34.137802124	33.0711212158
150.811286775	1006.86035156	34.137802124	33.0711212158
150.811286776	1006.86035156	34.137802124	33.2156677246
150.811286776	1006.86035156	34.137802124	33.2156677246
150.811286776	1006.86035156	37.0567245483	33.2156677246
150.811286777	1006.86035156	37.0567245483	33.2156677246
150.811286777	1006.86035156	37.0567245483	33.2156677246
150.811286777	1006.86035156	37.0567245483	33.2156677246
150.811286777	1006.86035156	37.0567245483	33.2156677246
150.811286777	1006.86303711	37.0567245483	33.2156677246
150.811286778	1006.86303711	37.0567245483	33.2156677246
150.811286778	1006.86303711	37.0567245483	33.2156677246
150.811286778	1006.86303711	37.0567245483	33.2156677246
150.811286778	1006.86303711	37.0567245483	33.2156677246
150.811286779	1006.86303711	37.0567245483	33.2156677246
150.811286779	1006.86303711	37.0567245483	33.2156677246
150.811286779	1006.86303711	37.0567245483	33.2156677246
150.811286779	1006.86303711	37.0567245483	33.2156677246
150.81128678	1006.86303711	37.0567245483	33.2156677246
150.81128678	1006.86303711	37.0567245483	33.2156677246
150.81128678	1006.86303711	37.0567245483	33.2156677246
150.81128678	1006.86303711	37.0567245483	33.2156677246
150.81128678	1006.86303711	37.0567245483	33.2156677246
150.811286781	1006.86303711	37.0567245483	33.2156677246
150.811286781	1006.86303711	37.0567245483	33.2156677246
150.811286781	1006.86303711	37.0567245483	33.2156677246
150.811286781	1006.86938477	37.0567245483	33.2156677246
150.811286782	1006.86938477	37.0567245483	33.2156677246
150.811286782	1006.86938477	37.0567245483	33.2156677246
150.811286782	1006.86938477	37.0567245483	33.2156677246
150.811286782	1006.86938477	37.0567245483	33.2156677246
150.811286783	1006.86938477	37.0567245483	33.2156677246
150.811286783	1006.86938477	37.0567245483	33.2156677246
150.811286783	1006.86938477	37.0567245483	33.2156677246
150.811286783	1006.86938477	37.0567245483	33.2156677246
150.811286784	1006.86938477	37.0567245483	33.2156677246
150.811286784	1006.86938477	37.0567245483	33.2156677246
150.811286784	1006.86938477	37.0567245483	33.3240814209
150.811286784	1006.86938477	34.5530471802	33.3240814209
150.811286785	1006.86938477	34.5530471802	33.3240814209
150.811286785	1006.86938477	34.5530471802	33.3240814209
150.811286785	1006.86938477	34.5530471802	33.3240814209
150.811286785	1006.86547852	34.5530471802	33.3240814209
150.811286786	1006.86547852	34.5530471802	33.3240814209
150.811286786	1006.86547852	34.5530471802	33.3240814209
150.811286786	1006.86547852	34.5530471802	33.3240814209
150.811286786	1006.86547852	34.5530471802	33.3240814209
150.811286787	1006.86547852	34.5530471802	33.3240814209
150.811286787	1006.86547852	34.5530471802	33.3240814209
150.811286787	1006.86547852	34.5530471802	33.3240814209
150.811286787	1006.86547852	34.5530471802	33.3240814209
150.811286787	1006.86547852	34.5530471802	33.3240814209
150.811286788	1006.86547852	34.5530471802	33.3240814209
150.811286788	1006.86547852	34.5530471802	33.3240814209
150.811286788	1006.86547852	34.5530471802	33.3240814209
150.811286788	1006.86547852	34.5530471802	33.3240814209
150.811286789	1006.86547852	34.5530471802	33.3240814209
150.811286789	1006.86547852	34.5530471802	33.3240814209
150.811286789	1006.86547852	34.5530471802	33.3240814209
150.811286789	1006.86669922	34.5530471802	33.3240814209
150.81128679	1006.86669922	34.5530471802	33.3240814209
150.81128679	1006.86669922	34.5530471802	33.3240814209
150.81128679	1006.86669922	34.5530471802	33.3240814209
150.81128679	1006.86669922	34.5530471802	33.3240814209
150.811286791	1006.86669922	34.5530471802	33.3240814209
150.811286791	1006.86669922	34.5530471802	33.3240814209
150.811286791	1006.86669922	34.5530471802	33.3240814209
150.811286791	1006.86669922	34.5530471802	33.3240814209
150.811286791	1006.86669922	34.5530471802	33.3240814209
150.811286792	1006.86669922	34.5530471802	33.3240814209
150.811286792	1006.86669922	34.5530471802	33.3240814209
150.811286792	1006.86669922	34.5530471802	33.2337379456
150.811286792	1006.86669922	36.0705184937	33.2337379456
150.811286793	1006.86669922	36.0705184937	33.2337379456
150.811286793	1006.86669922	36.0705184937	33.2337379456
150.811286793	1006.86743164	36.0705184937	33.2337379456
150.811286794	1006.86743164	36.0705184937	33.2337379456
150.811286794	1006.86743164	36.0705184937	33.2337379456
150.811286794	1006.86743164	36.0705184937	33.2337379456
150.811286794	1006.86743164	36.0705184937	33.2337379456
150.811286794	1006.86743164	36.0705184937	33.2337379456
150.811286795	1006.86743164	36.0705184937	33.2337379456
150.811286795	1006.86743164	36.0705184937	33.2337379456
150.811286795	1006.86743164	36.0705184937	33.2337379456
150.811286795	1006.86743164	36.0705184937	33.2337379456
150.811286796	1006.86743164	36.0705184937	33.2337379456
150.811286796	1006.86743164	36.0705184937	33.2337379456
150.811286796	1006.86743164	36.0705184937	33.2337379456
150.811286796	1006.86743164	36.0705184937	33.2337379456
150.811286796	1006.86743164	36.0705184937	33.2337379456
150.811286797	1006.86743164	36.0705184937	33.2337379456
150.811286797	1006.86743164	36.0705184937	33.2337379456
150.811286797	1006.86743164	36.0705184937	33.2337379456
150.811286797	1006.86743164	36.0705184937	33.2337379456
150.811286798	1006.86743164	36.0705184937	33.2337379456
150.811286798	1006.86743164	36.0705184937	33.2337379456
150.811286798	1006.86743164	36.0705184937	33.2337379456
150.811286798	1006.86743164	36.0705184937	33.2337379456
150.811286799	1006.86743164	36.0705184937	33.2337379456
150.811286799	1006.86743164	36.0705184937	33.2337379456
150.811286799	1006.86743164	36.0705184937	33.2337379456
150.811286799	1006.86743164	36.0705184937	33.2337379456
150.811286799	1006.86743164	36.0705184937	33.2337379456
150.8112868	1006.86743164	36.0705184937	33.2337379456
150.8112868	1006.86743164	36.0705184937	33.2337379456
150.8112868	1006.86743164	36.0705184937	33.3060112
150.8112868	1006.86743164	36.0705184937	33.3060112
150.811286801	1006.86743164	38.0154495239	33.3060112
150.811286801	1006.86743164	38.0154495239	33.3060112
150.811286801	1006.86547852	38.0154495239	33.3060112
150.811286802	1006.86547852	38.0154495239	33.3060112
150.811286802	1006.86547852	38.0154495239	33.3060112
150.811286802	1006.86547852	38.0154495239	33.3060112
150.811286802	1006.86547852	38.0154495239	33.3060112
150.811286803	1006.86547852	38.0154495239	33.3060112
150.811286803	1006.86547852	38.0154495239	33.3060112
150.811286803	1006.86547852	38.0154495239	33.3060112
150.811286803	1006.86547852	38.0154495239	33.3060112
150.811286803	1006.86547852	38.0154495239	33.3060112
150.811286804	1006.86547852	38.0154495239	33.3060112
150.811286804	1006.86547852	38.0154495239	33.3060112
150.811286804	1006.86547852	38.0154495239	33.3060112
150.811286804	1006.86547852	38.0154495239	33.3060112
150.811286804	1006.86547852	38.0154495239	33.3060112
150.811286805	1006.86547852	38.0154495239	33.3060112
150.811286805	1006.86547852	38.0154495239	33.3060112
150.811286805	1006.86279297	38.0154495239	33.3060112
150.811286806	1006.86279297	38.0154495239	33.3060112
150.811286806	1006.86279297	38.0154495239	33.3060112
150.811286806	1006.86279297	38.0154495239	33.3060112
150.811286806	1006.86279297	38.0154495239	33.3060112
150.811286806	1006.86279297	38.0154495239	33.3060112
150.811286807	1006.86279297	38.0154495239	33.3060112
150.811286807	1006.86279297	38.0154495239	33.3060112
150.811286807	1006.86279297	38.0154495239	33.3060112
150.811286807	1006.86279297	38.0154495239	33.3060112
150.811286808	1006.86279297	38.0154495239	33.3060112
150.811286808	1006.86279297	38.0154495239	33.3060112
150.811286808	1006.86279297	38.0154495239	33.3060112
150.811286808	1006.86279297	38.0154495239	33.3060112
150.811286808	1006.86279297	38.0154495239	33.1795349121
150.811286809	1006.86279297	36.8521537781	33.1795349121
150.811286809	1006.86181641	36.8521537781	33.1795349121
150.811286809	1006.86181641	36.8521537781	33.1795349121
150.81128681	1006.86181641	36.8521537781	33.1795349121
150.81128681	1006.86181641	36.8521537781	33.1795349121
150.81128681	1006.86181641	36.8521537781	33.1795349121
150.81128681	1006.86181641	36.8521537781	33.1795349121
150.811286811	1006.86181641	36.8521537781	33.1795349121
150.811286811	1006.86181641	36.8521537781	33.1795349121
150.811286811	1006.86181641	36.8521537781	33.1795349121
150.811286811	1006.86181641	36.8521537781	33.1795349121
150.811286811	1006.86181641	36.8521537781	33.1795349121
150.811286812	1006.86181641	36.8521537781	33.1795349121
150.811286812	1006.86181641	36.8521537781	33.1795349121
150.811286812	1006.86181641	36.8521537781	33.1795349121
150.811287791	1008.09741211	38.5885238647	32.9715156555
150.811287793	1008.09448242	38.5885238647	32.9715156555
150.811287794	1008.09448242	38.5885238647	32.9715156555
150.811287794	1008.09448242	38.5885238647	32.9715156555
150.811287794	1008.09448242	38.5885238647	32.9715156555
150.811287794	1008.09448242	38.5885238647	32.9715156555
150.811287794	1008.09448242	38.5885238647	32.9715156555
150.811287794	1008.09448242	38.5885238647	32.9715156555
150.811287794	1008.09448242	38.5885238647	32.9715156555
150.811287795	1008.09448242	38.5885238647	32.9715156555
150.811287795	1008.09448242	38.5885238647	32.9715156555
150.811287795	1008.09448242	38.5885238647	32.9715156555
150.811287795	1008.09448242	38.5885238647	32.9715156555
150.811287795	1008.09448242	38.5885238647	32.9715156555
150.811287795	1008.09448242	38.5885238647	32.9715156555
150.811287795	1008.09448242	38.5885238647	32.9715156555
150.811287796	1008.09448242	38.5885238647	32.9715156555
150.811287796	1008.09448242	38.5885238647	32.9715156555
150.811287796	1008.09448242	38.5885238647	32.9715156555
150.811287796	1008.09448242	38.5885238647	32.9715156555
150.811287796	1008.09448242	38.5885238647	32.9715156555
150.811287796	1008.09448242	38.5885238647	32.9715156555
150.811287796	1008.09448242	38.5885238647	32.9715156555
150.811287796	1008.09448242	38.5885238647	32.9715156555
150.811287797	1008.09448242	38.5885238647	32.9715156555
150.811287797	1008.09448242	38.5885238647	32.9715156555
150.811287797	1008.09448242	38.5885238647	32.9715156555
150.811287797	1008.09448242	38.5885238647	32.9715156555
150.811287797	1008.09448242	38.5885238647	32.9715156555
150.811287797	1008.09448242	38.5885238647	32.9715156555
150.811287797	1008.09204102	38.5885238647	32.9715156555
150.811287798	1008.09204102	38.5885238647	32.9715156555
150.811287798	1008.09204102	38.5885238647	32.9715156555
150.811287798	1008.09204102	38.5885238647	32.9715156555
150.811287798	1008.09204102	38.5885238647	32.9715156555
150.811287798	1008.09204102	38.5885238647	32.9715156555
150.811287798	1008.09204102	38.5885238647	32.9715156555
150.811287798	1008.09204102	38.5885238647	32.9715156555
150.811287799	1008.09204102	38.5885238647	32.9715156555
150.811287799	1008.09204102	38.5885238647	32.9715156555
150.811287799	1008.09204102	38.5885238647	32.9715156555
150.811287799	1008.09204102	38.5885238647	32.9715156555
150.811287799	1008.09204102	38.5885238647	32.9715156555
150.811287799	1008.09204102	38.5885238647	32.9715156555
150.811287799	1008.09204102	38.5885238647	32.9715156555
150.8112878	1008.09204102	38.5885238647	32.9715156555
150.8112878	1008.09204102	38.5885238647	32.9715156555
150.8112878	1008.09204102	38.5885238647	32.9715156555
150.8112878	1008.09204102	38.5885238647	32.9715156555
150.8112878	1008.09204102	38.5885238647	32.9715156555
150.8112878	1008.09204102	38.5885238647	32.9715156555
150.8112878	1008.09204102	38.5885238647	32.9715156555
150.811287801	1008.09204102	38.5885238647	32.9715156555
150.811287801	1008.09204102	38.5885238647	32.9715156555
150.811287801	1008.09204102	38.5885238647	33.0263061523
150.811287801	1008.09204102	38.5885238647	33.0263061523
150.811287801	1008.09204102	38.0062484741	33.0263061523
150.811287801	1008.09204102	38.0062484741	33.0263061523
150.811287801	1008.09008789	38.0062484741	33.0263061523
150.811287802	1008.09008789	38.0062484741	33.0263061523
150.811287802	1008.09008789	38.0062484741	33.0263061523
150.811287802	1008.09008789	38.0062484741	33.0263061523
150.811287802	1008.09008789	38.0062484741	33.0263061523
150.811287802	1008.09008789	38.0062484741	33.0263061523
150.811287802	1008.09008789	38.0062484741	33.0263061523
150.811287802	1008.09008789	38.0062484741	33.0263061523
150.811287803	1008.09008789	38.0062484741	33.0263061523
150.811287803	1008.09008789	38.0062484741	33.0263061523
150.811287803	1008.09008789	38.0062484741	33.0263061523
150.811287803	1008.09008789	38.0062484741	33.0263061523
150.811287803	1008.09008789	38.0062484741	33.0263061523
150.811287803	1008.09008789	38.0062484741	33.0263061523
150.811287803	1008.09008789	38.0062484741	33.0263061523
150.811287804	1008.09008789	38.0062484741	33.0263061523
150.811287804	1008.09008789	38.0062484741	33.0263061523
150.811287804	1008.09008789	38.0062484741	33.0263061523
150.811287804	1008.09008789	38.0062484741	33.0263061523
150.811287804	1008.09008789	38.0062484741	33.0263061523
150.811287804	1008.09008789	38.0062484741	33.0263061523
150.811287804	1008.09008789	38.0062484741	33.0263061523
150.811287805	1008.09008789	38.0062484741	33.0263061523
150.811287805	1008.09008789	38.0062484741	33.0263061523
150.811287805	1008.09008789	38.0062484741	33.0263061523
150.811287805	1008.09008789	38.0062484741	33.0263061523
150.811287805	1008.09008789	38.0062484741	33.0263061523
150.811287805	1008.09008789	38.0062484741	33.0263061523
150.811287805	1008.09008789	38.0062484741	33.0263061523
150.811287805	1008.08959961	38.0062484741	33.0263061523
150.811287806	1008.08959961	38.0062484741	33.0263061523
150.811287806	1008.08959961	38.0062484741	33.0263061523
150.811287806	1008.08959961	38.0062484741	33.0263061523
150.811287806	1008.08959961	38.0062484741	33.0263061523
150.811287806	1008.08959961	38.0062484741	33.0263061523
150.811287806	1008.08959961	38.0062484741	33.0263061523
150.811287807	1008.08959961	38.0062484741	33.0263061523
150.811287807	1008.08959961	38.0062484741	33.0263061523
150.811287807	1008.08959961	38.0062484741	33.0263061523
150.811287807	1008.08959961	38.0062484741	33.0263061523
150.811287807	1008.08959961	38.0062484741	33.0263061523
150.811287807	1008.08959961	38.0062484741	33.0263061523
150.811287807	1008.08959961	38.0062484741	33.0263061523
150.811287808	1008.08959961	38.0062484741	33.0263061523
150.811287808	1008.08959961	38.0062484741	33.0263061523
150.811287808	1008.08959961	38.0062484741	33.0263061523
150.811287808	1008.08959961	38.0062484741	33.0263061523
150.811287808	1008.08959961	38.0062484741	33.0263061523
150.811287808	1008.08959961	38.0062484741	33.0263061523
150.811287808	1008.08959961	38.0062484741	33.0263061523
150.811287808	1008.08959961	38.0062484741	33.0263061523
150.811287809	1008.08959961	38.0062484741	33.0263061523
150.811287809	1008.08959961	38.0062484741	33.0263061523
150.811287809	1008.08959961	38.0062484741	32.953250885
150.811287809	1008.08959961	38.0062484741	32.953250885
150.811287809	1008.08959961	39.107749939	32.953250885
150.811287809	1008.08959961	39.107749939	32.953250885
150.81128781	1008.08959961	39.107749939	32.953250885
150.81128781	1008.08666992	39.107749939	32.953250885
150.81128781	1008.08666992	39.107749939	32.953250885
150.81128781	1008.08666992	39.107749939	32.953250885
150.81128781	1008.08666992	39.107749939	32.953250885
150.81128781	1008.08666992	39.107749939	32.953250885
150.81128781	1008.08666992	39.107749939	32.953250885
150.811287811	1008.08666992	39.107749939	32.953250885
150.811287811	1008.08666992	39.107749939	32.953250885
150.811287811	1008.08666992	39.107749939	32.953250885
150.811287811	1008.08666992	39.107749939	32.953250885
150.811287811	1008.08666992	39.107749939	32.953250885
150.811287811	1008.08666992	39.107749939	32.953250885
150.811287811	1008.08666992	39.107749939	32.953250885
150.811287812	1008.08666992	39.107749939	32.953250885
150.811287812	1008.08666992	39.107749939	32.953250885
150.811287812	1008.08666992	39.107749939	32.953250885
150.811287812	1008.08666992	39.107749939	32.953250885
150.811287812	1008.08666992	39.107749939	32.953250885
150.811287812	1008.08666992	39.107749939	32.953250885
150.811287812	1008.08666992	39.107749939	32.953250885
150.811287812	1008.08666992	39.107749939	32.953250885
150.811287813	1008.08666992	39.107749939	32.953250885
150.811287813	1008.08666992	39.107749939	32.953250885
150.811287813	1008.08666992	39.107749939	32.953250885
150.811287813	1008.08666992	39.107749939	32.953250885
150.811287813	1008.08666992	39.107749939	32.953250885
150.811287813	1008.08666992	39.107749939	32.953250885
150.811287813	1008.08666992	39.107749939	32.953250885
150.811287814	1008.08666992	39.107749939	32.953250885
150.811287814	1008.09179688	39.107749939	32.953250885
150.811287814	1008.09179688	39.107749939	32.953250885
150.811287814	1008.09179688	39.107749939	32.953250885
150.811287814	1008.09179688	39.107749939	32.953250885
150.811287814	1008.09179688	39.107749939	32.953250885
150.811287815	1008.09179688	39.107749939	32.953250885
150.811287815	1008.09179688	39.107749939	32.953250885
150.811287815	1008.09179688	39.107749939	32.953250885
150.811287815	1008.09179688	39.107749939	32.953250885
150.811287815	1008.09179688	39.107749939	32.953250885
150.811287815	1008.09179688	39.107749939	32.953250885
150.811287815	1008.09179688	39.107749939	32.953250885
150.811287815	1008.09179688	39.107749939	32.953250885
150.811287816	1008.09179688	39.107749939	32.953250885
150.811287816	1008.09179688	39.107749939	32.953250885
150.811287816	1008.09179688	39.107749939	32.953250885
150.811287816	1008.09179688	39.107749939	32.953250885
150.811287816	1008.09179688	39.107749939	32.953250885
150.811287816	1008.09179688	39.107749939	32.953250885
150.811287816	1008.09179688	39.107749939	32.953250885
150.811287817	1008.09179688	39.107749939	32.953250885
150.811287817	1008.09179688	39.107749939	32.953250885
150.811287817	1008.09179688	39.107749939	32.953250885
150.811287817	1008.09179688	39.107749939	32.8801956177
150.811287817	1008.09179688	39.107749939	32.8801956177
150.811287817	1008.09179688	38.5662689209	32.8801956177
150.811287817	1008.09179688	38.5662689209	32.8801956177
150.811287818	1008.09179688	38.5662689209	32.8801956177
150.811287818	1008.09130859	38.5662689209	32.8801956177
150.811287818	1008.09130859	38.5662689209	32.8801956177
150.811287818	1008.09130859	38.5662689209	32.8801956177
150.811287818	1008.09130859	38.5662689209	32.8801956177
150.811287818	1008.09130859	38.5662689209	32.8801956177
150.811287819	1008.09130859	38.5662689209	32.8801956177
150.811287819	1008.09130859	38.5662689209	32.8801956177
150.811287819	1008.09130859	38.5662689209	32.8801956177
150.811287819	1008.09130859	38.5662689209	32.8801956177
150.811287819	1008.09130859	38.5662689209	32.8801956177
150.811287819	1008.09130859	38.5662689209	32.8801956177
150.811287819	1008.09130859	38.5662689209	32.8801956177
150.811287819	1008.09130859	38.5662689209	32.8801956177
150.81128782	1008.09130859	38.5662689209	32.8801956177
150.81128782	1008.09130859	38.5662689209	32.8801956177
150.81128782	1008.09130859	38.5662689209	32.8801956177
150.81128782	1008.09130859	38.5662689209	32.8801956177
150.81128782	1008.09130859	38.5662689209	32.8801956177
150.81128782	1008.09130859	38.5662689209	32.8801956177
150.81128782	1008.09130859	38.5662689209	32.8801956177
150.811287821	1008.09130859	38.5662689209	32.8801956177
150.811287821	1008.09130859	38.5662689209	32.8801956177
150.811287821	1008.09130859	38.5662689209	32.8801956177
150.811287821	1008.09130859	38.5662689209	32.8801956177
150.811287821	1008.09130859	38.5662689209	32.8801956177
150.811287821	1008.09130859	38.5662689209	32.8801956177
150.811287821	1008.09130859	38.5662689209	32.8801956177
150.811287822	1008.09130859	38.5662689209	32.8801956177
150.811287822	1008.09130859	38.5662689209	32.8801956177
150.811287822	1008.09033203	38.5662689209	32.8801956177
150.811287822	1008.09033203	38.5662689209	32.8801956177
150.811287822	1008.09033203	38.5662689209	32.8801956177
150.811287822	1008.09033203	38.5662689209	32.8801956177
150.811287822	1008.09033203	38.5662689209	32.8801956177
150.811287823	1008.09033203	38.5662689209	32.8801956177
150.811287823	1008.09033203	38.5662689209	32.8801956177
150.811287823	1008.09033203	38.5662689209	32.8801956177
150.811287823	1008.09033203	38.5662689209	32.8801956177
150.811287823	1008.09033203	38.5662689209	32.8801956177
150.811287823	1008.09033203	38.5662689209	32.8801956177
150.811287823	1008.09033203	38.5662689209	32.8801956177
150.811287824	1008.09033203	38.5662689209	32.8801956177
150.811287824	1008.09033203	38.5662689209	32.8801956177
150.811287824	1008.09033203	38.5662689209	32.8801956177
150.811287824	1008.09033203	38.5662689209	32.8801956177
150.811287824	1008.09033203	38.5662689209	32.8801956177
150.811287824	1008.09033203	38.5662689209	32.8801956177
150.811287824	1008.09033203	38.5662689209	32.8801956177
150.811287825	1008.09033203	38.5662689209	32.8801956177
150.811287825	1008.09033203	38.5662689209	32.8801956177
150.811287825	1008.09033203	38.5662689209	32.8801956177
150.811287825	1008.09033203	38.5662689209	32.8801956177
150.811287825	1008.09033203	38.5662689209	32.8619308472
150.811287825	1008.09033203	39.4341201782	32.8619308472
150.811287825	1008.09033203	39.4341201782	32.8619308472
150.811287826	1008.09033203	39.4341201782	32.8619308472
150.811287826	1008.09033203	39.4341201782	32.8619308472
150.811287826	1008.0847168	39.4341201782	32.8619308472
150.811287826	1008.0847168	39.4341201782	32.8619308472
150.811287826	1008.0847168	39.4341201782	32.8619308472
150.811287826	1008.0847168	39.4341201782	32.8619308472
150.811287826	1008.0847168	39.4341201782	32.8619308472
150.811287827	1008.0847168	39.4341201782	32.8619308472
150.811287827	1008.0847168	39.4341201782	32.8619308472
150.811287827	1008.0847168	39.4341201782	32.8619308472
150.811287827	1008.0847168	39.4341201782	32.8619308472
150.811287827	1008.0847168	39.4341201782	32.8619308472
150.811287827	1008.0847168	39.4341201782	32.8619308472
150.811287827	1008.0847168	39.4341201782	32.8619308472
150.811287828	1008.0847168	39.4341201782	32.8619308472
150.811287828	1008.0847168	39.4341201782	32.8619308472
150.811287828	1008.0847168	39.4341201782	32.8619308472
150.811287828	1008.0847168	39.4341201782	32.8619308472
150.811287828	1008.0847168	39.4341201782	32.8619308472
150.811287828	1008.0847168	39.4341201782	32.8619308472
150.811287828	1008.0847168	39.4341201782	32.8619308472
150.811287829	1008.0847168	39.4341201782	32.8619308472
150.811287829	1008.0847168	39.4341201782	32.8619308472
150.811287829	1008.0847168	39.4341201782	32.8619308472
150.811287829	1008.0847168	39.4341201782	32.8619308472
150.811287829	1008.0847168	39.4341201782	32.8619308472
150.811287829	1008.0847168	39.4341201782	32.8619308472
150.811287829	1008.0847168	39.4341201782	32.8619308472
150.811287829	1008.0847168	39.4341201782	32.8619308472
150.81128783	1008.0847168	39.4341201782	32.8619308472
150.81128783	1008.0847168	39.4341201782	32.8619308472
150.81128783	1008.08300781	39.4341201782	32.8619308472
150.81128783	1008.08300781	39.4341201782	32.8619308472
150.81128783	1008.08300781	39.4341201782	32.8619308472
150.81128783	1008.08300781	39.4341201782	32.8619308472
150.811287831	1008.08300781	39.4341201782	32.8619308472
150.811287831	1008.08300781	39.4341201782	32.8619308472
150.811287831	1008.08300781	39.4341201782	32.8619308472
150.811287831	1008.08300781	39.4341201782	32.8619308472
150.811287831	1008.08300781	39.4341201782	32.8619308472
150.811287831	1008.08300781	39.4341201782	32.8619308472
150.811287831	1008.08300781	39.4341201782	32.8619308472
150.811287832	1008.08300781	39.4341201782	32.8619308472
150.811287832	1008.08300781	39.4341201782	32.8619308472
150.811287832	1008.08300781	39.4341201782	32.8619308472
150.811287832	1008.08300781	39.4341201782	32.8619308472
150.811287832	1008.08300781	39.4341201782	32.8619308472
150.811287832	1008.08300781	39.4341201782	32.8619308472
150.811287832	1008.08300781	39.4341201782	32.8619308472
150.811287832	1008.08300781	39.4341201782	32.8619308472
150.811287833	1008.08300781	39.4341201782	32.8619308472
150.811287833	1008.08300781	39.4341201782	32.8619308472
150.811287833	1008.08300781	39.4341201782	32.8619308472
150.811287833	1008.08300781	39.4341201782	33.0628356934
150.811287833	1008.08300781	39.4341201782	33.0628356934
150.811287833	1008.08300781	38.5291824341	33.0628356934
150.811287834	1008.08300781	38.5291824341	33.0628356934
150.811287834	1008.08300781	38.5291824341	33.0628356934
150.811287834	1008.08300781	38.5291824341	33.0628356934
150.811287834	1008.08300781	38.5291824341	33.0628356934
150.811287834	1008.08325195	38.5291824341	33.0628356934
150.811287834	1008.08325195	38.5291824341	33.0628356934
150.811287834	1008.08325195	38.5291824341	33.0628356934
150.811287835	1008.08325195	38.5291824341	33.0628356934
150.811287835	1008.08325195	38.5291824341	33.0628356934
150.811287835	1008.08325195	38.5291824341	33.0628356934
150.811287835	1008.08325195	38.5291824341	33.0628356934
150.811287835	1008.08325195	38.5291824341	33.0628356934
150.811287835	1008.08325195	38.5291824341	33.0628356934
150.811287835	1008.08325195	38.5291824341	33.0628356934
150.811287836	1008.08325195	38.5291824341	33.0628356934
150.811287836	1008.08325195	38.5291824341	33.0628356934
150.811287836	1008.08325195	38.5291824341	33.0628356934
150.811287836	1008.08325195	38.5291824341	33.0628356934
150.811287836	1008.08325195	38.5291824341	33.0628356934
150.811287836	1008.08325195	38.5291824341	33.0628356934
150.811287836	1008.08325195	38.5291824341	33.0628356934
150.811287837	1008.08325195	38.5291824341	33.0628356934
150.811287837	1008.08325195	38.5291824341	33.0628356934
150.811287837	1008.08325195	38.5291824341	33.0628356934
150.811287837	1008.08325195	38.5291824341	33.0628356934
150.811287837	1008.08325195	38.5291824341	33.0628356934
150.811287837	1008.08325195	38.5291824341	33.0628356934
150.811287837	1008.08325195	38.5291824341	33.0628356934
150.811287837	1008.08325195	38.5291824341	33.0628356934
150.811287838	1008.08325195	38.5291824341	33.0628356934
150.811287838	1008.08325195	38.5291824341	33.0628356934
150.811287838	1008.08325195	38.5291824341	33.0628356934
150.811287838	1008.08007812	38.5291824341	33.0628356934
150.811287839	1008.08007812	38.5291824341	33.0628356934
150.811287839	1008.08007812	38.5291824341	33.0628356934
150.811287839	1008.08007812	38.5291824341	33.0628356934
150.811287839	1008.08007812	38.5291824341	33.0628356934
150.811287839	1008.08007812	38.5291824341	33.0628356934
150.811287839	1008.08007812	38.5291824341	33.0628356934
150.81128784	1008.08007812	38.5291824341	33.0628356934
150.81128784	1008.08007812	38.5291824341	33.0628356934
150.81128784	1008.08007812	38.5291824341	33.0628356934
150.81128784	1008.08007812	38.5291824341	33.0628356934
150.81128784	1008.08007812	38.5291824341	33.0628356934
150.81128784	1008.08007812	38.5291824341	33.0628356934
150.81128784	1008.08007812	38.5291824341	33.0628356934
150.81128784	1008.08007812	38.5291824341	33.0628356934
150.811287841	1008.08007812	38.5291824341	33.0628356934
150.811287841	1008.08007812	38.5291824341	33.0628356934
150.811287841	1008.08007812	38.5291824341	33.0628356934
150.811287841	1008.08007812	38.5291824341	33.0628356934
150.811287841	1008.08007812	38.5291824341	32.8801956177
150.811287841	1008.08007812	38.5291824341	32.8801956177
150.811287842	1008.08007812	37.9172363281	32.8801956177
150.811287842	1008.08007812	37.9172363281	32.8801956177
150.811287842	1008.08007812	37.9172363281	32.8801956177
150.811287842	1008.08007812	37.9172363281	32.8801956177
150.811287842	1008.08007812	37.9172363281	32.8801956177
150.811287842	1008.07202148	37.9172363281	32.8801956177
150.811287842	1008.07202148	37.9172363281	32.8801956177
150.811287843	1008.07202148	37.9172363281	32.8801956177
150.811287843	1008.07202148	37.9172363281	32.8801956177
150.811287843	1008.07202148	37.9172363281	32.8801956177
150.811287843	1008.07202148	37.9172363281	32.8801956177
150.811287843	1008.07202148	37.9172363281	32.8801956177
150.811287843	1008.07202148	37.9172363281	32.8801956177
150.811287843	1008.07202148	37.9172363281	32.8801956177
150.811287844	1008.07202148	37.9172363281	32.8801956177
150.811287844	1008.07202148	37.9172363281	32.8801956177
150.811287844	1008.07202148	37.9172363281	32.8801956177
150.811287844	1008.07202148	37.9172363281	32.8801956177
150.811287844	1008.07202148	37.9172363281	32.8801956177
150.811287844	1008.07202148	37.9172363281	32.8801956177
150.811287844	1008.07202148	37.9172363281	32.8801956177
150.811287844	1008.07202148	37.9172363281	32.8801956177
150.811287845	1008.07202148	37.9172363281	32.8801956177
150.811287845	1008.07202148	37.9172363281	32.8801956177
150.811287845	1008.07202148	37.9172363281	32.8801956177
150.811287845	1008.07202148	37.9172363281	32.8801956177
150.811287845	1008.07202148	37.9172363281	32.8801956177
150.811287845	1008.07202148	37.9172363281	32.8801956177
150.811287845	1008.07202148	37.9172363281	32.8801956177
150.811287846	1008.07202148	37.9172363281	32.8801956177
150.811287846	1008.07202148	37.9172363281	32.8801956177
150.811287846	1008.07202148	37.9172363281	32.8801956177
150.811287846	1008.07202148	37.9172363281	32.8801956177
150.811287846	1008.07202148	37.9172363281	32.8801956177
150.811287846	1008.07470703	37.9172363281	32.8801956177
150.811287846	1008.07470703	37.9172363281	32.8801956177
150.811287847	1008.07470703	37.9172363281	32.8801956177
150.811287847	1008.07470703	37.9172363281	32.8801956177
150.811287847	1008.07470703	37.9172363281	32.8801956177
150.811287847	1008.07470703	37.9172363281	32.8801956177
150.811287847	1008.07470703	37.9172363281	32.8801956177
150.811287847	1008.07470703	37.9172363281	32.8801956177
150.811287847	1008.07470703	37.9172363281	32.8801956177
150.811287848	1008.07470703	37.9172363281	32.8801956177
150.811287848	1008.07470703	37.9172363281	32.8801956177
150.811287848	1008.07470703	37.9172363281	32.8801956177
150.811287848	1008.07470703	37.9172363281	32.8801956177
150.811287848	1008.07470703	37.9172363281	32.8801956177
150.811287848	1008.07470703	37.9172363281	32.8801956177
150.811287848	1008.07470703	37.9172363281	32.8801956177
150.811287849	1008.07470703	37.9172363281	32.8801956177
150.811287849	1008.07470703	37.9172363281	32.8801956177
150.811287849	1008.07470703	37.9172363281	32.8801956177
150.811287849	1008.07470703	37.9172363281	32.8801956177
150.811287849	1008.07470703	37.9172363281	32.8801956177
150.811287849	1008.07470703	37.9172363281	32.9715156555
150.811287849	1008.07470703	38.5217666626	32.9715156555
150.81128785	1008.07470703	38.5217666626	32.9715156555
150.81128785	1008.07470703	38.5217666626	32.9715156555
150.81128785	1008.07470703	38.5217666626	32.9715156555
150.81128785	1008.07470703	38.5217666626	32.9715156555
150.81128785	1008.07470703	38.5217666626	32.9715156555
150.81128785	1008.07739258	38.5217666626	32.9715156555
150.811287851	1008.07739258	38.5217666626	32.9715156555
150.811287851	1008.07739258	38.5217666626	32.9715156555
150.811287851	1008.07739258	38.5217666626	32.9715156555
150.811287851	1008.07739258	38.5217666626	32.9715156555
150.811287851	1008.07739258	38.5217666626	32.9715156555
150.811287851	1008.07739258	38.5217666626	32.9715156555
150.811287851	1008.07739258	38.5217666626	32.9715156555
150.811287851	1008.07739258	38.5217666626	32.9715156555
150.811287852	1008.07739258	38.5217666626	32.9715156555
150.811287852	1008.07739258	38.5217666626	32.9715156555
150.811287852	1008.07739258	38.5217666626	32.9715156555
150.811287852	1008.07739258	38.5217666626	32.9715156555
150.811287852	1008.07739258	38.5217666626	32.9715156555
150.811287852	1008.07739258	38.5217666626	32.9715156555
150.811287852	1008.07739258	38.5217666626	32.9715156555
150.811287853	1008.07739258	38.5217666626	32.9715156555
150.811287853	1008.07739258	38.5217666626	32.9715156555
150.811287853	1008.07739258	38.5217666626	32.9715156555
150.811287853	1008.07739258	38.5217666626	32.9715156555
150.811287853	1008.07739258	38.5217666626	32.9715156555
150.811287853	1008.07739258	38.5217666626	32.9715156555
150.811287853	1008.07739258	38.5217666626	32.9715156555
150.811287854	1008.07739258	38.5217666626	32.9715156555
150.811287854	1008.07739258	38.5217666626	32.9715156555
150.811287854	1008.07739258	38.5217666626	32.9715156555
150.811287854	1008.07739258	38.5217666626	32.9715156555
150.811287854	1008.07739258	38.5217666626	32.9715156555
150.811287854	1008.07739258	38.5217666626	32.9715156555
150.811287854	1008.07666016	38.5217666626	32.9715156555
150.811287855	1008.07666016	38.5217666626	32.9715156555
150.811287855	1008.07666016	38.5217666626	32.9715156555
150.811287855	1008.07666016	38.5217666626	32.9715156555
150.811287855	1008.07666016	38.5217666626	32.9715156555
150.811287855	1008.07666016	38.5217666626	32.9715156555
150.811287855	1008.07666016	38.5217666626	32.9715156555
150.811287855	1008.07666016	38.5217666626	32.9715156555
150.811287856	1008.07666016	38.5217666626	32.9715156555
150.811287856	1008.07666016	38.5217666626	32.9715156555
150.811287856	1008.07666016	38.5217666626	32.9715156555
150.811287856	1008.07666016	38.5217666626	32.9715156555
150.811287856	1008.07666016	38.5217666626	32.9715156555
150.811287856	1008.07666016	38.5217666626	32.9715156555
150.811287856	1008.07666016	38.5217666626	32.9715156555
150.811287856	1008.07666016	38.5217666626	32.9715156555
150.811287857	1008.07666016	38.5217666626	32.9715156555
150.811287857	1008.07666016	38.5217666626	32.9715156555
150.811287857	1008.07666016	38.5217666626	32.9715156555
150.811287857	1008.07666016	38.5217666626	32.9715156555
150.811287857	1008.07666016	38.5217666626	32.9349861145
150.811287857	1008.07666016	38.5217666626	32.9349861145
150.811287858	1008.07666016	38.4698410034	32.9349861145
150.811287858	1008.07666016	38.4698410034	32.9349861145
150.811287858	1008.07666016	38.4698410034	32.9349861145
150.811287858	1008.07666016	38.4698410034	32.9349861145
150.811287858	1008.07666016	38.4698410034	32.9349861145
150.811287858	1008.07666016	38.4698410034	32.9349861145
150.811287858	1008.07666016	38.4698410034	32.9349861145
150.811287859	1008.07324219	38.4698410034	32.9349861145
150.811287859	1008.07324219	38.4698410034	32.9349861145
150.811287859	1008.07324219	38.4698410034	32.9349861145
150.811287859	1008.07324219	38.4698410034	32.9349861145
150.811287859	1008.07324219	38.4698410034	32.9349861145
150.811287859	1008.07324219	38.4698410034	32.9349861145
150.811287859	1008.07324219	38.4698410034	32.9349861145
150.81128786	1008.07324219	38.4698410034	32.9349861145
150.81128786	1008.07324219	38.4698410034	32.9349861145
150.81128786	1008.07324219	38.4698410034	32.9349861145
150.81128786	1008.07324219	38.4698410034	32.9349861145
150.81128786	1008.07324219	38.4698410034	32.9349861145
150.81128786	1008.07324219	38.4698410034	32.9349861145
150.81128786	1008.07324219	38.4698410034	32.9349861145
150.811287861	1008.07324219	38.4698410034	32.9349861145
150.811287861	1008.07324219	38.4698410034	32.9349861145
150.811287861	1008.07324219	38.4698410034	32.9349861145
150.811287861	1008.07324219	38.4698410034	32.9349861145
150.811287861	1008.07324219	38.4698410034	32.9349861145
150.811287861	1008.07324219	38.4698410034	32.9349861145
150.811287861	1008.07324219	38.4698410034	32.9349861145
150.811287861	1008.07324219	38.4698410034	32.9349861145
150.811287862	1008.07324219	38.4698410034	32.9349861145
150.811287862	1008.07324219	38.4698410034	32.9349861145
150.811287862	1008.07324219	38.4698410034	32.9349861145
150.811287862	1008.07324219	38.4698410034	32.9349861145
150.811287862	1008.07324219	38.4698410034	32.9349861145
150.811287862	1008.07324219	38.4698410034	32.9349861145
150.811287862	1008.07324219	38.4698410034	32.9349861145
150.811287863	1008.07446289	38.4698410034	32.9349861145
150.811287863	1008.07446289	38.4698410034	32.9349861145
150.811287863	1008.07446289	38.4698410034	32.9349861145
150.811287863	1008.07446289	38.4698410034	32.9349861145
150.811287863	1008.07446289	38.4698410034	32.9349861145
150.811287863	1008.07446289	38.4698410034	32.9349861145
150.811287863	1008.07446289	38.4698410034	32.9349861145
150.811287864	1008.07446289	38.4698410034	32.9349861145
150.811287864	1008.07446289	38.4698410034	32.9349861145
150.811287864	1008.07446289	38.4698410034	32.9349861145
150.811287864	1008.07446289	38.4698410034	32.9349861145
150.811287864	1008.07446289	38.4698410034	32.9349861145
150.811287864	1008.07446289	38.4698410034	32.9349861145
150.811287864	1008.07446289	38.4698410034	32.9349861145
150.811287865	1008.07446289	38.4698410034	32.9349861145
150.811287865	1008.07446289	38.4698410034	32.9349861145
150.811287865	1008.07446289	38.4698410034	32.9349861145
150.811287865	1008.07446289	38.4698410034	32.9349861145
150.811287865	1008.07446289	38.4698410034	32.9349861145
150.811287865	1008.07446289	38.4698410034	32.953250885
150.811287865	1008.07446289	38.4698410034	32.953250885
150.811287866	1008.07446289	38.3326187134	32.953250885
150.811287866	1008.07446289	38.3326187134	32.953250885
150.811287866	1008.07446289	38.3326187134	32.953250885
150.811287866	1008.07446289	38.3326187134	32.953250885
150.811287866	1008.07446289	38.3326187134	32.953250885
150.811287866	1008.07446289	38.3326187134	32.953250885
150.811287866	1008.07446289	38.3326187134	32.953250885
150.811287867	1008.07226562	38.3326187134	32.953250885
150.811287867	1008.07226562	38.3326187134	32.953250885
150.811287867	1008.07226562	38.3326187134	32.953250885
150.811287867	1008.07226562	38.3326187134	32.953250885
150.811287867	1008.07226562	38.3326187134	32.953250885
150.811287867	1008.07226562	38.3326187134	32.953250885
150.811287868	1008.07226562	38.3326187134	32.953250885
150.811287868	1008.07226562	38.3326187134	32.953250885
150.811287868	1008.07226562	38.3326187134	32.953250885
150.811287868	1008.07226562	38.3326187134	32.953250885
150.811287868	1008.07226562	38.3326187134	32.953250885
150.811287868	1008.07226562	38.3326187134	32.953250885
150.811287868	1008.07226562	38.3326187134	32.953250885
150.811287868	1008.07226562	38.3326187134	32.953250885
150.811287869	1008.07226562	38.3326187134	32.953250885
150.811287869	1008.07226562	38.3326187134	32.953250885
150.811287869	1008.07226562	38.3326187134	32.953250885
150.811287869	1008.07226562	38.3326187134	32.953250885
150.811287869	1008.07226562	38.3326187134	32.953250885
150.811287869	1008.07226562	38.3326187134	32.953250885
150.811287869	1008.07226562	38.3326187134	32.953250885
150.81128787	1008.07226562	38.3326187134	32.953250885
150.81128787	1008.07226562	38.3326187134	32.953250885
150.81128787	1008.07226562	38.3326187134	32.953250885
150.81128787	1008.07226562	38.3326187134	32.953250885
150.81128787	1008.07226562	38.3326187134	32.953250885
150.81128787	1008.07226562	38.3326187134	32.953250885
150.81128787	1008.07226562	38.3326187134	32.953250885
150.811287871	1008.07226562	38.3326187134	32.953250885
150.811287871	1008.0690918	38.3326187134	32.953250885
150.811287871	1008.0690918	38.3326187134	32.953250885
150.811287871	1008.0690918	38.3326187134	32.953250885
150.811287871	1008.0690918	38.3326187134	32.953250885
150.811287871	1008.0690918	38.3326187134	32.953250885
150.811287871	1008.0690918	38.3326187134	32.953250885
150.811287872	1008.0690918	38.3326187134	32.953250885
150.811287872	1008.0690918	38.3326187134	32.953250885
150.811287872	1008.0690918	38.3326187134	32.953250885
150.811287872	1008.0690918	38.3326187134	32.953250885
150.811287872	1008.0690918	38.3326187134	32.953250885
150.811287872	1008.0690918	38.3326187134	32.953250885
150.811287872	1008.0690918	38.3326187134	32.953250885
150.811287873	1008.0690918	38.3326187134	32.953250885
150.811287873	1008.0690918	38.3326187134	32.953250885
150.811287873	1008.0690918	38.3326187134	32.953250885
150.811287873	1008.0690918	38.3326187134	32.953250885
150.811287873	1008.0690918	38.3326187134	32.953250885
150.811287873	1008.0690918	38.3326187134	32.953250885
150.811287873	1008.0690918	38.3326187134	32.953250885
150.811287874	1008.0690918	39.00390625	32.953250885
150.811287874	1008.0690918	39.00390625	32.953250885
150.811287874	1008.0690918	39.00390625	32.953250885
150.811287874	1008.0690918	39.00390625	32.953250885
150.811287874	1008.0690918	39.00390625	32.953250885
150.811287874	1008.0690918	39.00390625	32.953250885
150.811287874	1008.0690918	39.00390625	32.953250885
150.811287875	1008.0690918	39.00390625	32.953250885
150.811287875	1008.07055664	39.00390625	32.953250885
150.811287875	1008.07055664	39.00390625	32.953250885
150.811287875	1008.07055664	39.00390625	32.953250885
150.811287875	1008.07055664	39.00390625	32.953250885
150.811287875	1008.07055664	39.00390625	32.953250885
150.811287875	1008.07055664	39.00390625	32.953250885
150.811287876	1008.07055664	39.00390625	32.953250885
150.811287876	1008.07055664	39.00390625	32.953250885
150.811287876	1008.07055664	39.00390625	32.953250885
150.811287876	1008.07055664	39.00390625	32.953250885
150.811287876	1008.07055664	39.00390625	32.953250885
150.811287876	1008.07055664	39.00390625	32.953250885
150.811287876	1008.07055664	39.00390625	32.953250885
150.811287877	1008.07055664	39.00390625	32.953250885
150.811287877	1008.07055664	39.00390625	32.953250885
150.811287877	1008.07055664	39.00390625	32.953250885
150.811287877	1008.07055664	39.00390625	32.953250885
150.811287877	1008.07055664	39.00390625	32.953250885
150.811287877	1008.07055664	39.00390625	32.953250885
150.811287877	1008.07055664	39.00390625	32.953250885
150.811287878	1008.07055664	39.00390625	32.953250885
150.811287878	1008.07055664	39.00390625	32.953250885
150.811287878	1008.07055664	39.00390625	32.953250885
150.811287878	1008.07055664	39.00390625	32.953250885
150.811287878	1008.07055664	39.00390625	32.953250885
150.811287878	1008.07055664	39.00390625	32.953250885
150.811287878	1008.07055664	39.00390625	32.953250885
150.811287878	1008.07055664	39.00390625	32.953250885
150.811287879	1008.07055664	39.00390625	32.953250885
150.811287879	1008.07055664	39.00390625	32.953250885
150.811287879	1008.06835938	39.00390625	32.953250885
150.811287879	1008.06835938	39.00390625	32.953250885
150.811287879	1008.06835938	39.00390625	32.953250885
150.811287879	1008.06835938	39.00390625	32.953250885
150.81128788	1008.06835938	39.00390625	32.953250885
150.81128788	1008.06835938	39.00390625	32.953250885
150.81128788	1008.06835938	39.00390625	32.953250885
150.81128788	1008.06835938	39.00390625	32.953250885
150.81128788	1008.06835938	39.00390625	32.953250885
150.81128788	1008.06835938	39.00390625	32.953250885
150.81128788	1008.06835938	39.00390625	32.953250885
150.81128788	1008.06835938	39.00390625	32.953250885
150.811287881	1008.06835938	39.00390625	32.953250885
150.811287881	1008.06835938	39.00390625	32.953250885
150.811287881	1008.06835938	39.00390625	32.953250885
150.811287881	1008.06835938	39.00390625	32.953250885
150.811287881	1008.06835938	39.00390625	32.953250885
150.811287881	1008.06835938	39.00390625	33.0080413818
150.811287881	1008.06835938	39.00390625	33.0080413818
150.811287882	1008.06835938	40.965839386	33.0080413818
150.811287882	1008.06835938	40.965839386	33.0080413818
150.811287882	1008.06835938	40.965839386	33.0080413818
150.811287882	1008.06835938	40.965839386	33.0080413818
150.811287882	1008.06835938	40.965839386	33.0080413818
150.811287882	1008.06835938	40.965839386	33.0080413818
150.811287882	1008.06835938	40.965839386	33.0080413818
150.811287883	1008.06835938	40.965839386	33.0080413818
150.811287883	1008.06835938	40.965839386	33.0080413818
150.811287883	1008.06591797	40.965839386	33.0080413818
150.811287883	1008.06591797	40.965839386	33.0080413818
150.811287883	1008.06591797	40.965839386	33.0080413818
150.811287883	1008.06591797	40.965839386	33.0080413818
150.811287884	1008.06591797	40.965839386	33.0080413818
150.811287884	1008.06591797	40.965839386	33.0080413818
150.811287884	1008.06591797	40.965839386	33.0080413818
150.811287884	1008.06591797	40.965839386	33.0080413818
150.811287884	1008.06591797	40.965839386	33.0080413818
150.811287884	1008.06591797	40.965839386	33.0080413818
150.811287884	1008.06591797	40.965839386	33.0080413818
150.811287885	1008.06591797	40.965839386	33.0080413818
150.811287885	1008.06591797	40.965839386	33.0080413818
150.811287885	1008.06591797	40.965839386	33.0080413818
150.811287885	1008.06591797	40.965839386	33.0080413818
150.811287885	1008.06591797	40.965839386	33.0080413818
150.811287885	1008.06591797	40.965839386	33.0080413818
150.811287885	1008.06591797	40.965839386	33.0080413818
150.811287885	1008.06591797	40.965839386	33.0080413818
150.811287886	1008.06591797	40.965839386	33.0080413818
150.811287886	1008.06591797	40.965839386	33.0080413818
150.811287886	1008.06591797	40.965839386	33.0080413818
150.811287886	1008.06591797	40.965839386	33.0080413818
150.811287886	1008.06591797	40.965839386	33.0080413818
150.811287886	1008.06591797	40.965839386	33.0080413818
150.811287886	1008.06591797	40.965839386	33.0080413818
150.811287887	1008.06591797	40.965839386	33.0080413818
150.811287887	1008.06591797	40.965839386	33.0080413818
150.811287887	1008.06591797	40.965839386	33.0080413818
150.811287887	1008.06640625	40.965839386	33.0080413818
150.811287887	1008.06640625	40.965839386	33.0080413818
150.811287887	1008.06640625	40.965839386	33.0080413818
150.811287887	1008.06640625	40.965839386	33.0080413818
150.811287888	1008.06640625	40.965839386	33.0080413818
150.811287888	1008.06640625	40.965839386	33.0080413818
150.811287888	1008.06640625	40.965839386	33.0080413818
150.811287888	1008.06640625	40.965839386	33.0080413818
150.811287889	1008.06640625	40.965839386	33.0080413818
150.811287889	1008.06640625	40.965839386	33.0080413818
150.811287889	1008.06640625	40.965839386	33.0080413818
150.811287889	1008.06640625	40.965839386	33.0080413818
150.811287889	1008.06640625	40.965839386	33.0080413818
150.811287889	1008.06640625	40.965839386	33.0080413818
150.811287889	1008.06640625	40.965839386	32.9897766113
150.81128789	1008.06640625	36.6822166443	32.9897766113
150.81128789	1008.06640625	36.6822166443	32.9897766113
150.81128789	1008.06640625	36.6822166443	32.9897766113
150.81128789	1008.06640625	36.6822166443	32.9897766113
150.81128789	1008.06640625	36.6822166443	32.9897766113
150.81128789	1008.06640625	36.6822166443	32.9897766113
150.811287891	1008.06640625	36.6822166443	32.9897766113
150.811287891	1008.06640625	36.6822166443	32.9897766113
150.811287891	1008.06640625	36.6822166443	32.9897766113
150.811287891	1008.06640625	36.6822166443	32.9897766113
150.811287891	1008.06884766	36.6822166443	32.9897766113
150.811287891	1008.06884766	36.6822166443	32.9897766113
150.811287891	1008.06884766	36.6822166443	32.9897766113
150.811287892	1008.06884766	36.6822166443	32.9897766113
150.811287892	1008.06884766	36.6822166443	32.9897766113
150.811287892	1008.06884766	36.6822166443	32.9897766113
150.811287892	1008.06884766	36.6822166443	32.9897766113
150.811287892	1008.06884766	36.6822166443	32.9897766113
150.811287892	1008.06884766	36.6822166443	32.9897766113
150.811287892	1008.06884766	36.6822166443	32.9897766113
150.811287893	1008.06884766	36.6822166443	32.9897766113
150.811287893	1008.06884766	36.6822166443	32.9897766113
150.811287893	1008.06884766	36.6822166443	32.9897766113
150.811287893	1008.06884766	36.6822166443	32.9897766113
150.811287893	1008.06884766	36.6822166443	32.9897766113
150.811287893	1008.06884766	36.6822166443	32.9897766113
150.811287893	1008.06884766	36.6822166443	32.9897766113
150.811287893	1008.06884766	36.6822166443	32.9897766113
150.811287894	1008.06884766	36.6822166443	32.9897766113
150.811287894	1008.06884766	36.6822166443	32.9897766113
150.811287894	1008.06884766	36.6822166443	32.9897766113
150.811287894	1008.06884766	36.6822166443	32.9897766113
150.811287894	1008.06884766	36.6822166443	32.9897766113
150.811287894	1008.06884766	36.6822166443	32.9897766113
150.811287894	1008.06884766	36.6822166443	32.9897766113
150.811287895	1008.06884766	36.6822166443	32.9897766113
150.811287895	1008.06884766	36.6822166443	32.9897766113
150.811287895	1008.06884766	36.6822166443	32.9897766113
150.811287895	1008.06884766	36.6822166443	32.9897766113
150.811287895	1008.06640625	36.6822166443	32.9897766113
150.811287895	1008.06640625	36.6822166443	32.9897766113
150.811287895	1008.06640625	36.6822166443	32.9897766113
150.811287896	1008.06640625	36.6822166443	32.9897766113
150.811287896	1008.06640625	36.6822166443	32.9897766113
150.811287896	1008.06640625	36.6822166443	32.9897766113
150.811287896	1008.06640625	36.6822166443	32.9897766113
150.811287896	1008.06640625	36.6822166443	32.9897766113
150.811287896	1008.06640625	36.6822166443	32.9897766113
150.811287896	1008.06640625	36.6822166443	32.9897766113
150.811287897	1008.06640625	36.6822166443	32.9897766113
150.811287897	1008.06640625	36.6822166443	32.9897766113
150.811287897	1008.06640625	36.6822166443	32.9897766113
150.811287897	1008.06640625	36.6822166443	32.9897766113
150.811287897	1008.06640625	36.6822166443	32.9897766113
150.811287897	1008.06640625	36.6822166443	32.9897766113
150.811287897	1008.06640625	36.6822166443	32.9897766113
150.811287898	1008.06640625	36.6822166443	32.9715156555
150.811287898	1008.06640625	37.2570762634	32.9715156555
150.811287898	1008.06640625	37.2570762634	32.9715156555
150.811287898	1008.06640625	37.2570762634	32.9715156555
150.811287898	1008.06640625	37.2570762634	32.9715156555
150.811287898	1008.06640625	37.2570762634	32.9715156555
150.811287898	1008.06640625	37.2570762634	32.9715156555
150.811287899	1008.06640625	37.2570762634	32.9715156555
150.811287899	1008.06640625	37.2570762634	32.9715156555
150.811287899	1008.06640625	37.2570762634	32.9715156555
150.811287899	1008.06640625	37.2570762634	32.9715156555
150.811287899	1008.06591797	37.2570762634	32.9715156555
150.811287899	1008.06591797	37.2570762634	32.9715156555
150.8112879	1008.06591797	37.2570762634	32.9715156555
150.8112879	1008.06591797	37.2570762634	32.9715156555
150.8112879	1008.06591797	37.2570762634	32.9715156555
150.8112879	1008.06591797	37.2570762634	32.9715156555
150.8112879	1008.06591797	37.2570762634	32.9715156555
150.8112879	1008.06591797	37.2570762634	32.9715156555
150.8112879	1008.06591797	37.2570762634	32.9715156555
150.8112879	1008.06591797	37.2570762634	32.9715156555
