0.988393282868	1100
time	pressure	humidity	temperature
150.811173659	1006.73852539	36.0460929871	33.2156677246
150.81117366	1006.73852539	36.0460929871	33.2156677246
150.81117366	1006.73852539	36.0460929871	33.2156677246
150.81117366	1006.73852539	36.0460929871	33.2156677246
150.81117366	1006.73852539	36.0460929871	33.2156677246
150.811173661	1006.73852539	36.0460929871	33.2156677246
150.811173661	1006.73852539	36.0460929871	33.2156677246
150.811173661	1006.73852539	36.0460929871	33.2156677246
150.811173661	1006.73852539	36.0460929871	33.2156677246
150.811173662	1006.73852539	36.0460929871	33.2337379456
150.811173662	1006.73852539	35.3407897949	33.2337379456
150.811173662	1006.73852539	35.3407897949	33.2337379456
150.811173662	1006.73852539	35.3407897949	33.2337379456
150.811173663	1006.73852539	35.3407897949	33.2337379456
150.811173663	1006.73706055	35.3407897949	33.2337379456
150.811173663	1006.73706055	35.3407897949	33.2337379456
150.811173663	1006.73706055	35.3407897949	33.2337379456
150.811173664	1006.73706055	35.3407897949	33.2337379456
150.811173664	1006.73706055	35.3407897949	33.2337379456
150.811173664	1006.73706055	35.3407897949	33.2337379456
150.811173664	1006.73706055	35.3407897949	33.2337379456
150.811173665	1006.73706055	35.3407897949	33.2337379456
150.811173665	1006.73706055	35.3407897949	33.2337379456
150.811173665	1006.73706055	35.3407897949	33.2337379456
150.811173665	1006.73706055	35.3407897949	33.2337379456
150.811173665	1006.73706055	35.3407897949	33.2337379456
150.811173666	1006.73706055	35.3407897949	33.2337379456
150.811173666	1006.73706055	35.3407897949	33.2337379456
150.811173666	1006.73706055	35.3407897949	33.2337379456
150.811173666	1006.73706055	35.3407897949	33.2337379456
150.811173667	1006.73706055	35.3407897949	33.2337379456
150.811173667	1006.74072266	35.3407897949	33.2337379456
150.811173667	1006.74072266	35.3407897949	33.2337379456
150.811173667	1006.74072266	35.3407897949	33.2337379456
150.811173668	1006.74072266	35.3407897949	33.2337379456
150.811173668	1006.74072266	35.3407897949	33.2337379456
150.811173668	1006.74072266	35.3407897949	33.2337379456
150.811173668	1006.74072266	35.3407897949	33.2337379456
150.811173669	1006.74072266	35.3407897949	33.2337379456
150.811173669	1006.74072266	35.3407897949	33.2337379456
150.811173669	1006.74072266	35.3407897949	33.2337379456
150.811173669	1006.74072266	35.3407897949	33.2337379456
150.811173669	1006.74072266	35.3407897949	33.2337379456
150.81117367	1006.74072266	35.3407897949	33.1433944702
150.81117367	1006.74072266	34.5347251892	33.1433944702
150.81117367	1006.74072266	34.5347251892	33.1433944702
150.81117367	1006.74072266	34.5347251892	33.1433944702
150.811173671	1006.74365234	34.5347251892	33.1433944702
150.811173671	1006.74365234	34.5347251892	33.1433944702
150.811173671	1006.74365234	34.5347251892	33.1433944702
150.811173672	1006.74365234	34.5347251892	33.1433944702
150.811173672	1006.74365234	34.5347251892	33.1433944702
150.811173672	1006.74365234	34.5347251892	33.1433944702
150.811173672	1006.74365234	34.5347251892	33.1433944702
150.811173672	1006.74365234	34.5347251892	33.1433944702
150.811173673	1006.74365234	34.5347251892	33.1433944702
150.811173673	1006.74365234	34.5347251892	33.1433944702
150.811173673	1006.74365234	34.5347251892	33.1433944702
150.811173673	1006.74365234	34.5347251892	33.1433944702
150.811173674	1006.74365234	34.5347251892	33.1433944702
150.811173674	1006.74365234	34.5347251892	33.1433944702
150.811173674	1006.74365234	34.5347251892	33.1433944702
150.811173674	1006.74365234	34.5347251892	33.1433944702
150.811173674	1006.74365234	34.5347251892	33.1433944702
150.811173675	1006.74194336	34.5347251892	33.1433944702
150.811173675	1006.74194336	34.5347251892	33.1433944702
150.811173675	1006.74194336	34.5347251892	33.1433944702
150.811173675	1006.74194336	34.5347251892	33.1433944702
150.811173676	1006.74194336	34.5347251892	33.1433944702
150.811173676	1006.74194336	34.5347251892	33.1433944702
150.811173676	1006.74194336	34.5347251892	33.1433944702
150.811173676	1006.74194336	34.5347251892	33.1433944702
150.811173677	1006.74194336	34.5347251892	33.1433944702
150.811173677	1006.74194336	34.5347251892	33.1433944702
150.811173677	1006.74194336	34.5347251892	33.1433944702
150.811173677	1006.74194336	34.5347251892	33.1433944702
150.811173677	1006.74194336	34.5347251892	33.1433944702
150.811173678	1006.74194336	34.5347251892	33.1433944702
150.811173678	1006.74194336	34.5347251892	33.1614646912
150.811173678	1006.74194336	34.6873893738	33.1614646912
150.811173679	1006.74194336	34.6873893738	33.1614646912
150.811173679	1006.74194336	34.6873893738	33.1614646912
150.811173679	1006.74194336	34.6873893738	33.1614646912
150.811173679	1006.74194336	34.6873893738	33.1614646912
150.81117368	1006.74194336	34.6873893738	33.1614646912
150.81117368	1006.74194336	34.6873893738	33.1614646912
150.81117368	1006.74194336	34.6873893738	33.1614646912
150.81117368	1006.74194336	34.6873893738	33.1614646912
150.81117368	1006.74194336	34.6873893738	33.1614646912
150.811173681	1006.74194336	34.6873893738	33.1614646912
150.811173681	1006.74194336	34.6873893738	33.1614646912
150.811173681	1006.74194336	34.6873893738	33.1614646912
150.811173681	1006.74194336	34.6873893738	33.1614646912
150.811173682	1006.74194336	34.6873893738	33.1614646912
150.811173682	1006.74194336	34.6873893738	33.1614646912
150.811173682	1006.74194336	34.6873893738	33.1614646912
150.811173682	1006.74194336	34.6873893738	33.1614646912
150.811173682	1006.74194336	34.6873893738	33.1614646912
150.811173683	1006.74023438	34.6873893738	33.1614646912
150.811173683	1006.74023438	34.6873893738	33.1614646912
150.811173683	1006.74023438	34.6873893738	33.1614646912
150.811173684	1006.74023438	34.6873893738	33.1614646912
150.811173684	1006.74023438	34.6873893738	33.1614646912
150.811173684	1006.74023438	34.6873893738	33.1614646912
150.811173684	1006.74023438	34.6873893738	33.1614646912
150.811173684	1006.74023438	34.6873893738	33.1614646912
150.811173685	1006.74023438	34.6873893738	33.1614646912
150.811173685	1006.74023438	34.6873893738	33.1614646912
150.811173685	1006.74023438	34.6873893738	33.1614646912
150.811173685	1006.74023438	34.6873893738	33.1614646912
150.811173686	1006.74023438	34.6873893738	33.1614646912
150.811173686	1006.74023438	34.6873893738	33.1614646912
150.811173686	1006.74023438	34.6873893738	33.1795349121
150.811173686	1006.74023438	38.2810821533	33.1795349121
150.811173687	1006.73364258	38.2810821533	33.1795349121
150.811173687	1006.73364258	38.2810821533	33.1795349121
150.811173687	1006.73364258	38.2810821533	33.1795349121
150.811173687	1006.73364258	38.2810821533	33.1795349121
150.811173688	1006.73364258	38.2810821533	33.1795349121
150.811173688	1006.73364258	38.2810821533	33.1795349121
150.811173688	1006.73364258	38.2810821533	33.1795349121
150.811173688	1006.73364258	38.2810821533	33.1795349121
150.811173689	1006.73364258	38.2810821533	33.1795349121
150.811173689	1006.73364258	38.2810821533	33.1795349121
150.811173689	1006.73364258	38.2810821533	33.1795349121
150.811173689	1006.73364258	38.2810821533	33.1795349121
150.811173689	1006.73364258	38.2810821533	33.1795349121
150.81117369	1006.73364258	38.2810821533	33.1795349121
150.81117369	1006.73364258	38.2810821533	33.1795349121
150.81117369	1006.73364258	38.2810821533	33.1795349121
150.81117369	1006.73364258	38.2810821533	33.1795349121
150.811173691	1006.73339844	38.2810821533	33.1795349121
150.811173691	1006.73339844	38.2810821533	33.1795349121
150.811173691	1006.73339844	38.2810821533	33.1795349121
150.811173691	1006.73339844	38.2810821533	33.1795349121
150.811173692	1006.73339844	38.2810821533	33.1795349121
150.811173692	1006.73339844	38.2810821533	33.1795349121
150.811173692	1006.73339844	38.2810821533	33.1795349121
150.811173692	1006.73339844	38.2810821533	33.1795349121
150.811173693	1006.73339844	38.2810821533	33.1795349121
150.811173693	1006.73339844	38.2810821533	33.1795349121
150.811173693	1006.73339844	38.2810821533	33.1795349121
150.811173693	1006.73339844	38.2810821533	33.1795349121
150.811173693	1006.73339844	38.2810821533	33.1795349121
150.811173694	1006.73339844	38.2810821533	33.1795349121
150.811173694	1006.73339844	38.2810821533	33.1795349121
150.811173694	1006.73339844	38.2810821533	33.1795349121
150.811173694	1006.73339844	38.2810821533	33.2156677246
150.811173695	1006.72900391	35.5911560059	33.2156677246
150.811173695	1006.72900391	35.5911560059	33.2156677246
150.811173695	1006.72900391	35.5911560059	33.2156677246
150.811173696	1006.72900391	35.5911560059	33.2156677246
150.811173696	1006.72900391	35.5911560059	33.2156677246
150.811173696	1006.72900391	35.5911560059	33.2156677246
150.811173696	1006.72900391	35.5911560059	33.2156677246
150.811173696	1006.72900391	35.5911560059	33.2156677246
150.811173697	1006.72900391	35.5911560059	33.2156677246
150.811173697	1006.72900391	35.5911560059	33.2156677246
150.811173697	1006.72900391	35.5911560059	33.2156677246
150.811173697	1006.72900391	35.5911560059	33.2156677246
150.811173697	1006.72900391	35.5911560059	33.2156677246
150.811173698	1006.72900391	35.5911560059	33.2156677246
150.811173698	1006.72900391	35.5911560059	33.2156677246
150.811173698	1006.72900391	35.5911560059	33.2156677246
150.811173698	1006.73144531	35.5911560059	33.2156677246
150.811173699	1006.73144531	35.5911560059	33.2156677246
150.811173699	1006.73144531	35.5911560059	33.2156677246
150.811173699	1006.73144531	35.5911560059	33.2156677246
150.811173699	1006.73144531	35.5911560059	33.2156677246
150.8111737	1006.73144531	35.5911560059	33.2156677246
150.8111737	1006.73144531	35.5911560059	33.2156677246
150.8111737	1006.73144531	35.5911560059	33.2156677246
150.8111737	1006.73144531	35.5911560059	33.2156677246
150.811173701	1006.73144531	35.5911560059	33.2156677246
150.811173701	1006.73144531	35.5911560059	33.2156677246
150.811173701	1006.73144531	35.5911560059	33.2156677246
150.811173701	1006.73144531	35.5911560059	33.2156677246
150.811173701	1006.73144531	35.5911560059	33.2156677246
150.811173702	1006.73144531	35.5911560059	33.2156677246
150.811173702	1006.73144531	35.5911560059	33.2156677246
150.811173702	1006.73144531	35.5911560059	33.2156677246
150.811173702	1006.73144531	35.5911560059	33.0891914368
150.811173703	1006.73193359	37.6093673706	33.0891914368
150.811173703	1006.73193359	37.6093673706	33.0891914368
150.811173703	1006.73193359	37.6093673706	33.0891914368
150.811173704	1006.73193359	37.6093673706	33.0891914368
150.811173704	1006.73193359	37.6093673706	33.0891914368
150.811173704	1006.73193359	37.6093673706	33.0891914368
150.811173704	1006.73193359	37.6093673706	33.0891914368
150.811173704	1006.73193359	37.6093673706	33.0891914368
150.811173705	1006.73193359	37.6093673706	33.0891914368
150.811173705	1006.73193359	37.6093673706	33.0891914368
150.811173705	1006.73193359	37.6093673706	33.0891914368
150.811173705	1006.73193359	37.6093673706	33.0891914368
150.811173706	1006.73193359	37.6093673706	33.0891914368
150.811173706	1006.73193359	37.6093673706	33.0891914368
150.811173706	1006.73193359	37.6093673706	33.0891914368
150.811173706	1006.73193359	37.6093673706	33.0891914368
150.811173706	1006.73583984	37.6093673706	33.0891914368
150.811173707	1006.73583984	37.6093673706	33.0891914368
150.811173707	1006.73583984	37.6093673706	33.0891914368
150.811173707	1006.73583984	37.6093673706	33.0891914368
150.811173708	1006.73583984	37.6093673706	33.0891914368
150.811173708	1006.73583984	37.6093673706	33.0891914368
150.811173708	1006.73583984	37.6093673706	33.0891914368
150.811173708	1006.73583984	37.6093673706	33.0891914368
150.811173708	1006.73583984	37.6093673706	33.0891914368
150.811173709	1006.73583984	37.6093673706	33.0891914368
150.811173709	1006.73583984	37.6093673706	33.0891914368
150.811173709	1006.73583984	37.6093673706	33.0891914368
150.811173709	1006.73583984	37.6093673706	33.0891914368
150.81117371	1006.73583984	37.6093673706	33.0891914368
150.81117371	1006.73583984	37.6093673706	33.0891914368
150.81117371	1006.73583984	37.6093673706	33.0891914368
150.81117371	1006.73583984	37.6093673706	33.0891914368
150.81117371	1006.73852539	37.6093673706	33.1614646912
150.811173711	1006.73852539	35.1331672668	33.1614646912
150.811173711	1006.73852539	35.1331672668	33.1614646912
150.811173711	1006.73852539	35.1331672668	33.1614646912
150.811173712	1006.73852539	35.1331672668	33.1614646912
150.811173712	1006.73852539	35.1331672668	33.1614646912
150.811173712	1006.73852539	35.1331672668	33.1614646912
150.811173712	1006.73852539	35.1331672668	33.1614646912
150.811173713	1006.73852539	35.1331672668	33.1614646912
150.811173713	1006.73852539	35.1331672668	33.1614646912
150.811173713	1006.73852539	35.1331672668	33.1614646912
150.811173713	1006.73852539	35.1331672668	33.1614646912
150.811173713	1006.73852539	35.1331672668	33.1614646912
150.811173714	1006.73852539	35.1331672668	33.1614646912
150.811173714	1006.73852539	35.1331672668	33.1614646912
150.811173714	1006.73852539	35.1331672668	33.1614646912
150.811173714	1006.73999023	35.1331672668	33.1614646912
150.811173715	1006.73999023	35.1331672668	33.1614646912
150.811173715	1006.73999023	35.1331672668	33.1614646912
150.811173715	1006.73999023	35.1331672668	33.1614646912
150.811173715	1006.73999023	35.1331672668	33.1614646912
150.811173716	1006.73999023	35.1331672668	33.1614646912
150.811173716	1006.73999023	35.1331672668	33.1614646912
150.811173716	1006.73999023	35.1331672668	33.1614646912
150.811173716	1006.73999023	35.1331672668	33.1614646912
150.811173716	1006.73999023	35.1331672668	33.1614646912
150.811173717	1006.73999023	35.1331672668	33.1614646912
150.811173717	1006.73999023	35.1331672668	33.1614646912
150.811173717	1006.73999023	35.1331672668	33.1614646912
150.811173717	1006.73999023	35.1331672668	33.1614646912
150.811173718	1006.73999023	35.1331672668	33.1614646912
150.811173718	1006.73999023	35.1331672668	33.1614646912
150.811173718	1006.73999023	35.1331672668	33.1614646912
150.811173718	1006.73852539	35.1331672668	33.1614646912
150.811173719	1006.73852539	35.1331672668	33.2698745728
150.811173719	1006.73852539	35.2583503723	33.2698745728
150.811173719	1006.73852539	35.2583503723	33.2698745728
150.811173719	1006.73852539	35.2583503723	33.2698745728
150.81117372	1006.73852539	35.2583503723	33.2698745728
150.81117372	1006.73852539	35.2583503723	33.2698745728
150.81117372	1006.73852539	35.2583503723	33.2698745728
150.81117372	1006.73852539	35.2583503723	33.2698745728
150.811173721	1006.73852539	35.2583503723	33.2698745728
150.811173721	1006.73852539	35.2583503723	33.2698745728
150.811173721	1006.73852539	35.2583503723	33.2698745728
150.811173721	1006.73852539	35.2583503723	33.2698745728
150.811173721	1006.73852539	35.2583503723	33.2698745728
150.811173722	1006.73852539	35.2583503723	33.2698745728
150.811173722	1006.73852539	35.2583503723	33.2698745728
150.811173722	1006.73852539	35.2583503723	33.2698745728
150.811173722	1006.74023438	35.2583503723	33.2698745728
150.811173723	1006.74023438	35.2583503723	33.2698745728
150.811173723	1006.74023438	35.2583503723	33.2698745728
150.811173723	1006.74023438	35.2583503723	33.2698745728
150.811173723	1006.74023438	35.2583503723	33.2698745728
150.811173724	1006.74023438	35.2583503723	33.2698745728
150.811173724	1006.74023438	35.2583503723	33.2698745728
150.811173724	1006.74023438	35.2583503723	33.2698745728
150.811173724	1006.74023438	35.2583503723	33.2698745728
150.811173725	1006.74023438	35.2583503723	33.2698745728
150.811173725	1006.74023438	35.2583503723	33.2698745728
150.811173725	1006.74023438	35.2583503723	33.2698745728
150.811173725	1006.74023438	35.2583503723	33.2698745728
150.811173725	1006.74023438	35.2583503723	33.2698745728
150.811173726	1006.74023438	35.2583503723	33.2698745728
150.811173726	1006.74023438	35.2583503723	33.2698745728
150.811173726	1006.74023438	35.2583503723	33.2698745728
150.811173726	1006.73706055	35.2583503723	33.2698745728
150.811173727	1006.73706055	35.2583503723	33.125328064
150.811173727	1006.73706055	35.2583503723	33.125328064
150.811173727	1006.73706055	37.8811035156	33.125328064
150.811173728	1006.73706055	37.8811035156	33.125328064
150.811173728	1006.73706055	37.8811035156	33.125328064
150.811173728	1006.73706055	37.8811035156	33.125328064
150.811173728	1006.73706055	37.8811035156	33.125328064
150.811173728	1006.73706055	37.8811035156	33.125328064
150.811173729	1006.73706055	37.8811035156	33.125328064
150.811173729	1006.73706055	37.8811035156	33.125328064
150.811173729	1006.73706055	37.8811035156	33.125328064
150.811173729	1006.73706055	37.8811035156	33.125328064
150.81117373	1006.73706055	37.8811035156	33.125328064
150.81117373	1006.73706055	37.8811035156	33.125328064
150.81117373	1006.73706055	37.8811035156	33.125328064
150.81117373	1006.74316406	37.8811035156	33.125328064
150.811173731	1006.74316406	37.8811035156	33.125328064
150.811173731	1006.74316406	37.8811035156	33.125328064
150.811173731	1006.74316406	37.8811035156	33.125328064
150.811173731	1006.74316406	37.8811035156	33.125328064
150.811173731	1006.74316406	37.8811035156	33.125328064
150.811173732	1006.74316406	37.8811035156	33.125328064
150.811173732	1006.74316406	37.8811035156	33.125328064
150.811173732	1006.74316406	37.8811035156	33.125328064
150.811173732	1006.74316406	37.8811035156	33.125328064
150.811173733	1006.74316406	37.8811035156	33.125328064
150.811173733	1006.74316406	37.8811035156	33.125328064
150.811173733	1006.74316406	37.8811035156	33.125328064
150.811173733	1006.74316406	37.8811035156	33.125328064
150.811173733	1006.74316406	37.8811035156	33.125328064
150.811173734	1006.74316406	37.8811035156	33.125328064
150.811173734	1006.74316406	37.8811035156	33.125328064
150.811173734	1006.7409668	37.8811035156	33.125328064
150.811173735	1006.7409668	37.8811035156	33.125328064
150.811173735	1006.7409668	37.8811035156	33.125328064
150.811173735	1006.7409668	37.8811035156	33.1795349121
150.811173735	1006.7409668	34.4217529297	33.1795349121
150.811173736	1006.7409668	34.4217529297	33.1795349121
150.811173736	1006.7409668	34.4217529297	33.1795349121
150.811173736	1006.7409668	34.4217529297	33.1795349121
150.811173736	1006.7409668	34.4217529297	33.1795349121
150.811173736	1006.7409668	34.4217529297	33.1795349121
150.811173737	1006.7409668	34.4217529297	33.1795349121
150.811173737	1006.7409668	34.4217529297	33.1795349121
150.811173737	1006.7409668	34.4217529297	33.1795349121
150.811173737	1006.7409668	34.4217529297	33.1795349121
150.811173738	1006.7409668	34.4217529297	33.1795349121
150.811173738	1006.7409668	34.4217529297	33.1795349121
150.811173738	1006.74560547	34.4217529297	33.1795349121
150.811173738	1006.74560547	34.4217529297	33.1795349121
150.811173739	1006.74560547	34.4217529297	33.1795349121
150.811173739	1006.74560547	34.4217529297	33.1795349121
150.811173739	1006.74560547	34.4217529297	33.1795349121
150.811173739	1006.74560547	34.4217529297	33.1795349121
150.81117374	1006.74560547	34.4217529297	33.1795349121
150.81117374	1006.74560547	34.4217529297	33.1795349121
150.81117374	1006.74560547	34.4217529297	33.1795349121
150.81117374	1006.74560547	34.4217529297	33.1795349121
150.81117374	1006.74560547	34.4217529297	33.1795349121
150.811173741	1006.74560547	34.4217529297	33.1795349121
150.811173741	1006.74560547	34.4217529297	33.1795349121
150.811173741	1006.74560547	34.4217529297	33.1795349121
150.811173741	1006.74560547	34.4217529297	33.1795349121
150.811173742	1006.74560547	34.4217529297	33.1795349121
150.811173742	1006.74560547	34.4217529297	33.1795349121
150.811173742	1006.74438477	34.4217529297	33.1795349121
150.811173742	1006.74438477	34.4217529297	33.1795349121
150.811173743	1006.74438477	34.4217529297	33.1795349121
150.811173743	1006.74438477	34.4217529297	33.1795349121
150.811173743	1006.74438477	34.4217529297	33.1614646912
150.811173743	1006.74438477	39.8993148804	33.1614646912
150.811173744	1006.74438477	39.8993148804	33.1614646912
150.811173744	1006.74438477	39.8993148804	33.1614646912
150.811173744	1006.74438477	39.8993148804	33.1614646912
150.811173744	1006.74438477	39.8993148804	33.1614646912
150.811173745	1006.74438477	39.8993148804	33.1614646912
150.811173745	1006.74438477	39.8993148804	33.1614646912
150.811173745	1006.74438477	39.8993148804	33.1614646912
150.811173745	1006.74438477	39.8993148804	33.1614646912
150.811173745	1006.74438477	39.8993148804	33.1614646912
150.811173746	1006.74438477	39.8993148804	33.1614646912
150.811173746	1006.74438477	39.8993148804	33.1614646912
150.811173746	1006.74121094	39.8993148804	33.1614646912
150.811173746	1006.74121094	39.8993148804	33.1614646912
150.811173747	1006.74121094	39.8993148804	33.1614646912
150.811173747	1006.74121094	39.8993148804	33.1614646912
150.811173747	1006.74121094	39.8993148804	33.1614646912
150.811173747	1006.74121094	39.8993148804	33.1614646912
150.811173748	1006.74121094	39.8993148804	33.1614646912
150.811173748	1006.74121094	39.8993148804	33.1614646912
150.811173748	1006.74121094	39.8993148804	33.1614646912
150.811173748	1006.74121094	39.8993148804	33.1614646912
150.811173748	1006.74121094	39.8993148804	33.1614646912
150.811173749	1006.74121094	39.8993148804	33.1614646912
150.811173749	1006.74121094	39.8993148804	33.1614646912
150.811173749	1006.74121094	39.8993148804	33.1614646912
150.811173749	1006.74121094	39.8993148804	33.1614646912
150.81117375	1006.74121094	39.8993148804	33.1614646912
150.81117375	1006.74121094	39.8993148804	33.1614646912
150.81117375	1006.73071289	39.8993148804	33.1614646912
150.81117375	1006.73071289	39.8993148804	33.1614646912
150.811173751	1006.73071289	39.8993148804	33.1614646912
150.811173751	1006.73071289	39.8993148804	33.1614646912
150.811173751	1006.73071289	39.8993148804	33.1614646912
150.811173751	1006.73071289	39.8993148804	33.1433944702
150.811173752	1006.73071289	34.4889259338	33.1433944702
150.811173752	1006.73071289	34.4889259338	33.1433944702
150.811173752	1006.73071289	34.4889259338	33.1433944702
150.811173752	1006.73071289	34.4889259338	33.1433944702
150.811173753	1006.73071289	34.4889259338	33.1433944702
150.811173753	1006.73071289	34.4889259338	33.1433944702
150.811173753	1006.73071289	34.4889259338	33.1433944702
150.811173753	1006.73071289	34.4889259338	33.1433944702
150.811173753	1006.73071289	34.4889259338	33.1433944702
150.811173754	1006.73071289	34.4889259338	33.1433944702
150.811173754	1006.73144531	34.4889259338	33.1433944702
150.811173754	1006.73144531	34.4889259338	33.1433944702
150.811173755	1006.73144531	34.4889259338	33.1433944702
150.811173755	1006.73144531	34.4889259338	33.1433944702
150.811173755	1006.73144531	34.4889259338	33.1433944702
150.811173755	1006.73144531	34.4889259338	33.1433944702
150.811173755	1006.73144531	34.4889259338	33.1433944702
150.811173756	1006.73144531	34.4889259338	33.1433944702
150.811173756	1006.73144531	34.4889259338	33.1433944702
150.811173756	1006.73144531	34.4889259338	33.1433944702
150.811173756	1006.73144531	34.4889259338	33.1433944702
150.811173757	1006.73144531	34.4889259338	33.1433944702
150.811173757	1006.73144531	34.4889259338	33.1433944702
150.811173757	1006.73144531	34.4889259338	33.1433944702
150.811173757	1006.73144531	34.4889259338	33.1433944702
150.811173757	1006.73144531	34.4889259338	33.1433944702
150.811173758	1006.73144531	34.4889259338	33.1433944702
150.811173758	1006.73022461	34.4889259338	33.1433944702
150.811173758	1006.73022461	34.4889259338	33.1433944702
150.811173758	1006.73022461	34.4889259338	33.1433944702
150.811173759	1006.73022461	34.4889259338	33.1433944702
150.811173759	1006.73022461	34.4889259338	33.1433944702
150.811173759	1006.73022461	34.4889259338	33.1433944702
150.811173759	1006.73022461	34.4889259338	33.1072616577
150.81117376	1006.73022461	36.9376449585	33.1072616577
150.81117376	1006.73022461	36.9376449585	33.1072616577
150.81117376	1006.73022461	36.9376449585	33.1072616577
150.81117376	1006.73022461	36.9376449585	33.1072616577
150.811173761	1006.73022461	36.9376449585	33.1072616577
150.811173761	1006.73022461	36.9376449585	33.1072616577
150.811173761	1006.73022461	36.9376449585	33.1072616577
150.811173761	1006.73022461	36.9376449585	33.1072616577
150.811173762	1006.73022461	36.9376449585	33.1072616577
150.811173762	1006.72802734	36.9376449585	33.1072616577
150.811173762	1006.72802734	36.9376449585	33.1072616577
150.811173762	1006.72802734	36.9376449585	33.1072616577
150.811173763	1006.72802734	36.9376449585	33.1072616577
150.811173763	1006.72802734	36.9376449585	33.1072616577
150.811173763	1006.72802734	36.9376449585	33.1072616577
150.811173763	1006.72802734	36.9376449585	33.1072616577
150.811173763	1006.72802734	36.9376449585	33.1072616577
150.811173764	1006.72802734	36.9376449585	33.1072616577
150.811173764	1006.72802734	36.9376449585	33.1072616577
150.811173764	1006.72802734	36.9376449585	33.1072616577
150.811173764	1006.72802734	36.9376449585	33.1072616577
150.811173765	1006.72802734	36.9376449585	33.1072616577
150.811173765	1006.72802734	36.9376449585	33.1072616577
150.811173765	1006.72802734	36.9376449585	33.1072616577
150.811173765	1006.72802734	36.9376449585	33.1072616577
150.811173765	1006.72802734	36.9376449585	33.1072616577
150.811173766	1006.72802734	36.9376449585	33.1072616577
150.811173766	1006.72973633	36.9376449585	33.1072616577
150.811173766	1006.72973633	36.9376449585	33.1072616577
150.811173767	1006.72973633	36.9376449585	33.1072616577
150.811173767	1006.72973633	36.9376449585	33.1072616577
150.811173767	1006.72973633	36.9376449585	33.1072616577
150.811173767	1006.72973633	36.9376449585	33.1072616577
150.811173767	1006.72973633	36.9376449585	33.1072616577
150.811173768	1006.72973633	36.9376449585	33.1976013184
150.811173768	1006.72973633	34.9927139282	33.1976013184
150.811173768	1006.72973633	34.9927139282	33.1976013184
150.811173768	1006.72973633	34.9927139282	33.1976013184
150.811173769	1006.72973633	34.9927139282	33.1976013184
150.811173769	1006.72973633	34.9927139282	33.1976013184
150.811173769	1006.72973633	34.9927139282	33.1976013184
150.811173769	1006.72973633	34.9927139282	33.1976013184
150.81117377	1006.72973633	34.9927139282	33.1976013184
150.81117377	1006.7265625	34.9927139282	33.1976013184
150.81117377	1006.7265625	34.9927139282	33.1976013184
150.81117377	1006.7265625	34.9927139282	33.1976013184
150.811173771	1006.7265625	34.9927139282	33.1976013184
150.811173771	1006.7265625	34.9927139282	33.1976013184
150.811173771	1006.7265625	34.9927139282	33.1976013184
150.811173771	1006.7265625	34.9927139282	33.1976013184
150.811173772	1006.7265625	34.9927139282	33.1976013184
150.811173772	1006.7265625	34.9927139282	33.1976013184
150.811173772	1006.7265625	34.9927139282	33.1976013184
150.811173772	1006.7265625	34.9927139282	33.1976013184
150.811173772	1006.7265625	34.9927139282	33.1976013184
150.811173773	1006.7265625	34.9927139282	33.1976013184
150.811173773	1006.7265625	34.9927139282	33.1976013184
150.811173773	1006.7265625	34.9927139282	33.1976013184
150.811173773	1006.7265625	34.9927139282	33.1976013184
150.811173774	1006.7265625	34.9927139282	33.1976013184
150.811173774	1006.72802734	34.9927139282	33.1976013184
150.811173774	1006.72802734	34.9927139282	33.1976013184
150.811173774	1006.72802734	34.9927139282	33.1976013184
150.811173775	1006.72802734	34.9927139282	33.1976013184
150.811173775	1006.72802734	34.9927139282	33.1976013184
150.811173775	1006.72802734	34.9927139282	33.1976013184
150.811173775	1006.72802734	34.9927139282	33.1976013184
150.811173775	1006.72802734	34.9927139282	33.1976013184
150.811173776	1006.72802734	34.9927139282	33.2156677246
150.811173776	1006.72802734	37.804775238	33.2156677246
150.811173776	1006.72802734	37.804775238	33.2156677246
150.811173777	1006.72802734	37.804775238	33.2156677246
150.811173777	1006.72802734	37.804775238	33.2156677246
150.811173777	1006.72802734	37.804775238	33.2156677246
150.811173777	1006.72802734	37.804775238	33.2156677246
150.811173777	1006.72802734	37.804775238	33.2156677246
150.811173778	1006.73120117	37.804775238	33.2156677246
150.811173778	1006.73120117	37.804775238	33.2156677246
150.811173778	1006.73120117	37.804775238	33.2156677246
150.811173778	1006.73120117	37.804775238	33.2156677246
150.811173779	1006.73120117	37.804775238	33.2156677246
150.811173779	1006.73120117	37.804775238	33.2156677246
150.811173779	1006.73120117	37.804775238	33.2156677246
150.811173779	1006.73120117	37.804775238	33.2156677246
150.81117378	1006.73120117	37.804775238	33.2156677246
150.81117378	1006.73120117	37.804775238	33.2156677246
150.81117378	1006.73120117	37.804775238	33.2156677246
150.81117378	1006.73120117	37.804775238	33.2156677246
150.81117378	1006.73120117	37.804775238	33.2156677246
150.811173781	1006.73120117	37.804775238	33.2156677246
150.811173781	1006.73120117	37.804775238	33.2156677246
150.811173781	1006.73120117	37.804775238	33.2156677246
150.811173781	1006.73120117	37.804775238	33.2156677246
150.811173782	1006.72998047	37.804775238	33.2156677246
150.811173782	1006.72998047	37.804775238	33.2156677246
150.811173782	1006.72998047	37.804775238	33.2156677246
150.811173782	1006.72998047	37.804775238	33.2156677246
150.811173783	1006.72998047	37.804775238	33.2156677246
150.811173783	1006.72998047	37.804775238	33.2156677246
150.811173783	1006.72998047	37.804775238	33.2156677246
150.811173783	1006.72998047	37.804775238	33.2156677246
150.811173784	1006.72998047	37.804775238	33.2156677246
150.811173784	1006.72998047	37.804775238	33.2156677246
150.811173784	1006.72998047	37.804775238	33.2337379456
150.811173784	1006.72998047	36.4185905457	33.2337379456
150.811173785	1006.72998047	36.4185905457	33.2337379456
150.811173785	1006.72998047	36.4185905457	33.2337379456
150.811173785	1006.72998047	36.4185905457	33.2337379456
150.811173785	1006.72998047	36.4185905457	33.2337379456
150.811173785	1006.72998047	36.4185905457	33.2337379456
150.811173786	1006.72802734	36.4185905457	33.2337379456
150.811173786	1006.72802734	36.4185905457	33.2337379456
150.811173786	1006.72802734	36.4185905457	33.2337379456
150.811173787	1006.72802734	36.4185905457	33.2337379456
150.811173787	1006.72802734	36.4185905457	33.2337379456
150.811173787	1006.72802734	36.4185905457	33.2337379456
150.811173787	1006.72802734	36.4185905457	33.2337379456
150.811173787	1006.72802734	36.4185905457	33.2337379456
150.811173788	1006.72802734	36.4185905457	33.2337379456
150.811173788	1006.72802734	36.4185905457	33.2337379456
150.811173788	1006.72802734	36.4185905457	33.2337379456
150.811173788	1006.72802734	36.4185905457	33.2337379456
150.811173789	1006.72802734	36.4185905457	33.2337379456
150.811173789	1006.72802734	36.4185905457	33.2337379456
150.811173789	1006.72802734	36.4185905457	33.2337379456
150.811173789	1006.72802734	36.4185905457	33.2337379456
150.811173789	1006.72802734	36.4185905457	33.2337379456
150.81117379	1006.73095703	36.4185905457	33.2337379456
150.811174916	1007.93994141	38.2065200806	32.8254013062
150.811174919	1007.93994141	38.2065200806	32.8254013062
150.811174919	1007.93994141	38.2065200806	32.8254013062
150.811174919	1007.93994141	38.2065200806	32.8254013062
150.811174919	1007.93994141	38.2065200806	32.8254013062
150.81117492	1007.93994141	38.2065200806	32.8254013062
150.81117492	1007.93994141	38.2065200806	32.8254013062
150.81117492	1007.93994141	38.2065200806	32.8254013062
150.81117492	1007.93994141	38.2065200806	32.8254013062
150.81117492	1007.93994141	38.2065200806	32.8254013062
150.81117492	1007.93994141	38.2065200806	32.8254013062
150.81117492	1007.93994141	38.2065200806	32.8254013062
150.811174921	1007.93994141	38.2065200806	32.8254013062
150.811174921	1007.93994141	38.2065200806	32.7706108093
150.811174921	1007.93994141	38.2065200806	32.7706108093
150.811174921	1007.93994141	40.7841110229	32.7706108093
150.811174921	1007.93994141	40.7841110229	32.7706108093
150.811174921	1007.93994141	40.7841110229	32.7706108093
150.811174921	1007.93847656	40.7841110229	32.7706108093
150.811174922	1007.93847656	40.7841110229	32.7706108093
150.811174922	1007.93847656	40.7841110229	32.7706108093
150.811174922	1007.93847656	40.7841110229	32.7706108093
150.811174922	1007.93847656	40.7841110229	32.7706108093
150.811174922	1007.93847656	40.7841110229	32.7706108093
150.811174922	1007.93847656	40.7841110229	32.7706108093
150.811174923	1007.93847656	40.7841110229	32.7706108093
150.811174923	1007.93847656	40.7841110229	32.7706108093
150.811174923	1007.93847656	40.7841110229	32.7706108093
150.811174923	1007.93847656	40.7841110229	32.7706108093
150.811174923	1007.93847656	40.7841110229	32.7706108093
150.811174923	1007.93847656	40.7841110229	32.7706108093
150.811174923	1007.93847656	40.7841110229	32.7706108093
150.811174923	1007.93847656	40.7841110229	32.7706108093
150.811174924	1007.93847656	40.7841110229	32.7706108093
150.811174924	1007.93847656	40.7841110229	32.7706108093
150.811174924	1007.93847656	40.7841110229	32.7706108093
150.811174924	1007.93847656	40.7841110229	32.7706108093
150.811174924	1007.93847656	40.7841110229	32.7706108093
150.811174924	1007.93847656	40.7841110229	32.7706108093
150.811174924	1007.93847656	40.7841110229	32.7706108093
150.811174925	1007.93847656	40.7841110229	32.7706108093
150.811174925	1007.93847656	40.7841110229	32.7706108093
150.811174925	1007.93847656	40.7841110229	32.7706108093
150.811174925	1007.93847656	40.7841110229	32.7706108093
150.811174925	1007.93847656	40.7841110229	32.7706108093
150.811174925	1007.93847656	40.7841110229	32.7706108093
150.811174925	1007.93847656	40.7841110229	32.7706108093
150.811174925	1007.93920898	40.7841110229	32.7706108093
150.811174926	1007.93920898	40.7841110229	32.7706108093
150.811174926	1007.93920898	40.7841110229	32.7706108093
150.811174926	1007.93920898	40.7841110229	32.7706108093
150.811174926	1007.93920898	40.7841110229	32.7706108093
150.811174926	1007.93920898	40.7841110229	32.7706108093
150.811174926	1007.93920898	40.7841110229	32.7706108093
150.811174927	1007.93920898	40.7841110229	32.7706108093
150.811174927	1007.93920898	40.7841110229	32.7706108093
150.811174927	1007.93920898	40.7841110229	32.7706108093
150.811174927	1007.93920898	40.7841110229	32.7706108093
150.811174927	1007.93920898	40.7841110229	32.7706108093
150.811174927	1007.93920898	40.7841110229	32.7706108093
150.811174927	1007.93920898	40.7841110229	32.7706108093
150.811174928	1007.93920898	40.7841110229	32.7706108093
150.811174928	1007.93920898	40.7841110229	32.7706108093
150.811174928	1007.93920898	40.7841110229	32.7706108093
150.811174928	1007.93920898	40.7841110229	32.7706108093
150.811174928	1007.93920898	40.7841110229	32.7706108093
150.811174928	1007.93920898	40.7841110229	32.7706108093
150.811174928	1007.93920898	40.7841110229	32.7706108093
150.811174928	1007.93920898	40.7841110229	32.7706108093
150.811174929	1007.93920898	40.7841110229	32.7706108093
150.811174929	1007.93920898	40.7841110229	32.7888717651
150.811174929	1007.93920898	40.7841110229	32.7888717651
150.811174929	1007.93920898	38.8629722595	32.7888717651
150.811174929	1007.93920898	38.8629722595	32.7888717651
150.811174929	1007.93920898	38.8629722595	32.7888717651
150.81117493	1007.93920898	38.8629722595	32.7888717651
150.81117493	1007.94213867	38.8629722595	32.7888717651
150.81117493	1007.94213867	38.8629722595	32.7888717651
150.81117493	1007.94213867	38.8629722595	32.7888717651
150.81117493	1007.94213867	38.8629722595	32.7888717651
150.81117493	1007.94213867	38.8629722595	32.7888717651
150.81117493	1007.94213867	38.8629722595	32.7888717651
150.811174931	1007.94213867	38.8629722595	32.7888717651
150.811174931	1007.94213867	38.8629722595	32.7888717651
150.811174931	1007.94213867	38.8629722595	32.7888717651
150.811174931	1007.94213867	38.8629722595	32.7888717651
150.811174931	1007.94213867	38.8629722595	32.7888717651
150.811174931	1007.94213867	38.8629722595	32.7888717651
150.811174931	1007.94213867	38.8629722595	32.7888717651
150.811174932	1007.94213867	38.8629722595	32.7888717651
150.811174932	1007.94213867	38.8629722595	32.7888717651
150.811174932	1007.94213867	38.8629722595	32.7888717651
150.811174932	1007.94213867	38.8629722595	32.7888717651
150.811174932	1007.94213867	38.8629722595	32.7888717651
150.811174932	1007.94213867	38.8629722595	32.7888717651
150.811174932	1007.94213867	38.8629722595	32.7888717651
150.811174933	1007.94213867	38.8629722595	32.7888717651
150.811174933	1007.94213867	38.8629722595	32.7888717651
150.811174933	1007.94213867	38.8629722595	32.7888717651
150.811174933	1007.94213867	38.8629722595	32.7888717651
150.811174933	1007.94213867	38.8629722595	32.7888717651
150.811174933	1007.94213867	38.8629722595	32.7888717651
150.811174933	1007.94213867	38.8629722595	32.7888717651
150.811174933	1007.94213867	38.8629722595	32.7888717651
150.811174934	1007.94213867	38.8629722595	32.7888717651
150.811174934	1007.93676758	38.8629722595	32.7888717651
150.811174934	1007.93676758	38.8629722595	32.7888717651
150.811174934	1007.93676758	38.8629722595	32.7888717651
150.811174934	1007.93676758	38.8629722595	32.7888717651
150.811174934	1007.93676758	38.8629722595	32.7888717651
150.811174935	1007.93676758	38.8629722595	32.7888717651
150.811174935	1007.93676758	38.8629722595	32.7888717651
150.811174935	1007.93676758	38.8629722595	32.7888717651
150.811174935	1007.93676758	38.8629722595	32.7888717651
150.811174935	1007.93676758	38.8629722595	32.7888717651
150.811174935	1007.93676758	38.8629722595	32.7888717651
150.811174935	1007.93676758	38.8629722595	32.7888717651
150.811174935	1007.93676758	38.8629722595	32.7888717651
150.811174936	1007.93676758	38.8629722595	32.7888717651
150.811174936	1007.93676758	38.8629722595	32.7888717651
150.811174936	1007.93676758	38.8629722595	32.7888717651
150.811174936	1007.93676758	38.8629722595	32.7888717651
150.811174936	1007.93676758	38.8629722595	32.7888717651
150.811174936	1007.93676758	38.8629722595	32.7888717651
150.811174936	1007.93676758	38.8629722595	32.7888717651
150.811174937	1007.93676758	38.8629722595	32.7888717651
150.811174937	1007.93676758	38.8629722595	32.7888717651
150.811174937	1007.93676758	38.8629722595	32.8619308472
150.811174937	1007.93676758	38.8629722595	32.8619308472
150.811174937	1007.93676758	39.2783508301	32.8619308472
150.811174937	1007.93676758	39.2783508301	32.8619308472
150.811174937	1007.93676758	39.2783508301	32.8619308472
150.811174938	1007.93676758	39.2783508301	32.8619308472
150.811174938	1007.93652344	39.2783508301	32.8619308472
150.811174938	1007.93652344	39.2783508301	32.8619308472
150.811174938	1007.93652344	39.2783508301	32.8619308472
150.811174938	1007.93652344	39.2783508301	32.8619308472
150.811174938	1007.93652344	39.2783508301	32.8619308472
150.811174939	1007.93652344	39.2783508301	32.8619308472
150.811174939	1007.93652344	39.2783508301	32.8619308472
150.811174939	1007.93652344	39.2783508301	32.8619308472
150.811174939	1007.93652344	39.2783508301	32.8619308472
150.811174939	1007.93652344	39.2783508301	32.8619308472
150.811174939	1007.93652344	39.2783508301	32.8619308472
150.811174939	1007.93652344	39.2783508301	32.8619308472
150.811174939	1007.93652344	39.2783508301	32.8619308472
150.81117494	1007.93652344	39.2783508301	32.8619308472
150.81117494	1007.93652344	39.2783508301	32.8619308472
150.81117494	1007.93652344	39.2783508301	32.8619308472
150.81117494	1007.93652344	39.2783508301	32.8619308472
150.81117494	1007.93652344	39.2783508301	32.8619308472
150.81117494	1007.93652344	39.2783508301	32.8619308472
150.81117494	1007.93652344	39.2783508301	32.8619308472
150.811174941	1007.93652344	39.2783508301	32.8619308472
150.811174941	1007.93652344	39.2783508301	32.8619308472
150.811174941	1007.93652344	39.2783508301	32.8619308472
150.811174941	1007.93652344	39.2783508301	32.8619308472
150.811174941	1007.93652344	39.2783508301	32.8619308472
150.811174941	1007.93652344	39.2783508301	32.8619308472
150.811174941	1007.93652344	39.2783508301	32.8619308472
150.811174942	1007.93652344	39.2783508301	32.8619308472
150.811174942	1007.93652344	39.2783508301	32.8619308472
150.811174942	1007.93969727	39.2783508301	32.8619308472
150.811174942	1007.93969727	39.2783508301	32.8619308472
150.811174942	1007.93969727	39.2783508301	32.8619308472
150.811174942	1007.93969727	39.2783508301	32.8619308472
150.811174942	1007.93969727	39.2783508301	32.8619308472
150.811174943	1007.93969727	39.2783508301	32.8619308472
150.811174943	1007.93969727	39.2783508301	32.8619308472
150.811174943	1007.93969727	39.2783508301	32.8619308472
150.811174943	1007.93969727	39.2783508301	32.8619308472
150.811174943	1007.93969727	39.2783508301	32.8619308472
150.811174943	1007.93969727	39.2783508301	32.8619308472
150.811174943	1007.93969727	39.2783508301	32.8619308472
150.811174944	1007.93969727	39.2783508301	32.8619308472
150.811174944	1007.93969727	39.2783508301	32.8619308472
150.811174944	1007.93969727	39.2783508301	32.8619308472
150.811174944	1007.93969727	39.2783508301	32.8619308472
150.811174944	1007.93969727	39.2783508301	32.8619308472
150.811174944	1007.93969727	39.2783508301	32.8619308472
150.811174944	1007.93969727	39.2783508301	32.8619308472
150.811174945	1007.93969727	39.2783508301	32.8619308472
150.811174945	1007.93969727	39.2783508301	32.8619308472
150.811174945	1007.93969727	39.2783508301	32.8619308472
150.811174945	1007.93969727	39.2783508301	32.7888717651
150.811174945	1007.93969727	35.3025588989	32.7888717651
150.811174945	1007.93969727	35.3025588989	32.7888717651
150.811174945	1007.93969727	35.3025588989	32.7888717651
150.811174946	1007.93969727	35.3025588989	32.7888717651
150.811174946	1007.93969727	35.3025588989	32.7888717651
150.811174946	1007.93969727	35.3025588989	32.7888717651
150.811174946	1007.94604492	35.3025588989	32.7888717651
150.811174946	1007.94604492	35.3025588989	32.7888717651
150.811174946	1007.94604492	35.3025588989	32.7888717651
150.811174947	1007.94604492	35.3025588989	32.7888717651
150.811174947	1007.94604492	35.3025588989	32.7888717651
150.811174947	1007.94604492	35.3025588989	32.7888717651
150.811174947	1007.94604492	35.3025588989	32.7888717651
150.811174947	1007.94604492	35.3025588989	32.7888717651
150.811174947	1007.94604492	35.3025588989	32.7888717651
150.811174947	1007.94604492	35.3025588989	32.7888717651
150.811174947	1007.94604492	35.3025588989	32.7888717651
150.811174948	1007.94604492	35.3025588989	32.7888717651
150.811174948	1007.94604492	35.3025588989	32.7888717651
150.811174948	1007.94604492	35.3025588989	32.7888717651
150.811174948	1007.94604492	35.3025588989	32.7888717651
150.811174948	1007.94604492	35.3025588989	32.7888717651
150.811174948	1007.94604492	35.3025588989	32.7888717651
150.811174948	1007.94604492	35.3025588989	32.7888717651
150.811174949	1007.94604492	35.3025588989	32.7888717651
150.811174949	1007.94604492	35.3025588989	32.7888717651
150.811174949	1007.94604492	35.3025588989	32.7888717651
150.811174949	1007.94604492	35.3025588989	32.7888717651
150.811174949	1007.94604492	35.3025588989	32.7888717651
150.811174949	1007.94604492	35.3025588989	32.7888717651
150.811174949	1007.94604492	35.3025588989	32.7888717651
150.811174949	1007.94604492	35.3025588989	32.7888717651
150.81117495	1007.94604492	35.3025588989	32.7888717651
150.81117495	1007.94604492	35.3025588989	32.7888717651
150.81117495	1007.94604492	35.3025588989	32.7888717651
150.81117495	1007.94677734	35.3025588989	32.7888717651
150.81117495	1007.94677734	35.3025588989	32.7888717651
150.81117495	1007.94677734	35.3025588989	32.7888717651
150.811174951	1007.94677734	35.3025588989	32.7888717651
150.811174951	1007.94677734	35.3025588989	32.7888717651
150.811174951	1007.94677734	35.3025588989	32.7888717651
150.811174951	1007.94677734	35.3025588989	32.7888717651
150.811174951	1007.94677734	35.3025588989	32.7888717651
150.811174951	1007.94677734	35.3025588989	32.7888717651
150.811174951	1007.94677734	35.3025588989	32.7888717651
150.811174952	1007.94677734	35.3025588989	32.7888717651
150.811174952	1007.94677734	35.3025588989	32.7888717651
150.811174952	1007.94677734	35.3025588989	32.7888717651
150.811174952	1007.94677734	35.3025588989	32.7888717651
150.811174952	1007.94677734	35.3025588989	32.7888717651
150.811174952	1007.94677734	35.3025588989	32.7888717651
150.811174952	1007.94677734	35.3025588989	32.7888717651
150.811174952	1007.94677734	35.3025588989	32.7888717651
150.811174953	1007.94677734	35.3025588989	32.7888717651
150.811174953	1007.94677734	35.3025588989	32.7888717651
150.811174953	1007.94677734	35.3025588989	32.8984603882
150.811174953	1007.94677734	35.3025588989	32.8984603882
150.811174953	1007.94677734	40.1313705444	32.8984603882
150.811174953	1007.94677734	40.1313705444	32.8984603882
150.811174954	1007.94677734	40.1313705444	32.8984603882
150.811174954	1007.94677734	40.1313705444	32.8984603882
150.811174954	1007.94677734	40.1313705444	32.8984603882
150.811174954	1007.94677734	40.1313705444	32.8984603882
150.811174954	1007.95092773	40.1313705444	32.8984603882
150.811174954	1007.95092773	40.1313705444	32.8984603882
150.811174954	1007.95092773	40.1313705444	32.8984603882
150.811174955	1007.95092773	40.1313705444	32.8984603882
150.811174955	1007.95092773	40.1313705444	32.8984603882
150.811174955	1007.95092773	40.1313705444	32.8984603882
150.811174955	1007.95092773	40.1313705444	32.8984603882
150.811174955	1007.95092773	40.1313705444	32.8984603882
150.811174955	1007.95092773	40.1313705444	32.8984603882
150.811174955	1007.95092773	40.1313705444	32.8984603882
150.811174956	1007.95092773	40.1313705444	32.8984603882
150.811174956	1007.95092773	40.1313705444	32.8984603882
150.811174956	1007.95092773	40.1313705444	32.8984603882
150.811174956	1007.95092773	40.1313705444	32.8984603882
150.811174956	1007.95092773	40.1313705444	32.8984603882
150.811174956	1007.95092773	40.1313705444	32.8984603882
150.811174956	1007.95092773	40.1313705444	32.8984603882
150.811174957	1007.95092773	40.1313705444	32.8984603882
150.811174957	1007.95092773	40.1313705444	32.8984603882
150.811174957	1007.95092773	40.1313705444	32.8984603882
150.811174957	1007.95092773	40.1313705444	32.8984603882
150.811174957	1007.95092773	40.1313705444	32.8984603882
150.811174957	1007.95092773	40.1313705444	32.8984603882
150.811174957	1007.95092773	40.1313705444	32.8984603882
150.811174957	1007.95092773	40.1313705444	32.8984603882
150.811174958	1007.95092773	40.1313705444	32.8984603882
150.811174958	1007.95092773	40.1313705444	32.8984603882
150.811174958	1007.95092773	40.1313705444	32.8984603882
150.811174958	1007.95092773	40.1313705444	32.8984603882
150.811174958	1007.95556641	40.1313705444	32.8984603882
150.811174958	1007.95556641	40.1313705444	32.8984603882
150.811174959	1007.95556641	40.1313705444	32.8984603882
150.811174959	1007.95556641	40.1313705444	32.8984603882
150.811174959	1007.95556641	40.1313705444	32.8984603882
150.811174959	1007.95556641	40.1313705444	32.8984603882
150.811174959	1007.95556641	40.1313705444	32.8984603882
150.811174959	1007.95556641	40.1313705444	32.8984603882
150.811174959	1007.95556641	40.1313705444	32.8984603882
150.811174959	1007.95556641	40.1313705444	32.8984603882
150.81117496	1007.95556641	40.1313705444	32.8984603882
150.81117496	1007.95556641	40.1313705444	32.8984603882
150.81117496	1007.95556641	40.1313705444	32.8984603882
150.81117496	1007.95556641	40.1313705444	32.8984603882
150.81117496	1007.95556641	40.1313705444	32.8984603882
150.81117496	1007.95556641	40.1313705444	32.8984603882
150.81117496	1007.95556641	40.1313705444	32.8984603882
150.811174961	1007.95556641	40.1313705444	32.8984603882
150.811174961	1007.95556641	40.1313705444	32.8984603882
150.811174961	1007.95556641	40.1313705444	32.8984603882
150.811174961	1007.95556641	40.1313705444	32.8254013062
150.811174961	1007.95556641	40.1313705444	32.8254013062
150.811174961	1007.95556641	39.2115936279	32.8254013062
150.811174961	1007.95556641	39.2115936279	32.8254013062
150.811174962	1007.95556641	39.2115936279	32.8254013062
150.811174962	1007.95556641	39.2115936279	32.8254013062
150.811174962	1007.95556641	39.2115936279	32.8254013062
150.811174962	1007.95556641	39.2115936279	32.8254013062
150.811174962	1007.95556641	39.2115936279	32.8254013062
150.811174962	1007.95556641	39.2115936279	32.8254013062
150.811174963	1007.95556641	39.2115936279	32.8254013062
150.811174963	1007.95556641	39.2115936279	32.8254013062
150.811174963	1007.95556641	39.2115936279	32.8254013062
150.811174963	1007.95556641	39.2115936279	32.8254013062
150.811174963	1007.95556641	39.2115936279	32.8254013062
150.811174963	1007.95556641	39.2115936279	32.8254013062
150.811174963	1007.95556641	39.2115936279	32.8254013062
150.811174964	1007.95556641	39.2115936279	32.8254013062
150.811174964	1007.95556641	39.2115936279	32.8254013062
150.811174964	1007.95556641	39.2115936279	32.8254013062
150.811174964	1007.95556641	39.2115936279	32.8254013062
150.811174964	1007.95556641	39.2115936279	32.8254013062
150.811174964	1007.95556641	39.2115936279	32.8254013062
150.811174964	1007.95556641	39.2115936279	32.8254013062
150.811174964	1007.95556641	39.2115936279	32.8254013062
150.811174965	1007.95556641	39.2115936279	32.8254013062
150.811174965	1007.95556641	39.2115936279	32.8254013062
150.811174965	1007.95556641	39.2115936279	32.8254013062
150.811174965	1007.95556641	39.2115936279	32.8254013062
150.811174965	1007.95556641	39.2115936279	32.8254013062
150.811174965	1007.95556641	39.2115936279	32.8254013062
150.811174965	1007.95556641	39.2115936279	32.8254013062
150.811174966	1007.95556641	39.2115936279	32.8254013062
150.811174966	1007.95556641	39.2115936279	32.8254013062
150.811174966	1007.95556641	39.2115936279	32.8254013062
150.811174966	1007.95556641	39.2115936279	32.8254013062
150.811174966	1007.95556641	39.2115936279	32.8254013062
150.811174966	1007.95336914	39.2115936279	32.8254013062
150.811174966	1007.95336914	39.2115936279	32.8254013062
150.811174967	1007.95336914	39.2115936279	32.8254013062
150.811174967	1007.95336914	39.2115936279	32.8254013062
150.811174967	1007.95336914	39.2115936279	32.8254013062
150.811174967	1007.95336914	39.2115936279	32.8254013062
150.811174967	1007.95336914	39.2115936279	32.8254013062
150.811174967	1007.95336914	39.2115936279	32.8254013062
150.811174967	1007.95336914	39.2115936279	32.8254013062
150.811174968	1007.95336914	39.2115936279	32.8254013062
150.811174968	1007.95336914	39.2115936279	32.8254013062
150.811174968	1007.95336914	39.2115936279	32.8254013062
150.811174968	1007.95336914	39.2115936279	32.8254013062
150.811174968	1007.95336914	39.2115936279	32.8254013062
150.811174968	1007.95336914	39.2115936279	32.8254013062
150.811174968	1007.95336914	39.2115936279	32.8254013062
150.811174969	1007.95336914	39.2115936279	32.8254013062
150.811174969	1007.95336914	39.2115936279	32.8254013062
150.811174969	1007.95336914	39.2115936279	32.8254013062
150.811174969	1007.95336914	39.2115936279	32.953250885
150.811174969	1007.95336914	39.2115936279	32.953250885
150.811174969	1007.95336914	40.0460662842	32.953250885
150.811174969	1007.95336914	40.0460662842	32.953250885
150.81117497	1007.95336914	40.0460662842	32.953250885
150.81117497	1007.95336914	40.0460662842	32.953250885
150.81117497	1007.95336914	40.0460662842	32.953250885
150.81117497	1007.95336914	40.0460662842	32.953250885
150.81117497	1007.95336914	40.0460662842	32.953250885
150.81117497	1007.95336914	40.0460662842	32.953250885
150.81117497	1007.95385742	40.0460662842	32.953250885
150.811174971	1007.95385742	40.0460662842	32.953250885
150.811174971	1007.95385742	40.0460662842	32.953250885
150.811174971	1007.95385742	40.0460662842	32.953250885
150.811174971	1007.95385742	40.0460662842	32.953250885
150.811174971	1007.95385742	40.0460662842	32.953250885
150.811174971	1007.95385742	40.0460662842	32.953250885
150.811174971	1007.95385742	40.0460662842	32.953250885
150.811174972	1007.95385742	40.0460662842	32.953250885
150.811174972	1007.95385742	40.0460662842	32.953250885
150.811174972	1007.95385742	40.0460662842	32.953250885
150.811174972	1007.95385742	40.0460662842	32.953250885
150.811174972	1007.95385742	40.0460662842	32.953250885
150.811174972	1007.95385742	40.0460662842	32.953250885
150.811174972	1007.95385742	40.0460662842	32.953250885
150.811174973	1007.95385742	40.0460662842	32.953250885
150.811174973	1007.95385742	40.0460662842	32.953250885
150.811174973	1007.95385742	40.0460662842	32.953250885
150.811174973	1007.95385742	40.0460662842	32.953250885
150.811174973	1007.95385742	40.0460662842	32.953250885
150.811174973	1007.95385742	40.0460662842	32.953250885
150.811174973	1007.95385742	40.0460662842	32.953250885
150.811174974	1007.95385742	40.0460662842	32.953250885
150.811174974	1007.95385742	40.0460662842	32.953250885
150.811174974	1007.95385742	40.0460662842	32.953250885
150.811174974	1007.95385742	40.0460662842	32.953250885
150.811174974	1007.95385742	40.0460662842	32.953250885
150.811174974	1007.95385742	40.0460662842	32.953250885
150.811174974	1007.95385742	40.0460662842	32.953250885
150.811174974	1007.94946289	40.0460662842	32.953250885
150.811174975	1007.94946289	40.0460662842	32.953250885
150.811174975	1007.94946289	40.0460662842	32.953250885
150.811174975	1007.94946289	40.0460662842	32.953250885
150.811174975	1007.94946289	40.0460662842	32.953250885
150.811174975	1007.94946289	40.0460662842	32.953250885
150.811174975	1007.94946289	40.0460662842	32.953250885
150.811174976	1007.94946289	40.0460662842	32.953250885
150.811174976	1007.94946289	40.0460662842	32.953250885
150.811174976	1007.94946289	40.0460662842	32.953250885
150.811174976	1007.94946289	40.0460662842	32.953250885
150.811174976	1007.94946289	40.0460662842	32.953250885
150.811174976	1007.94946289	40.0460662842	32.953250885
150.811174976	1007.94946289	40.0460662842	32.953250885
150.811174976	1007.94946289	40.0460662842	32.953250885
150.811174977	1007.94946289	40.0460662842	32.953250885
150.811174977	1007.94946289	40.0460662842	32.953250885
150.811174977	1007.94946289	40.0460662842	32.953250885
150.811174977	1007.94946289	40.0460662842	32.8619308472
150.811174977	1007.94946289	40.0460662842	32.8619308472
150.811174977	1007.94946289	39.0558280945	32.8619308472
150.811174978	1007.94946289	39.0558280945	32.8619308472
150.811174978	1007.94946289	39.0558280945	32.8619308472
150.811174978	1007.94946289	39.0558280945	32.8619308472
150.811174978	1007.94946289	39.0558280945	32.8619308472
150.811174978	1007.94946289	39.0558280945	32.8619308472
150.811174978	1007.94946289	39.0558280945	32.8619308472
150.811174978	1007.94946289	39.0558280945	32.8619308472
150.811174979	1007.94750977	39.0558280945	32.8619308472
150.811174979	1007.94750977	39.0558280945	32.8619308472
150.811174979	1007.94750977	39.0558280945	32.8619308472
150.811174979	1007.94750977	39.0558280945	32.8619308472
150.811174979	1007.94750977	39.0558280945	32.8619308472
150.811174979	1007.94750977	39.0558280945	32.8619308472
150.811174979	1007.94750977	39.0558280945	32.8619308472
150.81117498	1007.94750977	39.0558280945	32.8619308472
150.81117498	1007.94750977	39.0558280945	32.8619308472
150.81117498	1007.94750977	39.0558280945	32.8619308472
150.81117498	1007.94750977	39.0558280945	32.8619308472
150.81117498	1007.94750977	39.0558280945	32.8619308472
150.81117498	1007.94750977	39.0558280945	32.8619308472
150.81117498	1007.94750977	39.0558280945	32.8619308472
150.811174981	1007.94750977	39.0558280945	32.8619308472
150.811174981	1007.94750977	39.0558280945	32.8619308472
150.811174981	1007.94750977	39.0558280945	32.8619308472
150.811174981	1007.94750977	39.0558280945	32.8619308472
150.811174981	1007.94750977	39.0558280945	32.8619308472
150.811174981	1007.94750977	39.0558280945	32.8619308472
150.811174981	1007.94750977	39.0558280945	32.8619308472
150.811174981	1007.94750977	39.0558280945	32.8619308472
150.811174982	1007.94750977	39.0558280945	32.8619308472
150.811174982	1007.94750977	39.0558280945	32.8619308472
150.811174982	1007.94750977	39.0558280945	32.8619308472
150.811174982	1007.94750977	39.0558280945	32.8619308472
150.811174982	1007.94750977	39.0558280945	32.8619308472
150.811174982	1007.94750977	39.0558280945	32.8619308472
150.811174982	1007.94750977	39.0558280945	32.8619308472
150.811174983	1007.95043945	39.0558280945	32.8619308472
150.811174983	1007.95043945	39.0558280945	32.8619308472
150.811174983	1007.95043945	39.0558280945	32.8619308472
150.811174983	1007.95043945	39.0558280945	32.8619308472
150.811174983	1007.95043945	39.0558280945	32.8619308472
150.811174983	1007.95043945	39.0558280945	32.8619308472
150.811174984	1007.95043945	39.0558280945	32.8619308472
150.811174984	1007.95043945	39.0558280945	32.8619308472
150.811174984	1007.95043945	39.0558280945	32.8619308472
150.811174984	1007.95043945	39.0558280945	32.8619308472
150.811174984	1007.95043945	39.0558280945	32.8619308472
150.811174984	1007.95043945	39.0558280945	32.8619308472
150.811174984	1007.95043945	39.0558280945	32.8619308472
150.811174984	1007.95043945	39.0558280945	32.8619308472
150.811174985	1007.95043945	39.0558280945	32.8619308472
150.811174985	1007.95043945	39.0558280945	32.8619308472
150.811174985	1007.95043945	39.0558280945	32.8619308472
150.811174985	1007.95043945	39.0558280945	32.8619308472
150.811174985	1007.95043945	39.0558280945	32.8436660767
150.811174985	1007.95043945	38.0692977905	32.8436660767
150.811174986	1007.95043945	38.0692977905	32.8436660767
150.811174986	1007.95043945	38.0692977905	32.8436660767
150.811174986	1007.95043945	38.0692977905	32.8436660767
150.811174986	1007.95043945	38.0692977905	32.8436660767
150.811174986	1007.95043945	38.0692977905	32.8436660767
150.811174986	1007.95043945	38.0692977905	32.8436660767
150.811174986	1007.95043945	38.0692977905	32.8436660767
150.811174986	1007.95043945	38.0692977905	32.8436660767
150.811174987	1007.95117188	38.0692977905	32.8436660767
150.811174987	1007.95117188	38.0692977905	32.8436660767
150.811174987	1007.95117188	38.0692977905	32.8436660767
150.811174987	1007.95117188	38.0692977905	32.8436660767
150.811174987	1007.95117188	38.0692977905	32.8436660767
150.811174987	1007.95117188	38.0692977905	32.8436660767
150.811174988	1007.95117188	38.0692977905	32.8436660767
150.811174988	1007.95117188	38.0692977905	32.8436660767
150.811174988	1007.95117188	38.0692977905	32.8436660767
150.811174988	1007.95117188	38.0692977905	32.8436660767
150.811174988	1007.95117188	38.0692977905	32.8436660767
150.811174988	1007.95117188	38.0692977905	32.8436660767
150.811174988	1007.95117188	38.0692977905	32.8436660767
150.811174988	1007.95117188	38.0692977905	32.8436660767
150.811174989	1007.95117188	38.0692977905	32.8436660767
150.811174989	1007.95117188	38.0692977905	32.8436660767
150.811174989	1007.95117188	38.0692977905	32.8436660767
150.811174989	1007.95117188	38.0692977905	32.8436660767
150.811174989	1007.95117188	38.0692977905	32.8436660767
150.811174989	1007.95117188	38.0692977905	32.8436660767
150.811174989	1007.95117188	38.0692977905	32.8436660767
150.81117499	1007.95117188	38.0692977905	32.8436660767
150.81117499	1007.95117188	38.0692977905	32.8436660767
150.81117499	1007.95117188	38.0692977905	32.8436660767
150.81117499	1007.95117188	38.0692977905	32.8436660767
150.81117499	1007.95117188	38.0692977905	32.8436660767
150.81117499	1007.95117188	38.0692977905	32.8436660767
150.81117499	1007.95117188	38.0692977905	32.8436660767
150.811174991	1007.95117188	38.0692977905	32.8436660767
150.811174991	1007.9519043	38.0692977905	32.8436660767
150.811174991	1007.9519043	38.0692977905	32.8436660767
150.811174991	1007.9519043	38.0692977905	32.8436660767
150.811174991	1007.9519043	38.0692977905	32.8436660767
150.811174991	1007.9519043	38.0692977905	32.8436660767
150.811174991	1007.9519043	38.0692977905	32.8436660767
150.811174992	1007.9519043	38.0692977905	32.8436660767
150.811174992	1007.9519043	38.0692977905	32.8436660767
150.811174992	1007.9519043	38.0692977905	32.8436660767
150.811174992	1007.9519043	38.0692977905	32.8436660767
150.811174992	1007.9519043	38.0692977905	32.8436660767
150.811174992	1007.9519043	38.0692977905	32.8436660767
150.811174992	1007.9519043	38.0692977905	32.8436660767
150.811174993	1007.9519043	38.0692977905	32.8436660767
150.811174993	1007.9519043	38.0692977905	32.8436660767
150.811174993	1007.9519043	38.0692977905	32.8436660767
150.811174993	1007.9519043	38.0692977905	32.8436660767
150.811174993	1007.9519043	38.0692977905	32.7340812683
150.811174993	1007.9519043	38.0692977905	32.7340812683
150.811174993	1007.9519043	39.0001945496	32.7340812683
150.811174994	1007.9519043	39.0001945496	32.7340812683
150.811174994	1007.9519043	39.0001945496	32.7340812683
150.811174994	1007.9519043	39.0001945496	32.7340812683
150.811174994	1007.9519043	39.0001945496	32.7340812683
150.811174994	1007.9519043	39.0001945496	32.7340812683
150.811174994	1007.9519043	39.0001945496	32.7340812683
150.811174994	1007.9519043	39.0001945496	32.7340812683
150.811174995	1007.9519043	39.0001945496	32.7340812683
150.811174995	1007.9519043	39.0001945496	32.7340812683
150.811174995	1007.95019531	39.0001945496	32.7340812683
150.811174995	1007.95019531	39.0001945496	32.7340812683
150.811174995	1007.95019531	39.0001945496	32.7340812683
150.811174995	1007.95019531	39.0001945496	32.7340812683
150.811174996	1007.95019531	39.0001945496	32.7340812683
150.811174996	1007.95019531	39.0001945496	32.7340812683
150.811174996	1007.95019531	39.0001945496	32.7340812683
150.811174996	1007.95019531	39.0001945496	32.7340812683
150.811174996	1007.95019531	39.0001945496	32.7340812683
150.811174996	1007.95019531	39.0001945496	32.7340812683
150.811174996	1007.95019531	39.0001945496	32.7340812683
150.811174996	1007.95019531	39.0001945496	32.7340812683
150.811174997	1007.95019531	39.0001945496	32.7340812683
150.811174997	1007.95019531	39.0001945496	32.7340812683
150.811174997	1007.95019531	39.0001945496	32.7340812683
