0.988393282868	1100
time	pressure	humidity	temperature
150.811173659	1007.72802734	40.6483345032	30.4904632568
150.81117366	1007.72802734	40.6483345032	30.4904632568
150.81117366	1007.72802734	40.6483345032	30.4904632568
150.81117366	1007.72802734	40.6483345032	30.4904632568
150.811173661	1007.72802734	40.6483345032	30.4904632568
150.811173661	1007.72802734	40.6483345032	30.4904632568
150.811173661	1007.72802734	40.6483345032	30.4904632568
150.811173661	1007.72802734	40.6483345032	30.7317771912
150.811173662	1007.72802734	40.6483345032	30.7317771912
150.811173662	1007.72802734	43.0686264038	30.7317771912
150.811173662	1007.72802734	43.0686264038	30.7317771912
150.811173662	1007.72802734	43.0686264038	30.7317771912
150.811173663	1007.72802734	43.0686264038	30.7317771912
150.811173663	1007.72802734	43.0686264038	30.7317771912
150.811173663	1007.72802734	43.0686264038	30.7317771912
150.811173663	1007.72387695	43.0686264038	30.7317771912
150.811173664	1007.72387695	43.0686264038	30.7317771912
150.811173664	1007.72387695	43.0686264038	30.7317771912
150.811173664	1007.72387695	43.0686264038	30.7317771912
150.811173664	1007.72387695	43.0686264038	30.7317771912
150.811173665	1007.72387695	43.0686264038	30.7317771912
150.811173665	1007.72387695	43.0686264038	30.7317771912
150.811173665	1007.72387695	43.0686264038	30.7317771912
150.811173665	1007.72387695	43.0686264038	30.7317771912
150.811173665	1007.72387695	43.0686264038	30.7317771912
150.811173666	1007.72387695	43.0686264038	30.7317771912
150.811173666	1007.72387695	43.0686264038	30.7317771912
150.811173666	1007.72387695	43.0686264038	30.7317771912
150.811173666	1007.72387695	43.0686264038	30.7317771912
150.811173667	1007.72387695	43.0686264038	30.7317771912
150.811173667	1007.72387695	43.0686264038	30.7317771912
150.811173667	1007.72387695	43.0686264038	30.7317771912
150.811173667	1007.71875	43.0686264038	30.7317771912
150.811173668	1007.71875	43.0686264038	30.7317771912
150.811173668	1007.71875	43.0686264038	30.7317771912
150.811173668	1007.71875	43.0686264038	30.7317771912
150.811173668	1007.71875	43.0686264038	30.7317771912
150.811173668	1007.71875	43.0686264038	30.7317771912
150.811173669	1007.71875	43.0686264038	30.7317771912
150.811173669	1007.71875	43.0686264038	30.7317771912
150.811173669	1007.71875	43.0686264038	30.7317771912
150.811173669	1007.71875	43.0686264038	30.7317771912
150.81117367	1007.71875	43.0686264038	30.5832767487
150.81117367	1007.71875	40.273765564	30.5832767487
150.81117367	1007.71875	40.273765564	30.5832767487
150.81117367	1007.71875	40.273765564	30.5832767487
150.811173671	1007.71875	40.273765564	30.5832767487
150.811173671	1007.71875	40.273765564	30.5832767487
150.811173671	1007.71484375	40.273765564	30.5832767487
150.811173672	1007.71484375	40.273765564	30.5832767487
150.811173672	1007.71484375	40.273765564	30.5832767487
150.811173672	1007.71484375	40.273765564	30.5832767487
150.811173672	1007.71484375	40.273765564	30.5832767487
150.811173672	1007.71484375	40.273765564	30.5832767487
150.811173673	1007.71484375	40.273765564	30.5832767487
150.811173673	1007.71484375	40.273765564	30.5832767487
150.811173673	1007.71484375	40.273765564	30.5832767487
150.811173673	1007.71484375	40.273765564	30.5832767487
150.811173674	1007.71484375	40.273765564	30.5832767487
150.811173674	1007.71484375	40.273765564	30.5832767487
150.811173674	1007.71484375	40.273765564	30.5832767487
150.811173674	1007.71484375	40.273765564	30.5832767487
150.811173674	1007.71484375	40.273765564	30.5832767487
150.811173675	1007.71484375	40.273765564	30.5832767487
150.811173675	1007.71484375	40.273765564	30.5832767487
150.811173675	1007.71948242	40.273765564	30.5832767487
150.811173675	1007.71948242	40.273765564	30.5832767487
150.811173676	1007.71948242	40.273765564	30.5832767487
150.811173676	1007.71948242	40.273765564	30.5832767487
150.811173676	1007.71948242	40.273765564	30.5832767487
150.811173676	1007.71948242	40.273765564	30.5832767487
150.811173677	1007.71948242	40.273765564	30.5832767487
150.811173677	1007.71948242	40.273765564	30.5832767487
150.811173677	1007.71948242	40.273765564	30.5832767487
150.811173677	1007.71948242	40.273765564	30.5832767487
150.811173677	1007.71948242	40.273765564	30.5832767487
150.811173678	1007.71948242	40.273765564	30.6389656067
150.811173678	1007.71948242	38.9547691345	30.6389656067
150.811173678	1007.71948242	38.9547691345	30.6389656067
150.811173679	1007.71948242	38.9547691345	30.6389656067
150.811173679	1007.71948242	38.9547691345	30.6389656067
150.811173679	1007.71948242	38.9547691345	30.6389656067
150.811173679	1007.71948242	38.9547691345	30.6389656067
150.81117368	1007.71948242	38.9547691345	30.6389656067
150.81117368	1007.71948242	38.9547691345	30.6389656067
150.81117368	1007.71948242	38.9547691345	30.6389656067
150.81117368	1007.71948242	38.9547691345	30.6389656067
150.81117368	1007.71948242	38.9547691345	30.6389656067
150.811173681	1007.71948242	38.9547691345	30.6389656067
150.811173681	1007.71948242	38.9547691345	30.6389656067
150.811173681	1007.71948242	38.9547691345	30.6389656067
150.811173681	1007.71948242	38.9547691345	30.6389656067
150.811173682	1007.71948242	38.9547691345	30.6389656067
150.811173682	1007.71948242	38.9547691345	30.6389656067
150.811173682	1007.71948242	38.9547691345	30.6389656067
150.811173682	1007.71948242	38.9547691345	30.6389656067
150.811173682	1007.71948242	38.9547691345	30.6389656067
150.811173683	1007.71948242	38.9547691345	30.6389656067
150.811173683	1007.7109375	38.9547691345	30.6389656067
150.811173683	1007.7109375	38.9547691345	30.6389656067
150.811173684	1007.7109375	38.9547691345	30.6389656067
150.811173684	1007.7109375	38.9547691345	30.6389656067
150.811173684	1007.7109375	38.9547691345	30.6389656067
150.811173684	1007.7109375	38.9547691345	30.6389656067
150.811173684	1007.7109375	38.9547691345	30.6389656067
150.811173685	1007.7109375	38.9547691345	30.6389656067
150.811173685	1007.7109375	38.9547691345	30.6389656067
150.811173685	1007.7109375	38.9547691345	30.6389656067
150.811173685	1007.7109375	38.9547691345	30.6389656067
150.811173686	1007.7109375	38.9547691345	30.6389656067
150.811173686	1007.7109375	38.9547691345	30.5090255737
150.811173686	1007.7109375	41.327041626	30.5090255737
150.811173686	1007.7109375	41.327041626	30.5090255737
150.811173687	1007.7109375	41.327041626	30.5090255737
150.811173687	1007.70922852	41.327041626	30.5090255737
150.811173687	1007.70922852	41.327041626	30.5090255737
150.811173687	1007.70922852	41.327041626	30.5090255737
150.811173688	1007.70922852	41.327041626	30.5090255737
150.811173688	1007.70922852	41.327041626	30.5090255737
150.811173688	1007.70922852	41.327041626	30.5090255737
150.811173688	1007.70922852	41.327041626	30.5090255737
150.811173689	1007.70922852	41.327041626	30.5090255737
150.811173689	1007.70922852	41.327041626	30.5090255737
150.811173689	1007.70922852	41.327041626	30.5090255737
150.811173689	1007.70922852	41.327041626	30.5090255737
150.811173689	1007.70922852	41.327041626	30.5090255737
150.81117369	1007.70922852	41.327041626	30.5090255737
150.81117369	1007.70922852	41.327041626	30.5090255737
150.81117369	1007.70922852	41.327041626	30.5090255737
150.81117369	1007.70922852	41.327041626	30.5090255737
150.811173691	1007.70922852	41.327041626	30.5090255737
150.811173691	1007.70727539	41.327041626	30.5090255737
150.811173691	1007.70727539	41.327041626	30.5090255737
150.811173691	1007.70727539	41.327041626	30.5090255737
150.811173692	1007.70727539	41.327041626	30.5090255737
150.811173692	1007.70727539	41.327041626	30.5090255737
150.811173692	1007.70727539	41.327041626	30.5090255737
150.811173692	1007.70727539	41.327041626	30.5090255737
150.811173693	1007.70727539	41.327041626	30.5090255737
150.811173693	1007.70727539	41.327041626	30.5090255737
150.811173693	1007.70727539	41.327041626	30.5090255737
150.811173693	1007.70727539	41.327041626	30.5090255737
150.811173693	1007.70727539	41.327041626	30.5090255737
150.811173694	1007.70727539	41.327041626	30.5090255737
150.811173694	1007.70727539	41.327041626	30.8060302734
150.811173694	1007.70727539	43.0942382812	30.8060302734
150.811173694	1007.70727539	43.0942382812	30.8060302734
150.811173695	1007.70703125	43.0942382812	30.8060302734
150.811173695	1007.70703125	43.0942382812	30.8060302734
150.811173695	1007.70703125	43.0942382812	30.8060302734
150.811173696	1007.70703125	43.0942382812	30.8060302734
150.811173696	1007.70703125	43.0942382812	30.8060302734
150.811173696	1007.70703125	43.0942382812	30.8060302734
150.811173696	1007.70703125	43.0942382812	30.8060302734
150.811173696	1007.70703125	43.0942382812	30.8060302734
150.811173697	1007.70703125	43.0942382812	30.8060302734
150.811173697	1007.70703125	43.0942382812	30.8060302734
150.811173697	1007.70703125	43.0942382812	30.8060302734
150.811173697	1007.70703125	43.0942382812	30.8060302734
150.811173698	1007.70703125	43.0942382812	30.8060302734
150.811173698	1007.70703125	43.0942382812	30.8060302734
150.811173698	1007.70703125	43.0942382812	30.8060302734
150.811173698	1007.70703125	43.0942382812	30.8060302734
150.811173698	1007.70703125	43.0942382812	30.8060302734
150.811173699	1007.70678711	43.0942382812	30.8060302734
150.811173699	1007.70678711	43.0942382812	30.8060302734
150.811173699	1007.70678711	43.0942382812	30.8060302734
150.811173699	1007.70678711	43.0942382812	30.8060302734
150.8111737	1007.70678711	43.0942382812	30.8060302734
150.8111737	1007.70678711	43.0942382812	30.8060302734
150.8111737	1007.70678711	43.0942382812	30.8060302734
150.8111737	1007.70678711	43.0942382812	30.8060302734
150.811173701	1007.70678711	43.0942382812	30.8060302734
150.811173701	1007.70678711	43.0942382812	30.8060302734
150.811173701	1007.70678711	43.0942382812	30.8060302734
150.811173701	1007.70678711	43.0942382812	30.8060302734
150.811173701	1007.70678711	43.0942382812	30.8060302734
150.811173702	1007.70678711	43.0942382812	30.8060302734
150.811173702	1007.70678711	43.0942382812	30.5275878906
150.811173702	1007.70678711	39.9184036255	30.5275878906
150.811173703	1007.7109375	39.9184036255	30.5275878906
150.811173703	1007.7109375	39.9184036255	30.5275878906
150.811173703	1007.7109375	39.9184036255	30.5275878906
150.811173703	1007.7109375	39.9184036255	30.5275878906
150.811173704	1007.7109375	39.9184036255	30.5275878906
150.811173704	1007.7109375	39.9184036255	30.5275878906
150.811173704	1007.7109375	39.9184036255	30.5275878906
150.811173704	1007.7109375	39.9184036255	30.5275878906
150.811173704	1007.7109375	39.9184036255	30.5275878906
150.811173705	1007.7109375	39.9184036255	30.5275878906
150.811173705	1007.7109375	39.9184036255	30.5275878906
150.811173705	1007.7109375	39.9184036255	30.5275878906
150.811173705	1007.7109375	39.9184036255	30.5275878906
150.811173706	1007.7109375	39.9184036255	30.5275878906
150.811173706	1007.7109375	39.9184036255	30.5275878906
150.811173706	1007.7109375	39.9184036255	30.5275878906
150.811173706	1007.7109375	39.9184036255	30.5275878906
150.811173706	1007.71411133	39.9184036255	30.5275878906
150.811173707	1007.71411133	39.9184036255	30.5275878906
150.811173707	1007.71411133	39.9184036255	30.5275878906
150.811173707	1007.71411133	39.9184036255	30.5275878906
150.811173708	1007.71411133	39.9184036255	30.5275878906
150.811173708	1007.71411133	39.9184036255	30.5275878906
150.811173708	1007.71411133	39.9184036255	30.5275878906
150.811173708	1007.71411133	39.9184036255	30.5275878906
150.811173708	1007.71411133	39.9184036255	30.5275878906
150.811173709	1007.71411133	39.9184036255	30.5275878906
150.811173709	1007.71411133	39.9184036255	30.5275878906
150.811173709	1007.71411133	39.9184036255	30.5275878906
150.811173709	1007.71411133	39.9184036255	30.5275878906
150.81117371	1007.71411133	39.9184036255	30.5275878906
150.81117371	1007.71411133	39.9184036255	30.5275878906
150.81117371	1007.71411133	39.9184036255	30.6204032898
150.81117371	1007.71289062	42.4571495056	30.6204032898
150.811173711	1007.71289062	42.4571495056	30.6204032898
150.811173711	1007.71289062	42.4571495056	30.6204032898
150.811173711	1007.71289062	42.4571495056	30.6204032898
150.811173711	1007.71289062	42.4571495056	30.6204032898
150.811173712	1007.71289062	42.4571495056	30.6204032898
150.811173712	1007.71289062	42.4571495056	30.6204032898
150.811173712	1007.71289062	42.4571495056	30.6204032898
150.811173712	1007.71289062	42.4571495056	30.6204032898
150.811173713	1007.71289062	42.4571495056	30.6204032898
150.811173713	1007.71289062	42.4571495056	30.6204032898
150.811173713	1007.71289062	42.4571495056	30.6204032898
150.811173713	1007.71289062	42.4571495056	30.6204032898
150.811173713	1007.71289062	42.4571495056	30.6204032898
150.811173714	1007.71289062	42.4571495056	30.6204032898
150.811173714	1007.71289062	42.4571495056	30.6204032898
150.811173714	1007.71289062	42.4571495056	30.6204032898
150.811173714	1007.70776367	42.4571495056	30.6204032898
150.811173715	1007.70776367	42.4571495056	30.6204032898
150.811173715	1007.70776367	42.4571495056	30.6204032898
150.811173715	1007.70776367	42.4571495056	30.6204032898
150.811173715	1007.70776367	42.4571495056	30.6204032898
150.811173716	1007.70776367	42.4571495056	30.6204032898
150.811173716	1007.70776367	42.4571495056	30.6204032898
150.811173716	1007.70776367	42.4571495056	30.6204032898
150.811173716	1007.70776367	42.4571495056	30.6204032898
150.811173717	1007.70776367	42.4571495056	30.6204032898
150.811173717	1007.70776367	42.4571495056	30.6204032898
150.811173717	1007.70776367	42.4571495056	30.6204032898
150.811173717	1007.70776367	42.4571495056	30.6204032898
150.811173717	1007.70776367	42.4571495056	30.6204032898
150.811173718	1007.70776367	42.4571495056	30.6204032898
150.811173718	1007.70776367	42.4571495056	30.6204032898
150.811173718	1007.70776367	42.4571495056	30.4904632568
150.811173718	1007.70996094	40.4018211365	30.4904632568
150.811173719	1007.70996094	40.4018211365	30.4904632568
150.811173719	1007.70996094	40.4018211365	30.4904632568
150.811173719	1007.70996094	40.4018211365	30.4904632568
150.81117372	1007.70996094	40.4018211365	30.4904632568
150.81117372	1007.70996094	40.4018211365	30.4904632568
150.81117372	1007.70996094	40.4018211365	30.4904632568
150.81117372	1007.70996094	40.4018211365	30.4904632568
150.81117372	1007.70996094	40.4018211365	30.4904632568
150.811173721	1007.70996094	40.4018211365	30.4904632568
150.811173721	1007.70996094	40.4018211365	30.4904632568
150.811173721	1007.70996094	40.4018211365	30.4904632568
150.811173721	1007.70996094	40.4018211365	30.4904632568
150.811173722	1007.70996094	40.4018211365	30.4904632568
150.811173722	1007.70996094	40.4018211365	30.4904632568
150.811173722	1007.70996094	40.4018211365	30.4904632568
150.811173722	1007.70849609	40.4018211365	30.4904632568
150.811173723	1007.70849609	40.4018211365	30.4904632568
150.811173723	1007.70849609	40.4018211365	30.4904632568
150.811173723	1007.70849609	40.4018211365	30.4904632568
150.811173723	1007.70849609	40.4018211365	30.4904632568
150.811173723	1007.70849609	40.4018211365	30.4904632568
150.811173724	1007.70849609	40.4018211365	30.4904632568
150.811173724	1007.70849609	40.4018211365	30.4904632568
150.811173724	1007.70849609	40.4018211365	30.4904632568
150.811173724	1007.70849609	40.4018211365	30.4904632568
150.811173725	1007.70849609	40.4018211365	30.4904632568
150.811173725	1007.70849609	40.4018211365	30.4904632568
150.811173725	1007.70849609	40.4018211365	30.4904632568
150.811173725	1007.70849609	40.4018211365	30.4904632568
150.811173725	1007.70849609	40.4018211365	30.4904632568
150.811173726	1007.70849609	40.4018211365	30.4904632568
150.811173726	1007.70849609	40.4018211365	30.4904632568
150.811173726	1007.71459961	40.4018211365	30.453338623
150.811173727	1007.71459961	40.6323242188	30.453338623
150.811173727	1007.71459961	40.6323242188	30.453338623
150.811173727	1007.71459961	40.6323242188	30.453338623
150.811173727	1007.71459961	40.6323242188	30.453338623
150.811173728	1007.71459961	40.6323242188	30.453338623
150.811173728	1007.71459961	40.6323242188	30.453338623
150.811173728	1007.71459961	40.6323242188	30.453338623
150.811173728	1007.71459961	40.6323242188	30.453338623
150.811173728	1007.71459961	40.6323242188	30.453338623
150.811173729	1007.71459961	40.6323242188	30.453338623
150.811173729	1007.71459961	40.6323242188	30.453338623
150.811173729	1007.71459961	40.6323242188	30.453338623
150.811173729	1007.71459961	40.6323242188	30.453338623
150.81117373	1007.71459961	40.6323242188	30.453338623
150.81117373	1007.71459961	40.6323242188	30.453338623
150.81117373	1007.71679688	40.6323242188	30.453338623
150.81117373	1007.71679688	40.6323242188	30.453338623
150.811173731	1007.71679688	40.6323242188	30.453338623
150.811173731	1007.71679688	40.6323242188	30.453338623
150.811173731	1007.71679688	40.6323242188	30.453338623
150.811173731	1007.71679688	40.6323242188	30.453338623
150.811173732	1007.71679688	40.6323242188	30.453338623
150.811173732	1007.71679688	40.6323242188	30.453338623
150.811173732	1007.71679688	40.6323242188	30.453338623
150.811173732	1007.71679688	40.6323242188	30.453338623
150.811173732	1007.71679688	40.6323242188	30.453338623
150.811173733	1007.71679688	40.6323242188	30.453338623
150.811173733	1007.71679688	40.6323242188	30.453338623
150.811173733	1007.71679688	40.6323242188	30.453338623
150.811173733	1007.71679688	40.6323242188	30.453338623
150.811173734	1007.71679688	40.6323242188	30.453338623
150.811173734	1007.71679688	40.6323242188	30.453338623
150.811173734	1007.71313477	40.6323242188	30.6389656067
150.811173734	1007.71313477	43.9906425476	30.6389656067
150.811173735	1007.71313477	43.9906425476	30.6389656067
150.811173735	1007.71313477	43.9906425476	30.6389656067
150.811173735	1007.71313477	43.9906425476	30.6389656067
150.811173735	1007.71313477	43.9906425476	30.6389656067
150.811173736	1007.71313477	43.9906425476	30.6389656067
150.811173736	1007.71313477	43.9906425476	30.6389656067
150.811173736	1007.71313477	43.9906425476	30.6389656067
150.811173736	1007.71313477	43.9906425476	30.6389656067
150.811173737	1007.71313477	43.9906425476	30.6389656067
150.811173737	1007.71313477	43.9906425476	30.6389656067
150.811173737	1007.71313477	43.9906425476	30.6389656067
150.811173737	1007.71313477	43.9906425476	30.6389656067
150.811173737	1007.71313477	43.9906425476	30.6389656067
150.811173738	1007.71313477	43.9906425476	30.6389656067
150.811173738	1007.71411133	43.9906425476	30.6389656067
150.811173738	1007.71411133	43.9906425476	30.6389656067
150.811173739	1007.71411133	43.9906425476	30.6389656067
150.811173739	1007.71411133	43.9906425476	30.6389656067
150.811173739	1007.71411133	43.9906425476	30.6389656067
150.811173739	1007.71411133	43.9906425476	30.6389656067
150.811173739	1007.71411133	43.9906425476	30.6389656067
150.81117374	1007.71411133	43.9906425476	30.6389656067
150.81117374	1007.71411133	43.9906425476	30.6389656067
150.81117374	1007.71411133	43.9906425476	30.6389656067
150.81117374	1007.71411133	43.9906425476	30.6389656067
150.811173741	1007.71411133	43.9906425476	30.6389656067
150.811173741	1007.71411133	43.9906425476	30.6389656067
150.811173741	1007.71411133	43.9906425476	30.6389656067
150.811173741	1007.71411133	43.9906425476	30.6389656067
150.811173741	1007.71411133	43.9906425476	30.6389656067
150.811173742	1007.71411133	43.9906425476	30.6389656067
150.811173742	1007.71362305	43.9906425476	30.6389656067
150.811173742	1007.71362305	43.9906425476	30.5275878906
150.811173743	1007.71362305	43.9906425476	30.5275878906
150.811173743	1007.71362305	39.7103118896	30.5275878906
150.811173743	1007.71362305	39.7103118896	30.5275878906
150.811173743	1007.71362305	39.7103118896	30.5275878906
150.811173744	1007.71362305	39.7103118896	30.5275878906
150.811173744	1007.71362305	39.7103118896	30.5275878906
150.811173744	1007.71362305	39.7103118896	30.5275878906
150.811173744	1007.71362305	39.7103118896	30.5275878906
150.811173744	1007.71362305	39.7103118896	30.5275878906
150.811173745	1007.71362305	39.7103118896	30.5275878906
150.811173745	1007.71362305	39.7103118896	30.5275878906
150.811173745	1007.71362305	39.7103118896	30.5275878906
150.811173745	1007.71362305	39.7103118896	30.5275878906
150.811173746	1007.71362305	39.7103118896	30.5275878906
150.811173746	1007.71875	39.7103118896	30.5275878906
150.811173746	1007.71875	39.7103118896	30.5275878906
150.811173746	1007.71875	39.7103118896	30.5275878906
150.811173747	1007.71875	39.7103118896	30.5275878906
150.811173747	1007.71875	39.7103118896	30.5275878906
150.811173747	1007.71875	39.7103118896	30.5275878906
150.811173747	1007.71875	39.7103118896	30.5275878906
150.811173748	1007.71875	39.7103118896	30.5275878906
150.811173748	1007.71875	39.7103118896	30.5275878906
150.811173748	1007.71875	39.7103118896	30.5275878906
150.811173748	1007.71875	39.7103118896	30.5275878906
150.811173748	1007.71875	39.7103118896	30.5275878906
150.811173749	1007.71875	39.7103118896	30.5275878906
150.811173749	1007.71875	39.7103118896	30.5275878906
150.811173749	1007.71875	39.7103118896	30.5275878906
150.811173749	1007.71875	39.7103118896	30.5275878906
150.81117375	1007.71875	39.7103118896	30.5275878906
150.81117375	1007.71630859	39.7103118896	30.5275878906
150.81117375	1007.71630859	39.7103118896	30.5275878906
150.81117375	1007.71630859	39.7103118896	30.6018409729
150.811173751	1007.71630859	42.5916099548	30.6018409729
150.811173751	1007.71630859	42.5916099548	30.6018409729
150.811173751	1007.71630859	42.5916099548	30.6018409729
150.811173751	1007.71630859	42.5916099548	30.6018409729
150.811173752	1007.71630859	42.5916099548	30.6018409729
150.811173752	1007.71630859	42.5916099548	30.6018409729
150.811173752	1007.71630859	42.5916099548	30.6018409729
150.811173752	1007.71630859	42.5916099548	30.6018409729
150.811173753	1007.71630859	42.5916099548	30.6018409729
150.811173753	1007.71630859	42.5916099548	30.6018409729
150.811173753	1007.71630859	42.5916099548	30.6018409729
150.811173753	1007.71630859	42.5916099548	30.6018409729
150.811173753	1007.71630859	42.5916099548	30.6018409729
150.811173754	1007.71826172	42.5916099548	30.6018409729
150.811173754	1007.71826172	42.5916099548	30.6018409729
150.811173754	1007.71826172	42.5916099548	30.6018409729
150.811173755	1007.71826172	42.5916099548	30.6018409729
150.811173755	1007.71826172	42.5916099548	30.6018409729
150.811173755	1007.71826172	42.5916099548	30.6018409729
150.811173755	1007.71826172	42.5916099548	30.6018409729
150.811173755	1007.71826172	42.5916099548	30.6018409729
150.811173756	1007.71826172	42.5916099548	30.6018409729
150.811173756	1007.71826172	42.5916099548	30.6018409729
150.811173756	1007.71826172	42.5916099548	30.6018409729
150.811173756	1007.71826172	42.5916099548	30.6018409729
150.811173757	1007.71826172	42.5916099548	30.6018409729
150.811173757	1007.71826172	42.5916099548	30.6018409729
150.811173757	1007.71826172	42.5916099548	30.6018409729
150.811173757	1007.71826172	42.5916099548	30.6018409729
150.811173757	1007.71826172	42.5916099548	30.6018409729
150.811173758	1007.71875	42.5916099548	30.6018409729
150.811173758	1007.71875	42.5916099548	30.6018409729
150.811173758	1007.71875	42.5916099548	30.6018409729
150.811173758	1007.71875	42.5916099548	30.4904632568
150.811173759	1007.71875	43.5136260986	30.4904632568
150.811173759	1007.71875	43.5136260986	30.4904632568
150.811173759	1007.71875	43.5136260986	30.4904632568
150.81117376	1007.71875	43.5136260986	30.4904632568
150.81117376	1007.71875	43.5136260986	30.4904632568
150.81117376	1007.71875	43.5136260986	30.4904632568
150.81117376	1007.71875	43.5136260986	30.4904632568
150.81117376	1007.71875	43.5136260986	30.4904632568
150.811173761	1007.71875	43.5136260986	30.4904632568
150.811173761	1007.71875	43.5136260986	30.4904632568
150.811173761	1007.71875	43.5136260986	30.4904632568
150.811173761	1007.71875	43.5136260986	30.4904632568
150.811173762	1007.71899414	43.5136260986	30.4904632568
150.811173762	1007.71899414	43.5136260986	30.4904632568
150.811173762	1007.71899414	43.5136260986	30.4904632568
150.811173762	1007.71899414	43.5136260986	30.4904632568
150.811173763	1007.71899414	43.5136260986	30.4904632568
150.811173763	1007.71899414	43.5136260986	30.4904632568
150.811173763	1007.71899414	43.5136260986	30.4904632568
150.811173763	1007.71899414	43.5136260986	30.4904632568
150.811173763	1007.71899414	43.5136260986	30.4904632568
150.811173764	1007.71899414	43.5136260986	30.4904632568
150.811173764	1007.71899414	43.5136260986	30.4904632568
150.811173764	1007.71899414	43.5136260986	30.4904632568
150.811173764	1007.71899414	43.5136260986	30.4904632568
150.811173765	1007.71899414	43.5136260986	30.4904632568
150.811173765	1007.71899414	43.5136260986	30.4904632568
150.811173765	1007.71899414	43.5136260986	30.4904632568
150.811173765	1007.71899414	43.5136260986	30.4904632568
150.811173766	1007.71484375	43.5136260986	30.4904632568
150.811173766	1007.71484375	43.5136260986	30.4904632568
150.811173766	1007.71484375	43.5136260986	30.4904632568
150.811173766	1007.71484375	43.5136260986	30.4904632568
150.811173767	1007.71484375	43.5136260986	30.5461521149
150.811173767	1007.71484375	42.0377616882	30.5461521149
150.811173767	1007.71484375	42.0377616882	30.5461521149
150.811173767	1007.71484375	42.0377616882	30.5461521149
150.811173768	1007.71484375	42.0377616882	30.5461521149
150.811173768	1007.71484375	42.0377616882	30.5461521149
150.811173768	1007.71484375	42.0377616882	30.5461521149
150.811173768	1007.71484375	42.0377616882	30.5461521149
150.811173769	1007.71484375	42.0377616882	30.5461521149
150.811173769	1007.71484375	42.0377616882	30.5461521149
150.811173769	1007.71484375	42.0377616882	30.5461521149
150.811173769	1007.71484375	42.0377616882	30.5461521149
150.811173769	1007.71679688	42.0377616882	30.5461521149
150.81117377	1007.71679688	42.0377616882	30.5461521149
150.81117377	1007.71679688	42.0377616882	30.5461521149
150.81117377	1007.71679688	42.0377616882	30.5461521149
150.81117377	1007.71679688	42.0377616882	30.5461521149
150.811173771	1007.71679688	42.0377616882	30.5461521149
150.811173771	1007.71679688	42.0377616882	30.5461521149
150.811173771	1007.71679688	42.0377616882	30.5461521149
150.811173771	1007.71679688	42.0377616882	30.5461521149
150.811173772	1007.71679688	42.0377616882	30.5461521149
150.811173772	1007.71679688	42.0377616882	30.5461521149
150.811173772	1007.71679688	42.0377616882	30.5461521149
150.811173772	1007.71679688	42.0377616882	30.5461521149
150.811173772	1007.71679688	42.0377616882	30.5461521149
150.811173773	1007.71679688	42.0377616882	30.5461521149
150.811173773	1007.71679688	42.0377616882	30.5461521149
150.811173773	1007.71679688	42.0377616882	30.5461521149
150.811173773	1007.71948242	42.0377616882	30.5461521149
150.811173774	1007.71948242	42.0377616882	30.5461521149
150.811173774	1007.71948242	42.0377616882	30.5461521149
150.811173774	1007.71948242	42.0377616882	30.5461521149
150.811173774	1007.71948242	42.0377616882	30.5461521149
150.811173775	1007.71948242	42.0377616882	30.4904632568
150.811173775	1007.71948242	38.1159896851	30.4904632568
150.811173775	1007.71948242	38.1159896851	30.4904632568
150.811173775	1007.71948242	38.1159896851	30.4904632568
150.811173776	1007.71948242	38.1159896851	30.4904632568
150.811173776	1007.71948242	38.1159896851	30.4904632568
150.811173776	1007.71948242	38.1159896851	30.4904632568
150.811173776	1007.71948242	38.1159896851	30.4904632568
150.811173777	1007.71948242	38.1159896851	30.4904632568
150.811173777	1007.71948242	38.1159896851	30.4904632568
150.811173777	1007.71948242	38.1159896851	30.4904632568
150.811173777	1007.71899414	38.1159896851	30.4904632568
150.811173778	1007.71899414	38.1159896851	30.4904632568
150.811173778	1007.71899414	38.1159896851	30.4904632568
150.811173778	1007.71899414	38.1159896851	30.4904632568
150.811173778	1007.71899414	38.1159896851	30.4904632568
150.811173779	1007.71899414	38.1159896851	30.4904632568
150.811173779	1007.71899414	38.1159896851	30.4904632568
150.811173779	1007.71899414	38.1159896851	30.4904632568
150.811173779	1007.71899414	38.1159896851	30.4904632568
150.811173779	1007.71899414	38.1159896851	30.4904632568
150.81117378	1007.71899414	38.1159896851	30.4904632568
150.81117378	1007.71899414	38.1159896851	30.4904632568
150.81117378	1007.71899414	38.1159896851	30.4904632568
150.81117378	1007.71899414	38.1159896851	30.4904632568
150.811173781	1007.71899414	38.1159896851	30.4904632568
150.811173781	1007.71899414	38.1159896851	30.4904632568
150.811173781	1007.71899414	38.1159896851	30.4904632568
150.811173781	1007.71533203	38.1159896851	30.4904632568
150.811173782	1007.71533203	38.1159896851	30.4904632568
150.811173782	1007.71533203	38.1159896851	30.4904632568
150.811173782	1007.71533203	38.1159896851	30.4904632568
150.811173782	1007.71533203	38.1159896851	30.4904632568
150.811173783	1007.71533203	38.1159896851	30.4904632568
150.811173783	1007.71533203	38.1159896851	30.7132148743
150.811173783	1007.71533203	38.1159896851	30.7132148743
150.811173783	1007.71533203	46.5453948975	30.7132148743
150.811173784	1007.71533203	46.5453948975	30.7132148743
150.811173784	1007.71533203	46.5453948975	30.7132148743
150.811173784	1007.71533203	46.5453948975	30.7132148743
150.811173784	1007.71533203	46.5453948975	30.7132148743
150.811173784	1007.71533203	46.5453948975	30.7132148743
150.811173785	1007.71533203	46.5453948975	30.7132148743
150.811173785	1007.71533203	46.5453948975	30.7132148743
150.811173785	1007.7121582	46.5453948975	30.7132148743
150.811173786	1007.7121582	46.5453948975	30.7132148743
150.811173786	1007.7121582	46.5453948975	30.7132148743
150.811173786	1007.7121582	46.5453948975	30.7132148743
150.811173786	1007.7121582	46.5453948975	30.7132148743
150.811173786	1007.7121582	46.5453948975	30.7132148743
150.811173787	1007.7121582	46.5453948975	30.7132148743
150.811173787	1007.7121582	46.5453948975	30.7132148743
150.811173787	1007.7121582	46.5453948975	30.7132148743
150.811173787	1007.7121582	46.5453948975	30.7132148743
150.811173788	1007.7121582	46.5453948975	30.7132148743
150.811173788	1007.7121582	46.5453948975	30.7132148743
150.811173788	1007.7121582	46.5453948975	30.7132148743
150.811173788	1007.7121582	46.5453948975	30.7132148743
150.811173788	1007.7121582	46.5453948975	30.7132148743
150.811173789	1007.7121582	46.5453948975	30.7132148743
150.811173789	1007.7121582	46.5453948975	30.7132148743
150.811173789	1007.71459961	46.5453948975	30.7132148743
150.811173789	1007.71459961	46.5453948975	30.7132148743
150.81117379	1007.71459961	46.5453948975	30.7132148743
150.81117379	1007.71459961	46.5453948975	30.7132148743
150.81117379	1007.71459961	46.5453948975	30.7132148743
150.81117379	1007.71459961	46.5453948975	30.7132148743
150.811174388	1009.12695312	40.8668289185	30.0036239624
150.811174392	1009.12841797	40.8668289185	30.0036239624
150.811174392	1009.12841797	40.8668289185	30.0036239624
150.811174392	1009.12841797	40.8668289185	30.0036239624
150.811174393	1009.12841797	40.8668289185	30.0036239624
150.811174393	1009.12841797	40.8668289185	30.0036239624
150.811174393	1009.12841797	40.8668289185	30.0036239624
150.811174393	1009.12841797	40.8668289185	30.0036239624
150.811174393	1009.12841797	40.8668289185	30.0036239624
150.811174393	1009.12841797	40.8668289185	30.0036239624
150.811174393	1009.12841797	40.8668289185	30.0036239624
150.811174393	1009.12841797	40.8668289185	30.0036239624
150.811174394	1009.12841797	40.8668289185	30.0036239624
150.811174394	1009.12841797	40.8668289185	30.0036239624
150.811174394	1009.12841797	40.8668289185	30.0036239624
150.811174394	1009.12841797	40.8668289185	30.0036239624
150.811174394	1009.13012695	40.8668289185	30.0036239624
150.811174394	1009.13012695	40.8668289185	30.0036239624
150.811174395	1009.13012695	40.8668289185	30.0036239624
150.811174395	1009.13012695	40.8668289185	30.0036239624
150.811174395	1009.13012695	40.8668289185	30.0036239624
150.811174395	1009.13012695	40.8668289185	30.0036239624
150.811174395	1009.13012695	40.8668289185	30.0036239624
150.811174395	1009.13012695	40.8668289185	30.0036239624
150.811174395	1009.13012695	40.8668289185	30.0036239624
150.811174396	1009.13012695	40.8668289185	30.0036239624
150.811174396	1009.13012695	40.8668289185	30.0036239624
150.811174396	1009.13012695	40.8668289185	30.0036239624
150.811174396	1009.13012695	40.8668289185	30.0036239624
150.811174396	1009.13012695	40.8668289185	30.0036239624
150.811174396	1009.13012695	40.8668289185	30.0036239624
150.811174396	1009.13012695	40.8668289185	30.0036239624
150.811174396	1009.13012695	40.8668289185	30.0036239624
150.811174397	1009.13012695	40.8668289185	30.0036239624
150.811174397	1009.13012695	40.8668289185	30.0036239624
150.811174397	1009.13012695	40.8668289185	30.0036239624
150.811174397	1009.13012695	40.8668289185	30.0036239624
150.811174397	1009.13012695	40.8668289185	30.0036239624
150.811174397	1009.13012695	40.8668289185	30.1123199463
150.811174397	1009.13012695	40.8668289185	30.1123199463
150.811174398	1009.13012695	39.9733047485	30.1123199463
150.811174398	1009.13012695	39.9733047485	30.1123199463
150.811174398	1009.13012695	39.9733047485	30.1123199463
150.811174398	1009.13012695	39.9733047485	30.1123199463
150.811174398	1009.13378906	39.9733047485	30.1123199463
150.811174398	1009.13378906	39.9733047485	30.1123199463
150.811174399	1009.13378906	39.9733047485	30.1123199463
150.811174399	1009.13378906	39.9733047485	30.1123199463
150.811174399	1009.13378906	39.9733047485	30.1123199463
150.811174399	1009.13378906	39.9733047485	30.1123199463
150.811174399	1009.13378906	39.9733047485	30.1123199463
150.811174399	1009.13378906	39.9733047485	30.1123199463
150.811174399	1009.13378906	39.9733047485	30.1123199463
150.8111744	1009.13378906	39.9733047485	30.1123199463
150.8111744	1009.13378906	39.9733047485	30.1123199463
150.8111744	1009.13378906	39.9733047485	30.1123199463
150.8111744	1009.13378906	39.9733047485	30.1123199463
150.8111744	1009.13378906	39.9733047485	30.1123199463
150.8111744	1009.13378906	39.9733047485	30.1123199463
150.8111744	1009.13378906	39.9733047485	30.1123199463
150.811174401	1009.13378906	39.9733047485	30.1123199463
150.811174401	1009.13378906	39.9733047485	30.1123199463
150.811174401	1009.13378906	39.9733047485	30.1123199463
150.811174401	1009.13378906	39.9733047485	30.1123199463
150.811174401	1009.13378906	39.9733047485	30.1123199463
150.811174401	1009.13378906	39.9733047485	30.1123199463
150.811174401	1009.13378906	39.9733047485	30.1123199463
150.811174401	1009.13378906	39.9733047485	30.1123199463
150.811174402	1009.13378906	39.9733047485	30.1123199463
150.811174402	1009.13378906	39.9733047485	30.1123199463
150.811174402	1009.13378906	39.9733047485	30.1123199463
150.811174402	1009.13378906	39.9733047485	30.1123199463
150.811174402	1009.13378906	39.9733047485	30.1123199463
150.811174402	1009.13647461	39.9733047485	30.1123199463
150.811174403	1009.13647461	39.9733047485	30.1123199463
150.811174403	1009.13647461	39.9733047485	30.1123199463
150.811174403	1009.13647461	39.9733047485	30.1123199463
150.811174403	1009.13647461	39.9733047485	30.1123199463
150.811174403	1009.13647461	39.9733047485	30.1123199463
150.811174403	1009.13647461	39.9733047485	30.1123199463
150.811174403	1009.13647461	39.9733047485	30.1123199463
150.811174403	1009.13647461	39.9733047485	30.1123199463
150.811174404	1009.13647461	39.9733047485	30.1123199463
150.811174404	1009.13647461	39.9733047485	30.1123199463
150.811174404	1009.13647461	39.9733047485	30.1123199463
150.811174404	1009.13647461	39.9733047485	30.1123199463
150.811174404	1009.13647461	39.9733047485	30.1123199463
150.811174404	1009.13647461	39.9733047485	30.1123199463
150.811174404	1009.13647461	39.9733047485	30.1123199463
150.811174405	1009.13647461	39.9733047485	30.1123199463
150.811174405	1009.13647461	39.9733047485	30.1123199463
150.811174405	1009.13647461	39.9733047485	30.1123199463
150.811174405	1009.13647461	39.9733047485	30.1123199463
150.811174405	1009.13647461	39.9733047485	30.1123199463
150.811174405	1009.13647461	39.9733047485	30.0579719543
150.811174405	1009.13647461	40.5788078308	30.0579719543
150.811174406	1009.13647461	40.5788078308	30.0579719543
150.811174406	1009.13647461	40.5788078308	30.0579719543
150.811174406	1009.13647461	40.5788078308	30.0579719543
150.811174406	1009.13647461	40.5788078308	30.0579719543
150.811174406	1009.13647461	40.5788078308	30.0579719543
150.811174406	1009.14086914	40.5788078308	30.0579719543
150.811174407	1009.14086914	40.5788078308	30.0579719543
150.811174407	1009.14086914	40.5788078308	30.0579719543
150.811174407	1009.14086914	40.5788078308	30.0579719543
150.811174407	1009.14086914	40.5788078308	30.0579719543
150.811174407	1009.14086914	40.5788078308	30.0579719543
150.811174407	1009.14086914	40.5788078308	30.0579719543
150.811174407	1009.14086914	40.5788078308	30.0579719543
150.811174408	1009.14086914	40.5788078308	30.0579719543
150.811174408	1009.14086914	40.5788078308	30.0579719543
150.811174408	1009.14086914	40.5788078308	30.0579719543
150.811174408	1009.14086914	40.5788078308	30.0579719543
150.811174408	1009.14086914	40.5788078308	30.0579719543
150.811174408	1009.14086914	40.5788078308	30.0579719543
150.811174408	1009.14086914	40.5788078308	30.0579719543
150.811174408	1009.14086914	40.5788078308	30.0579719543
150.811174409	1009.14086914	40.5788078308	30.0579719543
150.811174409	1009.14086914	40.5788078308	30.0579719543
150.811174409	1009.14086914	40.5788078308	30.0579719543
150.811174409	1009.14086914	40.5788078308	30.0579719543
150.811174409	1009.14086914	40.5788078308	30.0579719543
150.811174409	1009.14086914	40.5788078308	30.0579719543
150.811174409	1009.14086914	40.5788078308	30.0579719543
150.81117441	1009.14086914	40.5788078308	30.0579719543
150.81117441	1009.14086914	40.5788078308	30.0579719543
150.81117441	1009.14086914	40.5788078308	30.0579719543
150.81117441	1009.14086914	40.5788078308	30.0579719543
150.81117441	1009.14086914	40.5788078308	30.0579719543
150.81117441	1009.14086914	40.5788078308	30.0579719543
150.81117441	1009.13989258	40.5788078308	30.0579719543
150.811174411	1009.13989258	40.5788078308	30.0579719543
150.811174411	1009.13989258	40.5788078308	30.0579719543
150.811174411	1009.13989258	40.5788078308	30.0579719543
150.811174411	1009.13989258	40.5788078308	30.0579719543
150.811174411	1009.13989258	40.5788078308	30.0579719543
150.811174411	1009.13989258	40.5788078308	30.0579719543
150.811174411	1009.13989258	40.5788078308	30.0579719543
150.811174412	1009.13989258	40.5788078308	30.0579719543
150.811174412	1009.13989258	40.5788078308	30.0579719543
150.811174412	1009.13989258	40.5788078308	30.0579719543
150.811174412	1009.13989258	40.5788078308	30.0579719543
150.811174412	1009.13989258	40.5788078308	30.0579719543
150.811174412	1009.13989258	40.5788078308	30.0579719543
150.811174412	1009.13989258	40.5788078308	30.0579719543
150.811174413	1009.13989258	40.5788078308	30.0579719543
150.811174413	1009.13989258	40.5788078308	30.0579719543
150.811174413	1009.13989258	40.5788078308	30.0579719543
150.811174413	1009.13989258	40.5788078308	30.0579719543
150.811174413	1009.13989258	40.5788078308	30.094203949
150.811174413	1009.13989258	40.5788078308	30.094203949
150.811174413	1009.13989258	40.4053382874	30.094203949
150.811174414	1009.13989258	40.4053382874	30.094203949
150.811174414	1009.13989258	40.4053382874	30.094203949
150.811174414	1009.13989258	40.4053382874	30.094203949
150.811174414	1009.13989258	40.4053382874	30.094203949
150.811174414	1009.13989258	40.4053382874	30.094203949
150.811174414	1009.13989258	40.4053382874	30.094203949
150.811174414	1009.14160156	40.4053382874	30.094203949
150.811174415	1009.14160156	40.4053382874	30.094203949
150.811174415	1009.14160156	40.4053382874	30.094203949
150.811174415	1009.14160156	40.4053382874	30.094203949
150.811174415	1009.14160156	40.4053382874	30.094203949
150.811174415	1009.14160156	40.4053382874	30.094203949
150.811174415	1009.14160156	40.4053382874	30.094203949
150.811174416	1009.14160156	40.4053382874	30.094203949
150.811174416	1009.14160156	40.4053382874	30.094203949
150.811174416	1009.14160156	40.4053382874	30.094203949
150.811174416	1009.14160156	40.4053382874	30.094203949
150.811174416	1009.14160156	40.4053382874	30.094203949
150.811174416	1009.14160156	40.4053382874	30.094203949
150.811174416	1009.14160156	40.4053382874	30.094203949
150.811174416	1009.14160156	40.4053382874	30.094203949
150.811174417	1009.14160156	40.4053382874	30.094203949
150.811174417	1009.14160156	40.4053382874	30.094203949
150.811174417	1009.14160156	40.4053382874	30.094203949
150.811174417	1009.14160156	40.4053382874	30.094203949
150.811174417	1009.14160156	40.4053382874	30.094203949
150.811174417	1009.14160156	40.4053382874	30.094203949
150.811174417	1009.14160156	40.4053382874	30.094203949
150.811174418	1009.14160156	40.4053382874	30.094203949
150.811174418	1009.14160156	40.4053382874	30.094203949
150.811174418	1009.14160156	40.4053382874	30.094203949
150.811174418	1009.14160156	40.4053382874	30.094203949
150.811174418	1009.14160156	40.4053382874	30.094203949
150.811174418	1009.14160156	40.4053382874	30.094203949
150.811174418	1009.14160156	40.4053382874	30.094203949
150.811174419	1009.1418457	40.4053382874	30.094203949
150.811174419	1009.1418457	40.4053382874	30.094203949
150.811174419	1009.1418457	40.4053382874	30.094203949
150.811174419	1009.1418457	40.4053382874	30.094203949
150.811174419	1009.1418457	40.4053382874	30.094203949
150.811174419	1009.1418457	40.4053382874	30.094203949
150.811174419	1009.1418457	40.4053382874	30.094203949
150.81117442	1009.1418457	40.4053382874	30.094203949
150.81117442	1009.1418457	40.4053382874	30.094203949
150.81117442	1009.1418457	40.4053382874	30.094203949
150.81117442	1009.1418457	40.4053382874	30.094203949
150.81117442	1009.1418457	40.4053382874	30.094203949
150.81117442	1009.1418457	40.4053382874	30.094203949
150.81117442	1009.1418457	40.4053382874	30.094203949
150.811174421	1009.1418457	40.4053382874	30.094203949
150.811174421	1009.1418457	40.4053382874	30.094203949
150.811174421	1009.1418457	40.4053382874	30.094203949
150.811174421	1009.1418457	40.4053382874	30.1123199463
150.811174421	1009.1418457	40.4053382874	30.1123199463
150.811174421	1009.1418457	40.0027618408	30.1123199463
150.811174421	1009.1418457	40.0027618408	30.1123199463
150.811174422	1009.1418457	40.0027618408	30.1123199463
150.811174422	1009.1418457	40.0027618408	30.1123199463
150.811174422	1009.1418457	40.0027618408	30.1123199463
150.811174422	1009.1418457	40.0027618408	30.1123199463
150.811174422	1009.1418457	40.0027618408	30.1123199463
150.811174422	1009.1418457	40.0027618408	30.1123199463
150.811174422	1009.1418457	40.0027618408	30.1123199463
150.811174423	1009.14257812	40.0027618408	30.1123199463
150.811174423	1009.14257812	40.0027618408	30.1123199463
150.811174423	1009.14257812	40.0027618408	30.1123199463
150.811174423	1009.14257812	40.0027618408	30.1123199463
150.811174423	1009.14257812	40.0027618408	30.1123199463
150.811174423	1009.14257812	40.0027618408	30.1123199463
150.811174424	1009.14257812	40.0027618408	30.1123199463
150.811174424	1009.14257812	40.0027618408	30.1123199463
150.811174424	1009.14257812	40.0027618408	30.1123199463
150.811174424	1009.14257812	40.0027618408	30.1123199463
150.811174424	1009.14257812	40.0027618408	30.1123199463
150.811174424	1009.14257812	40.0027618408	30.1123199463
150.811174424	1009.14257812	40.0027618408	30.1123199463
150.811174424	1009.14257812	40.0027618408	30.1123199463
150.811174425	1009.14257812	40.0027618408	30.1123199463
150.811174425	1009.14257812	40.0027618408	30.1123199463
150.811174425	1009.14257812	40.0027618408	30.1123199463
150.811174425	1009.14257812	40.0027618408	30.1123199463
150.811174425	1009.14257812	40.0027618408	30.1123199463
150.811174425	1009.14257812	40.0027618408	30.1123199463
150.811174425	1009.14257812	40.0027618408	30.1123199463
150.811174426	1009.14257812	40.0027618408	30.1123199463
150.811174426	1009.14257812	40.0027618408	30.1123199463
150.811174426	1009.14257812	40.0027618408	30.1123199463
150.811174426	1009.14257812	40.0027618408	30.1123199463
150.811174426	1009.14257812	40.0027618408	30.1123199463
150.811174426	1009.14257812	40.0027618408	30.1123199463
150.811174426	1009.14257812	40.0027618408	30.1123199463
150.811174427	1009.14599609	40.0027618408	30.1123199463
150.811174427	1009.14599609	40.0027618408	30.1123199463
150.811174427	1009.14599609	40.0027618408	30.1123199463
150.811174427	1009.14599609	40.0027618408	30.1123199463
150.811174427	1009.14599609	40.0027618408	30.1123199463
150.811174427	1009.14599609	40.0027618408	30.1123199463
150.811174427	1009.14599609	40.0027618408	30.1123199463
150.811174428	1009.14599609	40.0027618408	30.1123199463
150.811174428	1009.14599609	40.0027618408	30.1123199463
150.811174428	1009.14599609	40.0027618408	30.1123199463
150.811174428	1009.14599609	40.0027618408	30.1123199463
150.811174428	1009.14599609	40.0027618408	30.1123199463
150.811174428	1009.14599609	40.0027618408	30.1123199463
150.811174428	1009.14599609	40.0027618408	30.1123199463
150.811174429	1009.14599609	40.0027618408	30.1123199463
150.811174429	1009.14599609	40.0027618408	30.1123199463
150.811174429	1009.14599609	40.0027618408	30.1123199463
150.811174429	1009.14599609	40.0027618408	30.094203949
150.811174429	1009.14599609	40.0027618408	30.094203949
150.811174429	1009.14599609	40.3464279175	30.094203949
150.811174429	1009.14599609	40.3464279175	30.094203949
150.81117443	1009.14599609	40.3464279175	30.094203949
150.81117443	1009.14599609	40.3464279175	30.094203949
150.81117443	1009.14599609	40.3464279175	30.094203949
150.81117443	1009.14599609	40.3464279175	30.094203949
150.81117443	1009.14599609	40.3464279175	30.094203949
150.81117443	1009.14599609	40.3464279175	30.094203949
150.81117443	1009.14599609	40.3464279175	30.094203949
150.811174431	1009.14160156	40.3464279175	30.094203949
150.811174431	1009.14160156	40.3464279175	30.094203949
150.811174431	1009.14160156	40.3464279175	30.094203949
150.811174431	1009.14160156	40.3464279175	30.094203949
150.811174431	1009.14160156	40.3464279175	30.094203949
150.811174431	1009.14160156	40.3464279175	30.094203949
150.811174431	1009.14160156	40.3464279175	30.094203949
150.811174432	1009.14160156	40.3464279175	30.094203949
150.811174432	1009.14160156	40.3464279175	30.094203949
150.811174432	1009.14160156	40.3464279175	30.094203949
150.811174432	1009.14160156	40.3464279175	30.094203949
150.811174432	1009.14160156	40.3464279175	30.094203949
150.811174433	1009.14160156	40.3464279175	30.094203949
150.811174433	1009.14160156	40.3464279175	30.094203949
150.811174433	1009.14160156	40.3464279175	30.094203949
150.811174433	1009.14160156	40.3464279175	30.094203949
150.811174433	1009.14160156	40.3464279175	30.094203949
150.811174434	1009.14160156	40.3464279175	30.094203949
150.811174434	1009.14160156	40.3464279175	30.094203949
150.811174434	1009.14160156	40.3464279175	30.094203949
150.811174434	1009.14160156	40.3464279175	30.094203949
150.811174435	1009.14477539	40.3464279175	30.094203949
150.811174435	1009.14477539	40.3464279175	30.094203949
150.811174435	1009.14477539	40.3464279175	30.094203949
150.811174435	1009.14477539	40.3464279175	30.094203949
150.811174436	1009.14477539	40.3464279175	30.094203949
150.811174436	1009.14477539	40.3464279175	30.094203949
150.811174436	1009.14477539	40.3464279175	30.094203949
150.811174436	1009.14477539	40.3464279175	30.094203949
150.811174437	1009.14477539	40.3464279175	30.094203949
150.811174437	1009.14477539	40.3464279175	30.0036239624
150.811174437	1009.14477539	39.4889068604	30.0036239624
150.811174437	1009.14477539	39.4889068604	30.0036239624
150.811174438	1009.14477539	39.4889068604	30.0036239624
150.811174438	1009.14477539	39.4889068604	30.0036239624
150.811174438	1009.14477539	39.4889068604	30.0036239624
150.811174438	1009.14477539	39.4889068604	30.0036239624
150.811174438	1009.14477539	39.4889068604	30.0036239624
150.811174439	1009.14819336	39.4889068604	30.0036239624
150.811174439	1009.14819336	39.4889068604	30.0036239624
150.811174439	1009.14819336	39.4889068604	30.0036239624
150.81117444	1009.14819336	39.4889068604	30.0036239624
150.81117444	1009.14819336	39.4889068604	30.0036239624
150.81117444	1009.14819336	39.4889068604	30.0036239624
150.81117444	1009.14819336	39.4889068604	30.0036239624
150.81117444	1009.14819336	39.4889068604	30.0036239624
150.811174441	1009.14819336	39.4889068604	30.0036239624
150.811174441	1009.14819336	39.4889068604	30.0036239624
150.811174441	1009.14819336	39.4889068604	30.0036239624
150.811174441	1009.14819336	39.4889068604	30.0036239624
150.811174442	1009.14819336	39.4889068604	30.0036239624
150.811174442	1009.14819336	39.4889068604	30.0036239624
150.811174442	1009.14819336	39.4889068604	30.0036239624
150.811174442	1009.14819336	39.4889068604	30.0036239624
150.811174442	1009.14819336	39.4889068604	30.0036239624
150.811174443	1009.14697266	39.4889068604	30.0036239624
150.811174443	1009.14697266	39.4889068604	30.0036239624
150.811174443	1009.14697266	39.4889068604	30.0036239624
150.811174444	1009.14697266	39.4889068604	30.0036239624
150.811174444	1009.14697266	39.4889068604	30.0036239624
150.811174444	1009.14697266	39.4889068604	30.0036239624
150.811174444	1009.14697266	39.4889068604	30.0036239624
150.811174444	1009.14697266	39.4889068604	30.0036239624
150.811174445	1009.14697266	39.4889068604	30.1485519409
150.811174445	1009.14697266	39.5216369629	30.1485519409
150.811174445	1009.14697266	39.5216369629	30.1485519409
150.811174446	1009.14697266	39.5216369629	30.1485519409
150.811174446	1009.14697266	39.5216369629	30.1485519409
150.811174446	1009.14697266	39.5216369629	30.1485519409
150.811174446	1009.14697266	39.5216369629	30.1485519409
150.811174446	1009.14697266	39.5216369629	30.1485519409
150.811174447	1009.14697266	39.5216369629	30.1485519409
150.811174447	1009.14428711	39.5216369629	30.1485519409
150.811174447	1009.14428711	39.5216369629	30.1485519409
150.811174447	1009.14428711	39.5216369629	30.1485519409
150.811174448	1009.14428711	39.5216369629	30.1485519409
150.811174448	1009.14428711	39.5216369629	30.1485519409
150.811174448	1009.14428711	39.5216369629	30.1485519409
150.811174448	1009.14428711	39.5216369629	30.1485519409
150.811174449	1009.14428711	39.5216369629	30.1485519409
150.811174449	1009.14428711	39.5216369629	30.1485519409
150.811174449	1009.14428711	39.5216369629	30.1485519409
150.811174449	1009.14428711	39.5216369629	30.1485519409
150.811174449	1009.14428711	39.5216369629	30.1485519409
150.81117445	1009.14428711	39.5216369629	30.1485519409
150.81117445	1009.14428711	39.5216369629	30.1485519409
150.81117445	1009.14428711	39.5216369629	30.1485519409
150.81117445	1009.14428711	39.5216369629	30.1485519409
150.811174451	1009.14428711	39.5216369629	30.1485519409
150.811174451	1009.14501953	39.5216369629	30.1485519409
150.811174451	1009.14501953	39.5216369629	30.1485519409
150.811174451	1009.14501953	39.5216369629	30.1485519409
150.811174452	1009.14501953	39.5216369629	30.1485519409
150.811174452	1009.14501953	39.5216369629	30.1485519409
150.811174452	1009.14501953	39.5216369629	30.1485519409
150.811174452	1009.14501953	39.5216369629	30.1485519409
150.811174453	1009.14501953	39.5216369629	30.0579719543
150.811174453	1009.14501953	42.5884132385	30.0579719543
150.811174453	1009.14501953	42.5884132385	30.0579719543
150.811174453	1009.14501953	42.5884132385	30.0579719543
150.811174454	1009.14501953	42.5884132385	30.0579719543
150.811174454	1009.14501953	42.5884132385	30.0579719543
150.811174454	1009.14501953	42.5884132385	30.0579719543
150.811174454	1009.14501953	42.5884132385	30.0579719543
150.811174455	1009.14501953	42.5884132385	30.0579719543
150.811174455	1009.14501953	42.5884132385	30.0579719543
150.811174455	1009.15087891	42.5884132385	30.0579719543
150.811174455	1009.15087891	42.5884132385	30.0579719543
150.811174456	1009.15087891	42.5884132385	30.0579719543
150.811174456	1009.15087891	42.5884132385	30.0579719543
150.811174456	1009.15087891	42.5884132385	30.0579719543
150.811174456	1009.15087891	42.5884132385	30.0579719543
150.811174456	1009.15087891	42.5884132385	30.0579719543
150.811174457	1009.15087891	42.5884132385	30.0579719543
150.811174457	1009.15087891	42.5884132385	30.0579719543
150.811174457	1009.15087891	42.5884132385	30.0579719543
150.811174457	1009.15087891	42.5884132385	30.0579719543
150.811174458	1009.15087891	42.5884132385	30.0579719543
150.811174458	1009.15087891	42.5884132385	30.0579719543
150.811174458	1009.15087891	42.5884132385	30.0579719543
150.811174458	1009.15087891	42.5884132385	30.0579719543
150.811174459	1009.15087891	42.5884132385	30.0579719543
150.811174459	1009.15087891	42.5884132385	30.0579719543
150.811174459	1009.15136719	42.5884132385	30.0579719543
150.811174459	1009.15136719	42.5884132385	30.0579719543
150.81117446	1009.15136719	42.5884132385	30.0579719543
150.81117446	1009.15136719	42.5884132385	30.0579719543
150.81117446	1009.15136719	42.5884132385	30.0579719543
150.81117446	1009.15136719	42.5884132385	30.0579719543
150.81117446	1009.15136719	42.5884132385	30.0036239624
150.811174461	1009.15136719	41.1319389343	30.0036239624
150.811174461	1009.15136719	41.1319389343	30.0036239624
150.811174461	1009.15136719	41.1319389343	30.0036239624
150.811174462	1009.15136719	41.1319389343	30.0036239624
150.811174462	1009.15136719	41.1319389343	30.0036239624
150.811174462	1009.15136719	41.1319389343	30.0036239624
150.811174462	1009.15136719	41.1319389343	30.0036239624
150.811174462	1009.15136719	41.1319389343	30.0036239624
150.811174463	1009.15136719	41.1319389343	30.0036239624
150.811174463	1009.15136719	41.1319389343	30.0036239624
150.811174463	1009.15551758	41.1319389343	30.0036239624
150.811174463	1009.15551758	41.1319389343	30.0036239624
150.811174464	1009.15551758	41.1319389343	30.0036239624
150.811174464	1009.15551758	41.1319389343	30.0036239624
150.811174464	1009.15551758	41.1319389343	30.0036239624
150.811174464	1009.15551758	41.1319389343	30.0036239624
150.811174465	1009.15551758	41.1319389343	30.0036239624
150.811174465	1009.15551758	41.1319389343	30.0036239624
150.811174465	1009.15551758	41.1319389343	30.0036239624
150.811174465	1009.15551758	41.1319389343	30.0036239624
150.811174466	1009.15551758	41.1319389343	30.0036239624
150.811174466	1009.15551758	41.1319389343	30.0036239624
150.811174466	1009.15551758	41.1319389343	30.0036239624
150.811174466	1009.15551758	41.1319389343	30.0036239624
150.811174466	1009.15551758	41.1319389343	30.0036239624
150.811174467	1009.15551758	41.1319389343	30.0036239624
150.811174467	1009.15551758	41.1319389343	30.0036239624
150.811174467	1009.15942383	41.1319389343	30.0036239624
150.811174467	1009.15942383	41.1319389343	30.0036239624
150.811174468	1009.15942383	41.1319389343	30.0036239624
150.811174468	1009.15942383	41.1319389343	30.0036239624
150.811174468	1009.15942383	41.1319389343	30.0036239624
150.811174468	1009.15942383	41.1319389343	30.1123199463
150.811174469	1009.15942383	39.3645324707	30.1123199463
150.811174469	1009.15942383	39.3645324707	30.1123199463
150.811174469	1009.15942383	39.3645324707	30.1123199463
150.811174469	1009.15942383	39.3645324707	30.1123199463
150.81117447	1009.15942383	39.3645324707	30.1123199463
150.81117447	1009.15942383	39.3645324707	30.1123199463
150.81117447	1009.15942383	39.3645324707	30.1123199463
150.81117447	1009.15942383	39.3645324707	30.1123199463
150.811174471	1009.15942383	39.3645324707	30.1123199463
150.811174471	1009.15942383	39.3645324707	30.1123199463
150.811174471	1009.15942383	39.3645324707	30.1123199463
150.811174471	1009.16479492	39.3645324707	30.1123199463
150.811174472	1009.16479492	39.3645324707	30.1123199463
150.811174472	1009.16479492	39.3645324707	30.1123199463
150.811174472	1009.16479492	39.3645324707	30.1123199463
150.811174472	1009.16479492	39.3645324707	30.1123199463
150.811174473	1009.16479492	39.3645324707	30.1123199463
150.811174473	1009.16479492	39.3645324707	30.1123199463
150.811174473	1009.16479492	39.3645324707	30.1123199463
150.811174473	1009.16479492	39.3645324707	30.1123199463
150.811174473	1009.16479492	39.3645324707	30.1123199463
150.811174474	1009.16479492	39.3645324707	30.1123199463
150.811174474	1009.16479492	39.3645324707	30.1123199463
150.811174474	1009.16479492	39.3645324707	30.1123199463
150.811174474	1009.16479492	39.3645324707	30.1123199463
150.811174475	1009.16479492	39.3645324707	30.1123199463
150.811174475	1009.16479492	39.3645324707	30.1123199463
150.811174475	1009.16479492	39.3645324707	30.1123199463
150.811174475	1009.16064453	39.3645324707	30.1123199463
150.811174476	1009.16064453	39.3645324707	30.1123199463
150.811174476	1009.16064453	39.3645324707	30.1123199463
150.811174476	1009.16064453	39.3645324707	30.1123199463
150.811174476	1009.16064453	39.3645324707	30.0760879517
150.811174477	1009.16064453	39.3645324707	30.0760879517
150.811174477	1009.16064453	38.899772644	30.0760879517
150.811174477	1009.16064453	38.899772644	30.0760879517
150.811174477	1009.16064453	38.899772644	30.0760879517
150.811174478	1009.16064453	38.899772644	30.0760879517
150.811174478	1009.16064453	38.899772644	30.0760879517
150.811174478	1009.16064453	38.899772644	30.0760879517
150.811174478	1009.16064453	38.899772644	30.0760879517
150.811174478	1009.16064453	38.899772644	30.0760879517
150.811174479	1009.16064453	38.899772644	30.0760879517
150.811174479	1009.16064453	38.899772644	30.0760879517
150.811174479	1009.1628418	38.899772644	30.0760879517
150.81117448	1009.1628418	38.899772644	30.0760879517
150.81117448	1009.1628418	38.899772644	30.0760879517
150.81117448	1009.1628418	38.899772644	30.0760879517
150.81117448	1009.1628418	38.899772644	30.0760879517
150.81117448	1009.1628418	38.899772644	30.0760879517
150.811174481	1009.1628418	38.899772644	30.0760879517
150.811174481	1009.1628418	38.899772644	30.0760879517
150.811174481	1009.1628418	38.899772644	30.0760879517
150.811174481	1009.1628418	38.899772644	30.0760879517
150.811174482	1009.1628418	38.899772644	30.0760879517
150.811174482	1009.1628418	38.899772644	30.0760879517
150.811174482	1009.1628418	38.899772644	30.0760879517
150.811174482	1009.1628418	38.899772644	30.0760879517
150.811174482	1009.1628418	38.899772644	30.0760879517
150.811174483	1009.1628418	38.899772644	30.0760879517
150.811174483	1009.1628418	38.899772644	30.0760879517
150.811174483	1009.1628418	38.899772644	30.0760879517
150.811174483	1009.16064453	38.899772644	30.0760879517
150.811174484	1009.16064453	38.899772644	30.0760879517
150.811174484	1009.16064453	38.899772644	30.0760879517
150.811174484	1009.16064453	38.899772644	30.1123199463
150.811174484	1009.16064453	38.899772644	30.1123199463
150.811174485	1009.16064453	39.9438514709	30.1123199463
150.811174485	1009.16064453	39.9438514709	30.1123199463
150.811174485	1009.16064453	39.9438514709	30.1123199463
150.811174485	1009.16064453	39.9438514709	30.1123199463
150.811174486	1009.16064453	39.9438514709	30.1123199463
150.811174486	1009.16064453	39.9438514709	30.1123199463
150.811174486	1009.16064453	39.9438514709	30.1123199463
150.811174486	1009.16064453	39.9438514709	30.1123199463
150.811174487	1009.16064453	39.9438514709	30.1123199463
150.811174487	1009.16064453	39.9438514709	30.1123199463
150.811174487	1009.16064453	39.9438514709	30.1123199463
150.811174487	1009.15893555	39.9438514709	30.1123199463
150.811174488	1009.15893555	39.9438514709	30.1123199463
150.811174488	1009.15893555	39.9438514709	30.1123199463
150.811174488	1009.15893555	39.9438514709	30.1123199463
150.811174488	1009.15893555	39.9438514709	30.1123199463
150.811174489	1009.15893555	39.9438514709	30.1123199463
150.811174489	1009.15893555	39.9438514709	30.1123199463
150.811174489	1009.15893555	39.9438514709	30.1123199463
150.811174489	1009.15893555	39.9438514709	30.1123199463
150.811174489	1009.15893555	39.9438514709	30.1123199463
150.81117449	1009.15893555	39.9438514709	30.1123199463
150.81117449	1009.15893555	39.9438514709	30.1123199463
150.81117449	1009.15893555	39.9438514709	30.1123199463
150.81117449	1009.15893555	39.9438514709	30.1123199463
150.811174491	1009.15893555	39.9438514709	30.1123199463
150.811174491	1009.15893555	39.9438514709	30.1123199463
150.811174491	1009.15893555	39.9438514709	30.1123199463
150.811174491	1009.15893555	39.9438514709	30.1123199463
150.811174491	1009.15869141	39.9438514709	30.1123199463
150.811174492	1009.15869141	39.9438514709	30.1123199463
150.811174492	1009.15869141	39.9438514709	30.039855957
150.811174492	1009.15869141	39.9438514709	30.039855957
150.811174493	1009.15869141	41.6327056885	30.039855957
150.811174493	1009.15869141	41.6327056885	30.039855957
150.811174493	1009.15869141	41.6327056885	30.039855957
150.811174493	1009.15869141	41.6327056885	30.039855957
150.811174494	1009.15869141	41.6327056885	30.039855957
150.811174494	1009.15869141	41.6327056885	30.039855957
150.811174494	1009.15869141	41.6327056885	30.039855957
150.811174494	1009.15869141	41.6327056885	30.039855957
150.811174494	1009.15869141	41.6327056885	30.039855957
150.811174495	1009.15869141	41.6327056885	30.039855957
150.811174495	1009.15869141	41.6327056885	30.039855957
150.811174495	1009.15869141	41.6327056885	30.039855957
150.811174495	1009.16235352	41.6327056885	30.039855957
150.811174496	1009.16235352	41.6327056885	30.039855957
150.811174496	1009.16235352	41.6327056885	30.039855957
150.811174496	1009.16235352	41.6327056885	30.039855957
