0.988393282868	1100
time	pressure	humidity	temperature
150.811173161	1008.1550293	40.0088272095	30.9200973511
150.811173162	1008.1550293	40.0088272095	30.9200973511
150.811173163	1008.1550293	40.0088272095	30.9200973511
150.811173163	1008.1550293	40.0088272095	30.9200973511
150.811173163	1008.1550293	40.0088272095	30.9200973511
150.811173163	1008.1550293	40.0088272095	30.9200973511
150.811173163	1008.15893555	40.0088272095	30.9200973511
150.811173164	1008.15893555	40.0088272095	30.9200973511
150.811173164	1008.15893555	40.0088272095	30.9200973511
150.811173164	1008.15893555	40.0088272095	30.9200973511
150.811173165	1008.15893555	40.0088272095	30.9200973511
150.811173165	1008.15893555	40.0088272095	30.9200973511
150.811173165	1008.15893555	40.0088272095	30.9200973511
150.811173165	1008.15893555	40.0088272095	30.9200973511
150.811173165	1008.15893555	40.0088272095	30.9200973511
150.811173166	1008.15893555	40.0088272095	30.9200973511
150.811173166	1008.15893555	40.0088272095	30.9200973511
150.811173166	1008.15893555	40.0088272095	30.9200973511
150.811173166	1008.15893555	40.0088272095	30.9200973511
150.811173167	1008.15893555	40.0088272095	30.9200973511
150.811173167	1008.15893555	40.0088272095	30.9200973511
150.811173167	1008.15893555	40.0088272095	30.9200973511
150.811173167	1008.15893555	40.0088272095	30.9200973511
150.811173167	1008.16064453	40.0088272095	30.9200973511
150.811173168	1008.16064453	40.0088272095	30.9200973511
150.811173168	1008.16064453	40.0088272095	30.9200973511
150.811173168	1008.16064453	40.0088272095	30.9200973511
150.811173168	1008.16064453	40.0088272095	30.9200973511
150.811173169	1008.16064453	40.0088272095	30.9200973511
150.811173169	1008.16064453	40.0088272095	30.9200973511
150.811173169	1008.16064453	40.0088272095	30.9200973511
150.811173169	1008.16064453	40.0088272095	30.9200973511
150.81117317	1008.16064453	40.0088272095	30.7419929504
150.81117317	1008.16064453	42.1714897156	30.7419929504
150.81117317	1008.16064453	42.1714897156	30.7419929504
150.81117317	1008.16064453	42.1714897156	30.7419929504
150.811173171	1008.16064453	42.1714897156	30.7419929504
150.811173171	1008.16064453	42.1714897156	30.7419929504
150.811173171	1008.16064453	42.1714897156	30.7419929504
150.811173171	1008.16064453	42.1714897156	30.7419929504
150.811173172	1008.16870117	42.1714897156	30.7419929504
150.811173172	1008.16870117	42.1714897156	30.7419929504
150.811173172	1008.16870117	42.1714897156	30.7419929504
150.811173172	1008.16870117	42.1714897156	30.7419929504
150.811173173	1008.16870117	42.1714897156	30.7419929504
150.811173173	1008.16870117	42.1714897156	30.7419929504
150.811173173	1008.16870117	42.1714897156	30.7419929504
150.811173173	1008.16870117	42.1714897156	30.7419929504
150.811173173	1008.16870117	42.1714897156	30.7419929504
150.811173174	1008.16870117	42.1714897156	30.7419929504
150.811173174	1008.16870117	42.1714897156	30.7419929504
150.811173174	1008.16870117	42.1714897156	30.7419929504
150.811173174	1008.16870117	42.1714897156	30.7419929504
150.811173175	1008.16870117	42.1714897156	30.7419929504
150.811173175	1008.16870117	42.1714897156	30.7419929504
150.811173175	1008.16870117	42.1714897156	30.7419929504
150.811173175	1008.16870117	42.1714897156	30.7419929504
150.811173175	1008.16870117	42.1714897156	30.7419929504
150.811173176	1008.16699219	42.1714897156	30.7419929504
150.811173176	1008.16699219	42.1714897156	30.7419929504
150.811173176	1008.16699219	42.1714897156	30.7419929504
150.811173177	1008.16699219	42.1714897156	30.7419929504
150.811173177	1008.16699219	42.1714897156	30.7419929504
150.811173177	1008.16699219	42.1714897156	30.7419929504
150.811173177	1008.16699219	42.1714897156	30.7419929504
150.811173177	1008.16699219	42.1714897156	30.9200973511
150.811173178	1008.16699219	38.9568939209	30.9200973511
150.811173178	1008.16699219	38.9568939209	30.9200973511
150.811173178	1008.16699219	38.9568939209	30.9200973511
150.811173179	1008.16699219	38.9568939209	30.9200973511
150.811173179	1008.16699219	38.9568939209	30.9200973511
150.811173179	1008.16699219	38.9568939209	30.9200973511
150.811173179	1008.16699219	38.9568939209	30.9200973511
150.811173179	1008.16699219	38.9568939209	30.9200973511
150.81117318	1008.16699219	38.9568939209	30.9200973511
150.81117318	1008.16918945	38.9568939209	30.9200973511
150.81117318	1008.16918945	38.9568939209	30.9200973511
150.811173181	1008.16918945	38.9568939209	30.9200973511
150.811173181	1008.16918945	38.9568939209	30.9200973511
150.811173181	1008.16918945	38.9568939209	30.9200973511
150.811173181	1008.16918945	38.9568939209	30.9200973511
150.811173181	1008.16918945	38.9568939209	30.9200973511
150.811173182	1008.16918945	38.9568939209	30.9200973511
150.811173182	1008.16918945	38.9568939209	30.9200973511
150.811173182	1008.16918945	38.9568939209	30.9200973511
150.811173182	1008.16918945	38.9568939209	30.9200973511
150.811173183	1008.16918945	38.9568939209	30.9200973511
150.811173183	1008.16918945	38.9568939209	30.9200973511
150.811173183	1008.16918945	38.9568939209	30.9200973511
150.811173183	1008.16918945	38.9568939209	30.9200973511
150.811173183	1008.16918945	38.9568939209	30.9200973511
150.811173184	1008.16918945	38.9568939209	30.9200973511
150.811173184	1008.17016602	38.9568939209	30.9200973511
150.811173184	1008.17016602	38.9568939209	30.9200973511
150.811173184	1008.17016602	38.9568939209	30.9200973511
150.811173185	1008.17016602	38.9568939209	30.9200973511
150.811173185	1008.17016602	38.9568939209	30.9200973511
150.811173185	1008.17016602	38.9568939209	30.9200973511
150.811173185	1008.17016602	38.9568939209	30.8132362366
150.811173186	1008.17016602	41.5213851929	30.8132362366
150.811173186	1008.17016602	41.5213851929	30.8132362366
150.811173186	1008.17016602	41.5213851929	30.8132362366
150.811173186	1008.17016602	41.5213851929	30.8132362366
150.811173187	1008.17016602	41.5213851929	30.8132362366
150.811173187	1008.17016602	41.5213851929	30.8132362366
150.811173187	1008.17016602	41.5213851929	30.8132362366
150.811173187	1008.17016602	41.5213851929	30.8132362366
150.811173188	1008.17016602	41.5213851929	30.8132362366
150.811173188	1008.17016602	41.5213851929	30.8132362366
150.811173188	1008.16625977	41.5213851929	30.8132362366
150.811173188	1008.16625977	41.5213851929	30.8132362366
150.811173189	1008.16625977	41.5213851929	30.8132362366
150.811173189	1008.16625977	41.5213851929	30.8132362366
150.811173189	1008.16625977	41.5213851929	30.8132362366
150.811173189	1008.16625977	41.5213851929	30.8132362366
150.811173189	1008.16625977	41.5213851929	30.8132362366
150.81117319	1008.16625977	41.5213851929	30.8132362366
150.81117319	1008.16625977	41.5213851929	30.8132362366
150.81117319	1008.16625977	41.5213851929	30.8132362366
150.81117319	1008.16625977	41.5213851929	30.8132362366
150.811173191	1008.16625977	41.5213851929	30.8132362366
150.811173191	1008.16625977	41.5213851929	30.8132362366
150.811173191	1008.16625977	41.5213851929	30.8132362366
150.811173191	1008.16625977	41.5213851929	30.8132362366
150.811173191	1008.16625977	41.5213851929	30.8132362366
150.811173192	1008.16625977	41.5213851929	30.8132362366
150.811173192	1008.16625977	41.5213851929	30.8132362366
150.811173192	1008.17138672	41.5213851929	30.8132362366
150.811173193	1008.17138672	41.5213851929	30.8132362366
150.811173193	1008.17138672	41.5213851929	30.8132362366
150.811173193	1008.17138672	41.5213851929	30.8132362366
150.811173193	1008.17138672	41.5213851929	30.795425415
150.811173194	1008.17138672	39.6396713257	30.795425415
150.811173194	1008.17138672	39.6396713257	30.795425415
150.811173194	1008.17138672	39.6396713257	30.795425415
150.811173194	1008.17138672	39.6396713257	30.795425415
150.811173194	1008.17138672	39.6396713257	30.795425415
150.811173195	1008.17138672	39.6396713257	30.795425415
150.811173195	1008.17138672	39.6396713257	30.795425415
150.811173195	1008.17138672	39.6396713257	30.795425415
150.811173195	1008.17138672	39.6396713257	30.795425415
150.811173196	1008.17138672	39.6396713257	30.795425415
150.811173196	1008.17138672	39.6396713257	30.795425415
150.811173196	1008.17138672	39.6396713257	30.795425415
150.811173196	1008.17333984	39.6396713257	30.795425415
150.811173197	1008.17333984	39.6396713257	30.795425415
150.811173197	1008.17333984	39.6396713257	30.795425415
150.811173197	1008.17333984	39.6396713257	30.795425415
150.811173197	1008.17333984	39.6396713257	30.795425415
150.811173198	1008.17333984	39.6396713257	30.795425415
150.811173198	1008.17333984	39.6396713257	30.795425415
150.811173198	1008.17333984	39.6396713257	30.795425415
150.811173198	1008.17333984	39.6396713257	30.795425415
150.811173198	1008.17333984	39.6396713257	30.795425415
150.811173199	1008.17333984	39.6396713257	30.795425415
150.811173199	1008.17333984	39.6396713257	30.795425415
150.811173199	1008.17333984	39.6396713257	30.795425415
150.811173199	1008.17333984	39.6396713257	30.795425415
150.8111732	1008.17333984	39.6396713257	30.795425415
150.8111732	1008.17333984	39.6396713257	30.795425415
150.8111732	1008.17333984	39.6396713257	30.795425415
150.8111732	1008.17333984	39.6396713257	30.795425415
150.8111732	1008.17333984	39.6396713257	30.795425415
150.811173201	1008.17333984	39.6396713257	30.795425415
150.811173201	1008.17333984	39.6396713257	30.8666648865
150.811173201	1008.17333984	40.7275352478	30.8666648865
150.811173202	1008.17333984	40.7275352478	30.8666648865
150.811173202	1008.17333984	40.7275352478	30.8666648865
150.811173202	1008.17333984	40.7275352478	30.8666648865
150.811173202	1008.17333984	40.7275352478	30.8666648865
150.811173203	1008.17333984	40.7275352478	30.8666648865
150.811173203	1008.17333984	40.7275352478	30.8666648865
150.811173203	1008.17333984	40.7275352478	30.8666648865
150.811173203	1008.17333984	40.7275352478	30.8666648865
150.811173203	1008.17333984	40.7275352478	30.8666648865
150.811173204	1008.17333984	40.7275352478	30.8666648865
150.811173204	1008.17333984	40.7275352478	30.8666648865
150.811173204	1008.17333984	40.7275352478	30.8666648865
150.811173204	1008.17333984	40.7275352478	30.8666648865
150.811173205	1008.1706543	40.7275352478	30.8666648865
150.811173205	1008.1706543	40.7275352478	30.8666648865
150.811173205	1008.1706543	40.7275352478	30.8666648865
150.811173205	1008.1706543	40.7275352478	30.8666648865
150.811173206	1008.1706543	40.7275352478	30.8666648865
150.811173206	1008.1706543	40.7275352478	30.8666648865
150.811173206	1008.1706543	40.7275352478	30.8666648865
150.811173206	1008.1706543	40.7275352478	30.8666648865
150.811173206	1008.1706543	40.7275352478	30.8666648865
150.811173207	1008.1706543	40.7275352478	30.8666648865
150.811173207	1008.1706543	40.7275352478	30.8666648865
150.811173207	1008.1706543	40.7275352478	30.8666648865
150.811173207	1008.1706543	40.7275352478	30.8666648865
150.811173208	1008.1706543	40.7275352478	30.8666648865
150.811173208	1008.1706543	40.7275352478	30.8666648865
150.811173208	1008.1706543	40.7275352478	30.8666648865
150.811173208	1008.1706543	40.7275352478	30.8666648865
150.811173208	1008.1706543	40.7275352478	30.8666648865
150.811173209	1008.17114258	40.7275352478	30.884475708
150.811173209	1008.17114258	40.9300804138	30.884475708
150.811173209	1008.17114258	40.9300804138	30.884475708
150.81117321	1008.17114258	40.9300804138	30.884475708
150.81117321	1008.17114258	40.9300804138	30.884475708
150.81117321	1008.17114258	40.9300804138	30.884475708
150.81117321	1008.17114258	40.9300804138	30.884475708
150.811173211	1008.17114258	40.9300804138	30.884475708
150.811173211	1008.17114258	40.9300804138	30.884475708
150.811173211	1008.17114258	40.9300804138	30.884475708
150.811173211	1008.17114258	40.9300804138	30.884475708
150.811173211	1008.17114258	40.9300804138	30.884475708
150.811173212	1008.17114258	40.9300804138	30.884475708
150.811173212	1008.17114258	40.9300804138	30.884475708
150.811173212	1008.17114258	40.9300804138	30.884475708
150.811173212	1008.17114258	40.9300804138	30.884475708
150.811173213	1008.17211914	40.9300804138	30.884475708
150.811173213	1008.17211914	40.9300804138	30.884475708
150.811173213	1008.17211914	40.9300804138	30.884475708
150.811173213	1008.17211914	40.9300804138	30.884475708
150.811173214	1008.17211914	40.9300804138	30.884475708
150.811173214	1008.17211914	40.9300804138	30.884475708
150.811173214	1008.17211914	40.9300804138	30.884475708
150.811173214	1008.17211914	40.9300804138	30.884475708
150.811173215	1008.17211914	40.9300804138	30.884475708
150.811173215	1008.17211914	40.9300804138	30.884475708
150.811173215	1008.17211914	40.9300804138	30.884475708
150.811173215	1008.17211914	40.9300804138	30.884475708
150.811173215	1008.17211914	40.9300804138	30.884475708
150.811173216	1008.17211914	40.9300804138	30.884475708
150.811173216	1008.17211914	40.9300804138	30.884475708
150.811173216	1008.17211914	40.9300804138	30.884475708
150.811173216	1008.17211914	40.9300804138	30.884475708
150.811173217	1008.17211914	40.9300804138	30.884475708
150.811173217	1008.17456055	39.9467544556	30.795425415
150.811173217	1008.17456055	39.9467544556	30.795425415
150.811173218	1008.17456055	39.9467544556	30.795425415
150.811173218	1008.17456055	39.9467544556	30.795425415
150.811173218	1008.17456055	39.9467544556	30.795425415
150.811173218	1008.17456055	39.9467544556	30.795425415
150.811173218	1008.17456055	39.9467544556	30.795425415
150.811173219	1008.17456055	39.9467544556	30.795425415
150.811173219	1008.17456055	39.9467544556	30.795425415
150.811173219	1008.17456055	39.9467544556	30.795425415
150.811173219	1008.17456055	39.9467544556	30.795425415
150.81117322	1008.17456055	39.9467544556	30.795425415
150.81117322	1008.17456055	39.9467544556	30.795425415
150.81117322	1008.17456055	39.9467544556	30.795425415
150.81117322	1008.17456055	39.9467544556	30.795425415
150.81117322	1008.17456055	39.9467544556	30.795425415
150.811173221	1008.17456055	39.9467544556	30.795425415
150.811173221	1008.17480469	39.9467544556	30.795425415
150.811173221	1008.17480469	39.9467544556	30.795425415
150.811173222	1008.17480469	39.9467544556	30.795425415
150.811173222	1008.17480469	39.9467544556	30.795425415
150.811173222	1008.17480469	39.9467544556	30.795425415
150.811173222	1008.17480469	39.9467544556	30.795425415
150.811173222	1008.17480469	39.9467544556	30.795425415
150.811173223	1008.17480469	39.9467544556	30.795425415
150.811173223	1008.17480469	39.9467544556	30.795425415
150.811173223	1008.17480469	39.9467544556	30.795425415
150.811173223	1008.17480469	39.9467544556	30.795425415
150.811173224	1008.17480469	39.9467544556	30.795425415
150.811173224	1008.17480469	39.9467544556	30.795425415
150.811173224	1008.17480469	39.9467544556	30.795425415
150.811173224	1008.17480469	39.9467544556	30.795425415
150.811173224	1008.17480469	39.9467544556	30.795425415
150.811173225	1008.17480469	39.9467544556	30.7776145935
150.811173225	1008.17480469	40.5119247437	30.7776145935
150.811173225	1008.17358398	40.5119247437	30.7776145935
150.811173226	1008.17358398	40.5119247437	30.7776145935
150.811173226	1008.17358398	40.5119247437	30.7776145935
150.811173226	1008.17358398	40.5119247437	30.7776145935
150.811173226	1008.17358398	40.5119247437	30.7776145935
150.811173227	1008.17358398	40.5119247437	30.7776145935
150.811173227	1008.17358398	40.5119247437	30.7776145935
150.811173227	1008.17358398	40.5119247437	30.7776145935
150.811173227	1008.17358398	40.5119247437	30.7776145935
150.811173227	1008.17358398	40.5119247437	30.7776145935
150.811173228	1008.17358398	40.5119247437	30.7776145935
150.811173228	1008.17358398	40.5119247437	30.7776145935
150.811173228	1008.17358398	40.5119247437	30.7776145935
150.811173228	1008.17358398	40.5119247437	30.7776145935
150.811173229	1008.17358398	40.5119247437	30.7776145935
150.811173229	1008.17358398	40.5119247437	30.7776145935
150.811173229	1008.17358398	40.5119247437	30.7776145935
150.811173229	1008.17041016	40.5119247437	30.7776145935
150.81117323	1008.17041016	40.5119247437	30.7776145935
150.81117323	1008.17041016	40.5119247437	30.7776145935
150.81117323	1008.17041016	40.5119247437	30.7776145935
150.81117323	1008.17041016	40.5119247437	30.7776145935
150.81117323	1008.17041016	40.5119247437	30.7776145935
150.811173231	1008.17041016	40.5119247437	30.7776145935
150.811173231	1008.17041016	40.5119247437	30.7776145935
150.811173231	1008.17041016	40.5119247437	30.7776145935
150.811173231	1008.17041016	40.5119247437	30.7776145935
150.811173232	1008.17041016	40.5119247437	30.7776145935
150.811173232	1008.17041016	40.5119247437	30.7776145935
150.811173232	1008.17041016	40.5119247437	30.7776145935
150.811173232	1008.17041016	40.5119247437	30.7776145935
150.811173232	1008.17041016	40.5119247437	30.8488559723
150.811173233	1008.17041016	41.0313529968	30.8488559723
150.811173233	1008.17041016	41.0313529968	30.8488559723
150.811173233	1008.17114258	41.0313529968	30.8488559723
150.811173234	1008.17114258	41.0313529968	30.8488559723
150.811173234	1008.17114258	41.0313529968	30.8488559723
150.811173234	1008.17114258	41.0313529968	30.8488559723
150.811173234	1008.17114258	41.0313529968	30.8488559723
150.811173235	1008.17114258	41.0313529968	30.8488559723
150.811173235	1008.17114258	41.0313529968	30.8488559723
150.811173235	1008.17114258	41.0313529968	30.8488559723
150.811173235	1008.17114258	41.0313529968	30.8488559723
150.811173235	1008.17114258	41.0313529968	30.8488559723
150.811173236	1008.17114258	41.0313529968	30.8488559723
150.811173236	1008.17114258	41.0313529968	30.8488559723
150.811173236	1008.17114258	41.0313529968	30.8488559723
150.811173236	1008.17114258	41.0313529968	30.8488559723
150.811173237	1008.17114258	41.0313529968	30.8488559723
150.811173237	1008.17114258	41.0313529968	30.8488559723
150.811173237	1008.17114258	41.0313529968	30.8488559723
150.811173237	1008.16455078	41.0313529968	30.8488559723
150.811173238	1008.16455078	41.0313529968	30.8488559723
150.811173238	1008.16455078	41.0313529968	30.8488559723
150.811173238	1008.16455078	41.0313529968	30.8488559723
150.811173238	1008.16455078	41.0313529968	30.8488559723
150.811173239	1008.16455078	41.0313529968	30.8488559723
150.811173239	1008.16455078	41.0313529968	30.8488559723
150.811173239	1008.16455078	41.0313529968	30.8488559723
150.811173239	1008.16455078	41.0313529968	30.8488559723
150.811173239	1008.16455078	41.0313529968	30.8488559723
150.81117324	1008.16455078	41.0313529968	30.8488559723
150.81117324	1008.16455078	41.0313529968	30.8488559723
150.81117324	1008.16455078	41.0313529968	30.8488559723
150.81117324	1008.16455078	41.0313529968	30.8132362366
150.811173241	1008.16455078	41.0182876587	30.8132362366
150.811173241	1008.16455078	41.0182876587	30.8132362366
150.811173241	1008.16455078	41.0182876587	30.8132362366
150.811173241	1008.16967773	41.0182876587	30.8132362366
150.811173242	1008.16967773	41.0182876587	30.8132362366
150.811173242	1008.16967773	41.0182876587	30.8132362366
150.811173242	1008.16967773	41.0182876587	30.8132362366
150.811173242	1008.16967773	41.0182876587	30.8132362366
150.811173243	1008.16967773	41.0182876587	30.8132362366
150.811173243	1008.16967773	41.0182876587	30.8132362366
150.811173243	1008.16967773	41.0182876587	30.8132362366
150.811173243	1008.16967773	41.0182876587	30.8132362366
150.811173244	1008.16967773	41.0182876587	30.8132362366
150.811173244	1008.16967773	41.0182876587	30.8132362366
150.811173244	1008.16967773	41.0182876587	30.8132362366
150.811173244	1008.16967773	41.0182876587	30.8132362366
150.811173244	1008.16967773	41.0182876587	30.8132362366
150.811173245	1008.16967773	41.0182876587	30.8132362366
150.811173245	1008.16967773	41.0182876587	30.8132362366
150.811173245	1008.16967773	41.0182876587	30.8132362366
150.811173245	1008.16967773	41.0182876587	30.8132362366
150.811173246	1008.16870117	41.0182876587	30.8132362366
150.811173246	1008.16870117	41.0182876587	30.8132362366
150.811173246	1008.16870117	41.0182876587	30.8132362366
150.811173246	1008.16870117	41.0182876587	30.8132362366
150.811173247	1008.16870117	41.0182876587	30.8132362366
150.811173247	1008.16870117	41.0182876587	30.8132362366
150.811173247	1008.16870117	41.0182876587	30.8132362366
150.811173247	1008.16870117	41.0182876587	30.8132362366
150.811173248	1008.16870117	41.0182876587	30.8132362366
150.811173248	1008.16870117	41.0182876587	30.8132362366
150.811173248	1008.16870117	41.0182876587	30.8132362366
150.811173248	1008.16870117	41.0182876587	30.8666648865
150.811173248	1008.16870117	40.2244377136	30.8666648865
150.811173249	1008.16870117	40.2244377136	30.8666648865
150.811173249	1008.16870117	40.2244377136	30.8666648865
150.811173249	1008.16870117	40.2244377136	30.8666648865
150.811173249	1008.16870117	40.2244377136	30.8666648865
150.81117325	1008.17675781	40.2244377136	30.8666648865
150.81117325	1008.17675781	40.2244377136	30.8666648865
150.81117325	1008.17675781	40.2244377136	30.8666648865
150.811173251	1008.17675781	40.2244377136	30.8666648865
150.811173251	1008.17675781	40.2244377136	30.8666648865
150.811173251	1008.17675781	40.2244377136	30.8666648865
150.811173251	1008.17675781	40.2244377136	30.8666648865
150.811173251	1008.17675781	40.2244377136	30.8666648865
150.811173252	1008.17675781	40.2244377136	30.8666648865
150.811173252	1008.17675781	40.2244377136	30.8666648865
150.811173252	1008.17675781	40.2244377136	30.8666648865
150.811173252	1008.17675781	40.2244377136	30.8666648865
150.811173253	1008.17675781	40.2244377136	30.8666648865
150.811173253	1008.17675781	40.2244377136	30.8666648865
150.811173253	1008.17675781	40.2244377136	30.8666648865
150.811173253	1008.17675781	40.2244377136	30.8666648865
150.811173253	1008.17675781	40.2244377136	30.8666648865
150.811173254	1008.17675781	40.2244377136	30.8666648865
150.811173254	1008.18212891	40.2244377136	30.8666648865
150.811173254	1008.18212891	40.2244377136	30.8666648865
150.811173254	1008.18212891	40.2244377136	30.8666648865
150.811173255	1008.18212891	40.2244377136	30.8666648865
150.811173255	1008.18212891	40.2244377136	30.8666648865
150.811173255	1008.18212891	40.2244377136	30.8666648865
150.811173255	1008.18212891	40.2244377136	30.8666648865
150.811173256	1008.18212891	40.2244377136	30.8666648865
150.811173256	1008.18212891	40.2244377136	30.8666648865
150.811173256	1008.18212891	40.2244377136	30.8310451508
150.811173256	1008.18212891	42.0734825134	30.8310451508
150.811173257	1008.18212891	42.0734825134	30.8310451508
150.811173257	1008.18212891	42.0734825134	30.8310451508
150.811173257	1008.18212891	42.0734825134	30.8310451508
150.811173257	1008.18212891	42.0734825134	30.8310451508
150.811173258	1008.18212891	42.0734825134	30.8310451508
150.811173258	1008.18212891	42.0734825134	30.8310451508
150.811173258	1008.18554688	42.0734825134	30.8310451508
150.811173258	1008.18554688	42.0734825134	30.8310451508
150.811173259	1008.18554688	42.0734825134	30.8310451508
150.811173259	1008.18554688	42.0734825134	30.8310451508
150.811173259	1008.18554688	42.0734825134	30.8310451508
150.811173259	1008.18554688	42.0734825134	30.8310451508
150.811173259	1008.18554688	42.0734825134	30.8310451508
150.81117326	1008.18554688	42.0734825134	30.8310451508
150.81117326	1008.18554688	42.0734825134	30.8310451508
150.81117326	1008.18554688	42.0734825134	30.8310451508
150.81117326	1008.18554688	42.0734825134	30.8310451508
150.811173261	1008.18554688	42.0734825134	30.8310451508
150.811173261	1008.18554688	42.0734825134	30.8310451508
150.811173261	1008.18554688	42.0734825134	30.8310451508
150.811173261	1008.18554688	42.0734825134	30.8310451508
150.811173261	1008.18554688	42.0734825134	30.8310451508
150.811173262	1008.18554688	42.0734825134	30.8310451508
150.811173262	1008.1875	42.0734825134	30.8310451508
150.811173262	1008.1875	42.0734825134	30.8310451508
150.811173263	1008.1875	42.0734825134	30.8310451508
150.811173263	1008.1875	42.0734825134	30.8310451508
150.811173263	1008.1875	42.0734825134	30.8310451508
150.811173263	1008.1875	42.0734825134	30.8310451508
150.811173263	1008.1875	42.0734825134	30.8310451508
150.811173264	1008.1875	42.0734825134	30.8310451508
150.811173264	1008.1875	42.0734825134	30.8310451508
150.811173264	1008.1875	39.4567260742	30.8310451508
150.811173264	1008.1875	39.4567260742	30.8310451508
150.811173265	1008.1875	39.4567260742	30.8310451508
150.811173265	1008.1875	39.4567260742	30.8310451508
150.811173265	1008.1875	39.4567260742	30.8310451508
150.811173265	1008.1875	39.4567260742	30.8310451508
150.811173266	1008.1875	39.4567260742	30.8310451508
150.811173266	1008.1875	39.4567260742	30.8310451508
150.811173266	1008.1862793	39.4567260742	30.8310451508
150.811173266	1008.1862793	39.4567260742	30.8310451508
150.811173267	1008.1862793	39.4567260742	30.8310451508
150.811173267	1008.1862793	39.4567260742	30.8310451508
150.811173267	1008.1862793	39.4567260742	30.8310451508
150.811173267	1008.1862793	39.4567260742	30.8310451508
150.811173268	1008.1862793	39.4567260742	30.8310451508
150.811173268	1008.1862793	39.4567260742	30.8310451508
150.811173268	1008.1862793	39.4567260742	30.8310451508
150.811173268	1008.1862793	39.4567260742	30.8310451508
150.811173268	1008.1862793	39.4567260742	30.8310451508
150.811173269	1008.1862793	39.4567260742	30.8310451508
150.811173269	1008.1862793	39.4567260742	30.8310451508
150.811173269	1008.1862793	39.4567260742	30.8310451508
150.811173269	1008.1862793	39.4567260742	30.8310451508
150.81117327	1008.1862793	39.4567260742	30.8310451508
150.81117327	1008.1862793	39.4567260742	30.8310451508
150.81117327	1008.1862793	39.4567260742	30.8310451508
150.81117327	1008.18603516	39.4567260742	30.8310451508
150.811173271	1008.18603516	39.4567260742	30.8310451508
150.811173271	1008.18603516	39.4567260742	30.8310451508
150.811173271	1008.18603516	39.4567260742	30.8310451508
150.811173271	1008.18603516	39.4567260742	30.8310451508
150.811173271	1008.18603516	39.4567260742	30.8310451508
150.811173272	1008.18603516	39.4567260742	30.8310451508
150.811173272	1008.18603516	38.6726760864	30.8310451508
150.811173272	1008.18603516	38.6726760864	30.8310451508
150.811173273	1008.18603516	38.6726760864	30.8310451508
150.811173273	1008.18603516	38.6726760864	30.8310451508
150.811173273	1008.18603516	38.6726760864	30.8310451508
150.811173273	1008.18603516	38.6726760864	30.8310451508
150.811173273	1008.18603516	38.6726760864	30.8310451508
150.811173274	1008.18603516	38.6726760864	30.8310451508
150.811173274	1008.18603516	38.6726760864	30.8310451508
150.811173274	1008.18603516	38.6726760864	30.8310451508
150.811173274	1008.18115234	38.6726760864	30.8310451508
150.811173275	1008.18115234	38.6726760864	30.8310451508
150.811173275	1008.18115234	38.6726760864	30.8310451508
150.811173275	1008.18115234	38.6726760864	30.8310451508
150.811173275	1008.18115234	38.6726760864	30.8310451508
150.811173276	1008.18115234	38.6726760864	30.8310451508
150.811173276	1008.18115234	38.6726760864	30.8310451508
150.811173276	1008.18115234	38.6726760864	30.8310451508
150.811173276	1008.18115234	38.6726760864	30.8310451508
150.811173277	1008.18115234	38.6726760864	30.8310451508
150.811173277	1008.18115234	38.6726760864	30.8310451508
150.811173277	1008.18115234	38.6726760864	30.8310451508
150.811173277	1008.18115234	38.6726760864	30.8310451508
150.811173277	1008.18115234	38.6726760864	30.8310451508
150.811173278	1008.18115234	38.6726760864	30.8310451508
150.811173278	1008.18115234	38.6726760864	30.8310451508
150.811173278	1008.18115234	38.6726760864	30.8310451508
150.811173278	1008.18164062	38.6726760864	30.8310451508
150.811173279	1008.18164062	38.6726760864	30.8310451508
150.811173279	1008.18164062	38.6726760864	30.8310451508
150.811173279	1008.18164062	38.6726760864	30.8310451508
150.811173279	1008.18164062	38.6726760864	30.8310451508
150.81117328	1008.18164062	38.6726760864	30.884475708
150.81117328	1008.18164062	39.0745010376	30.884475708
150.81117328	1008.18164062	39.0745010376	30.884475708
150.81117328	1008.18164062	39.0745010376	30.884475708
150.811173281	1008.18164062	39.0745010376	30.884475708
150.811173281	1008.18164062	39.0745010376	30.884475708
150.811173281	1008.18164062	39.0745010376	30.884475708
150.811173281	1008.18164062	39.0745010376	30.884475708
150.811173282	1008.18164062	39.0745010376	30.884475708
150.811173282	1008.18164062	39.0745010376	30.884475708
150.811173282	1008.18164062	39.0745010376	30.884475708
150.811173282	1008.18164062	39.0745010376	30.884475708
150.811173282	1008.18359375	39.0745010376	30.884475708
150.811173283	1008.18359375	39.0745010376	30.884475708
150.811173283	1008.18359375	39.0745010376	30.884475708
150.811173283	1008.18359375	39.0745010376	30.884475708
150.811173284	1008.18359375	39.0745010376	30.884475708
150.811173284	1008.18359375	39.0745010376	30.884475708
150.811173284	1008.18359375	39.0745010376	30.884475708
150.811173284	1008.18359375	39.0745010376	30.884475708
150.811173284	1008.18359375	39.0745010376	30.884475708
150.811173285	1008.18359375	39.0745010376	30.884475708
150.811173285	1008.18359375	39.0745010376	30.884475708
150.811173285	1008.18359375	39.0745010376	30.884475708
150.811173285	1008.18359375	39.0745010376	30.884475708
150.811173286	1008.18359375	39.0745010376	30.884475708
150.811173286	1008.18359375	39.0745010376	30.884475708
150.811173286	1008.18359375	39.0745010376	30.884475708
150.811173286	1008.18359375	39.0745010376	30.884475708
150.811173286	1008.18359375	39.0745010376	30.884475708
150.811173287	1008.18725586	39.0745010376	30.884475708
150.811173287	1008.18725586	39.0745010376	30.884475708
150.811173287	1008.18725586	39.0745010376	30.884475708
150.811173287	1008.18725586	39.0745010376	30.8132362366
150.811173288	1008.18725586	39.182308197	30.8132362366
150.811173288	1008.18725586	39.182308197	30.8132362366
150.811173288	1008.18725586	39.182308197	30.8132362366
150.811173289	1008.18725586	39.182308197	30.8132362366
150.811173289	1008.18725586	39.182308197	30.8132362366
150.811173289	1008.18725586	39.182308197	30.8132362366
150.811173289	1008.18725586	39.182308197	30.8132362366
150.811173289	1008.18725586	39.182308197	30.8132362366
150.81117329	1008.18725586	39.182308197	30.8132362366
150.81117329	1008.18725586	39.182308197	30.8132362366
150.81117329	1008.18725586	39.182308197	30.8132362366
150.81117329	1008.18725586	39.182308197	30.8132362366
150.811173291	1008.18725586	39.182308197	30.8132362366
150.811173291	1008.19116211	39.182308197	30.8132362366
150.811173291	1008.19116211	39.182308197	30.8132362366
150.811173291	1008.19116211	39.182308197	30.8132362366
150.811173292	1008.19116211	39.182308197	30.8132362366
150.811173292	1008.19116211	39.182308197	30.8132362366
150.811173292	1008.19116211	39.182308197	30.8132362366
150.811173292	1008.19116211	39.182308197	30.8132362366
150.811173292	1008.19116211	39.182308197	30.8132362366
150.811174286	1008.96972656	38.4139213562	31.1454963684
150.811174288	1008.96972656	38.4139213562	31.1454963684
150.811174288	1008.96850586	38.4139213562	31.1454963684
150.811174288	1008.96850586	38.4139213562	31.1454963684
150.811174288	1008.96850586	38.4139213562	31.1454963684
150.811174289	1008.96850586	38.4139213562	31.1454963684
150.811174289	1008.96850586	38.4139213562	31.1454963684
150.811174289	1008.96850586	38.4139213562	31.1454963684
150.811174289	1008.96850586	38.4139213562	31.1454963684
150.811174289	1008.96850586	38.4139213562	31.1454963684
150.811174289	1008.96850586	38.4139213562	31.1454963684
150.811174289	1008.96850586	38.4139213562	31.1454963684
150.81117429	1008.96850586	38.4139213562	31.1454963684
150.81117429	1008.96850586	38.4139213562	31.1454963684
150.81117429	1008.96850586	38.4139213562	31.1454963684
150.81117429	1008.96850586	38.4139213562	31.1454963684
150.81117429	1008.96850586	38.4139213562	31.1454963684
150.81117429	1008.96850586	38.4139213562	31.1454963684
150.81117429	1008.96850586	38.4139213562	31.1454963684
150.811174291	1008.96850586	38.4139213562	31.1454963684
150.811174291	1008.96850586	38.4139213562	31.2370624542
150.811174291	1008.96850586	38.4139213562	31.2370624542
150.811174291	1008.96850586	39.1947402954	31.2370624542
150.811174291	1008.96850586	39.1947402954	31.2370624542
150.811174291	1008.96850586	39.1947402954	31.2370624542
150.811174291	1008.96850586	39.1947402954	31.2370624542
150.811174292	1008.96850586	39.1947402954	31.2370624542
150.811174292	1008.96850586	39.1947402954	31.2370624542
150.811174292	1008.96850586	39.1947402954	31.2370624542
150.811174292	1008.96850586	39.1947402954	31.2370624542
150.811174292	1008.96923828	39.1947402954	31.2370624542
150.811174292	1008.96923828	39.1947402954	31.2370624542
150.811174293	1008.96923828	39.1947402954	31.2370624542
150.811174293	1008.96923828	39.1947402954	31.2370624542
150.811174293	1008.96923828	39.1947402954	31.2370624542
150.811174293	1008.96923828	39.1947402954	31.2370624542
150.811174293	1008.96923828	39.1947402954	31.2370624542
150.811174293	1008.96923828	39.1947402954	31.2370624542
150.811174293	1008.96923828	39.1947402954	31.2370624542
150.811174293	1008.96923828	39.1947402954	31.2370624542
150.811174294	1008.96923828	39.1947402954	31.2370624542
150.811174294	1008.96923828	39.1947402954	31.2370624542
150.811174294	1008.96923828	39.1947402954	31.2370624542
150.811174294	1008.96923828	39.1947402954	31.2370624542
150.811174294	1008.96923828	39.1947402954	31.2370624542
150.811174294	1008.96923828	39.1947402954	31.2370624542
150.811174294	1008.96923828	39.1947402954	31.2370624542
150.811174295	1008.96923828	39.1947402954	31.2370624542
150.811174295	1008.96923828	39.1947402954	31.2370624542
150.811174295	1008.96923828	39.1947402954	31.2370624542
150.811174295	1008.96923828	39.1947402954	31.2370624542
150.811174295	1008.96923828	39.1947402954	31.2370624542
150.811174295	1008.96923828	39.1947402954	31.2370624542
150.811174295	1008.96923828	39.1947402954	31.2370624542
150.811174296	1008.96923828	39.1947402954	31.2370624542
150.811174296	1008.96923828	39.1947402954	31.2370624542
150.811174296	1008.96923828	39.1947402954	31.2370624542
150.811174296	1008.96923828	39.1947402954	31.2370624542
150.811174296	1008.96923828	39.1947402954	31.2370624542
150.811174296	1008.97119141	39.1947402954	31.2370624542
150.811174296	1008.97119141	39.1947402954	31.2370624542
150.811174297	1008.97119141	39.1947402954	31.2370624542
150.811174297	1008.97119141	39.1947402954	31.2370624542
150.811174297	1008.97119141	39.1947402954	31.2370624542
150.811174297	1008.97119141	39.1947402954	31.2370624542
150.811174297	1008.97119141	39.1947402954	31.2370624542
150.811174297	1008.97119141	39.1947402954	31.2370624542
150.811174297	1008.97119141	39.1947402954	31.2370624542
150.811174298	1008.97119141	39.1947402954	31.2370624542
150.811174298	1008.97119141	39.1947402954	31.2370624542
150.811174298	1008.97119141	39.1947402954	31.2370624542
150.811174298	1008.97119141	39.1947402954	31.2370624542
150.811174298	1008.97119141	39.1947402954	31.2370624542
150.811174298	1008.97119141	39.1947402954	31.2370624542
150.811174298	1008.97119141	39.1947402954	31.2370624542
150.811174298	1008.97119141	39.1947402954	31.2370624542
150.811174299	1008.97119141	39.1947402954	31.2370624542
150.811174299	1008.97119141	39.1947402954	31.16381073
150.811174299	1008.97119141	39.2580528259	31.16381073
150.811174299	1008.97119141	39.2580528259	31.16381073
150.811174299	1008.97119141	39.2580528259	31.16381073
150.811174299	1008.97119141	39.2580528259	31.16381073
150.8111743	1008.97119141	39.2580528259	31.16381073
150.8111743	1008.97119141	39.2580528259	31.16381073
150.8111743	1008.97119141	39.2580528259	31.16381073
150.8111743	1008.97119141	39.2580528259	31.16381073
150.8111743	1008.97119141	39.2580528259	31.16381073
150.8111743	1008.97216797	39.2580528259	31.16381073
150.8111743	1008.97216797	39.2580528259	31.16381073
150.811174301	1008.97216797	39.2580528259	31.16381073
150.811174301	1008.97216797	39.2580528259	31.16381073
150.811174301	1008.97216797	39.2580528259	31.16381073
150.811174301	1008.97216797	39.2580528259	31.16381073
150.811174301	1008.97216797	39.2580528259	31.16381073
150.811174301	1008.97216797	39.2580528259	31.16381073
150.811174301	1008.97216797	39.2580528259	31.16381073
150.811174302	1008.97216797	39.2580528259	31.16381073
150.811174302	1008.97216797	39.2580528259	31.16381073
150.811174302	1008.97216797	39.2580528259	31.16381073
150.811174302	1008.97216797	39.2580528259	31.16381073
150.811174302	1008.97216797	39.2580528259	31.16381073
150.811174302	1008.97216797	39.2580528259	31.16381073
150.811174302	1008.97216797	39.2580528259	31.16381073
150.811174303	1008.97216797	39.2580528259	31.16381073
150.811174303	1008.97216797	39.2580528259	31.16381073
150.811174303	1008.97216797	39.2580528259	31.16381073
150.811174303	1008.97216797	39.2580528259	31.16381073
150.811174303	1008.97216797	39.2580528259	31.16381073
150.811174303	1008.97216797	39.2580528259	31.16381073
150.811174303	1008.97216797	39.2580528259	31.16381073
150.811174303	1008.97216797	39.2580528259	31.16381073
150.811174304	1008.97216797	39.2580528259	31.16381073
150.811174304	1008.97216797	39.2580528259	31.16381073
150.811174304	1008.97216797	39.2580528259	31.16381073
150.811174304	1008.97216797	39.2580528259	31.16381073
150.811174304	1008.97216797	39.2580528259	31.16381073
150.811174304	1008.97216797	39.2580528259	31.16381073
150.811174304	1008.96875	39.2580528259	31.16381073
150.811174305	1008.96875	39.2580528259	31.16381073
150.811174305	1008.96875	39.2580528259	31.16381073
150.811174305	1008.96875	39.2580528259	31.16381073
150.811174305	1008.96875	39.2580528259	31.16381073
150.811174305	1008.96875	39.2580528259	31.16381073
150.811174305	1008.96875	39.2580528259	31.16381073
150.811174306	1008.96875	39.2580528259	31.16381073
150.811174306	1008.96875	39.2580528259	31.16381073
150.811174306	1008.96875	39.2580528259	31.16381073
150.811174306	1008.96875	39.2580528259	31.16381073
150.811174306	1008.96875	39.2580528259	31.16381073
150.811174306	1008.96875	39.2580528259	31.16381073
150.811174306	1008.96875	39.2580528259	31.16381073
150.811174306	1008.96875	39.2580528259	31.16381073
150.811174307	1008.96875	39.2580528259	31.16381073
150.811174307	1008.96875	39.2580528259	30.9989929199
150.811174307	1008.96875	37.7667541504	30.9989929199
150.811174307	1008.96875	37.7667541504	30.9989929199
150.811174308	1008.96875	37.7667541504	30.9989929199
150.811174308	1008.96875	37.7667541504	30.9989929199
150.811174308	1008.96875	37.7667541504	30.9989929199
150.811174308	1008.96875	37.7667541504	30.9989929199
150.811174308	1008.96264648	37.7667541504	30.9989929199
150.811174309	1008.96264648	37.7667541504	30.9989929199
150.811174309	1008.96264648	37.7667541504	30.9989929199
150.811174309	1008.96264648	37.7667541504	30.9989929199
150.81117431	1008.96264648	37.7667541504	30.9989929199
150.81117431	1008.96264648	37.7667541504	30.9989929199
150.81117431	1008.96264648	37.7667541504	30.9989929199
150.81117431	1008.96264648	37.7667541504	30.9989929199
150.81117431	1008.96264648	37.7667541504	30.9989929199
150.811174311	1008.96264648	37.7667541504	30.9989929199
150.811174311	1008.96264648	37.7667541504	30.9989929199
150.811174311	1008.96264648	37.7667541504	30.9989929199
150.811174311	1008.96264648	37.7667541504	30.9989929199
150.811174312	1008.96264648	37.7667541504	30.9989929199
150.811174312	1008.96264648	37.7667541504	30.9989929199
150.811174312	1008.96264648	37.7667541504	30.9989929199
150.811174312	1008.96264648	37.7667541504	30.9989929199
150.811174312	1008.96264648	37.7667541504	30.9989929199
150.811174313	1008.96386719	37.7667541504	30.9989929199
150.811174313	1008.96386719	37.7667541504	30.9989929199
150.811174313	1008.96386719	37.7667541504	30.9989929199
150.811174313	1008.96386719	37.7667541504	30.9989929199
150.811174314	1008.96386719	37.7667541504	30.9989929199
150.811174314	1008.96386719	37.7667541504	30.9989929199
150.811174314	1008.96386719	37.7667541504	30.9989929199
150.811174314	1008.96386719	37.7667541504	30.9989929199
150.811174315	1008.96386719	37.7667541504	30.9989929199
150.811174315	1008.96386719	37.7667541504	31.1454963684
150.811174315	1008.96386719	36.3493156433	31.1454963684
150.811174315	1008.96386719	36.3493156433	31.1454963684
150.811174316	1008.96386719	36.3493156433	31.1454963684
150.811174316	1008.96386719	36.3493156433	31.1454963684
150.811174316	1008.96386719	36.3493156433	31.1454963684
150.811174316	1008.96386719	36.3493156433	31.1454963684
150.811174317	1008.96362305	36.3493156433	31.1454963684
150.811174317	1008.96362305	36.3493156433	31.1454963684
150.811174317	1008.96362305	36.3493156433	31.1454963684
150.811174317	1008.96362305	36.3493156433	31.1454963684
150.811174318	1008.96362305	36.3493156433	31.1454963684
150.811174318	1008.96362305	36.3493156433	31.1454963684
150.811174318	1008.96362305	36.3493156433	31.1454963684
150.811174318	1008.96362305	36.3493156433	31.1454963684
150.811174319	1008.96362305	36.3493156433	31.1454963684
150.811174319	1008.96362305	36.3493156433	31.1454963684
150.811174319	1008.96362305	36.3493156433	31.1454963684
150.811174319	1008.96362305	36.3493156433	31.1454963684
150.811174319	1008.96362305	36.3493156433	31.1454963684
150.81117432	1008.96362305	36.3493156433	31.1454963684
150.81117432	1008.96362305	36.3493156433	31.1454963684
150.81117432	1008.96362305	36.3493156433	31.1454963684
150.81117432	1008.96362305	36.3493156433	31.1454963684
150.811174321	1008.96362305	36.3493156433	31.1454963684
150.811174321	1008.96484375	36.3493156433	31.1454963684
150.811174321	1008.96484375	36.3493156433	31.1454963684
150.811174321	1008.96484375	36.3493156433	31.1454963684
150.811174322	1008.96484375	36.3493156433	31.1454963684
150.811174322	1008.96484375	36.3493156433	31.1454963684
150.811174322	1008.96484375	36.3493156433	31.1454963684
150.811174322	1008.96484375	36.3493156433	31.1454963684
150.811174323	1008.96484375	36.3493156433	31.1454963684
150.811174323	1008.96484375	36.3493156433	31.1454963684
150.811174323	1008.96484375	36.3493156433	31.1454963684
150.811174323	1008.96484375	38.97315979	31.1454963684
150.811174324	1008.96484375	38.97315979	31.1454963684
150.811174324	1008.96484375	38.97315979	31.1454963684
150.811174324	1008.96484375	38.97315979	31.1454963684
150.811174324	1008.96484375	38.97315979	31.1454963684
150.811174324	1008.96484375	38.97315979	31.1454963684
150.811174325	1008.96069336	38.97315979	31.1454963684
150.811174325	1008.96069336	38.97315979	31.1454963684
150.811174325	1008.96069336	38.97315979	31.1454963684
150.811174326	1008.96069336	38.97315979	31.1454963684
150.811174326	1008.96069336	38.97315979	31.1454963684
150.811174326	1008.96069336	38.97315979	31.1454963684
150.811174326	1008.96069336	38.97315979	31.1454963684
150.811174326	1008.96069336	38.97315979	31.1454963684
150.811174327	1008.96069336	38.97315979	31.1454963684
150.811174327	1008.96069336	38.97315979	31.1454963684
150.811174327	1008.96069336	38.97315979	31.1454963684
150.811174327	1008.96069336	38.97315979	31.1454963684
150.811174328	1008.96069336	38.97315979	31.1454963684
150.811174328	1008.96069336	38.97315979	31.1454963684
150.811174328	1008.96069336	38.97315979	31.1454963684
150.811174328	1008.96069336	38.97315979	31.1454963684
150.811174328	1008.96069336	38.97315979	31.1454963684
150.811174329	1008.96069336	38.97315979	31.1454963684
150.811174329	1008.96142578	38.97315979	31.1454963684
150.811174329	1008.96142578	38.97315979	31.1454963684
150.81117433	1008.96142578	38.97315979	31.1454963684
150.81117433	1008.96142578	38.97315979	31.1454963684
150.81117433	1008.96142578	38.97315979	31.1454963684
150.81117433	1008.96142578	38.97315979	31.1454963684
150.81117433	1008.96142578	38.97315979	31.1454963684
150.811174331	1008.96142578	38.4033699036	31.10887146
150.811174333	1008.96142578	38.4033699036	31.10887146
150.811174333	1008.96142578	38.4033699036	31.10887146
150.811174333	1008.95825195	38.4033699036	31.10887146
150.811174333	1008.95825195	38.4033699036	31.10887146
150.811174334	1008.95825195	38.4033699036	31.10887146
150.811174334	1008.95825195	38.4033699036	31.10887146
150.811174334	1008.95825195	38.4033699036	31.10887146
150.811174334	1008.95825195	38.4033699036	31.10887146
150.811174335	1008.95825195	38.4033699036	31.10887146
150.811174335	1008.95825195	38.4033699036	31.10887146
150.811174335	1008.95825195	38.4033699036	31.10887146
150.811174335	1008.95825195	38.4033699036	31.10887146
150.811174336	1008.95825195	38.4033699036	31.10887146
150.811174336	1008.95825195	38.4033699036	31.10887146
150.811174336	1008.95825195	38.4033699036	31.10887146
150.811174336	1008.95825195	38.4033699036	31.10887146
150.811174336	1008.95825195	38.4033699036	31.10887146
150.811174337	1008.95825195	38.4033699036	31.10887146
150.811174337	1008.95874023	38.4033699036	31.10887146
150.811174337	1008.95874023	38.4033699036	31.10887146
150.811174338	1008.95874023	38.4033699036	31.10887146
150.811174338	1008.95874023	38.4033699036	31.10887146
150.811174338	1008.95874023	38.4033699036	31.10887146
150.811174338	1008.95874023	38.4033699036	31.10887146
150.811174338	1008.95874023	38.4033699036	31.10887146
150.811174339	1008.95874023	38.4033699036	31.10887146
150.811174339	1008.95874023	38.4033699036	31.1821231842
150.811174339	1008.95874023	37.7350997925	31.1821231842
150.81117434	1008.95874023	37.7350997925	31.1821231842
150.81117434	1008.95874023	37.7350997925	31.1821231842
150.81117434	1008.95874023	37.7350997925	31.1821231842
150.81117434	1008.95874023	37.7350997925	31.1821231842
150.81117434	1008.95874023	37.7350997925	31.1821231842
150.811174341	1008.95874023	37.7350997925	31.1821231842
150.811174341	1008.95874023	37.7350997925	31.1821231842
150.811174341	1008.95800781	37.7350997925	31.1821231842
150.811174342	1008.95800781	37.7350997925	31.1821231842
150.811174342	1008.95800781	37.7350997925	31.1821231842
150.811174342	1008.95800781	37.7350997925	31.1821231842
150.811174342	1008.95800781	37.7350997925	31.1821231842
150.811174342	1008.95800781	37.7350997925	31.1821231842
150.811174343	1008.95800781	37.7350997925	31.1821231842
150.811174343	1008.95800781	37.7350997925	31.1821231842
150.811174343	1008.95800781	37.7350997925	31.1821231842
150.811174343	1008.95800781	37.7350997925	31.1821231842
150.811174344	1008.95800781	37.7350997925	31.1821231842
150.811174344	1008.95800781	37.7350997925	31.1821231842
150.811174344	1008.95800781	37.7350997925	31.1821231842
150.811174344	1008.95800781	37.7350997925	31.1821231842
150.811174344	1008.95800781	37.7350997925	31.1821231842
150.811174345	1008.95800781	37.7350997925	31.1821231842
150.811174345	1008.95800781	37.7350997925	31.1821231842
150.811174345	1008.95825195	37.7350997925	31.1821231842
150.811174346	1008.95825195	37.7350997925	31.1821231842
150.811174346	1008.95825195	37.7350997925	31.1821231842
150.811174346	1008.95825195	37.7350997925	31.1821231842
150.811174346	1008.95825195	37.7350997925	31.1821231842
150.811174347	1008.95825195	37.7350997925	31.1821231842
150.811174347	1008.95825195	37.7350997925	31.1821231842
150.811174347	1008.95825195	37.7350997925	31.0173034668
150.811174347	1008.95825195	36.5427627563	31.0173034668
150.811174347	1008.95825195	36.5427627563	31.0173034668
150.811174348	1008.95825195	36.5427627563	31.0173034668
150.811174348	1008.95825195	36.5427627563	31.0173034668
150.811174348	1008.95825195	36.5427627563	31.0173034668
150.811174348	1008.95825195	36.5427627563	31.0173034668
150.811174348	1008.95825195	36.5427627563	31.0173034668
150.811174348	1008.95825195	36.5427627563	31.0173034668
150.811174349	1008.95825195	36.5427627563	31.0173034668
150.811174349	1008.95825195	36.5427627563	31.0173034668
150.811174349	1008.95825195	36.5427627563	31.0173034668
150.811174349	1008.95825195	36.5427627563	31.0173034668
150.811174349	1008.95825195	36.5427627563	31.0173034668
150.811174349	1008.95947266	36.5427627563	31.0173034668
150.81117435	1008.95947266	36.5427627563	31.0173034668
150.81117435	1008.95947266	36.5427627563	31.0173034668
150.81117435	1008.95947266	36.5427627563	31.0173034668
150.81117435	1008.95947266	36.5427627563	31.0173034668
150.81117435	1008.95947266	36.5427627563	31.0173034668
150.81117435	1008.95947266	36.5427627563	31.0173034668
150.81117435	1008.95947266	36.5427627563	31.0173034668
150.811174351	1008.95947266	36.5427627563	31.0173034668
150.811174351	1008.95947266	36.5427627563	31.0173034668
150.811174351	1008.95947266	36.5427627563	31.0173034668
150.811174351	1008.95947266	36.5427627563	31.0173034668
150.811174351	1008.95947266	36.5427627563	31.0173034668
150.811174351	1008.95947266	36.5427627563	31.0173034668
150.811174351	1008.95947266	36.5427627563	31.0173034668
150.811174351	1008.95947266	36.5427627563	31.0173034668
150.811174352	1008.95947266	36.5427627563	31.0173034668
150.811174352	1008.95947266	36.5427627563	31.0173034668
150.811174352	1008.95947266	36.5427627563	31.0173034668
150.811174352	1008.95947266	36.5427627563	31.0173034668
150.811174352	1008.95947266	36.5427627563	31.0173034668
150.811174352	1008.95947266	36.5427627563	31.0173034668
150.811174352	1008.95947266	36.5427627563	31.0173034668
150.811174353	1008.95947266	36.5427627563	31.0173034668
150.811174353	1008.95947266	36.5427627563	31.0173034668
150.811174353	1008.95947266	36.5427627563	31.0173034668
150.811174353	1008.95947266	36.5427627563	31.0173034668
150.811174353	1008.95947266	36.5427627563	31.0173034668
150.811174353	1008.96337891	36.5427627563	31.0173034668
150.811174354	1008.96337891	36.5427627563	31.0173034668
150.811174354	1008.96337891	36.5427627563	31.0173034668
150.811174354	1008.96337891	36.5427627563	31.0173034668
150.811174354	1008.96337891	36.5427627563	31.0173034668
150.811174354	1008.96337891	36.5427627563	31.0173034668
150.811174354	1008.96337891	36.5427627563	31.0173034668
150.811174354	1008.96337891	36.5427627563	31.0173034668
150.811174354	1008.96337891	36.5427627563	31.0173034668
150.811174355	1008.96337891	36.5427627563	31.0173034668
150.811174355	1008.96337891	36.5427627563	31.0173034668
150.811174355	1008.96337891	36.5427627563	31.0173034668
150.811174355	1008.96337891	36.5427627563	31.0173034668
150.811174355	1008.96337891	36.5427627563	31.0722446442
150.811174355	1008.96337891	38.2064056396	31.0722446442
150.811174356	1008.96337891	38.2064056396	31.0722446442
150.811174356	1008.96337891	38.2064056396	31.0722446442
150.811174356	1008.96337891	38.2064056396	31.0722446442
150.811174356	1008.96337891	38.2064056396	31.0722446442
150.811174356	1008.96337891	38.2064056396	31.0722446442
150.811174356	1008.96337891	38.2064056396	31.0722446442
150.811174356	1008.96337891	38.2064056396	31.0722446442
150.811174356	1008.96337891	38.2064056396	31.0722446442
150.811174357	1008.96337891	38.2064056396	31.0722446442
150.811174357	1008.96337891	38.2064056396	31.0722446442
150.811174357	1008.96337891	38.2064056396	31.0722446442
150.811174357	1008.96337891	38.2064056396	31.0722446442
150.811174357	1008.96337891	38.2064056396	31.0722446442
150.811174357	1008.96606445	38.2064056396	31.0722446442
150.811174358	1008.96606445	38.2064056396	31.0722446442
150.811174358	1008.96606445	38.2064056396	31.0722446442
150.811174358	1008.96606445	38.2064056396	31.0722446442
150.811174358	1008.96606445	38.2064056396	31.0722446442
150.811174358	1008.96606445	38.2064056396	31.0722446442
150.811174358	1008.96606445	38.2064056396	31.0722446442
150.811174358	1008.96606445	38.2064056396	31.0722446442
150.811174358	1008.96606445	38.2064056396	31.0722446442
150.811174359	1008.96606445	38.2064056396	31.0722446442
150.811174359	1008.96606445	38.2064056396	31.0722446442
150.811174359	1008.96606445	38.2064056396	31.0722446442
150.811174359	1008.96606445	38.2064056396	31.0722446442
150.811174359	1008.96606445	38.2064056396	31.0722446442
150.811174359	1008.96606445	38.2064056396	31.0722446442
150.811174359	1008.96606445	38.2064056396	31.0722446442
150.81117436	1008.96606445	38.2064056396	31.0722446442
150.81117436	1008.96606445	38.2064056396	31.0722446442
150.81117436	1008.96606445	38.2064056396	31.0722446442
150.81117436	1008.96606445	38.2064056396	31.0722446442
150.81117436	1008.96606445	38.2064056396	31.0722446442
150.81117436	1008.96606445	38.2064056396	31.0722446442
150.81117436	1008.96606445	38.2064056396	31.0722446442
150.811174361	1008.96606445	38.2064056396	31.0722446442
150.811174361	1008.96606445	38.2064056396	31.0722446442
150.811174361	1008.96606445	38.2064056396	31.0722446442
150.811174361	1008.96606445	38.2064056396	31.0722446442
150.811174361	1008.96606445	38.2064056396	31.0722446442
150.811174361	1008.96606445	38.2064056396	31.0722446442
150.811174361	1008.9675293	38.2064056396	31.0722446442
150.811174362	1008.9675293	38.2064056396	31.0722446442
150.811174362	1008.9675293	38.2064056396	31.0722446442
150.811174362	1008.9675293	38.2064056396	31.0722446442
150.811174362	1008.9675293	38.2064056396	31.0722446442
150.811174362	1008.9675293	38.2064056396	31.0722446442
150.811174362	1008.9675293	38.2064056396	31.0722446442
150.811174362	1008.9675293	38.2064056396	31.0722446442
150.811174363	1008.9675293	38.2064056396	31.0722446442
150.811174363	1008.9675293	38.2064056396	31.0722446442
150.811174363	1008.9675293	38.2064056396	31.0722446442
150.811174363	1008.9675293	38.2064056396	31.0722446442
150.811174363	1008.9675293	38.2064056396	31.0539321899
150.811174363	1008.9675293	38.2064056396	31.0539321899
150.811174363	1008.9675293	39.8594970703	31.0539321899
150.811174364	1008.9675293	39.8594970703	31.0539321899
150.811174364	1008.9675293	39.8594970703	31.0539321899
150.811174364	1008.9675293	39.8594970703	31.0539321899
150.811174364	1008.9675293	39.8594970703	31.0539321899
150.811174364	1008.9675293	39.8594970703	31.0539321899
150.811174364	1008.9675293	39.8594970703	31.0539321899
150.811174364	1008.9675293	39.8594970703	31.0539321899
150.811174365	1008.9675293	39.8594970703	31.0539321899
150.811174365	1008.9675293	39.8594970703	31.0539321899
150.811174365	1008.9675293	39.8594970703	31.0539321899
150.811174365	1008.9675293	39.8594970703	31.0539321899
150.811174365	1008.9675293	39.8594970703	31.0539321899
150.811174365	1008.9675293	39.8594970703	31.0539321899
150.811174365	1008.9675293	39.8594970703	31.0539321899
150.811174366	1008.95996094	39.8594970703	31.0539321899
150.811174366	1008.95996094	39.8594970703	31.0539321899
150.811174366	1008.95996094	39.8594970703	31.0539321899
150.811174366	1008.95996094	39.8594970703	31.0539321899
150.811174366	1008.95996094	39.8594970703	31.0539321899
150.811174366	1008.95996094	39.8594970703	31.0539321899
150.811174366	1008.95996094	39.8594970703	31.0539321899
150.811174367	1008.95996094	39.8594970703	31.0539321899
150.811174367	1008.95996094	39.8594970703	31.0539321899
150.811174367	1008.95996094	39.8594970703	31.0539321899
150.811174367	1008.95996094	39.8594970703	31.0539321899
150.811174367	1008.95996094	39.8594970703	31.0539321899
150.811174367	1008.95996094	39.8594970703	31.0539321899
150.811174367	1008.95996094	39.8594970703	31.0539321899
150.811174368	1008.95996094	39.8594970703	31.0539321899
150.811174368	1008.95996094	39.8594970703	31.0539321899
150.811174368	1008.95996094	39.8594970703	31.0539321899
150.811174368	1008.95996094	39.8594970703	31.0539321899
150.811174368	1008.95996094	39.8594970703	31.0539321899
150.811174368	1008.95996094	39.8594970703	31.0539321899
150.811174368	1008.95996094	39.8594970703	31.0539321899
150.811174368	1008.95996094	39.8594970703	31.0539321899
150.811174369	1008.95996094	39.8594970703	31.0539321899
150.811174369	1008.95996094	39.8594970703	31.0539321899
150.811174369	1008.95996094	39.8594970703	31.0539321899
150.811174369	1008.95996094	39.8594970703	31.0539321899
150.811174369	1008.95996094	39.8594970703	31.0539321899
150.811174369	1008.95996094	39.8594970703	31.0539321899
150.811174369	1008.95996094	39.8594970703	31.0539321899
150.81117437	1008.95458984	39.8594970703	31.0539321899
150.81117437	1008.95458984	39.8594970703	31.0539321899
150.81117437	1008.95458984	39.8594970703	31.0539321899
150.81117437	1008.95458984	39.8594970703	31.0539321899
150.81117437	1008.95458984	39.8594970703	31.0539321899
150.81117437	1008.95458984	39.8594970703	31.0539321899
150.811174371	1008.95458984	39.8594970703	31.0539321899
150.811174371	1008.95458984	39.8594970703	31.0539321899
150.811174371	1008.95458984	39.8594970703	31.0539321899
150.811174371	1008.95458984	39.8594970703	31.0539321899
150.811174371	1008.95458984	39.8594970703	31.0539321899
150.811174371	1008.95458984	39.8594970703	31.0905570984
150.811174371	1008.95458984	39.8594970703	31.0905570984
150.811174372	1008.95458984	38.3893013	31.0905570984
150.811174372	1008.95458984	38.3893013	31.0905570984
150.811174372	1008.95458984	38.3893013	31.0905570984
150.811174372	1008.95458984	38.3893013	31.0905570984
150.811174372	1008.95458984	38.3893013	31.0905570984
150.811174372	1008.95458984	38.3893013	31.0905570984
150.811174372	1008.95458984	38.3893013	31.0905570984
150.811174373	1008.95458984	38.3893013	31.0905570984
150.811174373	1008.95458984	38.3893013	31.0905570984
150.811174373	1008.95458984	38.3893013	31.0905570984
150.811174373	1008.95458984	38.3893013	31.0905570984
150.811174373	1008.95458984	38.3893013	31.0905570984
150.811174373	1008.95458984	38.3893013	31.0905570984
150.811174373	1008.95458984	38.3893013	31.0905570984
150.811174373	1008.95458984	38.3893013	31.0905570984
150.811174374	1008.95703125	38.3893013	31.0905570984
150.811174374	1008.95703125	38.3893013	31.0905570984
150.811174374	1008.95703125	38.3893013	31.0905570984
150.811174374	1008.95703125	38.3893013	31.0905570984
150.811174374	1008.95703125	38.3893013	31.0905570984
150.811174374	1008.95703125	38.3893013	31.0905570984
150.811174375	1008.95703125	38.3893013	31.0905570984
150.811174375	1008.95703125	38.3893013	31.0905570984
150.811174375	1008.95703125	38.3893013	31.0905570984
150.811174375	1008.95703125	38.3893013	31.0905570984
150.811174375	1008.95703125	38.3893013	31.0905570984
150.811174375	1008.95703125	38.3893013	31.0905570984
150.811174375	1008.95703125	38.3893013	31.0905570984
150.811174376	1008.95703125	38.3893013	31.0905570984
150.811174376	1008.95703125	38.3893013	31.0905570984
150.811174376	1008.95703125	38.3893013	31.0905570984
150.811174376	1008.95703125	38.3893013	31.0905570984
150.811174376	1008.95703125	38.3893013	31.0905570984
150.811174376	1008.95703125	38.3893013	31.0905570984
150.811174376	1008.95703125	38.3893013	31.0905570984
150.811174376	1008.95703125	38.3893013	31.0905570984
150.811174377	1008.95703125	38.3893013	31.0905570984
150.811174377	1008.95703125	38.3893013	31.0905570984
150.811174377	1008.95703125	38.3893013	31.0905570984
150.811174377	1008.95703125	38.3893013	31.0905570984
150.811174377	1008.95703125	38.3893013	31.0905570984
150.811174377	1008.95703125	38.3893013	31.0905570984
150.811174377	1008.95703125	38.3893013	31.0905570984
150.811174378	1008.95703125	38.3893013	31.0905570984
150.811174378	1008.9543457	38.3893013	31.0905570984
150.811174378	1008.9543457	38.3893013	31.0905570984
150.811174378	1008.9543457	38.3893013	31.0905570984
150.811174378	1008.9543457	38.3893013	31.0905570984
150.811174378	1008.9543457	38.3893013	31.0905570984
150.811174378	1008.9543457	38.3893013	31.0905570984
150.811174379	1008.9543457	38.3893013	31.0905570984
150.811174379	1008.9543457	38.3893013	31.0905570984
150.811174379	1008.9543457	38.3893013	31.0905570984
150.811174379	1008.9543457	38.3893013	31.0905570984
150.811174379	1008.9543457	38.3893013	31.0722446442
150.811174379	1008.9543457	38.3893013	31.0722446442
150.81117438	1008.9543457	39.0540542603	31.0722446442
150.81117438	1008.9543457	39.0540542603	31.0722446442
150.81117438	1008.9543457	39.0540542603	31.0722446442
150.81117438	1008.9543457	39.0540542603	31.0722446442
150.81117438	1008.9543457	39.0540542603	31.0722446442
150.81117438	1008.9543457	39.0540542603	31.0722446442
150.81117438	1008.9543457	39.0540542603	31.0722446442
150.811174381	1008.9543457	39.0540542603	31.0722446442
150.811174381	1008.9543457	39.0540542603	31.0722446442
150.811174381	1008.9543457	39.0540542603	31.0722446442
150.811174381	1008.9543457	39.0540542603	31.0722446442
150.811174381	1008.9543457	39.0540542603	31.0722446442
150.811174381	1008.9543457	39.0540542603	31.0722446442
150.811174381	1008.9543457	39.0540542603	31.0722446442
150.811174381	1008.9543457	39.0540542603	31.0722446442
150.811174382	1008.9543457	39.0540542603	31.0722446442
150.811174382	1008.95214844	39.0540542603	31.0722446442
150.811174382	1008.95214844	39.0540542603	31.0722446442
150.811174382	1008.95214844	39.0540542603	31.0722446442
150.811174382	1008.95214844	39.0540542603	31.0722446442
150.811174382	1008.95214844	39.0540542603	31.0722446442
150.811174383	1008.95214844	39.0540542603	31.0722446442
150.811174383	1008.95214844	39.0540542603	31.0722446442
150.811174383	1008.95214844	39.0540542603	31.0722446442
150.811174383	1008.95214844	39.0540542603	31.0722446442
150.811174383	1008.95214844	39.0540542603	31.0722446442
150.811174383	1008.95214844	39.0540542603	31.0722446442
150.811174383	1008.95214844	39.0540542603	31.0722446442
150.811174383	1008.95214844	39.0540542603	31.0722446442
150.811174384	1008.95214844	39.0540542603	31.0722446442
150.811174384	1008.95214844	39.0540542603	31.0722446442
