1.8298110789	1000
time	pressure	humidity	temperature
150.811118366	1008.0168457	40.9044494629	30.5275878906
150.811118366	1008.0168457	40.9044494629	30.5275878906
150.811118366	1008.0168457	40.9044494629	30.5275878906
150.811118367	1008.0168457	40.9044494629	30.5275878906
150.811118367	1008.01879883	40.9044494629	30.5275878906
150.811118367	1008.01879883	40.9044494629	30.5275878906
150.811118368	1008.01879883	40.9044494629	30.5275878906
150.811118368	1008.01879883	40.9044494629	30.5275878906
150.811118368	1008.01879883	40.9044494629	30.5275878906
150.811118368	1008.01879883	40.9044494629	30.5275878906
150.811118368	1008.01879883	40.9044494629	30.5275878906
150.811118369	1008.01879883	40.9044494629	30.5275878906
150.811118369	1008.01879883	40.9044494629	30.5275878906
150.811118369	1008.01879883	40.9044494629	30.5461521149
150.811118369	1008.01879883	40.9044494629	30.5461521149
150.81111837	1008.01879883	39.223690033	30.5461521149
150.81111837	1008.01879883	39.223690033	30.5461521149
150.81111837	1008.01879883	39.223690033	30.5461521149
150.81111837	1008.01879883	39.223690033	30.5461521149
150.811118371	1008.01879883	39.223690033	30.5461521149
150.811118371	1008.01831055	39.223690033	30.5461521149
150.811118371	1008.01831055	39.223690033	30.5461521149
150.811118371	1008.01831055	39.223690033	30.5461521149
150.811118372	1008.01831055	39.223690033	30.5461521149
150.811118372	1008.01831055	39.223690033	30.5461521149
150.811118372	1008.01831055	39.223690033	30.5461521149
150.811118372	1008.01831055	39.223690033	30.5461521149
150.811118373	1008.01831055	39.223690033	30.5461521149
150.811118373	1008.01831055	39.223690033	30.5461521149
150.811118373	1008.01831055	39.223690033	30.5461521149
150.811118373	1008.01831055	39.223690033	30.5461521149
150.811118373	1008.01831055	39.223690033	30.5461521149
150.811118374	1008.01831055	39.223690033	30.5461521149
150.811118374	1008.01831055	39.223690033	30.5461521149
150.811118374	1008.01831055	39.223690033	30.5461521149
150.811118374	1008.01831055	39.223690033	30.5461521149
150.811118375	1008.01831055	39.223690033	30.5461521149
150.811118375	1008.01806641	39.223690033	30.5461521149
150.811118375	1008.01806641	39.223690033	30.5461521149
150.811118375	1008.01806641	39.223690033	30.5461521149
150.811118376	1008.01806641	39.223690033	30.5461521149
150.811118376	1008.01806641	39.223690033	30.5461521149
150.811118376	1008.01806641	39.223690033	30.5461521149
150.811118376	1008.01806641	39.223690033	30.5461521149
150.811118377	1008.01806641	39.223690033	30.5461521149
150.811118377	1008.01806641	39.223690033	30.5461521149
150.811118377	1008.01806641	39.223690033	30.5461521149
150.811118377	1008.01806641	39.223690033	30.5461521149
150.811118377	1008.01806641	39.223690033	30.5832767487
150.811118378	1008.01806641	40.0240516663	30.5832767487
150.811118378	1008.01806641	40.0240516663	30.5832767487
150.811118378	1008.01806641	40.0240516663	30.5832767487
150.811118378	1008.01806641	40.0240516663	30.5832767487
150.811118379	1008.01855469	40.0240516663	30.5832767487
150.811118379	1008.01855469	40.0240516663	30.5832767487
150.811118379	1008.01855469	40.0240516663	30.5832767487
150.81111838	1008.01855469	40.0240516663	30.5832767487
150.81111838	1008.01855469	40.0240516663	30.5832767487
150.81111838	1008.01855469	40.0240516663	30.5832767487
150.81111838	1008.01855469	40.0240516663	30.5832767487
150.81111838	1008.01855469	40.0240516663	30.5832767487
150.811118381	1008.01855469	40.0240516663	30.5832767487
150.811118381	1008.01855469	40.0240516663	30.5832767487
150.811118381	1008.01855469	40.0240516663	30.5832767487
150.811118381	1008.01855469	40.0240516663	30.5832767487
150.811118382	1008.01855469	40.0240516663	30.5832767487
150.811118382	1008.01855469	40.0240516663	30.5832767487
150.811118382	1008.01855469	40.0240516663	30.5832767487
150.811118382	1008.01855469	40.0240516663	30.5832767487
150.811118382	1008.01855469	40.0240516663	30.5832767487
150.811118383	1008.01367188	40.0240516663	30.5832767487
150.811118383	1008.01367188	40.0240516663	30.5832767487
150.811118383	1008.01367188	40.0240516663	30.5832767487
150.811118383	1008.01367188	40.0240516663	30.5832767487
150.811118384	1008.01367188	40.0240516663	30.5832767487
150.811118384	1008.01367188	40.0240516663	30.5832767487
150.811118384	1008.01367188	40.0240516663	30.5832767487
150.811118384	1008.01367188	40.0240516663	30.5832767487
150.811118385	1008.01367188	40.0240516663	30.5832767487
150.811118385	1008.01367188	40.0240516663	30.5832767487
150.811118385	1008.01367188	40.0240516663	30.5832767487
150.811118385	1008.01367188	40.0240516663	30.5832767487
150.811118385	1008.01367188	40.0240516663	30.5090255737
150.811118386	1008.01367188	41.7336235046	30.5090255737
150.811118386	1008.01367188	41.7336235046	30.5090255737
150.811118386	1008.01367188	41.7336235046	30.5090255737
150.811118387	1008.01416016	41.7336235046	30.5090255737
150.811118387	1008.01416016	41.7336235046	30.5090255737
150.811118387	1008.01416016	41.7336235046	30.5090255737
150.811118387	1008.01416016	41.7336235046	30.5090255737
150.811118388	1008.01416016	41.7336235046	30.5090255737
150.811118388	1008.01416016	41.7336235046	30.5090255737
150.811118388	1008.01416016	41.7336235046	30.5090255737
150.811118388	1008.01416016	41.7336235046	30.5090255737
150.811118388	1008.01416016	41.7336235046	30.5090255737
150.811118389	1008.01416016	41.7336235046	30.5090255737
150.811118389	1008.01416016	41.7336235046	30.5090255737
150.811118389	1008.01416016	41.7336235046	30.5090255737
150.811118389	1008.01416016	41.7336235046	30.5090255737
150.81111839	1008.01416016	41.7336235046	30.5090255737
150.81111839	1008.01416016	41.7336235046	30.5090255737
150.81111839	1008.01416016	41.7336235046	30.5090255737
150.81111839	1008.01416016	41.7336235046	30.5090255737
150.81111839	1008.01074219	41.7336235046	30.5090255737
150.811118391	1008.01074219	41.7336235046	30.5090255737
150.811118391	1008.01074219	41.7336235046	30.5090255737
150.811118391	1008.01074219	41.7336235046	30.5090255737
150.811118392	1008.01074219	41.7336235046	30.5090255737
150.811118392	1008.01074219	41.7336235046	30.5090255737
150.811118392	1008.01074219	41.7336235046	30.5090255737
150.811118392	1008.01074219	41.7336235046	30.5090255737
150.811118392	1008.01074219	41.7336235046	30.5090255737
150.811118393	1008.01074219	41.7336235046	30.5090255737
150.811118393	1008.01074219	41.7336235046	30.5090255737
150.811118393	1008.01074219	41.7336235046	30.5090255737
150.811118393	1008.01074219	41.7336235046	30.5090255737
150.811118394	1008.01074219	41.7336235046	30.5461521149
150.811118394	1008.01074219	40.9908866882	30.5461521149
150.811118394	1008.01074219	40.9908866882	30.5461521149
150.811118394	1008.01269531	40.9908866882	30.5461521149
150.811118395	1008.01269531	40.9908866882	30.5461521149
150.811118395	1008.01269531	40.9908866882	30.5461521149
150.811118395	1008.01269531	40.9908866882	30.5461521149
150.811118395	1008.01269531	40.9908866882	30.5461521149
150.811118396	1008.01269531	40.9908866882	30.5461521149
150.811118396	1008.01269531	40.9908866882	30.5461521149
150.811118396	1008.01269531	40.9908866882	30.5461521149
150.811118396	1008.01269531	40.9908866882	30.5461521149
150.811118397	1008.01269531	40.9908866882	30.5461521149
150.811118397	1008.01269531	40.9908866882	30.5461521149
150.811118397	1008.01269531	40.9908866882	30.5461521149
150.811118397	1008.01269531	40.9908866882	30.5461521149
150.811118397	1008.01269531	40.9908866882	30.5461521149
150.811118398	1008.01269531	40.9908866882	30.5461521149
150.811118398	1008.01269531	40.9908866882	30.5461521149
150.811118398	1008.01269531	40.9908866882	30.5461521149
150.811118398	1008.01586914	40.9908866882	30.5461521149
150.811118399	1008.01586914	40.9908866882	30.5461521149
150.811118399	1008.01586914	40.9908866882	30.5461521149
150.811118399	1008.01586914	40.9908866882	30.5461521149
150.811118399	1008.01586914	40.9908866882	30.5461521149
150.8111184	1008.01586914	40.9908866882	30.5461521149
150.8111184	1008.01586914	40.9908866882	30.5461521149
150.8111184	1008.01586914	40.9908866882	30.5461521149
150.8111184	1008.01586914	40.9908866882	30.5461521149
150.811118401	1008.01586914	40.9908866882	30.5461521149
150.811118401	1008.01586914	40.9908866882	30.5461521149
150.811118401	1008.01586914	40.9908866882	30.5461521149
150.811118401	1008.01586914	40.9908866882	30.5461521149
150.811118401	1008.01586914	40.9908866882	30.5461521149
150.811118402	1008.01586914	40.9908866882	30.4719009399
150.811118402	1008.01586914	42.2330474854	30.4719009399
150.811118402	1008.01220703	42.2330474854	30.4719009399
150.811118403	1008.01220703	42.2330474854	30.4719009399
150.811118403	1008.01220703	42.2330474854	30.4719009399
150.811118403	1008.01220703	42.2330474854	30.4719009399
150.811118403	1008.01220703	42.2330474854	30.4719009399
150.811118404	1008.01220703	42.2330474854	30.4719009399
150.811118404	1008.01220703	42.2330474854	30.4719009399
150.811118404	1008.01220703	42.2330474854	30.4719009399
150.811118404	1008.01220703	42.2330474854	30.4719009399
150.811118404	1008.01220703	42.2330474854	30.4719009399
150.811118405	1008.01220703	42.2330474854	30.4719009399
150.811118405	1008.01220703	42.2330474854	30.4719009399
150.811118405	1008.01220703	42.2330474854	30.4719009399
150.811118405	1008.01220703	42.2330474854	30.4719009399
150.811118406	1008.01220703	42.2330474854	30.4719009399
150.811118406	1008.01220703	42.2330474854	30.4719009399
150.811118406	1008.01220703	42.2330474854	30.4719009399
150.811118406	1008.01489258	42.2330474854	30.4719009399
150.811118407	1008.01489258	42.2330474854	30.4719009399
150.811118407	1008.01489258	42.2330474854	30.4719009399
150.811118407	1008.01489258	42.2330474854	30.4719009399
150.811118407	1008.01489258	42.2330474854	30.4719009399
150.811118408	1008.01489258	42.2330474854	30.4719009399
150.811118408	1008.01489258	42.2330474854	30.4719009399
150.811118408	1008.01489258	42.2330474854	30.4719009399
150.811118408	1008.01489258	42.2330474854	30.4719009399
150.811118408	1008.01489258	42.2330474854	30.4719009399
150.811118409	1008.01489258	42.2330474854	30.4719009399
150.811118409	1008.01489258	42.2330474854	30.4719009399
150.811118409	1008.01489258	42.2330474854	30.4719009399
150.811118409	1008.01489258	42.2330474854	30.4719009399
150.81111841	1008.01489258	42.2330474854	30.4719009399
150.81111841	1008.01489258	42.2330474854	30.5647144318
150.81111841	1008.01489258	40.9716796875	30.5647144318
150.81111841	1008.01269531	40.9716796875	30.5647144318
150.811118411	1008.01269531	40.9716796875	30.5647144318
150.811118411	1008.01269531	40.9716796875	30.5647144318
150.811118411	1008.01269531	40.9716796875	30.5647144318
150.811118411	1008.01269531	40.9716796875	30.5647144318
150.811118412	1008.01269531	40.9716796875	30.5647144318
150.811118412	1008.01269531	40.9716796875	30.5647144318
150.811118412	1008.01269531	40.9716796875	30.5647144318
150.811118412	1008.01269531	40.9716796875	30.5647144318
150.811118413	1008.01269531	40.9716796875	30.5647144318
150.811118413	1008.01269531	40.9716796875	30.5647144318
150.811118413	1008.01269531	40.9716796875	30.5647144318
150.811118413	1008.01269531	40.9716796875	30.5647144318
150.811118413	1008.01269531	40.9716796875	30.5647144318
150.811118414	1008.01269531	40.9716796875	30.5647144318
150.811118414	1008.01269531	40.9716796875	30.5647144318
150.811118414	1008.01635742	40.9716796875	30.5647144318
150.811118414	1008.01635742	40.9716796875	30.5647144318
150.811118415	1008.01635742	40.9716796875	30.5647144318
150.811118415	1008.01635742	40.9716796875	30.5647144318
150.811118415	1008.01635742	40.9716796875	30.5647144318
150.811118415	1008.01635742	40.9716796875	30.5647144318
150.811118416	1008.01635742	40.9716796875	30.5647144318
150.811118416	1008.01635742	40.9716796875	30.5647144318
150.811118416	1008.01635742	40.9716796875	30.5647144318
150.811118416	1008.01635742	40.9716796875	30.5647144318
150.811118416	1008.01635742	40.9716796875	30.5647144318
150.811118417	1008.01635742	40.9716796875	30.5647144318
150.811118417	1008.01635742	40.9716796875	30.5647144318
150.811118417	1008.01635742	40.9716796875	30.5647144318
150.811118417	1008.01635742	40.9716796875	30.5647144318
150.811118418	1008.01635742	40.9716796875	30.5647144318
150.811118418	1008.01635742	40.9716796875	30.5275878906
150.811118418	1008.01269531	43.4367904663	30.5275878906
150.811118419	1008.01269531	43.4367904663	30.5275878906
150.811118419	1008.01269531	43.4367904663	30.5275878906
150.811118419	1008.01269531	43.4367904663	30.5275878906
150.811118419	1008.01269531	43.4367904663	30.5275878906
150.811118419	1008.01269531	43.4367904663	30.5275878906
150.81111842	1008.01269531	43.4367904663	30.5275878906
150.81111842	1008.01269531	43.4367904663	30.5275878906
150.81111842	1008.01269531	43.4367904663	30.5275878906
150.81111842	1008.01269531	43.4367904663	30.5275878906
150.811118421	1008.01269531	43.4367904663	30.5275878906
150.811118421	1008.01269531	43.4367904663	30.5275878906
150.811118421	1008.01269531	43.4367904663	30.5275878906
150.811118421	1008.01269531	43.4367904663	30.5275878906
150.811118421	1008.01269531	43.4367904663	30.5275878906
150.811118422	1008.01269531	43.4367904663	30.5275878906
150.811118422	1008.01318359	43.4367904663	30.5275878906
150.811118422	1008.01318359	43.4367904663	30.5275878906
150.811118423	1008.01318359	43.4367904663	30.5275878906
150.811118423	1008.01318359	43.4367904663	30.5275878906
150.811118423	1008.01318359	43.4367904663	30.5275878906
150.811118423	1008.01318359	43.4367904663	30.5275878906
150.811118423	1008.01318359	43.4367904663	30.5275878906
150.811118424	1008.01318359	43.4367904663	30.5275878906
150.811118424	1008.01318359	43.4367904663	30.5275878906
150.811118424	1008.01318359	43.4367904663	30.5275878906
150.811118424	1008.01318359	43.4367904663	30.5275878906
150.811118425	1008.01318359	43.4367904663	30.5275878906
150.811118425	1008.01318359	43.4367904663	30.5275878906
150.811118425	1008.01318359	43.4367904663	30.5275878906
150.811118425	1008.01318359	43.4367904663	30.5275878906
150.811118425	1008.01318359	43.4367904663	30.5275878906
150.811118426	1008.01318359	43.4367904663	30.5275878906
150.811118426	1008.01245117	43.4367904663	30.5461521149
150.811118426	1008.01245117	40.2257423401	30.5461521149
150.811118427	1008.01245117	40.2257423401	30.5461521149
150.811118427	1008.01245117	40.2257423401	30.5461521149
150.811118427	1008.01245117	40.2257423401	30.5461521149
150.811118427	1008.01245117	40.2257423401	30.5461521149
150.811118428	1008.01245117	40.2257423401	30.5461521149
150.811118428	1008.01245117	40.2257423401	30.5461521149
150.811118428	1008.01245117	40.2257423401	30.5461521149
150.811118428	1008.01245117	40.2257423401	30.5461521149
150.811118428	1008.01245117	40.2257423401	30.5461521149
150.811118429	1008.01245117	40.2257423401	30.5461521149
150.811118429	1008.01245117	40.2257423401	30.5461521149
150.811118429	1008.01245117	40.2257423401	30.5461521149
150.811118429	1008.01245117	40.2257423401	30.5461521149
150.811118429	1008.01245117	40.2257423401	30.5461521149
150.81111843	1008.00976562	40.2257423401	30.5461521149
150.81111843	1008.00976562	40.2257423401	30.5461521149
150.81111843	1008.00976562	40.2257423401	30.5461521149
150.811118431	1008.00976562	40.2257423401	30.5461521149
150.811118431	1008.00976562	40.2257423401	30.5461521149
150.811118431	1008.00976562	40.2257423401	30.5461521149
150.811118431	1008.00976562	40.2257423401	30.5461521149
150.811118431	1008.00976562	40.2257423401	30.5461521149
150.811118432	1008.00976562	40.2257423401	30.5461521149
150.811118432	1008.00976562	40.2257423401	30.5461521149
150.811118432	1008.00976562	40.2257423401	30.5461521149
150.811118432	1008.00976562	40.2257423401	30.5461521149
150.811118433	1008.00976562	40.2257423401	30.5461521149
150.811118433	1008.00976562	40.2257423401	30.5461521149
150.811118433	1008.00976562	40.2257423401	30.5461521149
150.811118433	1008.00976562	40.2257423401	30.5461521149
150.811118433	1008.00976562	40.2257423401	30.5461521149
150.811118434	1008.01147461	40.2257423401	30.6018409729
150.811118434	1008.01147461	40.2257423401	30.6018409729
150.811118434	1008.01147461	42.0729751587	30.6018409729
150.811118435	1008.01147461	42.0729751587	30.6018409729
150.811118435	1008.01147461	42.0729751587	30.6018409729
150.811118435	1008.01147461	42.0729751587	30.6018409729
150.811118435	1008.01147461	42.0729751587	30.6018409729
150.811118436	1008.01147461	42.0729751587	30.6018409729
150.811118436	1008.01147461	42.0729751587	30.6018409729
150.811118436	1008.01147461	42.0729751587	30.6018409729
150.811118436	1008.01147461	42.0729751587	30.6018409729
150.811118436	1008.01147461	42.0729751587	30.6018409729
150.811118437	1008.01147461	42.0729751587	30.6018409729
150.811118437	1008.01147461	42.0729751587	30.6018409729
150.811118437	1008.01147461	42.0729751587	30.6018409729
150.811118437	1008.01147461	42.0729751587	30.6018409729
150.811118438	1008.01147461	42.0729751587	30.6018409729
150.811118438	1008.01098633	42.0729751587	30.6018409729
150.811118438	1008.01098633	42.0729751587	30.6018409729
150.811118438	1008.01098633	42.0729751587	30.6018409729
150.811118439	1008.01098633	42.0729751587	30.6018409729
150.811118439	1008.01098633	42.0729751587	30.6018409729
150.811118439	1008.01098633	42.0729751587	30.6018409729
150.811118439	1008.01098633	42.0729751587	30.6018409729
150.81111844	1008.01098633	42.0729751587	30.6018409729
150.81111844	1008.01098633	42.0729751587	30.6018409729
150.81111844	1008.01098633	42.0729751587	30.6018409729
150.81111844	1008.01098633	42.0729751587	30.6018409729
150.81111844	1008.01098633	42.0729751587	30.6018409729
150.811118441	1008.01098633	42.0729751587	30.6018409729
150.811118441	1008.01098633	42.0729751587	30.6018409729
150.811118441	1008.01098633	42.0729751587	30.6018409729
150.811118441	1008.01098633	42.0729751587	30.6018409729
150.811118442	1008.00732422	42.0729751587	30.6018409729
150.811118442	1008.00732422	42.0729751587	30.6018409729
150.811118442	1008.00732422	42.0729751587	30.6018409729
150.811118443	1008.00732422	41.0517158508	30.6018409729
150.811118443	1008.00732422	41.0517158508	30.6018409729
150.811118443	1008.00732422	41.0517158508	30.6018409729
150.811118443	1008.00732422	41.0517158508	30.6018409729
150.811118443	1008.00732422	41.0517158508	30.6018409729
150.811118444	1008.00732422	41.0517158508	30.6018409729
150.811118444	1008.00732422	41.0517158508	30.6018409729
150.811118444	1008.00732422	41.0517158508	30.6018409729
150.811118444	1008.00732422	41.0517158508	30.6018409729
150.811118445	1008.00732422	41.0517158508	30.6018409729
150.811118445	1008.00732422	41.0517158508	30.6018409729
150.811118445	1008.00732422	41.0517158508	30.6018409729
150.811118445	1008.00732422	41.0517158508	30.6018409729
150.811118445	1008.00732422	41.0517158508	30.6018409729
150.811118446	1008.00708008	41.0517158508	30.6018409729
150.811118446	1008.00708008	41.0517158508	30.6018409729
150.811118446	1008.00708008	41.0517158508	30.6018409729
150.811118447	1008.00708008	41.0517158508	30.6018409729
150.811118447	1008.00708008	41.0517158508	30.6018409729
150.811118447	1008.00708008	41.0517158508	30.6018409729
150.811118447	1008.00708008	41.0517158508	30.6018409729
150.811118447	1008.00708008	41.0517158508	30.6018409729
150.811118448	1008.00708008	41.0517158508	30.6018409729
150.811118448	1008.00708008	41.0517158508	30.6018409729
150.811118448	1008.00708008	41.0517158508	30.6018409729
150.811118448	1008.00708008	41.0517158508	30.6018409729
150.811118449	1008.00708008	41.0517158508	30.6018409729
150.811118449	1008.00708008	41.0517158508	30.6018409729
150.811118449	1008.00708008	41.0517158508	30.6018409729
150.811118449	1008.00708008	41.0517158508	30.6018409729
150.811118449	1008	41.0517158508	30.6018409729
150.81111845	1008	41.0517158508	30.6018409729
150.81111845	1008	41.0517158508	30.6018409729
150.81111845	1008	41.0517158508	30.6760902405
150.811118451	1008	40.9556732178	30.6760902405
150.811118451	1008	40.9556732178	30.6760902405
150.811118451	1008	40.9556732178	30.6760902405
150.811118451	1008	40.9556732178	30.6760902405
150.811118451	1008	40.9556732178	30.6760902405
150.811118452	1008	40.9556732178	30.6760902405
150.811118452	1008	40.9556732178	30.6760902405
150.811118452	1008	40.9556732178	30.6760902405
150.811118452	1008	40.9556732178	30.6760902405
150.811118453	1008	40.9556732178	30.6760902405
150.811118453	1008	40.9556732178	30.6760902405
150.811118453	1008	40.9556732178	30.6760902405
150.811118453	1008	40.9556732178	30.6760902405
150.811118453	1008	40.9556732178	30.6760902405
150.811118454	1008	40.9556732178	30.6760902405
150.811118454	1008	40.9556732178	30.6760902405
150.811118454	1008	40.9556732178	30.6760902405
150.811118455	1008	40.9556732178	30.6760902405
150.811118455	1008	40.9556732178	30.6760902405
150.811118455	1008	40.9556732178	30.6760902405
150.811118455	1008	40.9556732178	30.6760902405
150.811118455	1008	40.9556732178	30.6760902405
150.811118456	1008	40.9556732178	30.6760902405
150.811118456	1008	40.9556732178	30.6760902405
150.811118456	1008	40.9556732178	30.6760902405
150.811118456	1008	40.9556732178	30.6760902405
150.811118457	1008	40.9556732178	30.6760902405
150.811118457	1008	40.9556732178	30.6760902405
150.811118457	1008	40.9556732178	30.6760902405
150.811118457	1008	40.9556732178	30.6760902405
150.811118457	1007.99536133	40.9556732178	30.6760902405
150.811118458	1007.99536133	40.9556732178	30.6760902405
150.811118458	1007.99536133	40.9556732178	30.6760902405
150.811118458	1007.99536133	40.9556732178	30.6389656067
150.811118459	1007.99536133	40.3025779724	30.6389656067
150.811118459	1007.99536133	40.3025779724	30.6389656067
150.811118459	1007.99536133	40.3025779724	30.6389656067
150.811118459	1007.99536133	40.3025779724	30.6389656067
150.81111846	1007.99536133	40.3025779724	30.6389656067
150.81111846	1007.99536133	40.3025779724	30.6389656067
150.81111846	1007.99536133	40.3025779724	30.6389656067
150.81111846	1007.99536133	40.3025779724	30.6389656067
150.81111846	1007.99536133	40.3025779724	30.6389656067
150.811118461	1007.99536133	40.3025779724	30.6389656067
150.811118461	1007.99536133	40.3025779724	30.6389656067
150.811118461	1007.99536133	40.3025779724	30.6389656067
150.811118461	1007.99633789	40.3025779724	30.6389656067
150.811118462	1007.99633789	40.3025779724	30.6389656067
150.811118462	1007.99633789	40.3025779724	30.6389656067
150.811118462	1007.99633789	40.3025779724	30.6389656067
150.811118462	1007.99633789	40.3025779724	30.6389656067
150.811118463	1007.99633789	40.3025779724	30.6389656067
150.811118463	1007.99633789	40.3025779724	30.6389656067
150.811118463	1007.99633789	40.3025779724	30.6389656067
150.811118463	1007.99633789	40.3025779724	30.6389656067
150.811118464	1007.99633789	40.3025779724	30.6389656067
150.811118464	1007.99633789	40.3025779724	30.6389656067
150.811118464	1007.99633789	40.3025779724	30.6389656067
150.811118464	1007.99633789	40.3025779724	30.6389656067
150.811118464	1007.99633789	40.3025779724	30.6389656067
150.811118465	1007.99633789	40.3025779724	30.6389656067
150.811118465	1007.99633789	40.3025779724	30.6389656067
150.811118465	1007.99633789	40.3025779724	30.6389656067
150.811118465	1007.9934082	40.3025779724	30.6389656067
150.811118466	1007.9934082	40.3025779724	30.6389656067
150.811118466	1007.9934082	40.3025779724	30.6389656067
150.811118466	1007.9934082	40.3025779724	30.6389656067
150.811118466	1007.9934082	40.3025779724	30.5461521149
150.811118467	1007.9934082	43.1966819763	30.5461521149
150.811118467	1007.9934082	43.1966819763	30.5461521149
150.811118467	1007.9934082	43.1966819763	30.5461521149
150.811118467	1007.9934082	43.1966819763	30.5461521149
150.811118468	1007.9934082	43.1966819763	30.5461521149
150.811118468	1007.9934082	43.1966819763	30.5461521149
150.811118468	1007.9934082	43.1966819763	30.5461521149
150.811118468	1007.9934082	43.1966819763	30.5461521149
150.811118469	1007.9934082	43.1966819763	30.5461521149
150.811118469	1007.9934082	43.1966819763	30.5461521149
150.811118469	1007.9934082	43.1966819763	30.5461521149
150.811118469	1007.98925781	43.1966819763	30.5461521149
150.81111847	1007.98925781	43.1966819763	30.5461521149
150.81111847	1007.98925781	43.1966819763	30.5461521149
150.81111847	1007.98925781	43.1966819763	30.5461521149
150.81111847	1007.98925781	43.1966819763	30.5461521149
150.81111847	1007.98925781	43.1966819763	30.5461521149
150.811118471	1007.98925781	43.1966819763	30.5461521149
150.811118471	1007.98925781	43.1966819763	30.5461521149
150.811118471	1007.98925781	43.1966819763	30.5461521149
150.811118471	1007.98925781	43.1966819763	30.5461521149
150.811118472	1007.98925781	43.1966819763	30.5461521149
150.811118472	1007.98925781	43.1966819763	30.5461521149
150.811118472	1007.98925781	43.1966819763	30.5461521149
150.811118472	1007.98925781	43.1966819763	30.5461521149
150.811118472	1007.98925781	43.1966819763	30.5461521149
150.811118473	1007.98925781	43.1966819763	30.5461521149
150.811118473	1007.98925781	43.1966819763	30.5461521149
150.811118473	1007.98803711	43.1966819763	30.5461521149
150.811118474	1007.98803711	43.1966819763	30.5461521149
150.811118474	1007.98803711	43.1966819763	30.5461521149
150.811118474	1007.98803711	43.1966819763	30.5461521149
150.811118474	1007.98803711	43.1966819763	30.5461521149
150.811118474	1007.98803711	43.1966819763	30.6204032898
150.811118475	1007.98803711	39.9152030945	30.6204032898
150.811118475	1007.98803711	39.9152030945	30.6204032898
150.811118475	1007.98803711	39.9152030945	30.6204032898
150.811118475	1007.98803711	39.9152030945	30.6204032898
150.811118476	1007.98803711	39.9152030945	30.6204032898
150.811118476	1007.98803711	39.9152030945	30.6204032898
150.811118476	1007.98803711	39.9152030945	30.6204032898
150.811118476	1007.98803711	39.9152030945	30.6204032898
150.811118477	1007.98803711	39.9152030945	30.6204032898
150.811118477	1007.98803711	39.9152030945	30.6204032898
150.811118477	1007.98657227	39.9152030945	30.6204032898
150.811118477	1007.98657227	39.9152030945	30.6204032898
150.811118478	1007.98657227	39.9152030945	30.6204032898
150.811118478	1007.98657227	39.9152030945	30.6204032898
150.811118478	1007.98657227	39.9152030945	30.6204032898
150.811118478	1007.98657227	39.9152030945	30.6204032898
150.811118479	1007.98657227	39.9152030945	30.6204032898
150.811118479	1007.98657227	39.9152030945	30.6204032898
150.811118479	1007.98657227	39.9152030945	30.6204032898
150.811118479	1007.98657227	39.9152030945	30.6204032898
150.811118479	1007.98657227	39.9152030945	30.6204032898
150.81111848	1007.98657227	39.9152030945	30.6204032898
150.81111848	1007.98657227	39.9152030945	30.6204032898
150.81111848	1007.98657227	39.9152030945	30.6204032898
150.81111848	1007.98657227	39.9152030945	30.6204032898
150.811118481	1007.98657227	39.9152030945	30.6204032898
150.811118481	1007.98657227	39.9152030945	30.6204032898
150.811118481	1007.98876953	39.9152030945	30.6204032898
150.811118481	1007.98876953	39.9152030945	30.6204032898
150.811118482	1007.98876953	39.9152030945	30.6204032898
150.811118482	1007.98876953	39.9152030945	30.6204032898
150.811118482	1007.98876953	39.9152030945	30.6204032898
150.811118482	1007.98876953	39.9152030945	30.6204032898
150.811118482	1007.98876953	39.9152030945	30.5647144318
150.811118483	1007.98876953	39.7455253601	30.5647144318
150.811118483	1007.98876953	39.7455253601	30.5647144318
150.811118483	1007.98876953	39.7455253601	30.5647144318
150.811118484	1007.98876953	39.7455253601	30.5647144318
150.811118484	1007.98876953	39.7455253601	30.5647144318
150.811118484	1007.98876953	39.7455253601	30.5647144318
150.811118484	1007.98876953	39.7455253601	30.5647144318
150.811118484	1007.98876953	39.7455253601	30.5647144318
150.811118485	1007.98876953	39.7455253601	30.5647144318
150.811119063	1009.38012695	40.9159240723	30.0217399597
150.811119067	1009.38232422	40.9159240723	30.1123199463
150.811119067	1009.38232422	41.8127174377	30.1123199463
150.811119068	1009.38232422	41.8127174377	30.1123199463
150.811119068	1009.38232422	41.8127174377	30.1123199463
150.811119068	1009.38232422	41.8127174377	30.1123199463
150.811119068	1009.38232422	41.8127174377	30.1123199463
150.811119068	1009.38232422	41.8127174377	30.1123199463
150.811119068	1009.38232422	41.8127174377	30.1123199463
150.811119068	1009.38232422	41.8127174377	30.1123199463
150.811119068	1009.38232422	41.8127174377	30.1123199463
150.811119069	1009.38232422	41.8127174377	30.1123199463
150.811119069	1009.38232422	41.8127174377	30.1123199463
150.811119069	1009.38232422	41.8127174377	30.1123199463
150.811119069	1009.38232422	41.8127174377	30.1123199463
150.811119069	1009.38232422	41.8127174377	30.1123199463
150.811119069	1009.38232422	41.8127174377	30.1123199463
150.811119069	1009.38232422	41.8127174377	30.1123199463
150.81111907	1009.38232422	41.8127174377	30.1123199463
150.81111907	1009.38232422	41.8127174377	30.1123199463
150.81111907	1009.38232422	41.8127174377	30.1123199463
150.81111907	1009.37988281	41.8127174377	30.1123199463
150.81111907	1009.37988281	41.8127174377	30.1123199463
150.81111907	1009.37988281	41.8127174377	30.1123199463
150.81111907	1009.37988281	41.8127174377	30.1123199463
150.811119071	1009.37988281	41.8127174377	30.1123199463
150.811119071	1009.37988281	41.8127174377	30.1123199463
150.811119071	1009.37988281	41.8127174377	30.1123199463
150.811119071	1009.37988281	41.8127174377	30.1123199463
150.811119071	1009.37988281	41.8127174377	30.1123199463
150.811119071	1009.37988281	41.8127174377	30.1123199463
150.811119071	1009.37988281	41.8127174377	30.1123199463
150.811119072	1009.37988281	41.8127174377	30.1123199463
150.811119072	1009.37988281	41.8127174377	30.1123199463
150.811119072	1009.37988281	41.8127174377	30.1123199463
150.811119072	1009.37988281	41.8127174377	30.1123199463
150.811119072	1009.37988281	41.8127174377	30.1123199463
150.811119072	1009.37988281	41.8127174377	30.1123199463
150.811119072	1009.37988281	41.8127174377	30.1123199463
150.811119073	1009.37988281	41.8127174377	30.1123199463
150.811119073	1009.37988281	41.8127174377	30.1123199463
150.811119073	1009.37988281	41.8127174377	30.1123199463
150.811119073	1009.37988281	41.8127174377	30.1123199463
150.811119073	1009.37988281	41.8127174377	30.1123199463
150.811119073	1009.37988281	41.8127174377	30.1123199463
150.811119073	1009.37988281	41.8127174377	30.1123199463
150.811119073	1009.37988281	41.8127174377	30.1123199463
150.811119074	1009.37988281	41.8127174377	30.1123199463
150.811119074	1009.37988281	41.8127174377	30.1123199463
150.811119074	1009.37988281	41.8127174377	30.1123199463
150.811119074	1009.37890625	41.8127174377	30.1123199463
150.811119074	1009.37890625	41.8127174377	30.1123199463
150.811119074	1009.37890625	41.8127174377	30.1123199463
150.811119075	1009.37890625	41.8127174377	30.1123199463
150.811119075	1009.37890625	41.8127174377	30.1123199463
150.811119075	1009.37890625	41.8127174377	30.1123199463
150.811119075	1009.37890625	41.8127174377	30.0217399597
150.811119075	1009.37890625	41.8127174377	30.0217399597
150.811119075	1009.37890625	41.0337524414	30.0217399597
150.811119075	1009.37890625	41.0337524414	30.0217399597
150.811119076	1009.37890625	41.0337524414	30.0217399597
150.811119076	1009.37890625	41.0337524414	30.0217399597
150.811119076	1009.37890625	41.0337524414	30.0217399597
150.811119076	1009.37890625	41.0337524414	30.0217399597
150.811119076	1009.37890625	41.0337524414	30.0217399597
150.811119076	1009.37890625	41.0337524414	30.0217399597
150.811119076	1009.37890625	41.0337524414	30.0217399597
150.811119077	1009.37890625	41.0337524414	30.0217399597
150.811119077	1009.37890625	41.0337524414	30.0217399597
150.811119077	1009.37890625	41.0337524414	30.0217399597
150.811119077	1009.37890625	41.0337524414	30.0217399597
150.811119077	1009.37890625	41.0337524414	30.0217399597
150.811119077	1009.37890625	41.0337524414	30.0217399597
150.811119077	1009.37890625	41.0337524414	30.0217399597
150.811119078	1009.37890625	41.0337524414	30.0217399597
150.811119078	1009.37890625	41.0337524414	30.0217399597
150.811119078	1009.37890625	41.0337524414	30.0217399597
150.811119078	1009.37890625	41.0337524414	30.0217399597
150.811119078	1009.37768555	41.0337524414	30.0217399597
150.811119078	1009.37768555	41.0337524414	30.0217399597
150.811119078	1009.37768555	41.0337524414	30.0217399597
150.811119079	1009.37768555	41.0337524414	30.0217399597
150.811119079	1009.37768555	41.0337524414	30.0217399597
150.811119079	1009.37768555	41.0337524414	30.0217399597
150.811119079	1009.37768555	41.0337524414	30.0217399597
150.811119079	1009.37768555	41.0337524414	30.0217399597
150.811119079	1009.37768555	41.0337524414	30.0217399597
150.811119079	1009.37768555	41.0337524414	30.0217399597
150.81111908	1009.37768555	41.0337524414	30.0217399597
150.81111908	1009.37768555	41.0337524414	30.0217399597
150.81111908	1009.37768555	41.0337524414	30.0217399597
150.81111908	1009.37768555	41.0337524414	30.0217399597
150.81111908	1009.37768555	41.0337524414	30.0217399597
150.81111908	1009.37768555	41.0337524414	30.0217399597
150.81111908	1009.37768555	41.0337524414	30.0217399597
150.81111908	1009.37768555	41.0337524414	30.0217399597
150.811119081	1009.37768555	41.0337524414	30.0217399597
150.811119081	1009.37768555	41.0337524414	30.0217399597
150.811119081	1009.37768555	41.0337524414	30.0217399597
150.811119081	1009.37768555	41.0337524414	30.0217399597
150.811119081	1009.37768555	41.0337524414	30.0217399597
150.811119081	1009.37768555	41.0337524414	30.0217399597
150.811119081	1009.37768555	41.0337524414	30.0217399597
150.811119082	1009.37768555	41.0337524414	30.0217399597
150.811119082	1009.37768555	41.0337524414	30.0217399597
150.811119082	1009.37768555	41.0337524414	30.0217399597
150.811119082	1009.37768555	41.0337524414	30.0217399597
150.811119082	1009.38183594	41.0337524414	30.0217399597
150.811119082	1009.38183594	41.0337524414	30.0217399597
150.811119083	1009.38183594	41.0337524414	30.0217399597
150.811119083	1009.38183594	41.0337524414	30.0217399597
150.811119083	1009.38183594	41.0337524414	29.9311599731
150.811119083	1009.38183594	41.0337524414	29.9311599731
150.811119083	1009.38183594	40.159866333	29.9311599731
150.811119083	1009.38183594	40.159866333	29.9311599731
150.811119083	1009.38183594	40.159866333	29.9311599731
150.811119084	1009.38183594	40.159866333	29.9311599731
150.811119084	1009.38183594	40.159866333	29.9311599731
150.811119084	1009.38183594	40.159866333	29.9311599731
150.811119084	1009.38183594	40.159866333	29.9311599731
150.811119084	1009.38183594	40.159866333	29.9311599731
150.811119084	1009.38183594	40.159866333	29.9311599731
150.811119084	1009.38183594	40.159866333	29.9311599731
150.811119085	1009.38183594	40.159866333	29.9311599731
150.811119085	1009.38183594	40.159866333	29.9311599731
150.811119085	1009.38183594	40.159866333	29.9311599731
150.811119085	1009.38183594	40.159866333	29.9311599731
150.811119085	1009.38183594	40.159866333	29.9311599731
150.811119085	1009.38183594	40.159866333	29.9311599731
150.811119085	1009.38183594	40.159866333	29.9311599731
150.811119085	1009.38183594	40.159866333	29.9311599731
150.811119086	1009.38183594	40.159866333	29.9311599731
150.811119086	1009.38183594	40.159866333	29.9311599731
150.811119086	1009.38183594	40.159866333	29.9311599731
150.811119086	1009.38183594	40.159866333	29.9311599731
150.811119086	1009.38452148	40.159866333	29.9311599731
150.811119086	1009.38452148	40.159866333	29.9311599731
150.811119087	1009.38452148	40.159866333	29.9311599731
150.811119087	1009.38452148	40.159866333	29.9311599731
150.811119087	1009.38452148	40.159866333	29.9311599731
150.811119087	1009.38452148	40.159866333	29.9311599731
150.811119087	1009.38452148	40.159866333	29.9311599731
150.811119087	1009.38452148	40.159866333	29.9311599731
150.811119087	1009.38452148	40.159866333	29.9311599731
150.811119088	1009.38452148	40.159866333	29.9311599731
150.811119088	1009.38452148	40.159866333	29.9311599731
150.811119088	1009.38452148	40.159866333	29.9311599731
150.811119088	1009.38452148	40.159866333	29.9311599731
150.811119088	1009.38452148	40.159866333	29.9311599731
150.811119088	1009.38452148	40.159866333	29.9311599731
150.811119088	1009.38452148	40.159866333	29.9311599731
150.811119088	1009.38452148	40.159866333	29.9311599731
150.811119089	1009.38452148	40.159866333	29.9311599731
150.811119089	1009.38452148	40.159866333	29.9311599731
150.811119089	1009.38452148	40.159866333	29.9311599731
150.811119089	1009.38452148	40.159866333	29.9311599731
150.811119089	1009.38452148	40.159866333	29.9311599731
150.811119089	1009.38452148	40.159866333	29.9311599731
150.811119089	1009.38452148	40.159866333	29.9311599731
150.81111909	1009.38452148	40.159866333	29.9311599731
150.81111909	1009.38452148	40.159866333	29.9311599731
150.81111909	1009.38452148	40.159866333	29.9311599731
150.81111909	1009.38452148	40.159866333	29.9311599731
150.81111909	1009.38452148	40.159866333	29.9311599731
150.81111909	1009.38989258	40.159866333	29.9311599731
150.81111909	1009.38989258	40.159866333	29.9311599731
150.811119091	1009.38989258	40.159866333	29.9311599731
150.811119091	1009.38989258	40.159866333	29.9673919678
150.811119091	1009.38989258	40.159866333	29.9673919678
150.811119091	1009.38989258	40.5591697693	29.9673919678
150.811119091	1009.38989258	40.5591697693	29.9673919678
150.811119091	1009.38989258	40.5591697693	29.9673919678
150.811119092	1009.38989258	40.5591697693	29.9673919678
150.811119092	1009.38989258	40.5591697693	29.9673919678
150.811119092	1009.38989258	40.5591697693	29.9673919678
150.811119092	1009.38989258	40.5591697693	29.9673919678
150.811119092	1009.38989258	40.5591697693	29.9673919678
150.811119092	1009.38989258	40.5591697693	29.9673919678
150.811119092	1009.38989258	40.5591697693	29.9673919678
150.811119092	1009.38989258	40.5591697693	29.9673919678
150.811119093	1009.38989258	40.5591697693	29.9673919678
150.811119093	1009.38989258	40.5591697693	29.9673919678
150.811119093	1009.38989258	40.5591697693	29.9673919678
150.811119093	1009.38989258	40.5591697693	29.9673919678
150.811119093	1009.38989258	40.5591697693	29.9673919678
150.811119093	1009.38989258	40.5591697693	29.9673919678
150.811119093	1009.38989258	40.5591697693	29.9673919678
150.811119094	1009.38989258	40.5591697693	29.9673919678
150.811119094	1009.38989258	40.5591697693	29.9673919678
150.811119094	1009.38989258	40.5591697693	29.9673919678
150.811119094	1009.38989258	40.5591697693	29.9673919678
150.811119094	1009.38989258	40.5591697693	29.9673919678
150.811119094	1009.38745117	40.5591697693	29.9673919678
150.811119095	1009.38745117	40.5591697693	29.9673919678
150.811119095	1009.38745117	40.5591697693	29.9673919678
150.811119095	1009.38745117	40.5591697693	29.9673919678
150.811119095	1009.38745117	40.5591697693	29.9673919678
150.811119095	1009.38745117	40.5591697693	29.9673919678
150.811119095	1009.38745117	40.5591697693	29.9673919678
150.811119095	1009.38745117	40.5591697693	29.9673919678
150.811119095	1009.38745117	40.5591697693	29.9673919678
150.811119096	1009.38745117	40.5591697693	29.9673919678
150.811119096	1009.38745117	40.5591697693	29.9673919678
150.811119096	1009.38745117	40.5591697693	29.9673919678
150.811119096	1009.38745117	40.5591697693	29.9673919678
150.811119096	1009.38745117	40.5591697693	29.9673919678
150.811119096	1009.38745117	40.5591697693	29.9673919678
150.811119096	1009.38745117	40.5591697693	29.9673919678
150.811119097	1009.38745117	40.5591697693	29.9673919678
150.811119097	1009.38745117	40.5591697693	29.9673919678
150.811119097	1009.38745117	40.5591697693	29.9673919678
150.811119097	1009.38745117	40.5591697693	29.9673919678
150.811119097	1009.38745117	40.5591697693	29.9673919678
150.811119097	1009.38745117	40.5591697693	29.9673919678
150.811119097	1009.38745117	40.5591697693	29.9673919678
150.811119098	1009.38745117	40.5591697693	29.9673919678
150.811119098	1009.38745117	40.5591697693	29.9673919678
150.811119098	1009.38745117	40.5591697693	29.9673919678
150.811119098	1009.38745117	40.5591697693	29.9673919678
150.811119098	1009.38745117	40.5591697693	29.9673919678
150.811119098	1009.38745117	40.5591697693	29.9673919678
150.811119098	1009.3840332	40.5591697693	29.9673919678
150.811119099	1009.3840332	40.5591697693	29.9673919678
150.811119099	1009.3840332	40.5591697693	30.0217399597
150.811119099	1009.3840332	40.5591697693	30.0217399597
150.811119099	1009.3840332	40.2220535278	30.0217399597
150.811119099	1009.3840332	40.2220535278	30.0217399597
150.811119099	1009.3840332	40.2220535278	30.0217399597
150.8111191	1009.3840332	40.2220535278	30.0217399597
150.8111191	1009.3840332	40.2220535278	30.0217399597
150.8111191	1009.3840332	40.2220535278	30.0217399597
150.8111191	1009.3840332	40.2220535278	30.0217399597
150.8111191	1009.3840332	40.2220535278	30.0217399597
150.8111191	1009.3840332	40.2220535278	30.0217399597
150.8111191	1009.3840332	40.2220535278	30.0217399597
150.8111191	1009.3840332	40.2220535278	30.0217399597
150.811119101	1009.3840332	40.2220535278	30.0217399597
150.811119101	1009.3840332	40.2220535278	30.0217399597
150.811119101	1009.3840332	40.2220535278	30.0217399597
150.811119101	1009.3840332	40.2220535278	30.0217399597
150.811119101	1009.3840332	40.2220535278	30.0217399597
150.811119101	1009.3840332	40.2220535278	30.0217399597
150.811119101	1009.3840332	40.2220535278	30.0217399597
150.811119102	1009.3840332	40.2220535278	30.0217399597
150.811119102	1009.3840332	40.2220535278	30.0217399597
150.811119102	1009.3840332	40.2220535278	30.0217399597
150.811119102	1009.3840332	40.2220535278	30.0217399597
150.811119102	1009.3840332	40.2220535278	30.0217399597
150.811119102	1009.3840332	40.2220535278	30.0217399597
150.811119102	1009.38623047	40.2220535278	30.0217399597
150.811119103	1009.38623047	40.2220535278	30.0217399597
150.811119103	1009.38623047	40.2220535278	30.0217399597
150.811119103	1009.38623047	40.2220535278	30.0217399597
150.811119103	1009.38623047	40.2220535278	30.0217399597
150.811119103	1009.38623047	40.2220535278	30.0217399597
150.811119103	1009.38623047	40.2220535278	30.0217399597
150.811119103	1009.38623047	40.2220535278	30.0217399597
150.811119104	1009.38623047	40.2220535278	30.0217399597
150.811119104	1009.38623047	40.2220535278	30.0217399597
150.811119104	1009.38623047	40.2220535278	30.0217399597
150.811119104	1009.38623047	40.2220535278	30.0217399597
150.811119104	1009.38623047	40.2220535278	30.0217399597
150.811119104	1009.38623047	40.2220535278	30.0217399597
150.811119104	1009.38623047	40.2220535278	30.0217399597
150.811119105	1009.38623047	40.2220535278	30.0217399597
150.811119105	1009.38623047	40.2220535278	30.0217399597
150.811119105	1009.38623047	40.2220535278	30.0217399597
150.811119105	1009.38623047	40.2220535278	30.0217399597
150.811119105	1009.38623047	40.2220535278	30.0217399597
150.811119106	1009.38623047	40.2220535278	30.0217399597
150.811119106	1009.38623047	40.2220535278	30.0217399597
150.811119106	1009.38623047	40.2220535278	30.0217399597
150.811119106	1009.38623047	40.2220535278	30.0217399597
150.811119106	1009.37963867	40.2220535278	30.0579719543
150.811119107	1009.37963867	41.6196136475	30.0579719543
150.811119107	1009.37963867	41.6196136475	30.0579719543
150.811119107	1009.37963867	41.6196136475	30.0579719543
150.811119108	1009.37963867	41.6196136475	30.0579719543
150.811119108	1009.37963867	41.6196136475	30.0579719543
150.811119108	1009.37963867	41.6196136475	30.0579719543
150.811119108	1009.37963867	41.6196136475	30.0579719543
150.811119109	1009.37963867	41.6196136475	30.0579719543
150.811119109	1009.37963867	41.6196136475	30.0579719543
150.811119109	1009.37963867	41.6196136475	30.0579719543
150.811119109	1009.37963867	41.6196136475	30.0579719543
150.811119109	1009.37963867	41.6196136475	30.0579719543
150.81111911	1009.37963867	41.6196136475	30.0579719543
150.81111911	1009.37963867	41.6196136475	30.0579719543
150.81111911	1009.37963867	41.6196136475	30.0579719543
150.81111911	1009.37963867	41.6196136475	30.0579719543
150.811119111	1009.38549805	41.6196136475	30.0579719543
150.811119111	1009.38549805	41.6196136475	30.0579719543
150.811119111	1009.38549805	41.6196136475	30.0579719543
150.811119111	1009.38549805	41.6196136475	30.0579719543
150.811119112	1009.38549805	41.6196136475	30.0579719543
150.811119112	1009.38549805	41.6196136475	30.0579719543
150.811119112	1009.38549805	41.6196136475	30.0579719543
150.811119112	1009.38549805	41.6196136475	30.0579719543
150.811119113	1009.38549805	41.6196136475	30.0579719543
150.811119113	1009.38549805	41.6196136475	30.0579719543
150.811119113	1009.38549805	41.6196136475	30.0579719543
150.811119113	1009.38549805	41.6196136475	30.0579719543
150.811119113	1009.38549805	41.6196136475	30.0579719543
150.811119114	1009.38549805	41.6196136475	30.0579719543
150.811119114	1009.38549805	41.6196136475	30.0579719543
150.811119114	1009.38549805	41.6196136475	30.0579719543
150.811119114	1009.38549805	41.6196136475	30.0579719543
150.811119115	1009.38476562	38.8899536133	29.9673919678
150.811119115	1009.38476562	38.8899536133	29.9673919678
150.811119115	1009.38476562	38.8899536133	29.9673919678
150.811119116	1009.38476562	38.8899536133	29.9673919678
150.811119116	1009.38476562	38.8899536133	29.9673919678
150.811119116	1009.38476562	38.8899536133	29.9673919678
150.811119116	1009.38476562	38.8899536133	29.9673919678
150.811119116	1009.38476562	38.8899536133	29.9673919678
150.811119117	1009.38476562	38.8899536133	29.9673919678
150.811119117	1009.38476562	38.8899536133	29.9673919678
150.811119117	1009.38476562	38.8899536133	29.9673919678
150.811119117	1009.38476562	38.8899536133	29.9673919678
150.811119118	1009.38476562	38.8899536133	29.9673919678
150.811119118	1009.38476562	38.8899536133	29.9673919678
150.811119118	1009.38476562	38.8899536133	29.9673919678
150.811119118	1009.38476562	38.8899536133	29.9673919678
150.811119118	1009.38476562	38.8899536133	29.9673919678
150.811119119	1009.38623047	38.8899536133	29.9673919678
150.811119119	1009.38623047	38.8899536133	29.9673919678
150.811119119	1009.38623047	38.8899536133	29.9673919678
150.811119119	1009.38623047	38.8899536133	29.9673919678
150.81111912	1009.38623047	38.8899536133	29.9673919678
150.81111912	1009.38623047	38.8899536133	29.9673919678
150.81111912	1009.38623047	38.8899536133	29.9673919678
150.81111912	1009.38623047	38.8899536133	29.9673919678
150.811119121	1009.38623047	38.8899536133	29.9673919678
150.811119121	1009.38623047	38.8899536133	29.9673919678
150.811119121	1009.38623047	38.8899536133	29.9673919678
150.811119121	1009.38623047	38.8899536133	29.9673919678
150.811119121	1009.38623047	38.8899536133	29.9673919678
150.811119122	1009.38623047	38.8899536133	29.9673919678
150.811119122	1009.38623047	38.8899536133	29.9673919678
150.811119122	1009.38623047	38.8899536133	29.9673919678
150.811119122	1009.38623047	38.8899536133	30.2028999329
150.811119123	1009.38867188	40.4118843079	30.2028999329
150.811119123	1009.38867188	40.4118843079	30.2028999329
150.811119123	1009.38867188	40.4118843079	30.2028999329
150.811119124	1009.38867188	40.4118843079	30.2028999329
150.811119124	1009.38867188	40.4118843079	30.2028999329
150.811119124	1009.38867188	40.4118843079	30.2028999329
150.811119124	1009.38867188	40.4118843079	30.2028999329
150.811119125	1009.38867188	40.4118843079	30.2028999329
150.811119125	1009.38867188	40.4118843079	30.2028999329
150.811119125	1009.38867188	40.4118843079	30.2028999329
150.811119125	1009.38867188	40.4118843079	30.2028999329
150.811119125	1009.38867188	40.4118843079	30.2028999329
150.811119126	1009.38867188	40.4118843079	30.2028999329
150.811119126	1009.38867188	40.4118843079	30.2028999329
150.811119126	1009.38867188	40.4118843079	30.2028999329
150.811119126	1009.38867188	40.4118843079	30.2028999329
150.811119127	1009.38867188	40.4118843079	30.2028999329
150.811119127	1009.39672852	40.4118843079	30.2028999329
150.811119127	1009.39672852	40.4118843079	30.2028999329
150.811119127	1009.39672852	40.4118843079	30.2028999329
150.811119128	1009.39672852	40.4118843079	30.2028999329
150.811119128	1009.39672852	40.4118843079	30.2028999329
150.811119128	1009.39672852	40.4118843079	30.2028999329
150.811119128	1009.39672852	40.4118843079	30.2028999329
150.811119129	1009.39672852	40.4118843079	30.2028999329
150.811119129	1009.39672852	40.4118843079	30.2028999329
150.811119129	1009.39672852	40.4118843079	30.2028999329
150.811119129	1009.39672852	40.4118843079	30.2028999329
150.811119129	1009.39672852	40.4118843079	30.2028999329
150.81111913	1009.39672852	40.4118843079	30.2028999329
150.81111913	1009.39672852	40.4118843079	30.2028999329
150.81111913	1009.39672852	40.4118843079	30.2028999329
150.81111913	1009.39672852	40.4118843079	30.039855957
150.811119131	1009.39672852	42.9026184082	30.039855957
150.811119131	1009.40039062	42.9026184082	30.039855957
150.811119131	1009.40039062	42.9026184082	30.039855957
150.811119132	1009.40039062	42.9026184082	30.039855957
150.811119132	1009.40039062	42.9026184082	30.039855957
150.811119132	1009.40039062	42.9026184082	30.039855957
150.811119132	1009.40039062	42.9026184082	30.039855957
150.811119132	1009.40039062	42.9026184082	30.039855957
150.811119133	1009.40039062	42.9026184082	30.039855957
150.811119133	1009.40039062	42.9026184082	30.039855957
150.811119133	1009.40039062	42.9026184082	30.039855957
150.811119133	1009.40039062	42.9026184082	30.039855957
150.811119134	1009.40039062	42.9026184082	30.039855957
150.811119134	1009.40039062	42.9026184082	30.039855957
150.811119134	1009.40039062	42.9026184082	30.039855957
150.811119134	1009.40039062	42.9026184082	30.039855957
150.811119134	1009.40039062	42.9026184082	30.039855957
150.811119135	1009.39257812	42.9026184082	30.039855957
150.811119135	1009.39257812	42.9026184082	30.039855957
150.811119135	1009.39257812	42.9026184082	30.039855957
150.811119136	1009.39257812	42.9026184082	30.039855957
150.811119136	1009.39257812	42.9026184082	30.039855957
150.811119136	1009.39257812	42.9026184082	30.039855957
150.811119136	1009.39257812	42.9026184082	30.039855957
150.811119136	1009.39257812	42.9026184082	30.039855957
150.811119137	1009.39257812	42.9026184082	30.039855957
150.811119137	1009.39257812	42.9026184082	30.039855957
150.811119137	1009.39257812	42.9026184082	30.039855957
150.811119137	1009.39257812	42.9026184082	30.039855957
150.811119138	1009.39257812	42.9026184082	30.039855957
150.811119138	1009.39257812	42.9026184082	30.039855957
150.811119138	1009.39257812	42.9026184082	30.039855957
150.811119138	1009.39257812	42.9026184082	30.0217399597
150.811119139	1009.39257812	41.1744880676	30.0217399597
150.811119139	1009.39526367	41.1744880676	30.0217399597
150.811119139	1009.39526367	41.1744880676	30.0217399597
150.811119139	1009.39526367	41.1744880676	30.0217399597
150.81111914	1009.39526367	41.1744880676	30.0217399597
150.81111914	1009.39526367	41.1744880676	30.0217399597
150.81111914	1009.39526367	41.1744880676	30.0217399597
150.81111914	1009.39526367	41.1744880676	30.0217399597
150.811119141	1009.39526367	41.1744880676	30.0217399597
150.811119141	1009.39526367	41.1744880676	30.0217399597
150.811119141	1009.39526367	41.1744880676	30.0217399597
150.811119141	1009.39526367	41.1744880676	30.0217399597
150.811119141	1009.39526367	41.1744880676	30.0217399597
150.811119142	1009.39526367	41.1744880676	30.0217399597
150.811119142	1009.39526367	41.1744880676	30.0217399597
150.811119142	1009.39526367	41.1744880676	30.0217399597
150.811119142	1009.39526367	41.1744880676	30.0217399597
150.811119143	1009.39526367	41.1744880676	30.0217399597
150.811119143	1009.3996582	41.1744880676	30.0217399597
150.811119143	1009.3996582	41.1744880676	30.0217399597
150.811119143	1009.3996582	41.1744880676	30.0217399597
150.811119144	1009.3996582	41.1744880676	30.0217399597
150.811119144	1009.3996582	41.1744880676	30.0217399597
150.811119144	1009.3996582	41.1744880676	30.0217399597
150.811119144	1009.3996582	41.1744880676	30.0217399597
150.811119145	1009.3996582	41.1744880676	30.0217399597
150.811119145	1009.3996582	41.1744880676	30.0217399597
150.811119145	1009.3996582	41.1744880676	30.0217399597
150.811119145	1009.3996582	41.1744880676	30.0217399597
150.811119145	1009.3996582	41.1744880676	30.0217399597
150.811119146	1009.3996582	41.1744880676	30.0217399597
150.811119146	1009.3996582	41.1744880676	30.0217399597
150.811119146	1009.3996582	41.1744880676	30.0760879517
150.811119146	1009.3996582	40.0682220459	30.0760879517
150.811119147	1009.3996582	40.0682220459	30.0760879517
150.811119147	1009.39868164	40.0682220459	30.0760879517
150.811119147	1009.39868164	40.0682220459	30.0760879517
150.811119148	1009.39868164	40.0682220459	30.0760879517
150.811119148	1009.39868164	40.0682220459	30.0760879517
150.811119148	1009.39868164	40.0682220459	30.0760879517
150.811119148	1009.39868164	40.0682220459	30.0760879517
150.811119148	1009.39868164	40.0682220459	30.0760879517
150.811119149	1009.39868164	40.0682220459	30.0760879517
150.811119149	1009.39868164	40.0682220459	30.0760879517
150.811119149	1009.39868164	40.0682220459	30.0760879517
150.811119149	1009.39868164	40.0682220459	30.0760879517
150.81111915	1009.39868164	40.0682220459	30.0760879517
150.81111915	1009.39868164	40.0682220459	30.0760879517
150.81111915	1009.39868164	40.0682220459	30.0760879517
150.81111915	1009.39868164	40.0682220459	30.0760879517
150.81111915	1009.39868164	40.0682220459	30.0760879517
150.811119151	1009.39868164	40.0682220459	30.0760879517
150.811119151	1009.40405273	40.0682220459	30.0760879517
150.811119151	1009.40405273	40.0682220459	30.0760879517
150.811119152	1009.40405273	40.0682220459	30.0760879517
150.811119152	1009.40405273	40.0682220459	30.0760879517
150.811119152	1009.40405273	40.0682220459	30.0760879517
150.811119152	1009.40405273	40.0682220459	30.0760879517
150.811119152	1009.40405273	40.0682220459	30.0760879517
150.811119153	1009.40405273	40.0682220459	30.0760879517
150.811119153	1009.40405273	40.0682220459	30.0760879517
150.811119153	1009.40405273	40.0682220459	30.0760879517
150.811119153	1009.40405273	40.0682220459	30.0760879517
150.811119154	1009.40405273	40.0682220459	30.0760879517
150.811119154	1009.40405273	40.0682220459	30.0760879517
150.811119154	1009.40405273	40.0682220459	30.0036239624
150.811119154	1009.40405273	42.2840270996	30.0036239624
150.811119155	1009.40405273	42.2840270996	30.0036239624
150.811119155	1009.40405273	42.2840270996	30.0036239624
150.811119155	1009.39599609	42.2840270996	30.0036239624
150.811119155	1009.39599609	42.2840270996	30.0036239624
150.811119156	1009.39599609	42.2840270996	30.0036239624
150.811119156	1009.39599609	42.2840270996	30.0036239624
150.811119156	1009.39599609	42.2840270996	30.0036239624
150.811119156	1009.39599609	42.2840270996	30.0036239624
150.811119157	1009.39599609	42.2840270996	30.0036239624
150.811119157	1009.39599609	42.2840270996	30.0036239624
150.811119157	1009.39599609	42.2840270996	30.0036239624
150.811119157	1009.39599609	42.2840270996	30.0036239624
150.811119157	1009.39599609	42.2840270996	30.0036239624
150.811119158	1009.39599609	42.2840270996	30.0036239624
150.811119158	1009.39599609	42.2840270996	30.0036239624
150.811119158	1009.39599609	42.2840270996	30.0036239624
150.811119158	1009.39599609	42.2840270996	30.0036239624
150.811119159	1009.39599609	42.2840270996	30.0036239624
150.811119159	1009.39599609	42.2840270996	30.0036239624
150.811119159	1009.39013672	42.2840270996	30.0036239624
150.811119159	1009.39013672	42.2840270996	30.0036239624
150.81111916	1009.39013672	42.2840270996	30.0036239624
150.81111916	1009.39013672	42.2840270996	30.0036239624
150.81111916	1009.39013672	42.2840270996	30.0036239624
150.81111916	1009.39013672	42.2840270996	30.0036239624
150.811119161	1009.39013672	42.2840270996	30.0036239624
