1.8298110789	1000
time	pressure	humidity	temperature
150.81111814	1008.3605957	40.4629211426	30.6885604858
150.811118141	1008.3605957	39.6854057312	30.6885604858
150.811118141	1008.3605957	39.6854057312	30.6885604858
150.811118141	1008.3605957	39.6854057312	30.6885604858
150.811118141	1008.3605957	39.6854057312	30.6885604858
150.811118142	1008.3605957	39.6854057312	30.6885604858
150.811118142	1008.35302734	39.6854057312	30.6885604858
150.811118142	1008.35302734	39.6854057312	30.6885604858
150.811118142	1008.35302734	39.6854057312	30.6885604858
150.811118143	1008.35302734	39.6854057312	30.6885604858
150.811118143	1008.35302734	39.6854057312	30.6885604858
150.811118143	1008.35302734	39.6854057312	30.6885604858
150.811118143	1008.35302734	39.6854057312	30.6885604858
150.811118144	1008.35302734	39.6854057312	30.6885604858
150.811118144	1008.35302734	39.6854057312	30.6885604858
150.811118144	1008.35302734	39.6854057312	30.6885604858
150.811118144	1008.35302734	39.6854057312	30.6885604858
150.811118144	1008.35302734	39.6854057312	30.6885604858
150.811118145	1008.35302734	39.6854057312	30.6885604858
150.811118145	1008.35302734	39.6854057312	30.6885604858
150.811118145	1008.35302734	39.6854057312	30.6885604858
150.811118145	1008.35302734	39.6854057312	30.6885604858
150.811118146	1008.35302734	39.6854057312	30.6885604858
150.811118146	1008.35302734	39.6854057312	30.6885604858
150.811118146	1008.35302734	39.6854057312	30.6885604858
150.811118146	1008.35302734	39.6854057312	30.6885604858
150.811118147	1008.35302734	39.6854057312	30.6885604858
150.811118147	1008.35302734	39.6854057312	30.6885604858
150.811118147	1008.35302734	39.6854057312	30.6885604858
150.811118147	1008.35302734	39.6854057312	30.6885604858
150.811118148	1008.35302734	39.6854057312	30.6885604858
150.811118148	1008.35302734	39.6854057312	30.6885604858
150.811118148	1008.35302734	39.6854057312	30.6885604858
150.811118148	1008.35302734	39.6854057312	30.6529407501
150.811118148	1008.35302734	42.7497253418	30.6529407501
150.811118149	1008.35302734	42.7497253418	30.6529407501
150.811118149	1008.35302734	42.7497253418	30.6529407501
150.811118149	1008.35302734	42.7497253418	30.6529407501
150.811118149	1008.35302734	42.7497253418	30.6529407501
150.81111815	1008.35302734	42.7497253418	30.6529407501
150.81111815	1008.3503418	42.7497253418	30.6529407501
150.81111815	1008.3503418	42.7497253418	30.6529407501
150.811118151	1008.3503418	42.7497253418	30.6529407501
150.811118151	1008.3503418	42.7497253418	30.6529407501
150.811118151	1008.3503418	42.7497253418	30.6529407501
150.811118151	1008.3503418	42.7497253418	30.6529407501
150.811118151	1008.3503418	42.7497253418	30.6529407501
150.811118152	1008.3503418	42.7497253418	30.6529407501
150.811118152	1008.3503418	42.7497253418	30.6529407501
150.811118152	1008.3503418	42.7497253418	30.6529407501
150.811118152	1008.3503418	42.7497253418	30.6529407501
150.811118153	1008.3503418	42.7497253418	30.6529407501
150.811118153	1008.3503418	42.7497253418	30.6529407501
150.811118153	1008.3503418	42.7497253418	30.6529407501
150.811118153	1008.3503418	42.7497253418	30.6529407501
150.811118153	1008.3503418	42.7497253418	30.6529407501
150.811118154	1008.3503418	42.7497253418	30.6529407501
150.811118154	1008.3503418	42.7497253418	30.6529407501
150.811118154	1008.35009766	42.7497253418	30.6529407501
150.811118154	1008.35009766	42.7497253418	30.6529407501
150.811118155	1008.35009766	42.7497253418	30.6529407501
150.811118155	1008.35009766	42.7497253418	30.6529407501
150.811118155	1008.35009766	42.7497253418	30.6529407501
150.811118155	1008.35009766	42.7497253418	30.6529407501
150.811118156	1008.35009766	42.7497253418	30.6529407501
150.811118156	1008.35009766	42.7497253418	30.6529407501
150.811118156	1008.35009766	42.7497253418	30.5460777283
150.811118156	1008.35009766	39.8095474243	30.5460777283
150.811118157	1008.35009766	39.8095474243	30.5460777283
150.811118157	1008.35009766	39.8095474243	30.5460777283
150.811118157	1008.35009766	39.8095474243	30.5460777283
150.811118157	1008.35009766	39.8095474243	30.5460777283
150.811118158	1008.35009766	39.8095474243	30.5460777283
150.811118158	1008.35009766	39.8095474243	30.5460777283
150.811118158	1008.35009766	39.8095474243	30.5460777283
150.811118158	1008.35742188	39.8095474243	30.5460777283
150.811118159	1008.35742188	39.8095474243	30.5460777283
150.811118159	1008.35742188	39.8095474243	30.5460777283
150.811118159	1008.35742188	39.8095474243	30.5460777283
150.811118159	1008.35742188	39.8095474243	30.5460777283
150.811118159	1008.35742188	39.8095474243	30.5460777283
150.81111816	1008.35742188	39.8095474243	30.5460777283
150.81111816	1008.35742188	39.8095474243	30.5460777283
150.81111816	1008.35742188	39.8095474243	30.5460777283
150.81111816	1008.35742188	39.8095474243	30.5460777283
150.811118161	1008.35742188	39.8095474243	30.5460777283
150.811118161	1008.35742188	39.8095474243	30.5460777283
150.811118161	1008.35742188	39.8095474243	30.5460777283
150.811118161	1008.35742188	39.8095474243	30.5460777283
150.811118161	1008.35742188	39.8095474243	30.5460777283
150.811118162	1008.35742188	39.8095474243	30.5460777283
150.811118162	1008.35742188	39.8095474243	30.5460777283
150.811118162	1008.35742188	39.8095474243	30.5460777283
150.811118162	1008.35449219	39.8095474243	30.5460777283
150.811118163	1008.35449219	39.8095474243	30.5460777283
150.811118163	1008.35449219	39.8095474243	30.5460777283
150.811118163	1008.35449219	39.8095474243	30.5460777283
150.811118163	1008.35449219	39.8095474243	30.5460777283
150.811118164	1008.35449219	39.8095474243	30.5460777283
150.811118164	1008.35449219	39.8095474243	30.759803772
150.811118164	1008.35449219	42.6941871643	30.759803772
150.811118164	1008.35449219	42.6941871643	30.759803772
150.811118165	1008.35449219	42.6941871643	30.759803772
150.811118165	1008.35449219	42.6941871643	30.759803772
150.811118165	1008.35449219	42.6941871643	30.759803772
150.811118165	1008.35449219	42.6941871643	30.759803772
150.811118166	1008.35449219	42.6941871643	30.759803772
150.811118166	1008.35449219	42.6941871643	30.759803772
150.811118166	1008.35449219	42.6941871643	30.759803772
150.811118166	1008.35449219	42.6941871643	30.759803772
150.811118166	1008.35717773	42.6941871643	30.759803772
150.811118167	1008.35717773	42.6941871643	30.759803772
150.811118167	1008.35717773	42.6941871643	30.759803772
150.811118167	1008.35717773	42.6941871643	30.759803772
150.811118168	1008.35717773	42.6941871643	30.759803772
150.811118168	1008.35717773	42.6941871643	30.759803772
150.811118168	1008.35717773	42.6941871643	30.759803772
150.811118168	1008.35717773	42.6941871643	30.759803772
150.811118168	1008.35717773	42.6941871643	30.759803772
150.811118169	1008.35717773	42.6941871643	30.759803772
150.811118169	1008.35717773	42.6941871643	30.759803772
150.811118169	1008.35717773	42.6941871643	30.759803772
150.811118169	1008.35717773	42.6941871643	30.759803772
150.81111817	1008.35717773	42.6941871643	30.759803772
150.81111817	1008.35717773	42.6941871643	30.759803772
150.81111817	1008.35717773	42.6941871643	30.759803772
150.81111817	1008.35717773	42.6941871643	30.759803772
150.81111817	1008.35888672	42.6941871643	30.759803772
150.811118171	1008.35888672	42.6941871643	30.759803772
150.811118171	1008.35888672	42.6941871643	30.759803772
150.811118171	1008.35888672	42.6941871643	30.759803772
150.811118172	1008.35888672	42.6941871643	30.759803772
150.811118172	1008.35888672	42.6941871643	30.5995101929
150.811118172	1008.35888672	36.7256240845	30.5995101929
150.811118172	1008.35888672	36.7256240845	30.5995101929
150.811118173	1008.35888672	36.7256240845	30.5995101929
150.811118173	1008.35888672	36.7256240845	30.5995101929
150.811118173	1008.35888672	36.7256240845	30.5995101929
150.811118173	1008.35888672	36.7256240845	30.5995101929
150.811118173	1008.35888672	36.7256240845	30.5995101929
150.811118174	1008.35888672	36.7256240845	30.5995101929
150.811118174	1008.35888672	36.7256240845	30.5995101929
150.811118174	1008.35888672	36.7256240845	30.5995101929
150.811118174	1008.35888672	36.7256240845	30.5995101929
150.811118175	1008.36108398	36.7256240845	30.5995101929
150.811118175	1008.36108398	36.7256240845	30.5995101929
150.811118175	1008.36108398	36.7256240845	30.5995101929
150.811118175	1008.36108398	36.7256240845	30.5995101929
150.811118176	1008.36108398	36.7256240845	30.5995101929
150.811118176	1008.36108398	36.7256240845	30.5995101929
150.811118176	1008.36108398	36.7256240845	30.5995101929
150.811118176	1008.36108398	36.7256240845	30.5995101929
150.811118177	1008.36108398	36.7256240845	30.5995101929
150.811118177	1008.36108398	36.7256240845	30.5995101929
150.811118177	1008.36108398	36.7256240845	30.5995101929
150.811118177	1008.36108398	36.7256240845	30.5995101929
150.811118177	1008.36108398	36.7256240845	30.5995101929
150.811118178	1008.36108398	36.7256240845	30.5995101929
150.811118178	1008.36108398	36.7256240845	30.5995101929
150.811118178	1008.36108398	36.7256240845	30.5995101929
150.811118178	1008.36108398	36.7256240845	30.5995101929
150.811118179	1008.36108398	36.7256240845	30.5995101929
150.811118179	1008.36083984	36.7256240845	30.5995101929
150.811118179	1008.36083984	36.7256240845	30.5995101929
150.811118179	1008.36083984	36.7256240845	30.5995101929
150.81111818	1008.36083984	36.7256240845	30.7419929504
150.81111818	1008.36083984	39.3260498047	30.7419929504
150.81111818	1008.36083984	39.3260498047	30.7419929504
150.81111818	1008.36083984	39.3260498047	30.7419929504
150.811118181	1008.36083984	39.3260498047	30.7419929504
150.811118181	1008.36083984	39.3260498047	30.7419929504
150.811118181	1008.36083984	39.3260498047	30.7419929504
150.811118181	1008.36083984	39.3260498047	30.7419929504
150.811118182	1008.36083984	39.3260498047	30.7419929504
150.811118182	1008.36083984	39.3260498047	30.7419929504
150.811118182	1008.36083984	39.3260498047	30.7419929504
150.811118182	1008.36083984	39.3260498047	30.7419929504
150.811118182	1008.36083984	39.3260498047	30.7419929504
150.811118183	1008.36083984	39.3260498047	30.7419929504
150.811118183	1008.36694336	39.3260498047	30.7419929504
150.811118183	1008.36694336	39.3260498047	30.7419929504
150.811118184	1008.36694336	39.3260498047	30.7419929504
150.811118184	1008.36694336	39.3260498047	30.7419929504
150.811118184	1008.36694336	39.3260498047	30.7419929504
150.811118184	1008.36694336	39.3260498047	30.7419929504
150.811118184	1008.36694336	39.3260498047	30.7419929504
150.811118185	1008.36694336	39.3260498047	30.7419929504
150.811118185	1008.36694336	39.3260498047	30.7419929504
150.811118185	1008.36694336	39.3260498047	30.7419929504
150.811118185	1008.36694336	39.3260498047	30.7419929504
150.811118186	1008.36694336	39.3260498047	30.7419929504
150.811118186	1008.36694336	39.3260498047	30.7419929504
150.811118186	1008.36694336	39.3260498047	30.7419929504
150.811118186	1008.36694336	39.3260498047	30.7419929504
150.811118186	1008.36694336	39.3260498047	30.7419929504
150.811118187	1008.36694336	39.3260498047	30.7419929504
150.811118187	1008.36694336	39.3260498047	30.7419929504
150.811118187	1008.36352539	39.3260498047	30.7419929504
150.811118187	1008.36352539	39.3260498047	30.7241821289
150.811118188	1008.36352539	42.1290206909	30.7241821289
150.811118188	1008.36352539	42.1290206909	30.7241821289
150.811118188	1008.36352539	42.1290206909	30.7241821289
150.811118189	1008.36352539	42.1290206909	30.7241821289
150.811118189	1008.36352539	42.1290206909	30.7241821289
150.811118189	1008.36352539	42.1290206909	30.7241821289
150.811118189	1008.36352539	42.1290206909	30.7241821289
150.811118189	1008.36352539	42.1290206909	30.7241821289
150.81111819	1008.36352539	42.1290206909	30.7241821289
150.81111819	1008.36352539	42.1290206909	30.7241821289
150.81111819	1008.36352539	42.1290206909	30.7241821289
150.81111819	1008.36352539	42.1290206909	30.7241821289
150.811118191	1008.36352539	42.1290206909	30.7241821289
150.811118191	1008.36352539	42.1290206909	30.7241821289
150.811118191	1008.36352539	42.1290206909	30.7241821289
150.811118191	1008.36816406	42.1290206909	30.7241821289
150.811118192	1008.36816406	42.1290206909	30.7241821289
150.811118192	1008.36816406	42.1290206909	30.7241821289
150.811118192	1008.36816406	42.1290206909	30.7241821289
150.811118192	1008.36816406	42.1290206909	30.7241821289
150.811118192	1008.36816406	42.1290206909	30.7241821289
150.811118193	1008.36816406	42.1290206909	30.7241821289
150.811118193	1008.36816406	42.1290206909	30.7241821289
150.811118193	1008.36816406	42.1290206909	30.7241821289
150.811118193	1008.36816406	42.1290206909	30.7241821289
150.811118194	1008.36816406	42.1290206909	30.7241821289
150.811118194	1008.36816406	42.1290206909	30.7241821289
150.811118194	1008.36816406	42.1290206909	30.7241821289
150.811118194	1008.36816406	42.1290206909	30.7241821289
150.811118194	1008.36816406	42.1290206909	30.7241821289
150.811118195	1008.36816406	42.1290206909	30.7241821289
150.811118195	1008.36816406	42.1290206909	30.7241821289
150.811118195	1008.3684082	42.1290206909	30.7241821289
150.811118196	1008.3684082	38.3655929565	30.7241821289
150.811118196	1008.3684082	38.3655929565	30.7241821289
150.811118196	1008.3684082	38.3655929565	30.7241821289
150.811118196	1008.3684082	38.3655929565	30.7241821289
150.811118197	1008.3684082	38.3655929565	30.7241821289
150.811118197	1008.3684082	38.3655929565	30.7241821289
150.811118197	1008.3684082	38.3655929565	30.7241821289
150.811118197	1008.3684082	38.3655929565	30.7241821289
150.811118197	1008.3684082	38.3655929565	30.7241821289
150.811118198	1008.3684082	38.3655929565	30.7241821289
150.811118198	1008.3684082	38.3655929565	30.7241821289
150.811118198	1008.3684082	38.3655929565	30.7241821289
150.811118198	1008.3684082	38.3655929565	30.7241821289
150.811118199	1008.3684082	38.3655929565	30.7241821289
150.811118199	1008.3684082	38.3655929565	30.7241821289
150.811118199	1008.3684082	38.3655929565	30.7241821289
150.811118199	1008.37011719	38.3655929565	30.7241821289
150.8111182	1008.37011719	38.3655929565	30.7241821289
150.8111182	1008.37011719	38.3655929565	30.7241821289
150.8111182	1008.37011719	38.3655929565	30.7241821289
150.8111182	1008.37011719	38.3655929565	30.7241821289
150.811118201	1008.37011719	38.3655929565	30.7241821289
150.811118201	1008.37011719	38.3655929565	30.7241821289
150.811118201	1008.37011719	38.3655929565	30.7241821289
150.811118201	1008.37011719	38.3655929565	30.7241821289
150.811118201	1008.37011719	38.3655929565	30.7241821289
150.811118202	1008.37011719	38.3655929565	30.7241821289
150.811118202	1008.37011719	38.3655929565	30.7241821289
150.811118202	1008.37011719	38.3655929565	30.7241821289
150.811118202	1008.37011719	38.3655929565	30.7241821289
150.811118203	1008.37011719	38.3655929565	30.7241821289
150.811118203	1008.37011719	38.3655929565	30.7241821289
150.811118203	1008.37011719	38.3655929565	30.7241821289
150.811118203	1008.37011719	38.3655929565	30.7241821289
150.811118204	1008.36889648	42.0702171326	30.7241821289
150.811118204	1008.36889648	42.0702171326	30.7241821289
150.811118204	1008.36889648	42.0702171326	30.7241821289
150.811118204	1008.36889648	42.0702171326	30.7241821289
150.811118205	1008.36889648	42.0702171326	30.7241821289
150.811118205	1008.36889648	42.0702171326	30.7241821289
150.811118205	1008.36889648	42.0702171326	30.7241821289
150.811118205	1008.36889648	42.0702171326	30.7241821289
150.811118206	1008.36889648	42.0702171326	30.7241821289
150.811118206	1008.36889648	42.0702171326	30.7241821289
150.811118206	1008.36889648	42.0702171326	30.7241821289
150.811118206	1008.36889648	42.0702171326	30.7241821289
150.811118206	1008.36889648	42.0702171326	30.7241821289
150.811118207	1008.36889648	42.0702171326	30.7241821289
150.811118207	1008.36889648	42.0702171326	30.7241821289
150.811118207	1008.36889648	42.0702171326	30.7241821289
150.811118207	1008.36889648	42.0702171326	30.7241821289
150.811118208	1008.36523438	42.0702171326	30.7241821289
150.811118208	1008.36523438	42.0702171326	30.7241821289
150.811118208	1008.36523438	42.0702171326	30.7241821289
150.811118208	1008.36523438	42.0702171326	30.7241821289
150.811118209	1008.36523438	42.0702171326	30.7241821289
150.811118209	1008.36523438	42.0702171326	30.7241821289
150.811118209	1008.36523438	42.0702171326	30.7241821289
150.811118209	1008.36523438	42.0702171326	30.7241821289
150.81111821	1008.36523438	42.0702171326	30.7241821289
150.81111821	1008.36523438	42.0702171326	30.7241821289
150.81111821	1008.36523438	42.0702171326	30.7241821289
150.81111821	1008.36523438	42.0702171326	30.7241821289
150.81111821	1008.36523438	42.0702171326	30.7241821289
150.811118211	1008.36523438	42.0702171326	30.7241821289
150.811118211	1008.36523438	42.0702171326	30.7241821289
150.811118211	1008.36523438	42.0702171326	30.6351299286
150.811118211	1008.36523438	41.8905410767	30.6351299286
150.811118212	1008.36743164	41.8905410767	30.6351299286
150.811118212	1008.36743164	41.8905410767	30.6351299286
150.811118212	1008.36743164	41.8905410767	30.6351299286
150.811118213	1008.36743164	41.8905410767	30.6351299286
150.811118213	1008.36743164	41.8905410767	30.6351299286
150.811118213	1008.36743164	41.8905410767	30.6351299286
150.811118213	1008.36743164	41.8905410767	30.6351299286
150.811118213	1008.36743164	41.8905410767	30.6351299286
150.811118214	1008.36743164	41.8905410767	30.6351299286
150.811118214	1008.36743164	41.8905410767	30.6351299286
150.811118214	1008.36743164	41.8905410767	30.6351299286
150.811118214	1008.36743164	41.8905410767	30.6351299286
150.811118215	1008.36743164	41.8905410767	30.6351299286
150.811118215	1008.36743164	41.8905410767	30.6351299286
150.811118215	1008.36743164	41.8905410767	30.6351299286
150.811118215	1008.36743164	41.8905410767	30.6351299286
150.811118215	1008.36743164	41.8905410767	30.6351299286
150.811118216	1008.36938477	41.8905410767	30.6351299286
150.811118216	1008.36938477	41.8905410767	30.6351299286
150.811118216	1008.36938477	41.8905410767	30.6351299286
150.811118216	1008.36938477	41.8905410767	30.6351299286
150.811118217	1008.36938477	41.8905410767	30.6351299286
150.811118217	1008.36938477	41.8905410767	30.6351299286
150.811118217	1008.36938477	41.8905410767	30.6351299286
150.811118217	1008.36938477	41.8905410767	30.6351299286
150.811118218	1008.36938477	41.8905410767	30.6351299286
150.811118218	1008.36938477	41.8905410767	30.6351299286
150.811118218	1008.36938477	41.8905410767	30.6351299286
150.811118218	1008.36938477	41.8905410767	30.6351299286
150.811118218	1008.36938477	41.8905410767	30.6351299286
150.811118219	1008.36938477	41.8905410767	30.6351299286
150.811118219	1008.36938477	41.8905410767	30.6707515717
150.811118219	1008.36938477	37.6436157227	30.6707515717
150.81111822	1008.36938477	37.6436157227	30.6707515717
150.81111822	1008.36303711	37.6436157227	30.6707515717
150.81111822	1008.36303711	37.6436157227	30.6707515717
150.81111822	1008.36303711	37.6436157227	30.6707515717
150.811118221	1008.36303711	37.6436157227	30.6707515717
150.811118221	1008.36303711	37.6436157227	30.6707515717
150.811118221	1008.36303711	37.6436157227	30.6707515717
150.811118221	1008.36303711	37.6436157227	30.6707515717
150.811118222	1008.36303711	37.6436157227	30.6707515717
150.811118222	1008.36303711	37.6436157227	30.6707515717
150.811118222	1008.36303711	37.6436157227	30.6707515717
150.811118222	1008.36303711	37.6436157227	30.6707515717
150.811118222	1008.36303711	37.6436157227	30.6707515717
150.811118223	1008.36303711	37.6436157227	30.6707515717
150.811118223	1008.36303711	37.6436157227	30.6707515717
150.811118223	1008.36303711	37.6436157227	30.6707515717
150.811118223	1008.36303711	37.6436157227	30.6707515717
150.811118224	1008.36303711	37.6436157227	30.6707515717
150.811118224	1008.36303711	37.6436157227	30.6707515717
150.811118224	1008.36376953	37.6436157227	30.6707515717
150.811118224	1008.36376953	37.6436157227	30.6707515717
150.811118225	1008.36376953	37.6436157227	30.6707515717
150.811118225	1008.36376953	37.6436157227	30.6707515717
150.811118225	1008.36376953	37.6436157227	30.6707515717
150.811118225	1008.36376953	37.6436157227	30.6707515717
150.811118225	1008.36376953	37.6436157227	30.6707515717
150.811118226	1008.36376953	37.6436157227	30.6707515717
150.811118226	1008.36376953	37.6436157227	30.6707515717
150.811118226	1008.36376953	37.6436157227	30.6707515717
150.811118226	1008.36376953	37.6436157227	30.6707515717
150.811118227	1008.36376953	37.6436157227	30.6707515717
150.811118227	1008.36376953	37.6436157227	30.5638885498
150.811118227	1008.36376953	42.2106933594	30.5638885498
150.811118227	1008.36376953	42.2106933594	30.5638885498
150.811118228	1008.36376953	42.2106933594	30.5638885498
150.811118228	1008.36376953	42.2106933594	30.5638885498
150.811118228	1008.3581543	42.2106933594	30.5638885498
150.811118228	1008.3581543	42.2106933594	30.5638885498
150.811118229	1008.3581543	42.2106933594	30.5638885498
150.811118229	1008.3581543	42.2106933594	30.5638885498
150.811118229	1008.3581543	42.2106933594	30.5638885498
150.811118229	1008.3581543	42.2106933594	30.5638885498
150.81111823	1008.3581543	42.2106933594	30.5638885498
150.81111823	1008.3581543	42.2106933594	30.5638885498
150.81111823	1008.3581543	42.2106933594	30.5638885498
150.81111823	1008.3581543	42.2106933594	30.5638885498
150.81111823	1008.3581543	42.2106933594	30.5638885498
150.811118231	1008.3581543	42.2106933594	30.5638885498
150.811118231	1008.3581543	42.2106933594	30.5638885498
150.811118231	1008.3581543	42.2106933594	30.5638885498
150.811118231	1008.3581543	42.2106933594	30.5638885498
150.811118232	1008.3581543	42.2106933594	30.5638885498
150.811118232	1008.3581543	42.2106933594	30.5638885498
150.811118232	1008.3581543	42.2106933594	30.5638885498
150.811118232	1008.35717773	42.2106933594	30.5638885498
150.811118233	1008.35717773	42.2106933594	30.5638885498
150.811118233	1008.35717773	42.2106933594	30.5638885498
150.811118233	1008.35717773	42.2106933594	30.5638885498
150.811118233	1008.35717773	42.2106933594	30.5638885498
150.811118234	1008.35717773	42.2106933594	30.5638885498
150.811118234	1008.35717773	42.2106933594	30.5638885498
150.811118234	1008.35717773	42.2106933594	30.5638885498
150.811118234	1008.35717773	42.2106933594	30.5638885498
150.811118234	1008.35717773	42.2106933594	30.5638885498
150.811118235	1008.35717773	42.2106933594	30.6173210144
150.811118235	1008.35717773	41.2371673584	30.6173210144
150.811118235	1008.35717773	41.2371673584	30.6173210144
150.811118236	1008.35717773	41.2371673584	30.6173210144
150.811118236	1008.35717773	41.2371673584	30.6173210144
150.811118236	1008.35717773	41.2371673584	30.6173210144
150.811118236	1008.35717773	41.2371673584	30.6173210144
150.811118236	1008.35839844	41.2371673584	30.6173210144
150.811118237	1008.35839844	41.2371673584	30.6173210144
150.811118237	1008.35839844	41.2371673584	30.6173210144
150.811118237	1008.35839844	41.2371673584	30.6173210144
150.811118237	1008.35839844	41.2371673584	30.6173210144
150.811118238	1008.35839844	41.2371673584	30.6173210144
150.811118238	1008.35839844	41.2371673584	30.6173210144
150.811118238	1008.35839844	41.2371673584	30.6173210144
150.811118238	1008.35839844	41.2371673584	30.6173210144
150.811118239	1008.35839844	41.2371673584	30.6173210144
150.811118239	1008.35839844	41.2371673584	30.6173210144
150.811118239	1008.35839844	41.2371673584	30.6173210144
150.811118239	1008.35839844	41.2371673584	30.6173210144
150.811118239	1008.35839844	41.2371673584	30.6173210144
150.81111824	1008.35839844	41.2371673584	30.6173210144
150.81111824	1008.35839844	41.2371673584	30.6173210144
150.81111824	1008.35839844	41.2371673584	30.6173210144
150.81111824	1008.35742188	41.2371673584	30.6173210144
150.811118241	1008.35742188	41.2371673584	30.6173210144
150.811118241	1008.35742188	41.2371673584	30.6173210144
150.811118241	1008.35742188	41.2371673584	30.6173210144
150.811118241	1008.35742188	41.2371673584	30.6173210144
150.811118242	1008.35742188	41.2371673584	30.6173210144
150.811118242	1008.35742188	41.2371673584	30.6173210144
150.811118242	1008.35742188	41.2371673584	30.6173210144
150.811118242	1008.35742188	41.2371673584	30.6173210144
150.811118243	1008.35742188	41.2371673584	30.759803772
150.811118243	1008.35742188	42.6745872498	30.759803772
150.811118243	1008.35742188	42.6745872498	30.759803772
150.811118243	1008.35742188	42.6745872498	30.759803772
150.811118244	1008.35742188	42.6745872498	30.759803772
150.811118244	1008.35742188	42.6745872498	30.759803772
150.811118244	1008.35742188	42.6745872498	30.759803772
150.811118244	1008.35742188	42.6745872498	30.759803772
150.811118244	1008.35498047	42.6745872498	30.759803772
150.811118245	1008.35498047	42.6745872498	30.759803772
150.811118245	1008.35498047	42.6745872498	30.759803772
150.811118245	1008.35498047	42.6745872498	30.759803772
150.811118246	1008.35498047	42.6745872498	30.759803772
150.811118246	1008.35498047	42.6745872498	30.759803772
150.811118246	1008.35498047	42.6745872498	30.759803772
150.811118246	1008.35498047	42.6745872498	30.759803772
150.811118246	1008.35498047	42.6745872498	30.759803772
150.811118247	1008.35498047	42.6745872498	30.759803772
150.811118247	1008.35498047	42.6745872498	30.759803772
150.811118247	1008.35498047	42.6745872498	30.759803772
150.811118247	1008.35498047	42.6745872498	30.759803772
150.811118248	1008.35498047	42.6745872498	30.759803772
150.811118248	1008.35498047	42.6745872498	30.759803772
150.811118248	1008.35498047	42.6745872498	30.759803772
150.811118248	1008.35498047	42.6745872498	30.759803772
150.811118248	1008.35498047	42.6745872498	30.759803772
150.811118249	1008.36083984	42.6745872498	30.759803772
150.811118249	1008.36083984	42.6745872498	30.759803772
150.811118249	1008.36083984	42.6745872498	30.759803772
150.81111825	1008.36083984	42.6745872498	30.759803772
150.81111825	1008.36083984	42.6745872498	30.759803772
150.81111825	1008.36083984	42.6745872498	30.759803772
150.81111825	1008.36083984	42.6745872498	30.759803772
150.81111825	1008.36083984	42.6745872498	30.7419929504
150.811118251	1008.36083984	38.2218513489	30.7419929504
150.811118251	1008.36083984	38.2218513489	30.7419929504
150.811118251	1008.36083984	38.2218513489	30.7419929504
150.811118251	1008.36083984	38.2218513489	30.7419929504
150.811118252	1008.36083984	38.2218513489	30.7419929504
150.811118252	1008.36083984	38.2218513489	30.7419929504
150.811118252	1008.36083984	38.2218513489	30.7419929504
150.811118252	1008.36083984	38.2218513489	30.7419929504
150.811118253	1008.36083984	38.2218513489	30.7419929504
150.811118253	1008.35864258	38.2218513489	30.7419929504
150.811118253	1008.35864258	38.2218513489	30.7419929504
150.811118253	1008.35864258	38.2218513489	30.7419929504
150.811118254	1008.35864258	38.2218513489	30.7419929504
150.811118254	1008.35864258	38.2218513489	30.7419929504
150.811118254	1008.35864258	38.2218513489	30.7419929504
150.811118254	1008.35864258	38.2218513489	30.7419929504
150.811118255	1008.35864258	38.2218513489	30.7419929504
150.811118255	1008.35864258	38.2218513489	30.7419929504
150.811118255	1008.35864258	38.2218513489	30.7419929504
150.811118255	1008.35864258	38.2218513489	30.7419929504
150.811118255	1008.35864258	38.2218513489	30.7419929504
150.811118256	1008.35864258	38.2218513489	30.7419929504
150.811118256	1008.35864258	38.2218513489	30.7419929504
150.811118256	1008.35864258	38.2218513489	30.7419929504
150.811118256	1008.35864258	38.2218513489	30.7419929504
150.811118257	1008.35864258	38.2218513489	30.7419929504
150.811118257	1008.35693359	38.2218513489	30.7419929504
150.811118257	1008.35693359	38.2218513489	30.7419929504
150.811118257	1008.35693359	38.2218513489	30.7419929504
150.811118258	1008.35693359	38.2218513489	30.7419929504
150.811118258	1008.35693359	38.2218513489	30.7419929504
150.811118258	1008.35693359	38.2218513489	30.7419929504
150.811118258	1008.35693359	38.2218513489	30.6707515717
150.811118259	1008.35693359	40.587059021	30.6707515717
150.811118259	1008.35693359	40.587059021	30.6707515717
150.811118259	1008.35693359	40.587059021	30.6707515717
150.811119055	1009.2019043	40.2147369385	31.0356178284
150.811119059	1009.2019043	40.2147369385	31.0356178284
150.811119059	1009.2019043	40.2147369385	31.0356178284
150.811119059	1009.2019043	40.2147369385	31.0356178284
150.811119059	1009.2019043	40.2147369385	31.0356178284
150.811119059	1009.2019043	40.2147369385	31.0356178284
150.811119059	1009.2019043	40.2147369385	31.0356178284
150.81111906	1009.2019043	40.2147369385	31.0356178284
150.81111906	1009.2019043	40.2147369385	31.0356178284
150.81111906	1009.2019043	40.2147369385	31.0722446442
150.81111906	1009.2019043	40.2147369385	31.0722446442
150.81111906	1009.2019043	39.342464447	31.0722446442
150.81111906	1009.2019043	39.342464447	31.0722446442
150.811119061	1009.2019043	39.342464447	31.0722446442
150.811119061	1009.2019043	39.342464447	31.0722446442
150.811119061	1009.2019043	39.342464447	31.0722446442
150.811119061	1009.2019043	39.342464447	31.0722446442
150.811119061	1009.2019043	39.342464447	31.0722446442
150.811119061	1009.2019043	39.342464447	31.0722446442
150.811119061	1009.2019043	39.342464447	31.0722446442
150.811119061	1009.2019043	39.342464447	31.0722446442
150.811119062	1009.2019043	39.342464447	31.0722446442
150.811119062	1009.2019043	39.342464447	31.0722446442
150.811119062	1009.2019043	39.342464447	31.0722446442
150.811119062	1009.19897461	39.342464447	31.0722446442
150.811119062	1009.19897461	39.342464447	31.0722446442
150.811119062	1009.19897461	39.342464447	31.0722446442
150.811119063	1009.19897461	39.342464447	31.0722446442
150.811119063	1009.19897461	39.342464447	31.0722446442
150.811119063	1009.19897461	39.342464447	31.0722446442
150.811119063	1009.19897461	39.342464447	31.0722446442
150.811119063	1009.19897461	39.342464447	31.0722446442
150.811119063	1009.19897461	39.342464447	31.0722446442
150.811119063	1009.19897461	39.342464447	31.0722446442
150.811119063	1009.19897461	39.342464447	31.0722446442
150.811119064	1009.19897461	39.342464447	31.0722446442
150.811119064	1009.19897461	39.342464447	31.0722446442
150.811119064	1009.19897461	39.342464447	31.0722446442
150.811119064	1009.19897461	39.342464447	31.0722446442
150.811119064	1009.19897461	39.342464447	31.0722446442
150.811119064	1009.19897461	39.342464447	31.0722446442
150.811119064	1009.19897461	39.342464447	31.0722446442
150.811119065	1009.19897461	39.342464447	31.0722446442
150.811119065	1009.19897461	39.342464447	31.0722446442
150.811119065	1009.19897461	39.342464447	31.0722446442
150.811119065	1009.19897461	39.342464447	31.0722446442
150.811119065	1009.19897461	39.342464447	31.0722446442
150.811119065	1009.19897461	39.342464447	31.0722446442
150.811119065	1009.19897461	39.342464447	31.0722446442
150.811119066	1009.19897461	39.342464447	31.0722446442
150.811119066	1009.19897461	39.342464447	31.0722446442
150.811119066	1009.19897461	39.342464447	31.0722446442
150.811119066	1009.19897461	39.342464447	31.0722446442
150.811119066	1009.19580078	39.342464447	31.0722446442
150.811119066	1009.19580078	39.342464447	31.0722446442
150.811119066	1009.19580078	39.342464447	31.0722446442
150.811119067	1009.19580078	39.342464447	31.0722446442
150.811119067	1009.19580078	39.342464447	31.0722446442
150.811119067	1009.19580078	39.342464447	31.0722446442
150.811119067	1009.19580078	39.342464447	31.0722446442
150.811119067	1009.19580078	39.342464447	31.0722446442
150.811119067	1009.19580078	39.342464447	31.0722446442
150.811119067	1009.19580078	39.342464447	31.0722446442
150.811119068	1009.19580078	39.342464447	31.0722446442
150.811119068	1009.19580078	39.342464447	31.0722446442
150.811119068	1009.19580078	39.342464447	31.0722446442
150.811119068	1009.19580078	39.342464447	30.9623641968
150.811119068	1009.19580078	39.342464447	30.9623641968
150.811119068	1009.19580078	39.8243255615	30.9623641968
150.811119068	1009.19580078	39.8243255615	30.9623641968
150.811119069	1009.19580078	39.8243255615	30.9623641968
150.811119069	1009.19580078	39.8243255615	30.9623641968
150.811119069	1009.19580078	39.8243255615	30.9623641968
150.811119069	1009.19580078	39.8243255615	30.9623641968
150.811119069	1009.19580078	39.8243255615	30.9623641968
150.811119069	1009.19580078	39.8243255615	30.9623641968
150.811119069	1009.19580078	39.8243255615	30.9623641968
150.81111907	1009.19580078	39.8243255615	30.9623641968
150.81111907	1009.19580078	39.8243255615	30.9623641968
150.81111907	1009.19580078	39.8243255615	30.9623641968
150.81111907	1009.19580078	39.8243255615	30.9623641968
150.81111907	1009.19018555	39.8243255615	30.9623641968
150.81111907	1009.19018555	39.8243255615	30.9623641968
150.81111907	1009.19018555	39.8243255615	30.9623641968
150.811119071	1009.19018555	39.8243255615	30.9623641968
150.811119071	1009.19018555	39.8243255615	30.9623641968
150.811119071	1009.19018555	39.8243255615	30.9623641968
150.811119071	1009.19018555	39.8243255615	30.9623641968
150.811119071	1009.19018555	39.8243255615	30.9623641968
150.811119071	1009.19018555	39.8243255615	30.9623641968
150.811119071	1009.19018555	39.8243255615	30.9623641968
150.811119072	1009.19018555	39.8243255615	30.9623641968
150.811119072	1009.19018555	39.8243255615	30.9623641968
150.811119072	1009.19018555	39.8243255615	30.9623641968
150.811119072	1009.19018555	39.8243255615	30.9623641968
150.811119072	1009.19018555	39.8243255615	30.9623641968
150.811119072	1009.19018555	39.8243255615	30.9623641968
150.811119072	1009.19018555	39.8243255615	30.9623641968
150.811119073	1009.19018555	39.8243255615	30.9623641968
150.811119073	1009.19018555	39.8243255615	30.9623641968
150.811119073	1009.19018555	39.8243255615	30.9623641968
150.811119073	1009.19018555	39.8243255615	30.9623641968
150.811119073	1009.19018555	39.8243255615	30.9623641968
150.811119073	1009.19018555	39.8243255615	30.9623641968
150.811119073	1009.19018555	39.8243255615	30.9623641968
150.811119073	1009.19018555	39.8243255615	30.9623641968
150.811119074	1009.19018555	39.8243255615	30.9623641968
150.811119074	1009.19018555	39.8243255615	30.9623641968
150.811119074	1009.19018555	39.8243255615	30.9623641968
150.811119074	1009.19018555	39.8243255615	30.9623641968
150.811119074	1009.18969727	39.8243255615	30.9623641968
150.811119074	1009.18969727	39.8243255615	30.9623641968
150.811119075	1009.18969727	39.8243255615	30.9623641968
150.811119075	1009.18969727	39.8243255615	30.9623641968
150.811119075	1009.18969727	39.8243255615	30.9623641968
150.811119075	1009.18969727	39.8243255615	30.9623641968
150.811119075	1009.18969727	39.8243255615	30.9623641968
150.811119075	1009.18969727	39.8243255615	30.9623641968
150.811119075	1009.18969727	39.8243255615	30.9623641968
150.811119076	1009.18969727	39.8243255615	30.9623641968
150.811119076	1009.18969727	39.8243255615	30.9623641968
150.811119076	1009.18969727	39.8243255615	30.9623641968
150.811119076	1009.18969727	39.8243255615	30.9806785583
150.811119076	1009.18969727	39.8243255615	30.9806785583
150.811119076	1009.18969727	40.0564613342	30.9806785583
150.811119076	1009.18969727	40.0564613342	30.9806785583
150.811119077	1009.18969727	40.0564613342	30.9806785583
150.811119077	1009.18969727	40.0564613342	30.9806785583
150.811119077	1009.18969727	40.0564613342	30.9806785583
150.811119077	1009.18969727	40.0564613342	30.9806785583
150.811119077	1009.18969727	40.0564613342	30.9806785583
150.811119077	1009.18969727	40.0564613342	30.9806785583
150.811119077	1009.18969727	40.0564613342	30.9806785583
150.811119078	1009.18969727	40.0564613342	30.9806785583
150.811119078	1009.18969727	40.0564613342	30.9806785583
150.811119078	1009.18969727	40.0564613342	30.9806785583
150.811119078	1009.18969727	40.0564613342	30.9806785583
150.811119078	1009.18969727	40.0564613342	30.9806785583
150.811119078	1009.18969727	40.0564613342	30.9806785583
150.811119078	1009.1875	40.0564613342	30.9806785583
150.811119079	1009.1875	40.0564613342	30.9806785583
150.811119079	1009.1875	40.0564613342	30.9806785583
150.811119079	1009.1875	40.0564613342	30.9806785583
150.811119079	1009.1875	40.0564613342	30.9806785583
150.811119079	1009.1875	40.0564613342	30.9806785583
150.811119079	1009.1875	40.0564613342	30.9806785583
150.811119079	1009.1875	40.0564613342	30.9806785583
150.81111908	1009.1875	40.0564613342	30.9806785583
150.81111908	1009.1875	40.0564613342	30.9806785583
150.81111908	1009.1875	40.0564613342	30.9806785583
150.81111908	1009.1875	40.0564613342	30.9806785583
150.81111908	1009.1875	40.0564613342	30.9806785583
150.81111908	1009.1875	40.0564613342	30.9806785583
150.81111908	1009.1875	40.0564613342	30.9806785583
150.81111908	1009.1875	40.0564613342	30.9806785583
150.811119081	1009.1875	40.0564613342	30.9806785583
150.811119081	1009.1875	40.0564613342	30.9806785583
150.811119081	1009.1875	40.0564613342	30.9806785583
150.811119081	1009.1875	40.0564613342	30.9806785583
150.811119081	1009.1875	40.0564613342	30.9806785583
150.811119081	1009.1875	40.0564613342	30.9806785583
150.811119082	1009.1875	40.0564613342	30.9806785583
150.811119082	1009.1875	40.0564613342	30.9806785583
150.811119082	1009.1875	40.0564613342	30.9806785583
150.811119082	1009.1875	40.0564613342	30.9806785583
150.811119082	1009.1875	40.0564613342	30.9806785583
150.811119082	1009.1875	40.0564613342	30.9806785583
150.811119082	1009.1887207	40.0564613342	30.9806785583
150.811119083	1009.1887207	40.0564613342	30.9806785583
150.811119083	1009.1887207	40.0564613342	30.9806785583
150.811119083	1009.1887207	40.0564613342	30.9806785583
150.811119083	1009.1887207	40.0564613342	30.9806785583
150.811119083	1009.1887207	40.0564613342	30.9806785583
150.811119083	1009.1887207	40.0564613342	30.9806785583
150.811119083	1009.1887207	40.0564613342	30.9806785583
150.811119084	1009.1887207	40.0564613342	30.9806785583
150.811119084	1009.1887207	40.0564613342	30.9806785583
150.811119084	1009.1887207	40.0564613342	30.9806785583
150.811119084	1009.1887207	40.0564613342	31.10887146
150.811119084	1009.1887207	40.0564613342	31.10887146
150.811119084	1009.1887207	38.6319885254	31.10887146
150.811119084	1009.1887207	38.6319885254	31.10887146
150.811119085	1009.1887207	38.6319885254	31.10887146
150.811119085	1009.1887207	38.6319885254	31.10887146
150.811119085	1009.1887207	38.6319885254	31.10887146
150.811119085	1009.1887207	38.6319885254	31.10887146
150.811119085	1009.1887207	38.6319885254	31.10887146
150.811119085	1009.1887207	38.6319885254	31.10887146
150.811119085	1009.1887207	38.6319885254	31.10887146
150.811119086	1009.1887207	38.6319885254	31.10887146
150.811119086	1009.1887207	38.6319885254	31.10887146
150.811119086	1009.1887207	38.6319885254	31.10887146
150.811119086	1009.1887207	38.6319885254	31.10887146
150.811119086	1009.1887207	38.6319885254	31.10887146
150.811119086	1009.1887207	38.6319885254	31.10887146
150.811119086	1009.18823242	38.6319885254	31.10887146
150.811119087	1009.18823242	38.6319885254	31.10887146
150.811119087	1009.18823242	38.6319885254	31.10887146
150.811119087	1009.18823242	38.6319885254	31.10887146
150.811119087	1009.18823242	38.6319885254	31.10887146
150.811119087	1009.18823242	38.6319885254	31.10887146
150.811119087	1009.18823242	38.6319885254	31.10887146
150.811119087	1009.18823242	38.6319885254	31.10887146
150.811119088	1009.18823242	38.6319885254	31.10887146
150.811119088	1009.18823242	38.6319885254	31.10887146
150.811119088	1009.18823242	38.6319885254	31.10887146
150.811119088	1009.18823242	38.6319885254	31.10887146
150.811119088	1009.18823242	38.6319885254	31.10887146
150.811119088	1009.18823242	38.6319885254	31.10887146
150.811119088	1009.18823242	38.6319885254	31.10887146
150.811119089	1009.18823242	38.6319885254	31.10887146
150.811119089	1009.18823242	38.6319885254	31.10887146
150.811119089	1009.18823242	38.6319885254	31.10887146
150.811119089	1009.18823242	38.6319885254	31.10887146
150.811119089	1009.18823242	38.6319885254	31.10887146
150.811119089	1009.18823242	38.6319885254	31.10887146
150.811119089	1009.18823242	38.6319885254	31.10887146
150.81111909	1009.18823242	38.6319885254	31.10887146
150.81111909	1009.18823242	38.6319885254	31.10887146
150.81111909	1009.18823242	38.6319885254	31.10887146
150.81111909	1009.18823242	38.6319885254	31.10887146
150.81111909	1009.18823242	38.6319885254	31.10887146
150.81111909	1009.18823242	38.6319885254	31.10887146
150.81111909	1009.18823242	38.6319885254	31.10887146
150.81111909	1009.19067383	38.6319885254	31.10887146
150.811119091	1009.19067383	38.6319885254	31.10887146
150.811119091	1009.19067383	38.6319885254	31.10887146
150.811119091	1009.19067383	38.6319885254	31.10887146
150.811119091	1009.19067383	38.6319885254	31.10887146
150.811119091	1009.19067383	38.6319885254	31.10887146
150.811119091	1009.19067383	38.6319885254	31.10887146
150.811119092	1009.19067383	38.6319885254	31.10887146
150.811119092	1009.19067383	38.6319885254	31.10887146
150.811119092	1009.19067383	38.6319885254	31.10887146
150.811119092	1009.19067383	38.6319885254	31.10887146
150.811119092	1009.19067383	38.6319885254	31.0356178284
150.811119092	1009.19067383	38.6319885254	31.0356178284
150.811119092	1009.19067383	39.3706054688	31.0356178284
150.811119093	1009.19067383	39.3706054688	31.0356178284
150.811119093	1009.19067383	39.3706054688	31.0356178284
150.811119093	1009.19067383	39.3706054688	31.0356178284
150.811119093	1009.19067383	39.3706054688	31.0356178284
150.811119093	1009.19067383	39.3706054688	31.0356178284
150.811119093	1009.19067383	39.3706054688	31.0356178284
150.811119093	1009.19067383	39.3706054688	31.0356178284
150.811119094	1009.19067383	39.3706054688	31.0356178284
150.811119094	1009.19067383	39.3706054688	31.0356178284
150.811119094	1009.19067383	39.3706054688	31.0356178284
150.811119094	1009.19067383	39.3706054688	31.0356178284
150.811119094	1009.19067383	39.3706054688	31.0356178284
150.811119094	1009.19067383	39.3706054688	31.0356178284
150.811119094	1009.19067383	39.3706054688	31.0356178284
150.811119094	1009.19067383	39.3706054688	31.0356178284
150.811119095	1009.18408203	39.3706054688	31.0356178284
150.811119095	1009.18408203	39.3706054688	31.0356178284
150.811119095	1009.18408203	39.3706054688	31.0356178284
150.811119095	1009.18408203	39.3706054688	31.0356178284
150.811119096	1009.18408203	39.3706054688	31.0356178284
150.811119096	1009.18408203	39.3706054688	31.0356178284
150.811119096	1009.18408203	39.3706054688	31.0356178284
150.811119096	1009.18408203	39.3706054688	31.0356178284
150.811119096	1009.18408203	39.3706054688	31.0356178284
150.811119096	1009.18408203	39.3706054688	31.0356178284
150.811119096	1009.18408203	39.3706054688	31.0356178284
150.811119097	1009.18408203	39.3706054688	31.0356178284
150.811119097	1009.18408203	39.3706054688	31.0356178284
150.811119097	1009.18408203	39.3706054688	31.0356178284
150.811119097	1009.18408203	39.3706054688	31.0356178284
150.811119097	1009.18408203	39.3706054688	31.0356178284
150.811119097	1009.18408203	39.3706054688	31.0356178284
150.811119098	1009.18408203	39.3706054688	31.0356178284
150.811119098	1009.18408203	39.3706054688	31.0356178284
150.811119098	1009.18408203	39.3706054688	31.0356178284
150.811119098	1009.18408203	39.3706054688	31.0356178284
150.811119098	1009.18408203	39.3706054688	31.0356178284
150.811119098	1009.18408203	39.3706054688	31.0356178284
150.811119099	1009.18408203	39.3706054688	31.0356178284
150.811119099	1009.18505859	39.3706054688	31.0356178284
150.811119099	1009.18505859	39.3706054688	31.0356178284
150.811119099	1009.18505859	39.3706054688	31.0356178284
150.811119099	1009.18505859	39.3706054688	31.0356178284
150.811119099	1009.18505859	39.3706054688	31.0356178284
150.8111191	1009.18505859	39.3706054688	31.0356178284
150.8111191	1009.18505859	39.3706054688	31.0356178284
150.8111191	1009.18505859	39.3706054688	31.0356178284
150.8111191	1009.18505859	39.3706054688	31.0173034668
150.8111191	1009.18505859	37.0668258667	31.0173034668
150.811119101	1009.18505859	37.0668258667	31.0173034668
150.811119101	1009.18505859	37.0668258667	31.0173034668
150.811119101	1009.18505859	37.0668258667	31.0173034668
150.811119101	1009.18505859	37.0668258667	31.0173034668
150.811119101	1009.18505859	37.0668258667	31.0173034668
150.811119101	1009.18505859	37.0668258667	31.0173034668
150.811119101	1009.18505859	37.0668258667	31.0173034668
150.811119102	1009.18505859	37.0668258667	31.0173034668
150.811119102	1009.18505859	37.0668258667	31.0173034668
150.811119102	1009.18505859	37.0668258667	31.0173034668
150.811119102	1009.18505859	37.0668258667	31.0173034668
150.811119102	1009.18505859	37.0668258667	31.0173034668
150.811119102	1009.18505859	37.0668258667	31.0173034668
150.811119103	1009.18505859	37.0668258667	31.0173034668
150.811119103	1009.18505859	37.0668258667	31.0173034668
150.811119103	1009.1875	37.0668258667	31.0173034668
150.811119103	1009.1875	37.0668258667	31.0173034668
150.811119103	1009.1875	37.0668258667	31.0173034668
150.811119103	1009.1875	37.0668258667	31.0173034668
150.811119103	1009.1875	37.0668258667	31.0173034668
150.811119104	1009.1875	37.0668258667	31.0173034668
150.811119104	1009.1875	37.0668258667	31.0173034668
150.811119104	1009.1875	37.0668258667	31.0173034668
150.811119104	1009.1875	37.0668258667	31.0173034668
150.811119104	1009.1875	37.0668258667	31.0173034668
150.811119104	1009.1875	37.0668258667	31.0173034668
150.811119104	1009.1875	37.0668258667	31.0173034668
150.811119105	1009.1875	37.0668258667	31.0173034668
150.811119105	1009.1875	37.0668258667	31.0173034668
150.811119105	1009.1875	37.0668258667	31.0173034668
150.811119105	1009.1875	37.0668258667	31.0173034668
150.811119105	1009.1875	37.0668258667	31.0173034668
150.811119105	1009.1875	37.0668258667	31.0173034668
150.811119105	1009.1875	37.0668258667	31.0173034668
150.811119106	1009.1875	37.0668258667	31.0173034668
150.811119106	1009.1875	37.0668258667	31.0173034668
150.811119106	1009.1875	37.0668258667	31.0173034668
150.811119106	1009.1875	37.0668258667	31.0173034668
150.811119106	1009.1875	37.0668258667	31.0173034668
150.811119106	1009.1875	37.0668258667	31.0173034668
150.811119106	1009.1875	37.0668258667	31.0173034668
150.811119107	1009.1875	37.0668258667	31.0173034668
150.811119107	1009.1875	37.0668258667	31.0173034668
150.811119107	1009.18798828	37.0668258667	31.0173034668
150.811119107	1009.18798828	37.0668258667	31.0173034668
150.811119107	1009.18798828	37.0668258667	31.0173034668
150.811119107	1009.18798828	37.0668258667	31.0173034668
150.811119107	1009.18798828	37.0668258667	31.0173034668
150.811119108	1009.18798828	37.0668258667	31.0173034668
150.811119108	1009.18798828	37.0668258667	31.0173034668
150.811119108	1009.18798828	37.0668258667	31.0173034668
150.811119108	1009.18798828	37.0668258667	31.0173034668
150.811119108	1009.18798828	37.0668258667	31.0173034668
150.811119108	1009.18798828	37.0668258667	31.0722446442
150.811119108	1009.18798828	39.732875824	31.0722446442
150.811119109	1009.18798828	39.732875824	31.0722446442
150.811119109	1009.18798828	39.732875824	31.0722446442
150.811119109	1009.18798828	39.732875824	31.0722446442
150.811119109	1009.18798828	39.732875824	31.0722446442
150.811119109	1009.18798828	39.732875824	31.0722446442
150.811119109	1009.18798828	39.732875824	31.0722446442
150.811119109	1009.18798828	39.732875824	31.0722446442
150.81111911	1009.18798828	39.732875824	31.0722446442
150.81111911	1009.18798828	39.732875824	31.0722446442
150.81111911	1009.18798828	39.732875824	31.0722446442
150.81111911	1009.18798828	39.732875824	31.0722446442
150.81111911	1009.18798828	39.732875824	31.0722446442
150.81111911	1009.18798828	39.732875824	31.0722446442
150.81111911	1009.18798828	39.732875824	31.0722446442
150.811119111	1009.18798828	39.732875824	31.0722446442
150.811119111	1009.18798828	39.732875824	31.0722446442
150.811119111	1009.18798828	39.732875824	31.0722446442
150.811119111	1009.18652344	39.732875824	31.0722446442
150.811119111	1009.18652344	39.732875824	31.0722446442
150.811119111	1009.18652344	39.732875824	31.0722446442
150.811119111	1009.18652344	39.732875824	31.0722446442
150.811119112	1009.18652344	39.732875824	31.0722446442
150.811119112	1009.18652344	39.732875824	31.0722446442
150.811119112	1009.18652344	39.732875824	31.0722446442
150.811119112	1009.18652344	39.732875824	31.0722446442
150.811119112	1009.18652344	39.732875824	31.0722446442
150.811119112	1009.18652344	39.732875824	31.0722446442
150.811119112	1009.18652344	39.732875824	31.0722446442
150.811119113	1009.18652344	39.732875824	31.0722446442
150.811119113	1009.18652344	39.732875824	31.0722446442
150.811119113	1009.18652344	39.732875824	31.0722446442
150.811119113	1009.18652344	39.732875824	31.0722446442
150.811119113	1009.18652344	39.732875824	31.0722446442
150.811119113	1009.18652344	39.732875824	31.0722446442
150.811119113	1009.18652344	39.732875824	31.0722446442
150.811119114	1009.18652344	39.732875824	31.0722446442
150.811119114	1009.18652344	39.732875824	31.0722446442
150.811119114	1009.18652344	39.732875824	31.0722446442
150.811119114	1009.18652344	39.732875824	31.0722446442
150.811119114	1009.18652344	39.732875824	31.0722446442
150.811119114	1009.18652344	39.732875824	31.0722446442
150.811119114	1009.18652344	39.732875824	31.0722446442
150.811119114	1009.18652344	39.732875824	31.0722446442
150.811119115	1009.18652344	39.732875824	31.0722446442
150.811119115	1009.18652344	39.732875824	31.0722446442
150.811119115	1009.18652344	39.732875824	31.0722446442
150.811119115	1009.1809082	39.732875824	31.0722446442
150.811119115	1009.1809082	39.732875824	31.0722446442
150.811119115	1009.1809082	39.732875824	31.0722446442
150.811119116	1009.1809082	39.732875824	31.0722446442
150.811119116	1009.1809082	39.732875824	31.0722446442
150.811119116	1009.1809082	39.732875824	31.0722446442
150.811119116	1009.1809082	39.732875824	31.0722446442
150.811119116	1009.1809082	39.732875824	31.0722446442
150.811119116	1009.1809082	39.732875824	30.9989929199
150.811119116	1009.1809082	39.732875824	30.9989929199
150.811119117	1009.1809082	38.3928184509	30.9989929199
150.811119117	1009.1809082	38.3928184509	30.9989929199
150.811119117	1009.1809082	38.3928184509	30.9989929199
150.811119117	1009.1809082	38.3928184509	30.9989929199
150.811119117	1009.1809082	38.3928184509	30.9989929199
150.811119117	1009.1809082	38.3928184509	30.9989929199
150.811119117	1009.1809082	38.3928184509	30.9989929199
150.811119118	1009.1809082	38.3928184509	30.9989929199
150.811119118	1009.1809082	38.3928184509	30.9989929199
150.811119118	1009.1809082	38.3928184509	30.9989929199
150.811119118	1009.1809082	38.3928184509	30.9989929199
150.811119118	1009.1809082	38.3928184509	30.9989929199
150.811119118	1009.1809082	38.3928184509	30.9989929199
150.811119118	1009.1809082	38.3928184509	30.9989929199
150.811119119	1009.1809082	38.3928184509	30.9989929199
150.811119119	1009.1809082	38.3928184509	30.9989929199
150.811119119	1009.1809082	38.3928184509	30.9989929199
150.811119119	1009.1809082	38.3928184509	30.9989929199
150.811119119	1009.18286133	38.3928184509	30.9989929199
150.811119119	1009.18286133	38.3928184509	30.9989929199
150.811119119	1009.18286133	38.3928184509	30.9989929199
150.81111912	1009.18286133	38.3928184509	30.9989929199
150.81111912	1009.18286133	38.3928184509	30.9989929199
150.81111912	1009.18286133	38.3928184509	30.9989929199
150.81111912	1009.18286133	38.3928184509	30.9989929199
150.81111912	1009.18286133	38.3928184509	30.9989929199
150.81111912	1009.18286133	38.3928184509	30.9989929199
150.81111912	1009.18286133	38.3928184509	30.9989929199
150.811119121	1009.18286133	38.3928184509	30.9989929199
150.811119121	1009.18286133	38.3928184509	30.9989929199
150.811119121	1009.18286133	38.3928184509	30.9989929199
150.811119121	1009.18286133	38.3928184509	30.9989929199
150.811119121	1009.18286133	38.3928184509	30.9989929199
150.811119121	1009.18286133	38.3928184509	30.9989929199
150.811119121	1009.18286133	38.3928184509	30.9989929199
150.811119121	1009.18286133	38.3928184509	30.9989929199
150.811119122	1009.18286133	38.3928184509	30.9989929199
150.811119122	1009.18286133	38.3928184509	30.9989929199
150.811119122	1009.18286133	38.3928184509	30.9989929199
150.811119122	1009.18286133	38.3928184509	30.9989929199
150.811119122	1009.18286133	38.3928184509	30.9989929199
150.811119122	1009.18286133	38.3928184509	30.9989929199
150.811119122	1009.18286133	38.3928184509	30.9989929199
150.811119123	1009.18286133	38.3928184509	30.9989929199
150.811119123	1009.18286133	38.3928184509	30.9989929199
150.811119123	1009.18286133	38.3928184509	30.9989929199
150.811119123	1009.18286133	38.3928184509	30.9989929199
150.811119123	1009.18041992	38.3928184509	30.9989929199
150.811119123	1009.18041992	38.3928184509	30.9989929199
150.811119124	1009.18041992	38.3928184509	30.9989929199
150.811119124	1009.18041992	38.3928184509	30.9989929199
150.811119124	1009.18041992	38.3928184509	30.9989929199
150.811119124	1009.18041992	38.3928184509	30.9989929199
150.811119124	1009.18041992	38.3928184509	30.9989929199
150.811119124	1009.18041992	38.3928184509	30.9989929199
150.811119124	1009.18041992	38.3928184509	31.0173034668
150.811119125	1009.18041992	38.3928184509	31.0173034668
150.811119125	1009.18041992	39.0962600708	31.0173034668
150.811119125	1009.18041992	39.0962600708	31.0173034668
150.811119125	1009.18041992	39.0962600708	31.0173034668
150.811119125	1009.18041992	39.0962600708	31.0173034668
150.811119125	1009.18041992	39.0962600708	31.0173034668
150.811119125	1009.18041992	39.0962600708	31.0173034668
150.811119126	1009.18041992	39.0962600708	31.0173034668
150.811119126	1009.18041992	39.0962600708	31.0173034668
150.811119126	1009.18041992	39.0962600708	31.0173034668
150.811119126	1009.18041992	39.0962600708	31.0173034668
150.811119126	1009.18041992	39.0962600708	31.0173034668
150.811119126	1009.18041992	39.0962600708	31.0173034668
150.811119126	1009.18041992	39.0962600708	31.0173034668
150.811119126	1009.18041992	39.0962600708	31.0173034668
150.811119127	1009.18041992	39.0962600708	31.0173034668
150.811119127	1009.18041992	39.0962600708	31.0173034668
150.811119127	1009.18041992	39.0962600708	31.0173034668
150.811119127	1009.17871094	39.0962600708	31.0173034668
150.811119128	1009.17871094	39.0962600708	31.0173034668
150.811119128	1009.17871094	39.0962600708	31.0173034668
150.811119128	1009.17871094	39.0962600708	31.0173034668
150.811119128	1009.17871094	39.0962600708	31.0173034668
150.811119129	1009.17871094	39.0962600708	31.0173034668
150.811119129	1009.17871094	39.0962600708	31.0173034668
150.811119129	1009.17871094	39.0962600708	31.0173034668
150.811119129	1009.17871094	39.0962600708	31.0173034668
150.811119129	1009.17871094	39.0962600708	31.0173034668
150.81111913	1009.17871094	39.0962600708	31.0173034668
150.81111913	1009.17871094	39.0962600708	31.0173034668
150.81111913	1009.17871094	39.0962600708	31.0173034668
150.81111913	1009.17871094	39.0962600708	31.0173034668
150.811119131	1009.17871094	39.0962600708	31.0173034668
150.811119131	1009.17871094	39.0962600708	31.0173034668
150.811119131	1009.17871094	39.0962600708	31.0173034668
150.811119131	1009.18286133	39.0962600708	31.0173034668
150.811119132	1009.18286133	39.0962600708	31.0173034668
150.811119132	1009.18286133	39.0962600708	31.0173034668
150.811119132	1009.18286133	39.0962600708	31.0173034668
150.811119132	1009.18286133	39.0962600708	31.0905570984
150.811119133	1009.18286133	40.7985916138	31.0905570984
150.811119133	1009.18286133	40.7985916138	31.0905570984
150.811119133	1009.18286133	40.7985916138	31.0905570984
150.811119133	1009.18286133	40.7985916138	31.0905570984
150.811119134	1009.18286133	40.7985916138	31.0905570984
150.811119134	1009.18286133	40.7985916138	31.0905570984
