1.8298110789	1000
time	pressure	humidity	temperature
150.811117855	1006.95507812	36.5315628052	33.1614646912
150.811117856	1006.95507812	36.5315628052	33.1614646912
150.811117856	1006.95507812	36.5315628052	33.1614646912
150.811117857	1006.95507812	36.5315628052	33.1614646912
150.811117857	1006.95507812	36.5315628052	33.1614646912
150.811117857	1006.95507812	36.5315628052	33.1614646912
150.811117857	1006.96166992	36.5315628052	33.2337379456
150.811117858	1006.96166992	37.9543838501	33.2337379456
150.811117858	1006.96166992	37.9543838501	33.2337379456
150.811117858	1006.96166992	37.9543838501	33.2337379456
150.811117859	1006.96166992	37.9543838501	33.2337379456
150.811117859	1006.96166992	37.9543838501	33.2337379456
150.811117859	1006.96166992	37.9543838501	33.2337379456
150.811117859	1006.96166992	37.9543838501	33.2337379456
150.811117859	1006.96166992	37.9543838501	33.2337379456
150.81111786	1006.96166992	37.9543838501	33.2337379456
150.81111786	1006.96166992	37.9543838501	33.2337379456
150.81111786	1006.96166992	37.9543838501	33.2337379456
150.81111786	1006.96166992	37.9543838501	33.2337379456
150.811117861	1006.96166992	37.9543838501	33.2337379456
150.811117861	1006.96166992	37.9543838501	33.2337379456
150.811117861	1006.96166992	37.9543838501	33.2337379456
150.811117861	1006.95922852	37.9543838501	33.2337379456
150.811117862	1006.95922852	37.9543838501	33.2337379456
150.811117862	1006.95922852	37.9543838501	33.2337379456
150.811117862	1006.95922852	37.9543838501	33.2337379456
150.811117862	1006.95922852	37.9543838501	33.2337379456
150.811117863	1006.95922852	37.9543838501	33.2337379456
150.811117863	1006.95922852	37.9543838501	33.2337379456
150.811117863	1006.95922852	37.9543838501	33.2337379456
150.811117863	1006.95922852	37.9543838501	33.2337379456
150.811117863	1006.95922852	37.9543838501	33.2337379456
150.811117864	1006.95922852	37.9543838501	33.2337379456
150.811117864	1006.95922852	37.9543838501	33.2337379456
150.811117864	1006.95922852	37.9543838501	33.2337379456
150.811117864	1006.95922852	37.9543838501	33.2337379456
150.811117865	1006.95922852	37.9543838501	33.2337379456
150.811117865	1006.95922852	37.9543838501	33.2337379456
150.811117865	1006.95922852	37.9543838501	33.2337379456
150.811117865	1006.95996094	37.9543838501	33.2337379456
150.811117866	1006.95996094	37.9543838501	33.1614646912
150.811117866	1006.95996094	33.0874786377	33.1614646912
150.811117866	1006.95996094	33.0874786377	33.1614646912
150.811117866	1006.95996094	33.0874786377	33.1614646912
150.811117867	1006.95996094	33.0874786377	33.1614646912
150.811117867	1006.95996094	33.0874786377	33.1614646912
150.811117867	1006.95996094	33.0874786377	33.1614646912
150.811117867	1006.95996094	33.0874786377	33.1614646912
150.811117868	1006.95996094	33.0874786377	33.1614646912
150.811117868	1006.95996094	33.0874786377	33.1614646912
150.811117868	1006.95996094	33.0874786377	33.1614646912
150.811117868	1006.95996094	33.0874786377	33.1614646912
150.811117868	1006.95996094	33.0874786377	33.1614646912
150.811117869	1006.95996094	33.0874786377	33.1614646912
150.811117869	1006.95996094	33.0874786377	33.1614646912
150.811117869	1006.95996094	33.0874786377	33.1614646912
150.811117869	1006.95141602	33.0874786377	33.1614646912
150.81111787	1006.95141602	33.0874786377	33.1614646912
150.81111787	1006.95141602	33.0874786377	33.1614646912
150.81111787	1006.95141602	33.0874786377	33.1614646912
150.81111787	1006.95141602	33.0874786377	33.1614646912
150.811117871	1006.95141602	33.0874786377	33.1614646912
150.811117871	1006.95141602	33.0874786377	33.1614646912
150.811117871	1006.95141602	33.0874786377	33.1614646912
150.811117871	1006.95141602	33.0874786377	33.1614646912
150.811117871	1006.95141602	33.0874786377	33.1614646912
150.811117872	1006.95141602	33.0874786377	33.1614646912
150.811117872	1006.95141602	33.0874786377	33.1614646912
150.811117872	1006.95141602	33.0874786377	33.1614646912
150.811117872	1006.95141602	33.0874786377	33.1614646912
150.811117873	1006.95141602	33.0874786377	33.1614646912
150.811117873	1006.95141602	33.0874786377	33.1614646912
150.811117873	1006.95141602	33.0874786377	33.1614646912
150.811117873	1006.95507812	33.0874786377	33.1614646912
150.811117874	1006.95507812	33.0874786377	33.1433944702
150.811117874	1006.95507812	33.0874786377	33.1433944702
150.811117874	1006.95507812	35.7712974548	33.1433944702
150.811117875	1006.95507812	35.7712974548	33.1433944702
150.811117875	1006.95507812	35.7712974548	33.1433944702
150.811117875	1006.95507812	35.7712974548	33.1433944702
150.811117875	1006.95507812	35.7712974548	33.1433944702
150.811117875	1006.95507812	35.7712974548	33.1433944702
150.811117876	1006.95507812	35.7712974548	33.1433944702
150.811117876	1006.95507812	35.7712974548	33.1433944702
150.811117876	1006.95507812	35.7712974548	33.1433944702
150.811117876	1006.95507812	35.7712974548	33.1433944702
150.811117876	1006.95507812	35.7712974548	33.1433944702
150.811117877	1006.95507812	35.7712974548	33.1433944702
150.811117877	1006.95507812	35.7712974548	33.1433944702
150.811117877	1006.9597168	35.7712974548	33.1433944702
150.811117878	1006.9597168	35.7712974548	33.1433944702
150.811117878	1006.9597168	35.7712974548	33.1433944702
150.811117878	1006.9597168	35.7712974548	33.1433944702
150.811117878	1006.9597168	35.7712974548	33.1433944702
150.811117878	1006.9597168	35.7712974548	33.1433944702
150.811117879	1006.9597168	35.7712974548	33.1433944702
150.811117879	1006.9597168	35.7712974548	33.1433944702
150.811117879	1006.9597168	35.7712974548	33.1433944702
150.811117879	1006.9597168	35.7712974548	33.1433944702
150.81111788	1006.9597168	35.7712974548	33.1433944702
150.81111788	1006.9597168	35.7712974548	33.1433944702
150.81111788	1006.9597168	35.7712974548	33.1433944702
150.81111788	1006.9597168	35.7712974548	33.1433944702
150.81111788	1006.9597168	35.7712974548	33.1433944702
150.811117881	1006.9597168	35.7712974548	33.1433944702
150.811117881	1006.9597168	35.7712974548	33.1433944702
150.811117881	1006.95556641	35.7712974548	33.1433944702
150.811117882	1006.95556641	35.7712974548	33.1433944702
150.811117882	1006.95556641	35.7712974548	33.1433944702
150.811117882	1006.95556641	35.7712974548	33.1614646912
150.811117882	1006.95556641	33.9759788513	33.1614646912
150.811117883	1006.95556641	33.9759788513	33.1614646912
150.811117883	1006.95556641	33.9759788513	33.1614646912
150.811117883	1006.95556641	33.9759788513	33.1614646912
150.811117883	1006.95556641	33.9759788513	33.1614646912
150.811117883	1006.95556641	33.9759788513	33.1614646912
150.811117884	1006.95556641	33.9759788513	33.1614646912
150.811117884	1006.95556641	33.9759788513	33.1614646912
150.811117884	1006.95556641	33.9759788513	33.1614646912
150.811117884	1006.95556641	33.9759788513	33.1614646912
150.811117885	1006.95556641	33.9759788513	33.1614646912
150.811117885	1006.95556641	33.9759788513	33.1614646912
150.811117885	1006.9621582	33.9759788513	33.1614646912
150.811117885	1006.9621582	33.9759788513	33.1614646912
150.811117886	1006.9621582	33.9759788513	33.1614646912
150.811117886	1006.9621582	33.9759788513	33.1614646912
150.811117886	1006.9621582	33.9759788513	33.1614646912
150.811117886	1006.9621582	33.9759788513	33.1614646912
150.811117887	1006.9621582	33.9759788513	33.1614646912
150.811117887	1006.9621582	33.9759788513	33.1614646912
150.811117887	1006.9621582	33.9759788513	33.1614646912
150.811117887	1006.9621582	33.9759788513	33.1614646912
150.811117887	1006.9621582	33.9759788513	33.1614646912
150.811117888	1006.9621582	33.9759788513	33.1614646912
150.811117888	1006.9621582	33.9759788513	33.1614646912
150.811117888	1006.9621582	33.9759788513	33.1614646912
150.811117888	1006.9621582	33.9759788513	33.1614646912
150.811117889	1006.9621582	33.9759788513	33.1614646912
150.811117889	1006.9621582	33.9759788513	33.1614646912
150.811117889	1006.9621582	33.9759788513	33.1614646912
150.811117889	1006.9621582	33.9759788513	33.1614646912
150.81111789	1006.9621582	33.9759788513	33.1614646912
150.81111789	1006.9621582	33.9759788513	33.1614646912
150.81111789	1006.9621582	33.9759788513	33.2337379456
150.81111789	1006.9621582	39.325302124	33.2337379456
150.811117891	1006.9621582	39.325302124	33.2337379456
150.811117891	1006.9621582	39.325302124	33.2337379456
150.811117891	1006.9621582	39.325302124	33.2337379456
150.811117891	1006.9621582	39.325302124	33.2337379456
150.811117892	1006.9621582	39.325302124	33.2337379456
150.811117892	1006.9621582	39.325302124	33.2337379456
150.811117892	1006.9621582	39.325302124	33.2337379456
150.811117892	1006.9621582	39.325302124	33.2337379456
150.811117892	1006.9621582	39.325302124	33.2337379456
150.811117893	1006.9621582	39.325302124	33.2337379456
150.811117893	1006.95751953	39.325302124	33.2337379456
150.811117893	1006.95751953	39.325302124	33.2337379456
150.811117894	1006.95751953	39.325302124	33.2337379456
150.811117894	1006.95751953	39.325302124	33.2337379456
150.811117894	1006.95751953	39.325302124	33.2337379456
150.811117894	1006.95751953	39.325302124	33.2337379456
150.811117894	1006.95751953	39.325302124	33.2337379456
150.811117895	1006.95751953	39.325302124	33.2337379456
150.811117895	1006.95751953	39.325302124	33.2337379456
150.811117895	1006.95751953	39.325302124	33.2337379456
150.811117895	1006.95751953	39.325302124	33.2337379456
150.811117896	1006.95751953	39.325302124	33.2337379456
150.811117896	1006.95751953	39.325302124	33.2337379456
150.811117896	1006.95751953	39.325302124	33.2337379456
150.811117896	1006.95751953	39.325302124	33.2337379456
150.811117896	1006.95751953	39.325302124	33.2337379456
150.811117897	1006.95751953	39.325302124	33.2337379456
150.811117897	1006.95556641	39.325302124	33.2337379456
150.811117897	1006.95556641	39.325302124	33.2337379456
150.811117897	1006.95556641	39.325302124	33.2337379456
150.811117898	1006.95556641	39.325302124	33.2337379456
150.811117898	1006.95556641	39.325302124	33.2337379456
150.811117898	1006.95556641	39.325302124	33.2337379456
150.811117898	1006.95556641	39.325302124	33.2337379456
150.811117899	1006.95556641	34.5408325195	33.2337379456
150.811117899	1006.95556641	34.5408325195	33.2337379456
150.811117899	1006.95556641	34.5408325195	33.2337379456
150.811117899	1006.95556641	34.5408325195	33.2337379456
150.8111179	1006.95556641	34.5408325195	33.2337379456
150.8111179	1006.95556641	34.5408325195	33.2337379456
150.8111179	1006.95556641	34.5408325195	33.2337379456
150.8111179	1006.95556641	34.5408325195	33.2337379456
150.811117901	1006.95556641	34.5408325195	33.2337379456
150.811117901	1006.95556641	34.5408325195	33.2337379456
150.811117901	1006.95410156	34.5408325195	33.2337379456
150.811117901	1006.95410156	34.5408325195	33.2337379456
150.811117902	1006.95410156	34.5408325195	33.2337379456
150.811117902	1006.95410156	34.5408325195	33.2337379456
150.811117902	1006.95410156	34.5408325195	33.2337379456
150.811117902	1006.95410156	34.5408325195	33.2337379456
150.811117902	1006.95410156	34.5408325195	33.2337379456
150.811117903	1006.95410156	34.5408325195	33.2337379456
150.811117903	1006.95410156	34.5408325195	33.2337379456
150.811117903	1006.95410156	34.5408325195	33.2337379456
150.811117903	1006.95410156	34.5408325195	33.2337379456
150.811117904	1006.95410156	34.5408325195	33.2337379456
150.811117904	1006.95410156	34.5408325195	33.2337379456
150.811117904	1006.95410156	34.5408325195	33.2337379456
150.811117904	1006.95410156	34.5408325195	33.2337379456
150.811117904	1006.95410156	34.5408325195	33.2337379456
150.811117905	1006.95410156	34.5408325195	33.2337379456
150.811117905	1006.95629883	34.5408325195	33.2337379456
150.811117905	1006.95629883	34.5408325195	33.2337379456
150.811117906	1006.95629883	34.5408325195	33.2337379456
150.811117906	1006.95629883	34.5408325195	33.2337379456
150.811117906	1006.95629883	34.5408325195	33.2337379456
150.811117906	1006.95629883	34.5408325195	33.2337379456
150.811117906	1006.95629883	34.5408325195	33.1433944702
150.811117907	1006.95629883	34.1408538818	33.1433944702
150.811117907	1006.95629883	34.1408538818	33.1433944702
150.811117907	1006.95629883	34.1408538818	33.1433944702
150.811117907	1006.95629883	34.1408538818	33.1433944702
150.811117908	1006.95629883	34.1408538818	33.1433944702
150.811117908	1006.95629883	34.1408538818	33.1433944702
150.811117908	1006.95629883	34.1408538818	33.1433944702
150.811117908	1006.95629883	34.1408538818	33.1433944702
150.811117909	1006.95629883	34.1408538818	33.1433944702
150.811117909	1006.94677734	34.1408538818	33.1433944702
150.811117909	1006.94677734	34.1408538818	33.1433944702
150.811117909	1006.94677734	34.1408538818	33.1433944702
150.81111791	1006.94677734	34.1408538818	33.1433944702
150.81111791	1006.94677734	34.1408538818	33.1433944702
150.81111791	1006.94677734	34.1408538818	33.1433944702
150.81111791	1006.94677734	34.1408538818	33.1433944702
150.811117911	1006.94677734	34.1408538818	33.1433944702
150.811117911	1006.94677734	34.1408538818	33.1433944702
150.811117911	1006.94677734	34.1408538818	33.1433944702
150.811117911	1006.94677734	34.1408538818	33.1433944702
150.811117911	1006.94677734	34.1408538818	33.1433944702
150.811117912	1006.94677734	34.1408538818	33.1433944702
150.811117912	1006.94677734	34.1408538818	33.1433944702
150.811117912	1006.94677734	34.1408538818	33.1433944702
150.811117912	1006.94677734	34.1408538818	33.1433944702
150.811117913	1006.94677734	34.1408538818	33.1433944702
150.811117913	1006.94360352	34.1408538818	33.1433944702
150.811117913	1006.94360352	34.1408538818	33.1433944702
150.811117913	1006.94360352	34.1408538818	33.1433944702
150.811117914	1006.94360352	34.1408538818	33.1433944702
150.811117914	1006.94360352	34.1408538818	33.1433944702
150.811117914	1006.94360352	34.1408538818	33.1433944702
150.811117914	1006.94360352	34.1408538818	33.1433944702
150.811117915	1006.94360352	34.1408538818	33.1976013184
150.811117915	1006.94360352	35.5575714111	33.1976013184
150.811117915	1006.94360352	35.5575714111	33.1976013184
150.811117915	1006.94360352	35.5575714111	33.1976013184
150.811117916	1006.94360352	35.5575714111	33.1976013184
150.811117916	1006.94360352	35.5575714111	33.1976013184
150.811117916	1006.94360352	35.5575714111	33.1976013184
150.811117916	1006.94360352	35.5575714111	33.1976013184
150.811117916	1006.94360352	35.5575714111	33.1976013184
150.811117917	1006.94311523	35.5575714111	33.1976013184
150.811117917	1006.94311523	35.5575714111	33.1976013184
150.811117917	1006.94311523	35.5575714111	33.1976013184
150.811117918	1006.94311523	35.5575714111	33.1976013184
150.811117918	1006.94311523	35.5575714111	33.1976013184
150.811117918	1006.94311523	35.5575714111	33.1976013184
150.811117918	1006.94311523	35.5575714111	33.1976013184
150.811117918	1006.94311523	35.5575714111	33.1976013184
150.811117919	1006.94311523	35.5575714111	33.1976013184
150.811117919	1006.94311523	35.5575714111	33.1976013184
150.811117919	1006.94311523	35.5575714111	33.1976013184
150.811117919	1006.94311523	35.5575714111	33.1976013184
150.81111792	1006.94311523	35.5575714111	33.1976013184
150.81111792	1006.94311523	35.5575714111	33.1976013184
150.81111792	1006.94311523	35.5575714111	33.1976013184
150.81111792	1006.94311523	35.5575714111	33.1976013184
150.81111792	1006.94311523	35.5575714111	33.1976013184
150.811117921	1006.94042969	35.5575714111	33.1976013184
150.811117921	1006.94042969	35.5575714111	33.1976013184
150.811117921	1006.94042969	35.5575714111	33.1976013184
150.811117921	1006.94042969	35.5575714111	33.1976013184
150.811117922	1006.94042969	35.5575714111	33.1976013184
150.811117922	1006.94042969	35.5575714111	33.1976013184
150.811117922	1006.94042969	35.5575714111	33.1976013184
150.811117922	1006.94042969	35.5575714111	33.1976013184
150.811117923	1006.94042969	35.5575714111	33.1976013184
150.811117923	1006.94042969	35.5575714111	33.1976013184
150.811117923	1006.94042969	37.9421691895	33.1976013184
150.811117923	1006.94042969	37.9421691895	33.1976013184
150.811117924	1006.94042969	37.9421691895	33.1976013184
150.811117924	1006.94042969	37.9421691895	33.1976013184
150.811117924	1006.94042969	37.9421691895	33.1976013184
150.811117924	1006.94042969	37.9421691895	33.1976013184
150.811117925	1006.94042969	37.9421691895	33.1976013184
150.811117925	1006.93481445	37.9421691895	33.1976013184
150.811117925	1006.93481445	37.9421691895	33.1976013184
150.811117925	1006.93481445	37.9421691895	33.1976013184
150.811117926	1006.93481445	37.9421691895	33.1976013184
150.811117926	1006.93481445	37.9421691895	33.1976013184
150.811117926	1006.93481445	37.9421691895	33.1976013184
150.811117926	1006.93481445	37.9421691895	33.1976013184
150.811117926	1006.93481445	37.9421691895	33.1976013184
150.811117927	1006.93481445	37.9421691895	33.1976013184
150.811117927	1006.93481445	37.9421691895	33.1976013184
150.811117927	1006.93481445	37.9421691895	33.1976013184
150.811117927	1006.93481445	37.9421691895	33.1976013184
150.811117928	1006.93481445	37.9421691895	33.1976013184
150.811117928	1006.93481445	37.9421691895	33.1976013184
150.811117928	1006.93481445	37.9421691895	33.1976013184
150.811117928	1006.93481445	37.9421691895	33.1976013184
150.811117928	1006.93481445	37.9421691895	33.1976013184
150.811117929	1006.93408203	37.9421691895	33.1976013184
150.811117929	1006.93408203	37.9421691895	33.1976013184
150.811117929	1006.93408203	37.9421691895	33.1976013184
150.81111793	1006.93408203	37.9421691895	33.1976013184
150.81111793	1006.93408203	37.9421691895	33.1976013184
150.81111793	1006.93408203	37.9421691895	33.1976013184
150.81111793	1006.93408203	37.9421691895	33.1976013184
150.81111793	1006.93408203	37.9421691895	33.1976013184
150.811117931	1006.93408203	37.9421691895	33.1976013184
150.811117931	1006.93408203	37.9421691895	33.2518081665
150.811117931	1006.93408203	38.0765151978	33.2518081665
150.811117931	1006.93408203	38.0765151978	33.2518081665
150.811117932	1006.93408203	38.0765151978	33.2518081665
150.811117932	1006.93408203	38.0765151978	33.2518081665
150.811117932	1006.93408203	38.0765151978	33.2518081665
150.811117932	1006.93408203	38.0765151978	33.2518081665
150.811117933	1006.93579102	38.0765151978	33.2518081665
150.811117933	1006.93579102	38.0765151978	33.2518081665
150.811117933	1006.93579102	38.0765151978	33.2518081665
150.811117933	1006.93579102	38.0765151978	33.2518081665
150.811117934	1006.93579102	38.0765151978	33.2518081665
150.811117934	1006.93579102	38.0765151978	33.2518081665
150.811117934	1006.93579102	38.0765151978	33.2518081665
150.811117934	1006.93579102	38.0765151978	33.2518081665
150.811117935	1006.93579102	38.0765151978	33.2518081665
150.811117935	1006.93579102	38.0765151978	33.2518081665
150.811117935	1006.93579102	38.0765151978	33.2518081665
150.811117935	1006.93579102	38.0765151978	33.2518081665
150.811117935	1006.93579102	38.0765151978	33.2518081665
150.811117936	1006.93579102	38.0765151978	33.2518081665
150.811117936	1006.93579102	38.0765151978	33.2518081665
150.811117936	1006.93579102	38.0765151978	33.2518081665
150.811117936	1006.93579102	38.0765151978	33.2518081665
150.811117937	1006.93432617	38.0765151978	33.2518081665
150.811117937	1006.93432617	38.0765151978	33.2518081665
150.811117937	1006.93432617	38.0765151978	33.2518081665
150.811117937	1006.93432617	38.0765151978	33.2518081665
150.811117938	1006.93432617	38.0765151978	33.2518081665
150.811117938	1006.93432617	38.0765151978	33.2518081665
150.811117938	1006.93432617	38.0765151978	33.2518081665
150.811117938	1006.93432617	38.0765151978	33.2518081665
150.811117939	1006.93432617	38.0765151978	33.2518081665
150.811117939	1006.93432617	38.0765151978	33.2518081665
150.811117939	1006.93432617	38.0765151978	33.2156677246
150.811117939	1006.93432617	35.0965270996	33.2156677246
150.81111794	1006.93432617	35.0965270996	33.2156677246
150.81111794	1006.93432617	35.0965270996	33.2156677246
150.81111794	1006.93432617	35.0965270996	33.2156677246
150.81111794	1006.93432617	35.0965270996	33.2156677246
150.81111794	1006.93774414	35.0965270996	33.2156677246
150.811117941	1006.93774414	35.0965270996	33.2156677246
150.811117941	1006.93774414	35.0965270996	33.2156677246
150.811117941	1006.93774414	35.0965270996	33.2156677246
150.811117942	1006.93774414	35.0965270996	33.2156677246
150.811117942	1006.93774414	35.0965270996	33.2156677246
150.811117942	1006.93774414	35.0965270996	33.2156677246
150.811117942	1006.93774414	35.0965270996	33.2156677246
150.811117942	1006.93774414	35.0965270996	33.2156677246
150.811117943	1006.93774414	35.0965270996	33.2156677246
150.811117943	1006.93774414	35.0965270996	33.2156677246
150.811117943	1006.93774414	35.0965270996	33.2156677246
150.811117943	1006.93774414	35.0965270996	33.2156677246
150.811117944	1006.93774414	35.0965270996	33.2156677246
150.811117944	1006.93774414	35.0965270996	33.2156677246
150.811117944	1006.93774414	35.0965270996	33.2156677246
150.811117944	1006.93774414	35.0965270996	33.2156677246
150.811117944	1006.93701172	35.0965270996	33.2156677246
150.811117945	1006.93701172	35.0965270996	33.2156677246
150.811117945	1006.93701172	35.0965270996	33.2156677246
150.811117945	1006.93701172	35.0965270996	33.2156677246
150.811117945	1006.93701172	35.0965270996	33.2156677246
150.811117946	1006.93701172	35.0965270996	33.2156677246
150.811117946	1006.93701172	35.0965270996	33.2156677246
150.811117946	1006.93701172	35.0965270996	33.2156677246
150.811117946	1006.93701172	35.0965270996	33.2156677246
150.811117947	1006.93701172	35.0965270996	33.2156677246
150.811117947	1006.93701172	35.0965270996	33.2156677246
150.811117947	1006.93701172	35.0965270996	33.2156677246
150.811117947	1006.93701172	35.0965270996	33.3240814209
150.811117948	1006.93701172	38.113155365	33.3240814209
150.811117948	1006.93701172	38.113155365	33.3240814209
150.811117948	1006.93701172	38.113155365	33.3240814209
150.811117948	1006.93676758	38.113155365	33.3240814209
150.811117949	1006.93676758	38.113155365	33.3240814209
150.811117949	1006.93676758	38.113155365	33.3240814209
150.811117949	1006.93676758	38.113155365	33.3240814209
150.811117949	1006.93676758	38.113155365	33.3240814209
150.81111795	1006.93676758	38.113155365	33.3240814209
150.81111795	1006.93676758	38.113155365	33.3240814209
150.81111795	1006.93676758	38.113155365	33.3240814209
150.81111795	1006.93676758	38.113155365	33.3240814209
150.811117951	1006.93676758	38.113155365	33.3240814209
150.811117951	1006.93676758	38.113155365	33.3240814209
150.811117951	1006.93676758	38.113155365	33.3240814209
150.811117951	1006.93676758	38.113155365	33.3240814209
150.811117951	1006.93676758	38.113155365	33.3240814209
150.811117952	1006.93676758	38.113155365	33.3240814209
150.811117952	1006.93676758	38.113155365	33.3240814209
150.811117952	1006.93676758	38.113155365	33.3240814209
150.811117952	1006.93505859	38.113155365	33.3240814209
150.811117953	1006.93505859	38.113155365	33.3240814209
150.811117953	1006.93505859	38.113155365	33.3240814209
150.811117953	1006.93505859	38.113155365	33.3240814209
150.811117953	1006.93505859	38.113155365	33.3240814209
150.811117954	1006.93505859	38.113155365	33.3240814209
150.811117954	1006.93505859	38.113155365	33.3240814209
150.811117954	1006.93505859	38.113155365	33.3240814209
150.811117954	1006.93505859	38.113155365	33.3240814209
150.811117954	1006.93505859	38.113155365	33.3240814209
150.811117955	1006.93505859	38.113155365	33.3240814209
150.811117955	1006.93505859	38.113155365	33.3240814209
150.811117955	1006.93505859	38.113155365	33.3240814209
150.811117955	1006.93505859	38.113155365	33.2156677246
150.811117956	1006.93505859	37.2338142395	33.2156677246
150.811117956	1006.93505859	37.2338142395	33.2156677246
150.811117956	1006.93505859	37.2338142395	33.2156677246
150.811117956	1006.93139648	37.2338142395	33.2156677246
150.811117957	1006.93139648	37.2338142395	33.2156677246
150.811117957	1006.93139648	37.2338142395	33.2156677246
150.811117957	1006.93139648	37.2338142395	33.2156677246
150.811117957	1006.93139648	37.2338142395	33.2156677246
150.811117958	1006.93139648	37.2338142395	33.2156677246
150.811117958	1006.93139648	37.2338142395	33.2156677246
150.811117958	1006.93139648	37.2338142395	33.2156677246
150.811117958	1006.93139648	37.2338142395	33.2156677246
150.811117959	1006.93139648	37.2338142395	33.2156677246
150.811117959	1006.93139648	37.2338142395	33.2156677246
150.811117959	1006.93139648	37.2338142395	33.2156677246
150.811117959	1006.93139648	37.2338142395	33.2156677246
150.811117959	1006.93139648	37.2338142395	33.2156677246
150.81111796	1006.93139648	37.2338142395	33.2156677246
150.81111796	1006.93139648	37.2338142395	33.2156677246
150.81111796	1006.93139648	37.2338142395	33.2156677246
150.81111796	1006.93041992	37.2338142395	33.2156677246
150.811117961	1006.93041992	37.2338142395	33.2156677246
150.811117961	1006.93041992	37.2338142395	33.2156677246
150.811117961	1006.93041992	37.2338142395	33.2156677246
150.811117961	1006.93041992	37.2338142395	33.2156677246
150.811117962	1006.93041992	37.2338142395	33.2156677246
150.811117962	1006.93041992	37.2338142395	33.2156677246
150.811117962	1006.93041992	37.2338142395	33.2156677246
150.811117962	1006.93041992	37.2338142395	33.2156677246
150.811117963	1006.93041992	37.2338142395	33.2156677246
150.811117963	1006.93041992	37.2338142395	33.2156677246
150.811117963	1006.93041992	37.2338142395	33.2156677246
150.811117963	1006.93041992	37.2338142395	33.2156677246
150.811117963	1006.93041992	37.2338142395	33.2518081665
150.811117964	1006.93041992	37.2338142395	33.2518081665
150.811117964	1006.93041992	34.6812820435	33.2518081665
150.811117964	1006.93383789	34.6812820435	33.2518081665
150.811117965	1006.93383789	34.6812820435	33.2518081665
150.811117965	1006.93383789	34.6812820435	33.2518081665
150.811117965	1006.93383789	34.6812820435	33.2518081665
150.811117965	1006.93383789	34.6812820435	33.2518081665
150.811117966	1006.93383789	34.6812820435	33.2518081665
150.811117966	1006.93383789	34.6812820435	33.2518081665
150.811117966	1006.93383789	34.6812820435	33.2518081665
150.811117966	1006.93383789	34.6812820435	33.2518081665
150.811117966	1006.93383789	34.6812820435	33.2518081665
150.811117967	1006.93383789	34.6812820435	33.2518081665
150.811117967	1006.93383789	34.6812820435	33.2518081665
150.811117967	1006.93383789	34.6812820435	33.2518081665
150.811117967	1006.93383789	34.6812820435	33.2518081665
150.811117968	1006.93383789	34.6812820435	33.2518081665
150.811117968	1006.93383789	34.6812820435	33.2518081665
150.811117968	1006.93383789	34.6812820435	33.2518081665
150.811117968	1006.9284668	34.6812820435	33.2518081665
150.811117969	1006.9284668	34.6812820435	33.2518081665
150.811117969	1006.9284668	34.6812820435	33.2518081665
150.811117969	1006.9284668	34.6812820435	33.2518081665
150.811117969	1006.9284668	34.6812820435	33.2518081665
150.811117969	1006.9284668	34.6812820435	33.2518081665
150.81111797	1006.9284668	34.6812820435	33.2518081665
150.81111797	1006.9284668	34.6812820435	33.2518081665
150.81111797	1006.9284668	34.6812820435	33.2518081665
150.81111797	1006.9284668	34.6812820435	33.2518081665
150.811117971	1006.9284668	34.6812820435	33.2518081665
150.811117971	1006.9284668	34.6812820435	33.2518081665
150.811117971	1006.9284668	34.6812820435	33.2518081665
150.811117971	1006.9284668	34.6812820435	33.2518081665
150.811117971	1006.9284668	34.6812820435	33.2518081665
150.811117972	1006.9284668	34.6812820435	33.1976013184
150.811117972	1006.9284668	35.0232467651	33.1976013184
150.811117972	1006.92944336	35.0232467651	33.1976013184
150.811117973	1006.92944336	35.0232467651	33.1976013184
150.811117973	1006.92944336	35.0232467651	33.1976013184
150.811117973	1006.92944336	35.0232467651	33.1976013184
150.811117973	1006.92944336	35.0232467651	33.1976013184
150.811117974	1006.92944336	35.0232467651	33.1976013184
150.811117974	1006.92944336	35.0232467651	33.1976013184
150.811117974	1006.92944336	35.0232467651	33.1976013184
150.811117974	1006.92944336	35.0232467651	33.1976013184
150.811117975	1006.92944336	35.0232467651	33.1976013184
150.811117975	1006.92944336	35.0232467651	33.1976013184
150.811118906	1008.12988281	39.7456588745	32.953250885
150.811118909	1008.12988281	39.7456588745	32.953250885
150.811118909	1008.12988281	39.7456588745	32.953250885
150.811118909	1008.12988281	39.7456588745	32.953250885
150.81111891	1008.12988281	39.7456588745	32.953250885
150.81111891	1008.12988281	39.7456588745	32.953250885
150.81111891	1008.12988281	39.7456588745	32.953250885
150.81111891	1008.12988281	39.7456588745	32.953250885
150.81111891	1008.12988281	39.7456588745	32.953250885
150.81111891	1008.12988281	39.7456588745	32.953250885
150.81111891	1008.12988281	39.7456588745	32.953250885
150.811118911	1008.12988281	39.7456588745	32.953250885
150.811118911	1008.12988281	39.7456588745	32.953250885
150.811118911	1008.12988281	39.7456588745	32.953250885
150.811118911	1008.12988281	39.7456588745	32.953250885
150.811118911	1008.12988281	39.7456588745	32.953250885
150.811118911	1008.12988281	39.7456588745	32.953250885
150.811118911	1008.12988281	39.7456588745	32.953250885
150.811118911	1008.13110352	39.7456588745	32.953250885
150.811118912	1008.13110352	39.7456588745	32.953250885
150.811118912	1008.13110352	39.7456588745	32.953250885
150.811118912	1008.13110352	39.7456588745	32.953250885
150.811118912	1008.13110352	39.7456588745	32.953250885
150.811118912	1008.13110352	39.7456588745	32.953250885
150.811118912	1008.13110352	39.7456588745	32.953250885
150.811118913	1008.13110352	39.7456588745	32.953250885
150.811118913	1008.13110352	39.7456588745	32.953250885
150.811118913	1008.13110352	39.7456588745	32.953250885
150.811118913	1008.13110352	39.7456588745	32.953250885
150.811118913	1008.13110352	39.7456588745	32.953250885
150.811118913	1008.13110352	39.7456588745	32.953250885
150.811118913	1008.13110352	39.7456588745	32.953250885
150.811118913	1008.13110352	39.7456588745	32.953250885
150.811118914	1008.13110352	39.7456588745	32.953250885
150.811118914	1008.13110352	39.7456588745	32.953250885
150.811118914	1008.13110352	39.7456588745	32.953250885
150.811118914	1008.13110352	39.7456588745	32.953250885
150.811118914	1008.13110352	39.7456588745	32.953250885
150.811118914	1008.13110352	39.7456588745	32.953250885
150.811118914	1008.13110352	39.7456588745	32.953250885
150.811118915	1008.13110352	39.7456588745	32.953250885
150.811118915	1008.13110352	39.7456588745	32.953250885
150.811118915	1008.13110352	39.7456588745	32.8254013062
150.811118915	1008.13110352	39.7456588745	32.8254013062
150.811118915	1008.13110352	38.8518447876	32.8254013062
150.811118915	1008.13110352	38.8518447876	32.8254013062
150.811118916	1008.13110352	38.8518447876	32.8254013062
150.811118916	1008.13452148	38.8518447876	32.8254013062
150.811118916	1008.13452148	38.8518447876	32.8254013062
150.811118916	1008.13452148	38.8518447876	32.8254013062
150.811118916	1008.13452148	38.8518447876	32.8254013062
150.811118916	1008.13452148	38.8518447876	32.8254013062
150.811118916	1008.13452148	38.8518447876	32.8254013062
150.811118917	1008.13452148	38.8518447876	32.8254013062
150.811118917	1008.13452148	38.8518447876	32.8254013062
150.811118917	1008.13452148	38.8518447876	32.8254013062
150.811118917	1008.13452148	38.8518447876	32.8254013062
150.811118917	1008.13452148	38.8518447876	32.8254013062
150.811118917	1008.13452148	38.8518447876	32.8254013062
150.811118917	1008.13452148	38.8518447876	32.8254013062
150.811118918	1008.13452148	38.8518447876	32.8254013062
150.811118918	1008.13452148	38.8518447876	32.8254013062
150.811118918	1008.13452148	38.8518447876	32.8254013062
150.811118918	1008.13452148	38.8518447876	32.8254013062
150.811118918	1008.13452148	38.8518447876	32.8254013062
150.811118918	1008.13452148	38.8518447876	32.8254013062
150.811118918	1008.13452148	38.8518447876	32.8254013062
150.811118918	1008.13452148	38.8518447876	32.8254013062
150.811118919	1008.13452148	38.8518447876	32.8254013062
150.811118919	1008.13452148	38.8518447876	32.8254013062
150.811118919	1008.13452148	38.8518447876	32.8254013062
150.811118919	1008.13452148	38.8518447876	32.8254013062
150.811118919	1008.13452148	38.8518447876	32.8254013062
150.811118919	1008.13452148	38.8518447876	32.8254013062
150.811118919	1008.13452148	38.8518447876	32.8254013062
150.81111892	1008.13452148	38.8518447876	32.8254013062
150.81111892	1008.13427734	38.8518447876	32.8254013062
150.81111892	1008.13427734	38.8518447876	32.8254013062
150.81111892	1008.13427734	38.8518447876	32.8254013062
150.81111892	1008.13427734	38.8518447876	32.8254013062
150.81111892	1008.13427734	38.8518447876	32.8254013062
150.811118921	1008.13427734	38.8518447876	32.8254013062
150.811118921	1008.13427734	38.8518447876	32.8254013062
150.811118921	1008.13427734	38.8518447876	32.8254013062
150.811118921	1008.13427734	38.8518447876	32.8254013062
150.811118921	1008.13427734	38.8518447876	32.8254013062
150.811118921	1008.13427734	38.8518447876	32.8254013062
150.811118921	1008.13427734	38.8518447876	32.8254013062
150.811118921	1008.13427734	38.8518447876	32.8254013062
150.811118922	1008.13427734	38.8518447876	32.8254013062
150.811118922	1008.13427734	38.8518447876	32.8254013062
150.811118922	1008.13427734	38.8518447876	32.8254013062
150.811118922	1008.13427734	38.8518447876	32.8254013062
150.811118922	1008.13427734	38.8518447876	32.8254013062
150.811118922	1008.13427734	38.8518447876	32.8254013062
150.811118922	1008.13427734	38.8518447876	32.8254013062
150.811118923	1008.13427734	38.8518447876	32.8254013062
150.811118923	1008.13427734	38.8518447876	32.8254013062
150.811118923	1008.13427734	38.8518447876	32.916721344
150.811118923	1008.13427734	38.8518447876	32.916721344
150.811118923	1008.13427734	39.6455192566	32.916721344
150.811118923	1008.13427734	39.6455192566	32.916721344
150.811118923	1008.13427734	39.6455192566	32.916721344
150.811118924	1008.13427734	39.6455192566	32.916721344
150.811118924	1008.13134766	39.6455192566	32.916721344
150.811118924	1008.13134766	39.6455192566	32.916721344
150.811118924	1008.13134766	39.6455192566	32.916721344
150.811118924	1008.13134766	39.6455192566	32.916721344
150.811118924	1008.13134766	39.6455192566	32.916721344
150.811118925	1008.13134766	39.6455192566	32.916721344
150.811118925	1008.13134766	39.6455192566	32.916721344
150.811118925	1008.13134766	39.6455192566	32.916721344
150.811118925	1008.13134766	39.6455192566	32.916721344
150.811118925	1008.13134766	39.6455192566	32.916721344
150.811118925	1008.13134766	39.6455192566	32.916721344
150.811118925	1008.13134766	39.6455192566	32.916721344
150.811118926	1008.13134766	39.6455192566	32.916721344
150.811118926	1008.13134766	39.6455192566	32.916721344
150.811118926	1008.13134766	39.6455192566	32.916721344
150.811118926	1008.13134766	39.6455192566	32.916721344
150.811118926	1008.13134766	39.6455192566	32.916721344
150.811118926	1008.13134766	39.6455192566	32.916721344
150.811118926	1008.13134766	39.6455192566	32.916721344
150.811118926	1008.13134766	39.6455192566	32.916721344
150.811118927	1008.13134766	39.6455192566	32.916721344
150.811118927	1008.13134766	39.6455192566	32.916721344
150.811118927	1008.13134766	39.6455192566	32.916721344
150.811118927	1008.13134766	39.6455192566	32.916721344
150.811118927	1008.13134766	39.6455192566	32.916721344
150.811118927	1008.13134766	39.6455192566	32.916721344
150.811118927	1008.13134766	39.6455192566	32.916721344
150.811118928	1008.13134766	39.6455192566	32.916721344
150.811118928	1008.13134766	39.6455192566	32.916721344
150.811118928	1008.13330078	39.6455192566	32.916721344
150.811118928	1008.13330078	39.6455192566	32.916721344
150.811118928	1008.13330078	39.6455192566	32.916721344
150.811118928	1008.13330078	39.6455192566	32.916721344
150.811118928	1008.13330078	39.6455192566	32.916721344
150.811118929	1008.13330078	39.6455192566	32.916721344
150.811118929	1008.13330078	39.6455192566	32.916721344
150.811118929	1008.13330078	39.6455192566	32.916721344
150.811118929	1008.13330078	39.6455192566	32.916721344
150.811118929	1008.13330078	39.6455192566	32.916721344
150.811118929	1008.13330078	39.6455192566	32.916721344
150.811118929	1008.13330078	39.6455192566	32.916721344
150.81111893	1008.13330078	39.6455192566	32.916721344
150.81111893	1008.13330078	39.6455192566	32.916721344
150.81111893	1008.13330078	39.6455192566	32.916721344
150.81111893	1008.13330078	39.6455192566	32.916721344
150.81111893	1008.13330078	39.6455192566	32.916721344
150.81111893	1008.13330078	39.6455192566	32.916721344
150.81111893	1008.13330078	39.6455192566	32.916721344
150.811118931	1008.13330078	39.6455192566	32.916721344
150.811118931	1008.13330078	39.6455192566	32.916721344
150.811118931	1008.13330078	39.6455192566	32.916721344
150.811118931	1008.13330078	39.6455192566	32.8619308472
150.811118931	1008.13330078	39.6455192566	32.8619308472
150.811118931	1008.13330078	39.3302764893	32.8619308472
150.811118931	1008.13330078	39.3302764893	32.8619308472
150.811118932	1008.13330078	39.3302764893	32.8619308472
150.811118932	1008.13330078	39.3302764893	32.8619308472
150.811118932	1008.13061523	39.3302764893	32.8619308472
150.811118932	1008.13061523	39.3302764893	32.8619308472
150.811118932	1008.13061523	39.3302764893	32.8619308472
150.811118932	1008.13061523	39.3302764893	32.8619308472
150.811118933	1008.13061523	39.3302764893	32.8619308472
150.811118933	1008.13061523	39.3302764893	32.8619308472
150.811118933	1008.13061523	39.3302764893	32.8619308472
150.811118933	1008.13061523	39.3302764893	32.8619308472
150.811118933	1008.13061523	39.3302764893	32.8619308472
150.811118933	1008.13061523	39.3302764893	32.8619308472
150.811118933	1008.13061523	39.3302764893	32.8619308472
150.811118933	1008.13061523	39.3302764893	32.8619308472
150.811118934	1008.13061523	39.3302764893	32.8619308472
150.811118934	1008.13061523	39.3302764893	32.8619308472
150.811118934	1008.13061523	39.3302764893	32.8619308472
150.811118934	1008.13061523	39.3302764893	32.8619308472
150.811118934	1008.13061523	39.3302764893	32.8619308472
150.811118934	1008.13061523	39.3302764893	32.8619308472
150.811118934	1008.13061523	39.3302764893	32.8619308472
150.811118935	1008.13061523	39.3302764893	32.8619308472
150.811118935	1008.13061523	39.3302764893	32.8619308472
150.811118935	1008.13061523	39.3302764893	32.8619308472
150.811118935	1008.13061523	39.3302764893	32.8619308472
150.811118935	1008.13061523	39.3302764893	32.8619308472
150.811118935	1008.13061523	39.3302764893	32.8619308472
150.811118935	1008.13061523	39.3302764893	32.8619308472
150.811118936	1008.13061523	39.3302764893	32.8619308472
150.811118936	1008.13061523	39.3302764893	32.8619308472
150.811118936	1008.13061523	39.3302764893	32.8619308472
150.811118936	1008.1340332	39.3302764893	32.8619308472
150.811118936	1008.1340332	39.3302764893	32.8619308472
150.811118936	1008.1340332	39.3302764893	32.8619308472
150.811118936	1008.1340332	39.3302764893	32.8619308472
150.811118937	1008.1340332	39.3302764893	32.8619308472
150.811118937	1008.1340332	39.3302764893	32.8619308472
150.811118937	1008.1340332	39.3302764893	32.8619308472
150.811118937	1008.1340332	39.3302764893	32.8619308472
150.811118937	1008.1340332	39.3302764893	32.8619308472
150.811118937	1008.1340332	39.3302764893	32.8619308472
150.811118937	1008.1340332	39.3302764893	32.8619308472
150.811118938	1008.1340332	39.3302764893	32.8619308472
150.811118938	1008.1340332	39.3302764893	32.8619308472
150.811118938	1008.1340332	39.3302764893	32.8619308472
150.811118938	1008.1340332	39.3302764893	32.8619308472
150.811118938	1008.1340332	39.3302764893	32.8619308472
150.811118938	1008.1340332	39.3302764893	32.8619308472
150.811118938	1008.1340332	39.3302764893	32.8619308472
150.811118939	1008.1340332	39.3302764893	32.8619308472
150.811118939	1008.1340332	39.3302764893	32.8619308472
150.811118939	1008.1340332	39.3302764893	32.8619308472
150.811118939	1008.1340332	39.3302764893	32.8619308472
150.811118939	1008.1340332	39.3302764893	32.8071365356
150.811118939	1008.1340332	36.8046073914	32.8071365356
150.811118939	1008.1340332	36.8046073914	32.8071365356
150.81111894	1008.1340332	36.8046073914	32.8071365356
150.81111894	1008.1340332	36.8046073914	32.8071365356
150.81111894	1008.1340332	36.8046073914	32.8071365356
150.81111894	1008.140625	36.8046073914	32.8071365356
150.81111894	1008.140625	36.8046073914	32.8071365356
150.81111894	1008.140625	36.8046073914	32.8071365356
150.811118941	1008.140625	36.8046073914	32.8071365356
150.811118941	1008.140625	36.8046073914	32.8071365356
150.811118941	1008.140625	36.8046073914	32.8071365356
150.811118941	1008.140625	36.8046073914	32.8071365356
150.811118941	1008.140625	36.8046073914	32.8071365356
150.811118941	1008.140625	36.8046073914	32.8071365356
150.811118941	1008.140625	36.8046073914	32.8071365356
150.811118941	1008.140625	36.8046073914	32.8071365356
150.811118942	1008.140625	36.8046073914	32.8071365356
150.811118942	1008.140625	36.8046073914	32.8071365356
150.811118942	1008.140625	36.8046073914	32.8071365356
150.811118942	1008.140625	36.8046073914	32.8071365356
150.811118942	1008.140625	36.8046073914	32.8071365356
150.811118942	1008.140625	36.8046073914	32.8071365356
150.811118942	1008.140625	36.8046073914	32.8071365356
150.811118943	1008.140625	36.8046073914	32.8071365356
150.811118943	1008.140625	36.8046073914	32.8071365356
150.811118943	1008.140625	36.8046073914	32.8071365356
150.811118943	1008.140625	36.8046073914	32.8071365356
150.811118943	1008.140625	36.8046073914	32.8071365356
150.811118943	1008.140625	36.8046073914	32.8071365356
150.811118943	1008.140625	36.8046073914	32.8071365356
150.811118943	1008.140625	36.8046073914	32.8071365356
150.811118944	1008.140625	36.8046073914	32.8071365356
150.811118944	1008.140625	36.8046073914	32.8071365356
150.811118944	1008.140625	36.8046073914	32.8071365356
150.811118944	1008.13574219	36.8046073914	32.8071365356
150.811118944	1008.13574219	36.8046073914	32.8071365356
150.811118944	1008.13574219	36.8046073914	32.8071365356
150.811118945	1008.13574219	36.8046073914	32.8071365356
150.811118945	1008.13574219	36.8046073914	32.8071365356
150.811118945	1008.13574219	36.8046073914	32.8071365356
150.811118945	1008.13574219	36.8046073914	32.8071365356
150.811118945	1008.13574219	36.8046073914	32.8071365356
150.811118945	1008.13574219	36.8046073914	32.8071365356
150.811118945	1008.13574219	36.8046073914	32.8071365356
150.811118946	1008.13574219	36.8046073914	32.8071365356
150.811118946	1008.13574219	36.8046073914	32.8071365356
150.811118946	1008.13574219	36.8046073914	32.8071365356
150.811118946	1008.13574219	36.8046073914	32.8071365356
150.811118946	1008.13574219	36.8046073914	32.8071365356
150.811118946	1008.13574219	36.8046073914	32.8071365356
150.811118946	1008.13574219	36.8046073914	32.8071365356
150.811118946	1008.13574219	36.8046073914	32.8071365356
150.811118947	1008.13574219	36.8046073914	32.8071365356
150.811118947	1008.13574219	36.8046073914	32.8071365356
150.811118947	1008.13574219	36.8046073914	32.8071365356
150.811118947	1008.13574219	36.8046073914	32.8801956177
150.811118947	1008.13574219	36.8046073914	32.8801956177
150.811118947	1008.13574219	38.3771209717	32.8801956177
150.811118948	1008.13574219	38.3771209717	32.8801956177
150.811118948	1008.13574219	38.3771209717	32.8801956177
150.811118948	1008.13574219	38.3771209717	32.8801956177
150.811118948	1008.13574219	38.3771209717	32.8801956177
150.811118948	1008.13574219	38.3771209717	32.8801956177
150.811118948	1008.13793945	38.3771209717	32.8801956177
150.811118948	1008.13793945	38.3771209717	32.8801956177
150.811118949	1008.13793945	38.3771209717	32.8801956177
150.811118949	1008.13793945	38.3771209717	32.8801956177
150.811118949	1008.13793945	38.3771209717	32.8801956177
150.811118949	1008.13793945	38.3771209717	32.8801956177
150.811118949	1008.13793945	38.3771209717	32.8801956177
150.811118949	1008.13793945	38.3771209717	32.8801956177
150.811118949	1008.13793945	38.3771209717	32.8801956177
150.81111895	1008.13793945	38.3771209717	32.8801956177
150.81111895	1008.13793945	38.3771209717	32.8801956177
150.81111895	1008.13793945	38.3771209717	32.8801956177
150.81111895	1008.13793945	38.3771209717	32.8801956177
150.81111895	1008.13793945	38.3771209717	32.8801956177
150.81111895	1008.13793945	38.3771209717	32.8801956177
150.81111895	1008.13793945	38.3771209717	32.8801956177
150.811118951	1008.13793945	38.3771209717	32.8801956177
150.811118951	1008.13793945	38.3771209717	32.8801956177
150.811118951	1008.13793945	38.3771209717	32.8801956177
150.811118951	1008.13793945	38.3771209717	32.8801956177
150.811118951	1008.13793945	38.3771209717	32.8801956177
150.811118951	1008.13793945	38.3771209717	32.8801956177
150.811118951	1008.13793945	38.3771209717	32.8801956177
150.811118951	1008.13793945	38.3771209717	32.8801956177
150.811118952	1008.13793945	38.3771209717	32.8801956177
150.811118952	1008.13793945	38.3771209717	32.8801956177
150.811118952	1008.13793945	38.3771209717	32.8801956177
150.811118952	1008.13793945	38.3771209717	32.8801956177
150.811118952	1008.13793945	38.3771209717	32.8801956177
150.811118952	1008.13500977	38.3771209717	32.8801956177
150.811118953	1008.13500977	38.3771209717	32.8801956177
150.811118953	1008.13500977	38.3771209717	32.8801956177
150.811118953	1008.13500977	38.3771209717	32.8801956177
150.811118953	1008.13500977	38.3771209717	32.8801956177
150.811118953	1008.13500977	38.3771209717	32.8801956177
150.811118953	1008.13500977	38.3771209717	32.8801956177
150.811118953	1008.13500977	38.3771209717	32.8801956177
150.811118953	1008.13500977	38.3771209717	32.8801956177
150.811118954	1008.13500977	38.3771209717	32.8801956177
150.811118954	1008.13500977	38.3771209717	32.8801956177
150.811118954	1008.13500977	38.3771209717	32.8801956177
150.811118954	1008.13500977	38.3771209717	32.8801956177
150.811118954	1008.13500977	38.3771209717	32.8801956177
150.811118954	1008.13500977	38.3771209717	32.8801956177
150.811118954	1008.13500977	38.3771209717	32.8801956177
150.811118955	1008.13500977	38.3771209717	32.8801956177
150.811118955	1008.13500977	38.3771209717	32.8801956177
150.811118955	1008.13500977	38.3771209717	32.8801956177
150.811118955	1008.13500977	38.3771209717	32.8801956177
150.811118955	1008.13500977	38.3771209717	32.7523460388
150.811118955	1008.13500977	38.3771209717	32.7523460388
150.811118955	1008.13500977	39.5750541687	32.7523460388
150.811118956	1008.13500977	39.5750541687	32.7523460388
150.811118956	1008.13500977	39.5750541687	32.7523460388
150.811118956	1008.13500977	39.5750541687	32.7523460388
150.811118956	1008.13500977	39.5750541687	32.7523460388
150.811118956	1008.13500977	39.5750541687	32.7523460388
150.811118956	1008.13574219	39.5750541687	32.7523460388
150.811118957	1008.13574219	39.5750541687	32.7523460388
150.811118957	1008.13574219	39.5750541687	32.7523460388
150.811118957	1008.13574219	39.5750541687	32.7523460388
150.811118957	1008.13574219	39.5750541687	32.7523460388
150.811118957	1008.13574219	39.5750541687	32.7523460388
150.811118957	1008.13574219	39.5750541687	32.7523460388
150.811118957	1008.13574219	39.5750541687	32.7523460388
150.811118958	1008.13574219	39.5750541687	32.7523460388
150.811118958	1008.13574219	39.5750541687	32.7523460388
150.811118958	1008.13574219	39.5750541687	32.7523460388
150.811118958	1008.13574219	39.5750541687	32.7523460388
150.811118958	1008.13574219	39.5750541687	32.7523460388
150.811118958	1008.13574219	39.5750541687	32.7523460388
150.811118958	1008.13574219	39.5750541687	32.7523460388
150.811118958	1008.13574219	39.5750541687	32.7523460388
150.811118959	1008.13574219	39.5750541687	32.7523460388
150.811118959	1008.13574219	39.5750541687	32.7523460388
150.811118959	1008.13574219	39.5750541687	32.7523460388
150.811118959	1008.13574219	39.5750541687	32.7523460388
150.811118959	1008.13574219	39.5750541687	32.7523460388
150.811118959	1008.13574219	39.5750541687	32.7523460388
150.811118959	1008.13574219	39.5750541687	32.7523460388
150.81111896	1008.13574219	39.5750541687	32.7523460388
150.81111896	1008.13574219	39.5750541687	32.7523460388
150.81111896	1008.13574219	39.5750541687	32.7523460388
150.81111896	1008.13574219	39.5750541687	32.7523460388
150.81111896	1008.13574219	39.5750541687	32.7523460388
150.81111896	1008.13574219	39.5750541687	32.7523460388
150.81111896	1008.14038086	39.5750541687	32.7523460388
150.811118961	1008.14038086	39.5750541687	32.7523460388
150.811118961	1008.14038086	39.5750541687	32.7523460388
150.811118961	1008.14038086	39.5750541687	32.7523460388
150.811118961	1008.14038086	39.5750541687	32.7523460388
150.811118961	1008.14038086	39.5750541687	32.7523460388
150.811118961	1008.14038086	39.5750541687	32.7523460388
150.811118961	1008.14038086	39.5750541687	32.7523460388
150.811118962	1008.14038086	39.5750541687	32.7523460388
150.811118962	1008.14038086	39.5750541687	32.7523460388
150.811118962	1008.14038086	39.5750541687	32.7523460388
150.811118962	1008.14038086	39.5750541687	32.7523460388
150.811118962	1008.14038086	39.5750541687	32.7523460388
150.811118962	1008.14038086	39.5750541687	32.7523460388
150.811118962	1008.14038086	39.5750541687	32.7523460388
150.811118963	1008.14038086	39.5750541687	32.7523460388
150.811118963	1008.14038086	39.5750541687	32.7523460388
150.811118963	1008.14038086	39.5750541687	32.7523460388
150.811118963	1008.14038086	39.5750541687	32.7523460388
150.811118963	1008.14038086	39.5750541687	32.7158164978
150.811118963	1008.14038086	39.5750541687	32.7158164978
150.811118963	1008.14038086	39.8717575073	32.7158164978
150.811118964	1008.14038086	39.8717575073	32.7158164978
150.811118964	1008.14038086	39.8717575073	32.7158164978
150.811118964	1008.14038086	39.8717575073	32.7158164978
150.811118964	1008.14038086	39.8717575073	32.7158164978
150.811118964	1008.14038086	39.8717575073	32.7158164978
150.811118964	1008.14038086	39.8717575073	32.7158164978
150.811118964	1008.13330078	39.8717575073	32.7158164978
150.811118965	1008.13330078	39.8717575073	32.7158164978
150.811118965	1008.13330078	39.8717575073	32.7158164978
150.811118965	1008.13330078	39.8717575073	32.7158164978
150.811118965	1008.13330078	39.8717575073	32.7158164978
150.811118965	1008.13330078	39.8717575073	32.7158164978
150.811118965	1008.13330078	39.8717575073	32.7158164978
150.811118966	1008.13330078	39.8717575073	32.7158164978
150.811118966	1008.13330078	39.8717575073	32.7158164978
150.811118966	1008.13330078	39.8717575073	32.7158164978
150.811118966	1008.13330078	39.8717575073	32.7158164978
150.811118966	1008.13330078	39.8717575073	32.7158164978
150.811118966	1008.13330078	39.8717575073	32.7158164978
150.811118966	1008.13330078	39.8717575073	32.7158164978
150.811118967	1008.13330078	39.8717575073	32.7158164978
150.811118967	1008.13330078	39.8717575073	32.7158164978
150.811118967	1008.13330078	39.8717575073	32.7158164978
150.811118967	1008.13330078	39.8717575073	32.7158164978
150.811118967	1008.13330078	39.8717575073	32.7158164978
150.811118967	1008.13330078	39.8717575073	32.7158164978
150.811118967	1008.13330078	39.8717575073	32.7158164978
150.811118968	1008.13330078	39.8717575073	32.7158164978
150.811118968	1008.13330078	39.8717575073	32.7158164978
150.811118968	1008.13330078	39.8717575073	32.7158164978
150.811118968	1008.13330078	39.8717575073	32.7158164978
150.811118968	1008.13330078	39.8717575073	32.7158164978
150.811118968	1008.13330078	39.8717575073	32.7158164978
150.811118968	1008.13330078	39.8717575073	32.7158164978
150.811118969	1008.13354492	39.8717575073	32.7158164978
150.811118969	1008.13354492	39.8717575073	32.7158164978
150.811118969	1008.13354492	39.8717575073	32.7158164978
150.811118969	1008.13354492	39.8717575073	32.7158164978
150.811118969	1008.13354492	39.8717575073	32.7158164978
150.811118969	1008.13354492	39.8717575073	32.7158164978
150.81111897	1008.13354492	39.8717575073	32.7158164978
150.81111897	1008.13354492	39.8717575073	32.7158164978
150.81111897	1008.13354492	39.8717575073	32.7158164978
150.81111897	1008.13354492	39.8717575073	32.7158164978
150.81111897	1008.13354492	39.8717575073	32.7158164978
150.81111897	1008.13354492	39.8717575073	32.7158164978
150.81111897	1008.13354492	39.8717575073	32.7158164978
150.811118971	1008.13354492	39.8717575073	32.7158164978
150.811118971	1008.13354492	39.8717575073	32.7158164978
150.811118971	1008.13354492	39.8717575073	32.7158164978
150.811118971	1008.13354492	39.8717575073	32.7158164978
150.811118971	1008.13354492	39.8717575073	32.7158164978
150.811118971	1008.13354492	39.8717575073	32.8071365356
150.811118971	1008.13354492	38.0284996033	32.8071365356
150.811118972	1008.13354492	38.0284996033	32.8071365356
150.811118972	1008.13354492	38.0284996033	32.8071365356
150.811118972	1008.13354492	38.0284996033	32.8071365356
150.811118972	1008.13354492	38.0284996033	32.8071365356
150.811118972	1008.13354492	38.0284996033	32.8071365356
150.811118972	1008.13354492	38.0284996033	32.8071365356
150.811118973	1008.13354492	38.0284996033	32.8071365356
150.811118973	1008.1328125	38.0284996033	32.8071365356
150.811118973	1008.1328125	38.0284996033	32.8071365356
150.811118973	1008.1328125	38.0284996033	32.8071365356
150.811118973	1008.1328125	38.0284996033	32.8071365356
150.811118973	1008.1328125	38.0284996033	32.8071365356
150.811118973	1008.1328125	38.0284996033	32.8071365356
150.811118974	1008.1328125	38.0284996033	32.8071365356
150.811118974	1008.1328125	38.0284996033	32.8071365356
150.811118974	1008.1328125	38.0284996033	32.8071365356
150.811118974	1008.1328125	38.0284996033	32.8071365356
150.811118974	1008.1328125	38.0284996033	32.8071365356
150.811118974	1008.1328125	38.0284996033	32.8071365356
150.811118974	1008.1328125	38.0284996033	32.8071365356
150.811118975	1008.1328125	38.0284996033	32.8071365356
150.811118975	1008.1328125	38.0284996033	32.8071365356
150.811118975	1008.1328125	38.0284996033	32.8071365356
150.811118975	1008.1328125	38.0284996033	32.8071365356
150.811118975	1008.1328125	38.0284996033	32.8071365356
150.811118975	1008.1328125	38.0284996033	32.8071365356
150.811118976	1008.1328125	38.0284996033	32.8071365356
150.811118976	1008.1328125	38.0284996033	32.8071365356
150.811118976	1008.1328125	38.0284996033	32.8071365356
150.811118976	1008.1328125	38.0284996033	32.8071365356
150.811118976	1008.1328125	38.0284996033	32.8071365356
150.811118976	1008.1328125	38.0284996033	32.8071365356
150.811118976	1008.1328125	38.0284996033	32.8071365356
150.811118976	1008.1328125	38.0284996033	32.8071365356
150.811118977	1008.13549805	38.0284996033	32.8071365356
150.811118977	1008.13549805	38.0284996033	32.8071365356
150.811118977	1008.13549805	38.0284996033	32.8071365356
150.811118977	1008.13549805	38.0284996033	32.8071365356
150.811118977	1008.13549805	38.0284996033	32.8071365356
150.811118977	1008.13549805	38.0284996033	32.8071365356
150.811118978	1008.13549805	38.0284996033	32.8071365356
150.811118978	1008.13549805	38.0284996033	32.8071365356
150.811118978	1008.13549805	38.0284996033	32.8071365356
150.811118978	1008.13549805	38.0284996033	32.8071365356
150.811118978	1008.13549805	38.0284996033	32.8071365356
150.811118978	1008.13549805	38.0284996033	32.8071365356
150.811118978	1008.13549805	38.0284996033	32.8071365356
150.811118979	1008.13549805	38.0284996033	32.8071365356
150.811118979	1008.13549805	38.0284996033	32.8071365356
150.811118979	1008.13549805	38.0284996033	32.8071365356
150.811118979	1008.13549805	38.0284996033	32.8071365356
150.811118979	1008.13549805	38.0284996033	32.8071365356
150.811118979	1008.13549805	38.0284996033	32.8071365356
150.811118979	1008.13549805	38.0284996033	32.8071365356
150.81111898	1008.13549805	38.4846763611	32.8071365356
150.81111898	1008.13549805	38.4846763611	32.8071365356
150.81111898	1008.13549805	38.4846763611	32.8071365356
150.81111898	1008.13549805	38.4846763611	32.8071365356
150.81111898	1008.13549805	38.4846763611	32.8071365356
150.81111898	1008.13549805	38.4846763611	32.8071365356
150.81111898	1008.13549805	38.4846763611	32.8071365356
150.811118981	1008.13549805	38.4846763611	32.8071365356
