1.88449515553	1000
time	pressure	humidity	temperature
150.811131293	1006.91918945	36.6536941528	33.0711212158
150.811131293	1006.91918945	36.6536941528	33.0711212158
150.811131294	1006.91918945	36.6536941528	33.0711212158
150.811131294	1006.91918945	36.6536941528	33.0711212158
150.811131294	1006.91357422	36.6536941528	33.0711212158
150.811131294	1006.91357422	36.6536941528	33.0711212158
150.811131295	1006.91357422	36.6536941528	33.0711212158
150.811131295	1006.91357422	36.6536941528	33.0711212158
150.811131295	1006.91357422	36.6536941528	33.0711212158
150.811131295	1006.91357422	36.6536941528	33.0711212158
150.811131296	1006.91357422	36.6536941528	33.0711212158
150.811131296	1006.91357422	36.6536941528	33.0711212158
150.811131296	1006.91357422	36.6536941528	33.0711212158
150.811131296	1006.91357422	36.6536941528	33.0711212158
150.811131296	1006.91357422	36.6536941528	33.0711212158
150.811131297	1006.91357422	36.6536941528	33.0711212158
150.811131297	1006.91357422	36.6536941528	33.0711212158
150.811131297	1006.91357422	36.6536941528	33.0711212158
150.811131297	1006.91357422	36.6536941528	33.0711212158
150.811131298	1006.91357422	36.6536941528	33.0711212158
150.811131298	1006.91357422	36.6536941528	33.0711212158
150.811131298	1006.91357422	36.6536941528	33.0711212158
150.811131298	1006.91357422	36.6536941528	33.0711212158
150.811131299	1006.91357422	36.6536941528	33.0711212158
150.811131299	1006.91357422	36.6536941528	33.0711212158
150.811131299	1006.91357422	36.6536941528	33.0349884033
150.811131299	1006.91357422	37.2093887329	33.0349884033
150.8111313	1006.91357422	37.2093887329	33.0349884033
150.8111313	1006.91357422	37.2093887329	33.0349884033
150.8111313	1006.91357422	37.2093887329	33.0349884033
150.8111313	1006.91357422	37.2093887329	33.0349884033
150.811131301	1006.91357422	37.2093887329	33.0349884033
150.811131301	1006.91357422	37.2093887329	33.0349884033
150.811131301	1006.91357422	37.2093887329	33.0349884033
150.811131301	1006.91357422	37.2093887329	33.0349884033
150.811131301	1006.91357422	37.2093887329	33.0349884033
150.811131302	1006.91357422	37.2093887329	33.0349884033
150.811131302	1006.91674805	37.2093887329	33.0349884033
150.811131302	1006.91674805	37.2093887329	33.0349884033
150.811131303	1006.91674805	37.2093887329	33.0349884033
150.811131303	1006.91674805	37.2093887329	33.0349884033
150.811131303	1006.91674805	37.2093887329	33.0349884033
150.811131303	1006.91674805	37.2093887329	33.0349884033
150.811131303	1006.91674805	37.2093887329	33.0349884033
150.811131304	1006.91674805	37.2093887329	33.0349884033
150.811131304	1006.91674805	37.2093887329	33.0349884033
150.811131304	1006.91674805	37.2093887329	33.0349884033
150.811131304	1006.91674805	37.2093887329	33.0349884033
150.811131305	1006.91674805	37.2093887329	33.0349884033
150.811131305	1006.91674805	37.2093887329	33.0349884033
150.811131305	1006.91674805	37.2093887329	33.0349884033
150.811131305	1006.91674805	37.2093887329	33.0349884033
150.811131305	1006.91674805	37.2093887329	33.0349884033
150.811131306	1006.91674805	37.2093887329	33.0349884033
150.811131306	1006.91503906	37.2093887329	33.0349884033
150.811131306	1006.91503906	37.2093887329	33.0349884033
150.811131306	1006.91503906	37.2093887329	33.0349884033
150.811131307	1006.91503906	37.2093887329	33.0349884033
150.811131307	1006.91503906	37.2093887329	33.0349884033
150.811131307	1006.91503906	37.2093887329	33.125328064
150.811131307	1006.91503906	37.456703186	33.125328064
150.811131308	1006.91503906	37.456703186	33.125328064
150.811131308	1006.91503906	37.456703186	33.125328064
150.811131308	1006.91503906	37.456703186	33.125328064
150.811131308	1006.91503906	37.456703186	33.125328064
150.811131309	1006.91503906	37.456703186	33.125328064
150.811131309	1006.91503906	37.456703186	33.125328064
150.811131309	1006.91503906	37.456703186	33.125328064
150.811131309	1006.91503906	37.456703186	33.125328064
150.81113131	1006.91503906	37.456703186	33.125328064
150.81113131	1006.91503906	37.456703186	33.125328064
150.81113131	1006.91552734	37.456703186	33.125328064
150.81113131	1006.91552734	37.456703186	33.125328064
150.811131311	1006.91552734	37.456703186	33.125328064
150.811131311	1006.91552734	37.456703186	33.125328064
150.811131311	1006.91552734	37.456703186	33.125328064
150.811131311	1006.91552734	37.456703186	33.125328064
150.811131312	1006.91552734	37.456703186	33.125328064
150.811131312	1006.91552734	37.456703186	33.125328064
150.811131312	1006.91552734	37.456703186	33.125328064
150.811131312	1006.91552734	37.456703186	33.125328064
150.811131312	1006.91552734	37.456703186	33.125328064
150.811131313	1006.91552734	37.456703186	33.125328064
150.811131313	1006.91552734	37.456703186	33.125328064
150.811131313	1006.91552734	37.456703186	33.125328064
150.811131313	1006.91552734	37.456703186	33.125328064
150.811131314	1006.91552734	37.456703186	33.125328064
150.811131314	1006.91552734	37.456703186	33.125328064
150.811131314	1006.91357422	37.456703186	33.125328064
150.811131314	1006.91357422	37.456703186	33.125328064
150.811131315	1006.91357422	37.456703186	33.125328064
150.811131315	1006.91357422	37.456703186	33.125328064
150.811131315	1006.91357422	37.456703186	33.125328064
150.811131315	1006.91357422	37.456703186	33.125328064
150.811131315	1006.91357422	37.456703186	33.0891914368
150.811131316	1006.91357422	34.8217315674	33.0891914368
150.811131316	1006.91357422	34.8217315674	33.0891914368
150.811131316	1006.91357422	34.8217315674	33.0891914368
150.811131317	1006.91357422	34.8217315674	33.0891914368
150.811131317	1006.91357422	34.8217315674	33.0891914368
150.811131317	1006.91357422	34.8217315674	33.0891914368
150.811131317	1006.91357422	34.8217315674	33.0891914368
150.811131317	1006.91357422	34.8217315674	33.0891914368
150.811131318	1006.91357422	34.8217315674	33.0891914368
150.811131318	1006.91503906	34.8217315674	33.0891914368
150.811131318	1006.91503906	34.8217315674	33.0891914368
150.811131318	1006.91503906	34.8217315674	33.0891914368
150.811131319	1006.91503906	34.8217315674	33.0891914368
150.811131319	1006.91503906	34.8217315674	33.0891914368
150.811131319	1006.91503906	34.8217315674	33.0891914368
150.811131319	1006.91503906	34.8217315674	33.0891914368
150.81113132	1006.91503906	34.8217315674	33.0891914368
150.81113132	1006.91503906	34.8217315674	33.0891914368
150.81113132	1006.91503906	34.8217315674	33.0891914368
150.81113132	1006.91503906	34.8217315674	33.0891914368
150.81113132	1006.91503906	34.8217315674	33.0891914368
150.811131321	1006.91503906	34.8217315674	33.0891914368
150.811131321	1006.91503906	34.8217315674	33.0891914368
150.811131321	1006.91503906	34.8217315674	33.0891914368
150.811131321	1006.91503906	34.8217315674	33.0891914368
150.811131322	1006.91503906	34.8217315674	33.0891914368
150.811131322	1006.9206543	34.8217315674	33.0891914368
150.811131322	1006.9206543	34.8217315674	33.0891914368
150.811131322	1006.9206543	34.8217315674	33.0891914368
150.811131323	1006.9206543	34.8217315674	33.0891914368
150.811131323	1006.9206543	34.8217315674	33.0891914368
150.811131323	1006.9206543	34.8217315674	33.0891914368
150.811131323	1006.9206543	34.8217315674	33.0891914368
150.811131324	1006.9206543	34.8217315674	33.0891914368
150.811131324	1006.9206543	37.0597763062	33.0891914368
150.811131324	1006.9206543	37.0597763062	33.0891914368
150.811131324	1006.9206543	37.0597763062	33.0891914368
150.811131325	1006.9206543	37.0597763062	33.0891914368
150.811131325	1006.9206543	37.0597763062	33.0891914368
150.811131325	1006.9206543	37.0597763062	33.0891914368
150.811131325	1006.9206543	37.0597763062	33.0891914368
150.811131325	1006.9206543	37.0597763062	33.0891914368
150.811131326	1006.91845703	37.0597763062	33.0891914368
150.811131326	1006.91845703	37.0597763062	33.0891914368
150.811131326	1006.91845703	37.0597763062	33.0891914368
150.811131327	1006.91845703	37.0597763062	33.0891914368
150.811131327	1006.91845703	37.0597763062	33.0891914368
150.811131327	1006.91845703	37.0597763062	33.0891914368
150.811131327	1006.91845703	37.0597763062	33.0891914368
150.811131327	1006.91845703	37.0597763062	33.0891914368
150.811131328	1006.91845703	37.0597763062	33.0891914368
150.811131328	1006.91845703	37.0597763062	33.0891914368
150.811131328	1006.91845703	37.0597763062	33.0891914368
150.811131328	1006.91845703	37.0597763062	33.0891914368
150.811131329	1006.91845703	37.0597763062	33.0891914368
150.811131329	1006.91845703	37.0597763062	33.0891914368
150.811131329	1006.91845703	37.0597763062	33.0891914368
150.811131329	1006.91845703	37.0597763062	33.0891914368
150.811131329	1006.91845703	37.0597763062	33.0891914368
150.81113133	1006.91577148	37.0597763062	33.0891914368
150.81113133	1006.91577148	37.0597763062	33.0891914368
150.81113133	1006.91577148	37.0597763062	33.0891914368
150.81113133	1006.91577148	37.0597763062	33.0891914368
150.811131331	1006.91577148	37.0597763062	33.0891914368
150.811131331	1006.91577148	37.0597763062	33.0891914368
150.811131331	1006.91577148	37.0597763062	33.0891914368
150.811131331	1006.91577148	37.0597763062	33.0891914368
150.811131332	1006.91577148	37.0597763062	32.9988479614
150.811131332	1006.91577148	37.0597763062	32.9988479614
150.811131332	1006.91577148	34.2782516479	32.9988479614
150.811131332	1006.91577148	34.2782516479	32.9988479614
150.811131333	1006.91577148	34.2782516479	32.9988479614
150.811131333	1006.91577148	34.2782516479	32.9988479614
150.811131333	1006.91577148	34.2782516479	32.9988479614
150.811131333	1006.91577148	34.2782516479	32.9988479614
150.811131334	1006.91577148	34.2782516479	32.9988479614
150.811131334	1006.91748047	34.2782516479	32.9988479614
150.811131334	1006.91748047	34.2782516479	32.9988479614
150.811131334	1006.91748047	34.2782516479	32.9988479614
150.811131335	1006.91748047	34.2782516479	32.9988479614
150.811131335	1006.91748047	34.2782516479	32.9988479614
150.811131335	1006.91748047	34.2782516479	32.9988479614
150.811131335	1006.91748047	34.2782516479	32.9988479614
150.811131335	1006.91748047	34.2782516479	32.9988479614
150.811131336	1006.91748047	34.2782516479	32.9988479614
150.811131336	1006.91748047	34.2782516479	32.9988479614
150.811131336	1006.91748047	34.2782516479	32.9988479614
150.811131336	1006.91748047	34.2782516479	32.9988479614
150.811131337	1006.91748047	34.2782516479	32.9988479614
150.811131337	1006.91748047	34.2782516479	32.9988479614
150.811131337	1006.91748047	34.2782516479	32.9988479614
150.811131337	1006.91748047	34.2782516479	32.9988479614
150.811131337	1006.91748047	34.2782516479	32.9988479614
150.811131338	1006.91870117	34.2782516479	32.9988479614
150.811131338	1006.91870117	34.2782516479	32.9988479614
150.811131338	1006.91870117	34.2782516479	32.9988479614
150.811131339	1006.91870117	34.2782516479	32.9988479614
150.811131339	1006.91870117	34.2782516479	32.9988479614
150.811131339	1006.91870117	34.2782516479	32.9988479614
150.811131339	1006.91870117	34.2782516479	32.9988479614
150.811131339	1006.91870117	34.2782516479	32.9988479614
150.81113134	1006.91870117	34.2782516479	32.9988479614
150.81113134	1006.91870117	34.2782516479	33.0169181824
150.81113134	1006.91870117	38.0795669556	33.0169181824
150.811131341	1006.91870117	38.0795669556	33.0169181824
150.811131341	1006.91870117	38.0795669556	33.0169181824
150.811131341	1006.91870117	38.0795669556	33.0169181824
150.811131341	1006.91870117	38.0795669556	33.0169181824
150.811131341	1006.91870117	38.0795669556	33.0169181824
150.811131342	1006.92138672	38.0795669556	33.0169181824
150.811131342	1006.92138672	38.0795669556	33.0169181824
150.811131342	1006.92138672	38.0795669556	33.0169181824
150.811131342	1006.92138672	38.0795669556	33.0169181824
150.811131343	1006.92138672	38.0795669556	33.0169181824
150.811131343	1006.92138672	38.0795669556	33.0169181824
150.811131343	1006.92138672	38.0795669556	33.0169181824
150.811131343	1006.92138672	38.0795669556	33.0169181824
150.811131344	1006.92138672	38.0795669556	33.0169181824
150.811131344	1006.92138672	38.0795669556	33.0169181824
150.811131344	1006.92138672	38.0795669556	33.0169181824
150.811131344	1006.92138672	38.0795669556	33.0169181824
150.811131344	1006.92138672	38.0795669556	33.0169181824
150.811131345	1006.92138672	38.0795669556	33.0169181824
150.811131345	1006.92138672	38.0795669556	33.0169181824
150.811131345	1006.92138672	38.0795669556	33.0169181824
150.811131345	1006.92138672	38.0795669556	33.0169181824
150.811131346	1006.92407227	38.0795669556	33.0169181824
150.811131346	1006.92407227	38.0795669556	33.0169181824
150.811131346	1006.92407227	38.0795669556	33.0169181824
150.811131346	1006.92407227	38.0795669556	33.0169181824
150.811131347	1006.92407227	38.0795669556	33.0169181824
150.811131347	1006.92407227	38.0795669556	33.0169181824
150.811131347	1006.92407227	38.0795669556	33.0169181824
150.811131347	1006.92407227	38.0795669556	33.0169181824
150.811131348	1006.92407227	38.0795669556	33.0169181824
150.811131348	1006.92407227	38.0795669556	33.0169181824
150.811131348	1006.92407227	38.0795669556	33.0169181824
150.811131348	1006.92407227	35.5575714111	33.0169181824
150.811131349	1006.92407227	35.5575714111	33.0169181824
150.811131349	1006.92407227	35.5575714111	33.0169181824
150.811131349	1006.92407227	35.5575714111	33.0169181824
150.811131349	1006.92407227	35.5575714111	33.0169181824
150.811131349	1006.92773438	35.5575714111	33.0169181824
150.81113135	1006.92773438	35.5575714111	33.0169181824
150.81113135	1006.92773438	35.5575714111	33.0169181824
150.81113135	1006.92773438	35.5575714111	33.0169181824
150.811131351	1006.92773438	35.5575714111	33.0169181824
150.811131351	1006.92773438	35.5575714111	33.0169181824
150.811131351	1006.92773438	35.5575714111	33.0169181824
150.811131351	1006.92773438	35.5575714111	33.0169181824
150.811131351	1006.92773438	35.5575714111	33.0169181824
150.811131352	1006.92773438	35.5575714111	33.0169181824
150.811131352	1006.92773438	35.5575714111	33.0169181824
150.811131352	1006.92773438	35.5575714111	33.0169181824
150.811131352	1006.92773438	35.5575714111	33.0169181824
150.811131353	1006.92773438	35.5575714111	33.0169181824
150.811131353	1006.92773438	35.5575714111	33.0169181824
150.811131353	1006.92773438	35.5575714111	33.0169181824
150.811131353	1006.92773438	35.5575714111	33.0169181824
150.811131353	1006.93066406	35.5575714111	33.0169181824
150.811131354	1006.93066406	35.5575714111	33.0169181824
150.811131354	1006.93066406	35.5575714111	33.0169181824
150.811131354	1006.93066406	35.5575714111	33.0169181824
150.811131355	1006.93066406	35.5575714111	33.0169181824
150.811131355	1006.93066406	35.5575714111	33.0169181824
150.811131355	1006.93066406	35.5575714111	33.0169181824
150.811131355	1006.93066406	35.5575714111	33.0169181824
150.811131355	1006.93066406	35.5575714111	33.0169181824
150.811131356	1006.93066406	35.5575714111	33.0169181824
150.811131356	1006.93066406	35.5575714111	33.0169181824
150.811131356	1006.93066406	35.5575714111	33.0169181824
150.811131356	1006.93066406	35.5575714111	33.0169181824
150.811131357	1006.93066406	38.8825759888	33.0169181824
150.811131357	1006.93066406	38.8825759888	33.0169181824
150.811131357	1006.93066406	38.8825759888	33.0169181824
150.811131357	1006.92578125	38.8825759888	33.0169181824
150.811131358	1006.92578125	38.8825759888	33.0169181824
150.811131358	1006.92578125	38.8825759888	33.0169181824
150.811131358	1006.92578125	38.8825759888	33.0169181824
150.811131358	1006.92578125	38.8825759888	33.0169181824
150.811131359	1006.92578125	38.8825759888	33.0169181824
150.811131359	1006.92578125	38.8825759888	33.0169181824
150.811131359	1006.92578125	38.8825759888	33.0169181824
150.811131359	1006.92578125	38.8825759888	33.0169181824
150.81113136	1006.92578125	38.8825759888	33.0169181824
150.81113136	1006.92578125	38.8825759888	33.0169181824
150.81113136	1006.92578125	38.8825759888	33.0169181824
150.81113136	1006.92578125	38.8825759888	33.0169181824
150.81113136	1006.92578125	38.8825759888	33.0169181824
150.811131361	1006.92578125	38.8825759888	33.0169181824
150.811131361	1006.92578125	38.8825759888	33.0169181824
150.811131361	1006.92578125	38.8825759888	33.0169181824
150.811131361	1006.92431641	38.8825759888	33.0169181824
150.811131362	1006.92431641	38.8825759888	33.0169181824
150.811131362	1006.92431641	38.8825759888	33.0169181824
150.811131362	1006.92431641	38.8825759888	33.0169181824
150.811131362	1006.92431641	38.8825759888	33.0169181824
150.811131363	1006.92431641	38.8825759888	33.0169181824
150.811131363	1006.92431641	38.8825759888	33.0169181824
150.811131363	1006.92431641	38.8825759888	33.0169181824
150.811131363	1006.92431641	38.8825759888	33.0169181824
150.811131363	1006.92431641	38.8825759888	33.0169181824
150.811131364	1006.92431641	38.8825759888	33.0169181824
150.811131364	1006.92431641	38.8825759888	33.0169181824
150.811131364	1006.92431641	38.8825759888	33.0169181824
150.811131364	1006.92431641	38.8825759888	33.0711212158
150.811131365	1006.92431641	34.6934967041	33.0711212158
150.811131365	1006.92431641	34.6934967041	33.0711212158
150.811131365	1006.92431641	34.6934967041	33.0711212158
150.811131365	1006.92407227	34.6934967041	33.0711212158
150.811131366	1006.92407227	34.6934967041	33.0711212158
150.811131366	1006.92407227	34.6934967041	33.0711212158
150.811131366	1006.92407227	34.6934967041	33.0711212158
150.811131367	1006.92407227	34.6934967041	33.0711212158
150.811131367	1006.92407227	34.6934967041	33.0711212158
150.811131367	1006.92407227	34.6934967041	33.0711212158
150.811131367	1006.92407227	34.6934967041	33.0711212158
150.811131367	1006.92407227	34.6934967041	33.0711212158
150.811131368	1006.92407227	34.6934967041	33.0711212158
150.811131368	1006.92407227	34.6934967041	33.0711212158
150.811131368	1006.92407227	34.6934967041	33.0711212158
150.811131368	1006.92407227	34.6934967041	33.0711212158
150.811131369	1006.92407227	34.6934967041	33.0711212158
150.811131369	1006.92407227	34.6934967041	33.0711212158
150.811131369	1006.92407227	34.6934967041	33.0711212158
150.811131369	1006.92407227	34.6934967041	33.0711212158
150.811131369	1006.93286133	34.6934967041	33.0711212158
150.81113137	1006.93286133	34.6934967041	33.0711212158
150.81113137	1006.93286133	34.6934967041	33.0711212158
150.81113137	1006.93286133	34.6934967041	33.0711212158
150.81113137	1006.93286133	34.6934967041	33.0711212158
150.811131371	1006.93286133	34.6934967041	33.0711212158
150.811131371	1006.93286133	34.6934967041	33.0711212158
150.811131371	1006.93286133	34.6934967041	33.0711212158
150.811131371	1006.93286133	34.6934967041	33.0711212158
150.811131372	1006.93286133	34.6934967041	33.0711212158
150.811131372	1006.93286133	34.6934967041	33.0711212158
150.811131372	1006.93286133	34.6934967041	33.0711212158
150.811131372	1006.93286133	34.6934967041	33.0711212158
150.811131372	1006.93286133	34.6934967041	33.125328064
150.811131373	1006.93286133	38.7635002136	33.125328064
150.811131373	1006.93286133	38.7635002136	33.125328064
150.811131373	1006.92773438	38.7635002136	33.125328064
150.811131374	1006.92773438	38.7635002136	33.125328064
150.811131374	1006.92773438	38.7635002136	33.125328064
150.811131374	1006.92773438	38.7635002136	33.125328064
150.811131374	1006.92773438	38.7635002136	33.125328064
150.811131375	1006.92773438	38.7635002136	33.125328064
150.811131375	1006.92773438	38.7635002136	33.125328064
150.811131375	1006.92773438	38.7635002136	33.125328064
150.811131375	1006.92773438	38.7635002136	33.125328064
150.811131375	1006.92773438	38.7635002136	33.125328064
150.811131376	1006.92773438	38.7635002136	33.125328064
150.811131376	1006.92773438	38.7635002136	33.125328064
150.811131376	1006.92773438	38.7635002136	33.125328064
150.811131376	1006.92773438	38.7635002136	33.125328064
150.811131377	1006.92773438	38.7635002136	33.125328064
150.811131377	1006.92773438	38.7635002136	33.125328064
150.811131377	1006.92773438	38.7635002136	33.125328064
150.811131377	1006.92871094	38.7635002136	33.125328064
150.811131378	1006.92871094	38.7635002136	33.125328064
150.811131378	1006.92871094	38.7635002136	33.125328064
150.811131378	1006.92871094	38.7635002136	33.125328064
150.811131378	1006.92871094	38.7635002136	33.125328064
150.811131379	1006.92871094	38.7635002136	33.125328064
150.811131379	1006.92871094	38.7635002136	33.125328064
150.811131379	1006.92871094	38.7635002136	33.125328064
150.811131379	1006.92871094	38.7635002136	33.125328064
150.811131379	1006.92871094	38.7635002136	33.125328064
150.81113138	1006.92871094	38.7635002136	33.125328064
150.81113138	1006.92871094	38.7635002136	33.125328064
150.81113138	1006.92871094	38.7635002136	33.125328064
150.81113138	1006.92871094	38.7635002136	33.125328064
150.811131381	1006.92871094	38.7635002136	33.1976013184
150.811131381	1006.92871094	38.7635002136	33.1976013184
150.811131381	1006.92480469	35.6430625916	33.1976013184
150.811131382	1006.92480469	35.6430625916	33.1976013184
150.811131382	1006.92480469	35.6430625916	33.1976013184
150.811131382	1006.92480469	35.6430625916	33.1976013184
150.811131382	1006.92480469	35.6430625916	33.1976013184
150.811131382	1006.92480469	35.6430625916	33.1976013184
150.811131383	1006.92480469	35.6430625916	33.1976013184
150.811131383	1006.92480469	35.6430625916	33.1976013184
150.811131383	1006.92480469	35.6430625916	33.1976013184
150.811131383	1006.92480469	35.6430625916	33.1976013184
150.811131384	1006.92480469	35.6430625916	33.1976013184
150.811131384	1006.92480469	35.6430625916	33.1976013184
150.811131384	1006.92480469	35.6430625916	33.1976013184
150.811131384	1006.92480469	35.6430625916	33.1976013184
150.811131384	1006.92480469	35.6430625916	33.1976013184
150.811131385	1006.92480469	35.6430625916	33.1976013184
150.811131385	1006.92480469	35.6430625916	33.1976013184
150.811131385	1006.9230957	35.6430625916	33.1976013184
150.811131385	1006.9230957	35.6430625916	33.1976013184
150.811131386	1006.9230957	35.6430625916	33.1976013184
150.811131386	1006.9230957	35.6430625916	33.1976013184
150.811131386	1006.9230957	35.6430625916	33.1976013184
150.811131386	1006.9230957	35.6430625916	33.1976013184
150.811131387	1006.9230957	35.6430625916	33.1976013184
150.811131387	1006.9230957	35.6430625916	33.1976013184
150.811131387	1006.9230957	35.6430625916	33.1976013184
150.811131387	1006.9230957	35.6430625916	33.1976013184
150.811131387	1006.9230957	35.6430625916	33.1976013184
150.811131388	1006.9230957	35.6430625916	33.1976013184
150.811131388	1006.9230957	35.6430625916	33.1976013184
150.811131388	1006.9230957	35.6430625916	33.1976013184
150.811131388	1006.9230957	35.6430625916	33.1976013184
150.811131389	1006.9230957	35.6430625916	33.1976013184
150.811131389	1006.9230957	35.6430625916	33.0530548096
150.811131389	1006.92041016	38.5894622803	33.0530548096
150.81113139	1006.92041016	38.5894622803	33.0530548096
150.81113139	1006.92041016	38.5894622803	33.0530548096
150.81113139	1006.92041016	38.5894622803	33.0530548096
150.81113139	1006.92041016	38.5894622803	33.0530548096
150.811131391	1006.92041016	38.5894622803	33.0530548096
150.811131391	1006.92041016	38.5894622803	33.0530548096
150.811131391	1006.92041016	38.5894622803	33.0530548096
150.811131391	1006.92041016	38.5894622803	33.0530548096
150.811131391	1006.92041016	38.5894622803	33.0530548096
150.811131392	1006.92041016	38.5894622803	33.0530548096
150.811131392	1006.92041016	38.5894622803	33.0530548096
150.811131392	1006.92041016	38.5894622803	33.0530548096
150.811131392	1006.92041016	38.5894622803	33.0530548096
150.811131393	1006.92041016	38.5894622803	33.0530548096
150.811131393	1006.92041016	38.5894622803	33.0530548096
150.811131393	1006.92602539	38.5894622803	33.0530548096
150.811131393	1006.92602539	38.5894622803	33.0530548096
150.811131394	1006.92602539	38.5894622803	33.0530548096
150.811131394	1006.92602539	38.5894622803	33.0530548096
150.811131394	1006.92602539	38.5894622803	33.0530548096
150.811131394	1006.92602539	38.5894622803	33.0530548096
150.811131394	1006.92602539	38.5894622803	33.0530548096
150.811131395	1006.92602539	38.5894622803	33.0530548096
150.811131395	1006.92602539	38.5894622803	33.0530548096
150.811131395	1006.92602539	38.5894622803	33.0530548096
150.811131395	1006.92602539	38.5894622803	33.0530548096
150.811131396	1006.92602539	38.5894622803	33.0530548096
150.811131396	1006.92602539	38.5894622803	33.0530548096
150.811131396	1006.92602539	38.5894622803	33.0530548096
150.811131396	1006.92602539	38.5894622803	33.0530548096
150.811131396	1006.92602539	38.5894622803	33.0530548096
150.811131397	1006.92602539	38.5894622803	33.0530548096
150.811131397	1006.92602539	38.5894622803	33.0349884033
150.811131397	1006.92797852	35.6522216797	33.0349884033
150.811131398	1006.92797852	35.6522216797	33.0349884033
150.811131398	1006.92797852	35.6522216797	33.0349884033
150.811131398	1006.92797852	35.6522216797	33.0349884033
150.811131398	1006.92797852	35.6522216797	33.0349884033
150.811131399	1006.92797852	35.6522216797	33.0349884033
150.811131399	1006.92797852	35.6522216797	33.0349884033
150.811131399	1006.92797852	35.6522216797	33.0349884033
150.811131399	1006.92797852	35.6522216797	33.0349884033
150.811131399	1006.92797852	35.6522216797	33.0349884033
150.8111314	1006.92797852	35.6522216797	33.0349884033
150.8111314	1006.92797852	35.6522216797	33.0349884033
150.8111314	1006.92797852	35.6522216797	33.0349884033
150.8111314	1006.92797852	35.6522216797	33.0349884033
150.811131401	1006.92797852	35.6522216797	33.0349884033
150.811131401	1006.92797852	35.6522216797	33.0349884033
150.811131401	1006.93286133	35.6522216797	33.0349884033
150.811131401	1006.93286133	35.6522216797	33.0349884033
150.811131402	1006.93286133	35.6522216797	33.0349884033
150.811131402	1006.93286133	35.6522216797	33.0349884033
150.811131402	1006.93286133	35.6522216797	33.0349884033
150.811131402	1006.93286133	35.6522216797	33.0349884033
150.811131403	1006.93286133	35.6522216797	33.0349884033
150.811131403	1006.93286133	35.6522216797	33.0349884033
150.811131403	1006.93286133	35.6522216797	33.0349884033
150.811131403	1006.93286133	35.6522216797	33.0349884033
150.811131403	1006.93286133	35.6522216797	33.0349884033
150.811131404	1006.93286133	35.6522216797	33.0349884033
150.811131404	1006.93286133	35.6522216797	33.0349884033
150.811131404	1006.93286133	35.6522216797	33.0349884033
150.811131404	1006.93286133	35.6522216797	33.0349884033
150.811131405	1006.93286133	35.6522216797	33.0349884033
150.811131405	1006.93286133	35.6522216797	33.0349884033
150.811131405	1006.93139648	35.6522216797	33.0711212158
150.811131406	1006.93139648	34.4095420837	33.0711212158
150.811131406	1006.93139648	34.4095420837	33.0711212158
150.811131406	1006.93139648	34.4095420837	33.0711212158
150.811131406	1006.93139648	34.4095420837	33.0711212158
150.811131406	1006.93139648	34.4095420837	33.0711212158
150.811131407	1006.93139648	34.4095420837	33.0711212158
150.811131407	1006.93139648	34.4095420837	33.0711212158
150.811131407	1006.93139648	34.4095420837	33.0711212158
150.811131408	1006.93139648	34.4095420837	33.0711212158
150.811131408	1006.93139648	34.4095420837	33.0711212158
150.811131408	1006.93139648	34.4095420837	33.0711212158
150.811131408	1006.93139648	34.4095420837	33.0711212158
150.811131408	1006.93139648	34.4095420837	33.0711212158
150.811131409	1006.93139648	34.4095420837	33.0711212158
150.811131409	1006.93286133	34.4095420837	33.0711212158
150.811131409	1006.93286133	34.4095420837	33.0711212158
150.81113141	1006.93286133	34.4095420837	33.0711212158
150.81113141	1006.93286133	34.4095420837	33.0711212158
150.81113141	1006.93286133	34.4095420837	33.0711212158
150.81113141	1006.93286133	34.4095420837	33.0711212158
150.81113141	1006.93286133	34.4095420837	33.0711212158
150.811131411	1006.93286133	34.4095420837	33.0711212158
150.811131411	1006.93286133	34.4095420837	33.0711212158
150.811131411	1006.93286133	34.4095420837	33.0711212158
150.811131411	1006.93286133	34.4095420837	33.0711212158
150.811131412	1006.93286133	34.4095420837	33.0711212158
150.811131412	1006.93286133	34.4095420837	33.0711212158
150.811131412	1006.93286133	34.4095420837	33.0711212158
150.811132411	1008.10522461	38.9631080627	32.8984603882
150.811132414	1008.10522461	38.9631080627	32.8984603882
150.811132414	1008.10522461	38.9631080627	32.8984603882
150.811132414	1008.10522461	38.9631080627	32.8984603882
150.811132414	1008.10522461	38.9631080627	32.8984603882
150.811132414	1008.10522461	38.9631080627	32.8984603882
150.811132415	1008.10522461	38.9631080627	32.8984603882
150.811132415	1008.10522461	38.9631080627	32.8984603882
150.811132415	1008.10522461	38.9631080627	32.8984603882
150.811132415	1008.10522461	38.9631080627	32.8984603882
150.811132415	1008.10522461	38.9631080627	32.8984603882
150.811132415	1008.10522461	38.9631080627	32.8984603882
150.811132415	1008.10522461	38.9631080627	32.8984603882
150.811132416	1008.10522461	38.9631080627	32.8984603882
150.811132416	1008.10522461	38.9631080627	32.8984603882
150.811132416	1008.10522461	38.9631080627	32.8984603882
150.811132416	1008.10522461	38.9631080627	32.8984603882
150.811132416	1008.10473633	38.9631080627	32.8984603882
150.811132416	1008.10473633	38.9631080627	32.8984603882
150.811132416	1008.10473633	38.9631080627	32.8984603882
150.811132417	1008.10473633	38.9631080627	32.8984603882
150.811132417	1008.10473633	39.990436554	32.8984603882
150.811132417	1008.10473633	39.990436554	32.8984603882
150.811132417	1008.10473633	39.990436554	32.8984603882
150.811132417	1008.10473633	39.990436554	32.8984603882
150.811132417	1008.10473633	39.990436554	32.8984603882
150.811132418	1008.10473633	39.990436554	32.8984603882
150.811132418	1008.10473633	39.990436554	32.8984603882
150.811132418	1008.10473633	39.990436554	32.8984603882
150.811132418	1008.10473633	39.990436554	32.8984603882
150.811132418	1008.10473633	39.990436554	32.8984603882
150.811132418	1008.10473633	39.990436554	32.8984603882
150.811132418	1008.10473633	39.990436554	32.8984603882
150.811132418	1008.10473633	39.990436554	32.8984603882
150.811132419	1008.10473633	39.990436554	32.8984603882
150.811132419	1008.10473633	39.990436554	32.8984603882
150.811132419	1008.10473633	39.990436554	32.8984603882
150.811132419	1008.10473633	39.990436554	32.8984603882
150.811132419	1008.10473633	39.990436554	32.8984603882
150.811132419	1008.10473633	39.990436554	32.8984603882
150.811132419	1008.10473633	39.990436554	32.8984603882
150.81113242	1008.10473633	39.990436554	32.8984603882
150.81113242	1008.10473633	39.990436554	32.8984603882
150.81113242	1008.10473633	39.990436554	32.8984603882
150.81113242	1008.10473633	39.990436554	32.8984603882
150.81113242	1008.11035156	39.990436554	32.8984603882
150.81113242	1008.11035156	39.990436554	32.8984603882
150.81113242	1008.11035156	39.990436554	32.8984603882
150.811132421	1008.11035156	39.990436554	32.8984603882
150.811132421	1008.11035156	39.990436554	32.8984603882
150.811132421	1008.11035156	39.990436554	32.8984603882
150.811132421	1008.11035156	39.990436554	32.8984603882
150.811132421	1008.11035156	39.990436554	32.8984603882
150.811132421	1008.11035156	39.990436554	32.8984603882
150.811132421	1008.11035156	39.990436554	32.8984603882
150.811132422	1008.11035156	39.990436554	32.8984603882
150.811132422	1008.11035156	39.990436554	32.8984603882
150.811132422	1008.11035156	39.990436554	32.8984603882
150.811132422	1008.11035156	39.990436554	32.8984603882
150.811132422	1008.11035156	39.990436554	32.8984603882
150.811132422	1008.11035156	39.990436554	32.8984603882
150.811132422	1008.11035156	39.990436554	32.8984603882
150.811132423	1008.11035156	39.990436554	32.8984603882
150.811132423	1008.11035156	39.990436554	32.8984603882
150.811132423	1008.11035156	39.990436554	32.8984603882
150.811132423	1008.11035156	39.990436554	32.8984603882
150.811132423	1008.11035156	39.990436554	32.8984603882
150.811132423	1008.11035156	39.990436554	32.8984603882
150.811132423	1008.11035156	39.990436554	32.8984603882
150.811132424	1008.11035156	39.990436554	32.8984603882
150.811132424	1008.11035156	39.990436554	32.8984603882
150.811132424	1008.11035156	39.990436554	32.8984603882
150.811132424	1008.11035156	39.990436554	32.8984603882
150.811132424	1008.11035156	39.990436554	32.8984603882
150.811132424	1008.11230469	39.990436554	32.8984603882
150.811132425	1008.11230469	39.990436554	32.8254013062
150.811132425	1008.11230469	39.990436554	32.8254013062
150.811132425	1008.11230469	39.2672271729	32.8254013062
150.811132425	1008.11230469	39.2672271729	32.8254013062
150.811132425	1008.11230469	39.2672271729	32.8254013062
150.811132425	1008.11230469	39.2672271729	32.8254013062
150.811132425	1008.11230469	39.2672271729	32.8254013062
150.811132426	1008.11230469	39.2672271729	32.8254013062
150.811132426	1008.11230469	39.2672271729	32.8254013062
150.811132426	1008.11230469	39.2672271729	32.8254013062
150.811132426	1008.11230469	39.2672271729	32.8254013062
150.811132426	1008.11230469	39.2672271729	32.8254013062
150.811132426	1008.11230469	39.2672271729	32.8254013062
150.811132426	1008.11230469	39.2672271729	32.8254013062
150.811132427	1008.11230469	39.2672271729	32.8254013062
150.811132427	1008.11230469	39.2672271729	32.8254013062
150.811132427	1008.11230469	39.2672271729	32.8254013062
150.811132427	1008.11230469	39.2672271729	32.8254013062
150.811132427	1008.11230469	39.2672271729	32.8254013062
150.811132427	1008.11230469	39.2672271729	32.8254013062
150.811132428	1008.11230469	39.2672271729	32.8254013062
150.811132428	1008.11230469	39.2672271729	32.8254013062
150.811132428	1008.11230469	39.2672271729	32.8254013062
150.811132428	1008.11230469	39.2672271729	32.8254013062
150.811132428	1008.11230469	39.2672271729	32.8254013062
150.811132428	1008.11010742	39.2672271729	32.8254013062
150.811132429	1008.11010742	39.2672271729	32.8254013062
150.811132429	1008.11010742	39.2672271729	32.8254013062
150.811132429	1008.11010742	39.2672271729	32.8254013062
150.811132429	1008.11010742	39.2672271729	32.8254013062
150.811132429	1008.11010742	39.2672271729	32.8254013062
150.811132429	1008.11010742	39.2672271729	32.8254013062
150.811132429	1008.11010742	39.2672271729	32.8254013062
150.81113243	1008.11010742	39.2672271729	32.8254013062
150.81113243	1008.11010742	39.2672271729	32.8254013062
150.81113243	1008.11010742	39.2672271729	32.8254013062
150.81113243	1008.11010742	39.2672271729	32.8254013062
150.81113243	1008.11010742	39.2672271729	32.8254013062
150.81113243	1008.11010742	39.2672271729	32.8254013062
150.81113243	1008.11010742	39.2672271729	32.8254013062
150.811132431	1008.11010742	39.2672271729	32.8254013062
150.811132431	1008.11010742	39.2672271729	32.8254013062
150.811132431	1008.11010742	39.2672271729	32.8254013062
150.811132431	1008.11010742	39.2672271729	32.8254013062
150.811132431	1008.11010742	39.2672271729	32.8254013062
150.811132431	1008.11010742	39.2672271729	32.8254013062
150.811132431	1008.11010742	39.2672271729	32.8254013062
150.811132432	1008.11010742	39.2672271729	32.8254013062
150.811132432	1008.11010742	39.2672271729	32.8254013062
150.811132432	1008.11010742	39.2672271729	32.8254013062
150.811132432	1008.11010742	39.2672271729	32.8254013062
150.811132432	1008.11010742	39.2672271729	32.8254013062
150.811132432	1008.11010742	39.2672271729	32.8254013062
150.811132432	1008.11132812	39.2672271729	32.7523460388
150.811132433	1008.11132812	39.2672271729	32.7523460388
150.811132433	1008.11132812	38.0062484741	32.7523460388
150.811132433	1008.11132812	38.0062484741	32.7523460388
150.811132433	1008.11132812	38.0062484741	32.7523460388
150.811132433	1008.11132812	38.0062484741	32.7523460388
150.811132433	1008.11132812	38.0062484741	32.7523460388
150.811132434	1008.11132812	38.0062484741	32.7523460388
150.811132434	1008.11132812	38.0062484741	32.7523460388
150.811132434	1008.11132812	38.0062484741	32.7523460388
150.811132434	1008.11132812	38.0062484741	32.7523460388
150.811132434	1008.11132812	38.0062484741	32.7523460388
150.811132434	1008.11132812	38.0062484741	32.7523460388
150.811132434	1008.11132812	38.0062484741	32.7523460388
150.811132435	1008.11132812	38.0062484741	32.7523460388
150.811132435	1008.11132812	38.0062484741	32.7523460388
150.811132435	1008.11132812	38.0062484741	32.7523460388
150.811132435	1008.11132812	38.0062484741	32.7523460388
150.811132435	1008.11132812	38.0062484741	32.7523460388
150.811132435	1008.11132812	38.0062484741	32.7523460388
150.811132435	1008.11132812	38.0062484741	32.7523460388
150.811132435	1008.11132812	38.0062484741	32.7523460388
150.811132436	1008.11132812	38.0062484741	32.7523460388
150.811132436	1008.11132812	38.0062484741	32.7523460388
150.811132436	1008.11132812	38.0062484741	32.7523460388
150.811132436	1008.11132812	38.0062484741	32.7523460388
150.811132436	1008.11132812	38.0062484741	32.7523460388
150.811132436	1008.11132812	38.0062484741	32.7523460388
150.811132436	1008.11181641	38.0062484741	32.7523460388
150.811132437	1008.11181641	38.0062484741	32.7523460388
150.811132437	1008.11181641	38.0062484741	32.7523460388
150.811132437	1008.11181641	38.0062484741	32.7523460388
150.811132437	1008.11181641	38.0062484741	32.7523460388
150.811132437	1008.11181641	38.0062484741	32.7523460388
150.811132437	1008.11181641	38.0062484741	32.7523460388
150.811132438	1008.11181641	38.0062484741	32.7523460388
150.811132438	1008.11181641	38.0062484741	32.7523460388
150.811132438	1008.11181641	38.0062484741	32.7523460388
150.811132438	1008.11181641	38.0062484741	32.7523460388
150.811132438	1008.11181641	38.0062484741	32.7523460388
150.811132438	1008.11181641	38.0062484741	32.7523460388
150.811132438	1008.11181641	38.0062484741	32.7523460388
150.811132438	1008.11181641	38.0062484741	32.7523460388
150.811132439	1008.11181641	38.0062484741	32.7523460388
150.811132439	1008.11181641	38.0062484741	32.7523460388
150.811132439	1008.11181641	38.0062484741	32.7523460388
150.811132439	1008.11181641	38.0062484741	32.7523460388
150.811132439	1008.11181641	38.0062484741	32.7523460388
150.811132439	1008.11181641	38.0062484741	32.7523460388
150.811132439	1008.11181641	38.0062484741	32.7523460388
150.81113244	1008.11181641	38.0062484741	32.7523460388
150.81113244	1008.11181641	38.0062484741	32.7523460388
150.81113244	1008.11181641	38.0062484741	32.7523460388
150.81113244	1008.11181641	38.0062484741	32.7523460388
150.81113244	1008.11181641	38.0062484741	32.7523460388
150.81113244	1008.11181641	38.0062484741	32.7523460388
150.81113244	1008.11181641	38.0062484741	32.7523460388
150.811132441	1008.11083984	38.0062484741	32.7706108093
150.811132441	1008.11083984	38.0062484741	32.7706108093
150.811132441	1008.11083984	40.1165313721	32.7706108093
150.811132441	1008.11083984	40.1165313721	32.7706108093
150.811132441	1008.11083984	40.1165313721	32.7706108093
150.811132441	1008.11083984	40.1165313721	32.7706108093
150.811132442	1008.11083984	40.1165313721	32.7706108093
150.811132442	1008.11083984	40.1165313721	32.7706108093
150.811132442	1008.11083984	40.1165313721	32.7706108093
150.811132442	1008.11083984	40.1165313721	32.7706108093
150.811132442	1008.11083984	40.1165313721	32.7706108093
150.811132442	1008.11083984	40.1165313721	32.7706108093
150.811132442	1008.11083984	40.1165313721	32.7706108093
150.811132442	1008.11083984	40.1165313721	32.7706108093
150.811132443	1008.11083984	40.1165313721	32.7706108093
150.811132443	1008.11083984	40.1165313721	32.7706108093
150.811132443	1008.11083984	40.1165313721	32.7706108093
150.811132443	1008.11083984	40.1165313721	32.7706108093
150.811132443	1008.11083984	40.1165313721	32.7706108093
150.811132443	1008.11083984	40.1165313721	32.7706108093
150.811132443	1008.11083984	40.1165313721	32.7706108093
150.811132444	1008.11083984	40.1165313721	32.7706108093
150.811132444	1008.11083984	40.1165313721	32.7706108093
150.811132444	1008.11083984	40.1165313721	32.7706108093
150.811132444	1008.11083984	40.1165313721	32.7706108093
150.811132444	1008.11083984	40.1165313721	32.7706108093
150.811132444	1008.11083984	40.1165313721	32.7706108093
150.811132444	1008.11083984	40.1165313721	32.7706108093
150.811132445	1008.11035156	40.1165313721	32.7706108093
150.811132445	1008.11035156	40.1165313721	32.7706108093
150.811132445	1008.11035156	40.1165313721	32.7706108093
150.811132445	1008.11035156	40.1165313721	32.7706108093
150.811132445	1008.11035156	40.1165313721	32.7706108093
150.811132445	1008.11035156	40.1165313721	32.7706108093
150.811132445	1008.11035156	40.1165313721	32.7706108093
150.811132446	1008.11035156	40.1165313721	32.7706108093
150.811132446	1008.11035156	40.1165313721	32.7706108093
150.811132446	1008.11035156	40.1165313721	32.7706108093
150.811132446	1008.11035156	40.1165313721	32.7706108093
150.811132446	1008.11035156	40.1165313721	32.7706108093
150.811132446	1008.11035156	40.1165313721	32.7706108093
150.811132446	1008.11035156	40.1165313721	32.7706108093
150.811132447	1008.11035156	40.1165313721	32.7706108093
150.811132447	1008.11035156	40.1165313721	32.7706108093
150.811132447	1008.11035156	40.1165313721	32.7706108093
150.811132447	1008.11035156	40.1165313721	32.7706108093
150.811132447	1008.11035156	40.1165313721	32.7706108093
150.811132447	1008.11035156	40.1165313721	32.7706108093
150.811132447	1008.11035156	40.1165313721	32.7706108093
150.811132448	1008.11035156	40.1165313721	32.7706108093
150.811132448	1008.11035156	40.1165313721	32.7706108093
150.811132448	1008.11035156	40.1165313721	32.7706108093
150.811132448	1008.11035156	40.1165313721	32.7706108093
150.811132448	1008.11035156	40.1165313721	32.7706108093
150.811132448	1008.11035156	40.1165313721	32.7706108093
150.811132448	1008.11035156	40.1165313721	32.7706108093
150.811132448	1008.11035156	40.1165313721	32.7706108093
150.811132449	1008.11376953	40.1165313721	32.8436660767
150.811132449	1008.11376953	38.6107749939	32.8436660767
150.811132449	1008.11376953	38.6107749939	32.8436660767
150.811132449	1008.11376953	38.6107749939	32.8436660767
150.811132449	1008.11376953	38.6107749939	32.8436660767
150.81113245	1008.11376953	38.6107749939	32.8436660767
150.81113245	1008.11376953	38.6107749939	32.8436660767
150.81113245	1008.11376953	38.6107749939	32.8436660767
150.81113245	1008.11376953	38.6107749939	32.8436660767
150.81113245	1008.11376953	38.6107749939	32.8436660767
150.81113245	1008.11376953	38.6107749939	32.8436660767
150.81113245	1008.11376953	38.6107749939	32.8436660767
150.81113245	1008.11376953	38.6107749939	32.8436660767
150.811132451	1008.11376953	38.6107749939	32.8436660767
150.811132451	1008.11376953	38.6107749939	32.8436660767
150.811132451	1008.11376953	38.6107749939	32.8436660767
150.811132451	1008.11376953	38.6107749939	32.8436660767
150.811132451	1008.11376953	38.6107749939	32.8436660767
150.811132451	1008.11376953	38.6107749939	32.8436660767
150.811132451	1008.11376953	38.6107749939	32.8436660767
150.811132452	1008.11376953	38.6107749939	32.8436660767
150.811132452	1008.11376953	38.6107749939	32.8436660767
150.811132452	1008.11376953	38.6107749939	32.8436660767
150.811132452	1008.11376953	38.6107749939	32.8436660767
150.811132452	1008.11376953	38.6107749939	32.8436660767
150.811132452	1008.11376953	38.6107749939	32.8436660767
150.811132452	1008.11376953	38.6107749939	32.8436660767
150.811132453	1008.11376953	38.6107749939	32.8436660767
150.811132453	1008.11376953	38.6107749939	32.8436660767
150.811132453	1008.11035156	38.6107749939	32.8436660767
150.811132453	1008.11035156	38.6107749939	32.8436660767
150.811132453	1008.11035156	38.6107749939	32.8436660767
150.811132453	1008.11035156	38.6107749939	32.8436660767
150.811132453	1008.11035156	38.6107749939	32.8436660767
150.811132454	1008.11035156	38.6107749939	32.8436660767
150.811132454	1008.11035156	38.6107749939	32.8436660767
150.811132454	1008.11035156	38.6107749939	32.8436660767
150.811132454	1008.11035156	38.6107749939	32.8436660767
150.811132454	1008.11035156	38.6107749939	32.8436660767
150.811132454	1008.11035156	38.6107749939	32.8436660767
150.811132454	1008.11035156	38.6107749939	32.8436660767
150.811132455	1008.11035156	38.6107749939	32.8436660767
150.811132455	1008.11035156	38.6107749939	32.8436660767
150.811132455	1008.11035156	38.6107749939	32.8436660767
150.811132455	1008.11035156	38.6107749939	32.8436660767
150.811132455	1008.11035156	38.6107749939	32.8436660767
150.811132455	1008.11035156	38.6107749939	32.8436660767
150.811132455	1008.11035156	38.6107749939	32.8436660767
150.811132455	1008.11035156	38.6107749939	32.8436660767
150.811132456	1008.11035156	38.6107749939	32.8436660767
150.811132456	1008.11035156	38.6107749939	32.8436660767
150.811132456	1008.11035156	38.6107749939	32.8436660767
150.811132456	1008.11035156	38.6107749939	32.8436660767
150.811132456	1008.11035156	38.6107749939	32.8436660767
150.811132456	1008.11035156	38.6107749939	32.8436660767
150.811132456	1008.11035156	38.6107749939	32.8436660767
150.811132457	1008.11035156	38.6107749939	32.8436660767
150.811132457	1008.11035156	38.6107749939	32.7706108093
150.811132457	1008.10961914	39.4489555359	32.7706108093
150.811132457	1008.10961914	39.4489555359	32.7706108093
150.811132457	1008.10961914	39.4489555359	32.7706108093
150.811132457	1008.10961914	39.4489555359	32.7706108093
150.811132458	1008.10961914	39.4489555359	32.7706108093
150.811132458	1008.10961914	39.4489555359	32.7706108093
150.811132458	1008.10961914	39.4489555359	32.7706108093
150.811132458	1008.10961914	39.4489555359	32.7706108093
150.811132458	1008.10961914	39.4489555359	32.7706108093
150.811132458	1008.10961914	39.4489555359	32.7706108093
150.811132458	1008.10961914	39.4489555359	32.7706108093
150.811132459	1008.10961914	39.4489555359	32.7706108093
150.811132459	1008.10961914	39.4489555359	32.7706108093
150.811132459	1008.10961914	39.4489555359	32.7706108093
150.811132459	1008.10961914	39.4489555359	32.7706108093
150.811132459	1008.10961914	39.4489555359	32.7706108093
150.811132459	1008.10961914	39.4489555359	32.7706108093
150.811132459	1008.10961914	39.4489555359	32.7706108093
150.81113246	1008.10961914	39.4489555359	32.7706108093
150.81113246	1008.10961914	39.4489555359	32.7706108093
150.81113246	1008.10961914	39.4489555359	32.7706108093
150.81113246	1008.10961914	39.4489555359	32.7706108093
150.81113246	1008.10961914	39.4489555359	32.7706108093
150.81113246	1008.10961914	39.4489555359	32.7706108093
150.81113246	1008.10961914	39.4489555359	32.7706108093
150.81113246	1008.10961914	39.4489555359	32.7706108093
150.811132461	1008.10961914	39.4489555359	32.7706108093
150.811132461	1008.10961914	39.4489555359	32.7706108093
150.811132461	1008.1105957	39.4489555359	32.7706108093
150.811132461	1008.1105957	39.4489555359	32.7706108093
150.811132461	1008.1105957	39.4489555359	32.7706108093
150.811132461	1008.1105957	39.4489555359	32.7706108093
150.811132462	1008.1105957	39.4489555359	32.7706108093
150.811132462	1008.1105957	39.4489555359	32.7706108093
150.811132462	1008.1105957	39.4489555359	32.7706108093
150.811132462	1008.1105957	39.4489555359	32.7706108093
150.811132462	1008.1105957	39.4489555359	32.7706108093
150.811132462	1008.1105957	39.4489555359	32.7706108093
150.811132462	1008.1105957	39.4489555359	32.7706108093
150.811132462	1008.1105957	39.4489555359	32.7706108093
150.811132463	1008.1105957	39.4489555359	32.7706108093
150.811132463	1008.1105957	39.4489555359	32.7706108093
150.811132463	1008.1105957	39.4489555359	32.7706108093
150.811132463	1008.1105957	39.4489555359	32.7706108093
150.811132463	1008.1105957	39.4489555359	32.7706108093
150.811132463	1008.1105957	39.4489555359	32.7706108093
150.811132463	1008.1105957	39.4489555359	32.7706108093
150.811132464	1008.1105957	39.4489555359	32.7706108093
150.811132464	1008.1105957	39.4489555359	32.7706108093
150.811132464	1008.1105957	39.4489555359	32.7706108093
150.811132464	1008.1105957	39.4489555359	32.7706108093
150.811132464	1008.1105957	39.4489555359	32.7706108093
150.811132464	1008.1105957	39.4489555359	32.7706108093
150.811132464	1008.1105957	39.4489555359	32.7706108093
150.811132465	1008.1105957	39.4489555359	32.7706108093
150.811132465	1008.1105957	39.4489555359	32.7706108093
150.811132465	1008.1105957	39.4489555359	32.8254013062
150.811132465	1008.10571289	39.3117294312	32.8254013062
150.811132465	1008.10571289	39.3117294312	32.8254013062
150.811132465	1008.10571289	39.3117294312	32.8254013062
150.811132466	1008.10571289	39.3117294312	32.8254013062
150.811132466	1008.10571289	39.3117294312	32.8254013062
150.811132466	1008.10571289	39.3117294312	32.8254013062
150.811132466	1008.10571289	39.3117294312	32.8254013062
150.811132466	1008.10571289	39.3117294312	32.8254013062
150.811132466	1008.10571289	39.3117294312	32.8254013062
150.811132466	1008.10571289	39.3117294312	32.8254013062
150.811132467	1008.10571289	39.3117294312	32.8254013062
150.811132467	1008.10571289	39.3117294312	32.8254013062
150.811132467	1008.10571289	39.3117294312	32.8254013062
150.811132467	1008.10571289	39.3117294312	32.8254013062
150.811132467	1008.10571289	39.3117294312	32.8254013062
150.811132467	1008.10571289	39.3117294312	32.8254013062
150.811132467	1008.10571289	39.3117294312	32.8254013062
150.811132467	1008.10571289	39.3117294312	32.8254013062
150.811132468	1008.10571289	39.3117294312	32.8254013062
150.811132468	1008.10571289	39.3117294312	32.8254013062
150.811132468	1008.10571289	39.3117294312	32.8254013062
150.811132468	1008.10571289	39.3117294312	32.8254013062
150.811132468	1008.10571289	39.3117294312	32.8254013062
150.811132468	1008.10571289	39.3117294312	32.8254013062
150.811132468	1008.10571289	39.3117294312	32.8254013062
150.811132469	1008.10571289	39.3117294312	32.8254013062
150.811132469	1008.10571289	39.3117294312	32.8254013062
150.811132469	1008.10571289	39.3117294312	32.8254013062
150.811132469	1008.10546875	39.3117294312	32.8254013062
150.811132469	1008.10546875	39.3117294312	32.8254013062
150.811132469	1008.10546875	39.3117294312	32.8254013062
150.81113247	1008.10546875	39.3117294312	32.8254013062
150.81113247	1008.10546875	39.3117294312	32.8254013062
150.81113247	1008.10546875	39.3117294312	32.8254013062
150.81113247	1008.10546875	39.3117294312	32.8254013062
150.81113247	1008.10546875	39.3117294312	32.8254013062
150.81113247	1008.10546875	39.3117294312	32.8254013062
150.81113247	1008.10546875	39.3117294312	32.8254013062
150.81113247	1008.10546875	39.3117294312	32.8254013062
150.811132471	1008.10546875	39.3117294312	32.8254013062
150.811132471	1008.10546875	39.3117294312	32.8254013062
150.811132471	1008.10546875	39.3117294312	32.8254013062
150.811132471	1008.10546875	39.3117294312	32.8254013062
150.811132471	1008.10546875	39.3117294312	32.8254013062
150.811132471	1008.10546875	39.3117294312	32.8254013062
150.811132471	1008.10546875	39.3117294312	32.8254013062
150.811132472	1008.10546875	39.3117294312	32.8254013062
150.811132472	1008.10546875	39.3117294312	32.8254013062
150.811132472	1008.10546875	39.3117294312	32.8254013062
150.811132472	1008.10546875	39.3117294312	32.8254013062
150.811132472	1008.10546875	39.3117294312	32.8254013062
150.811132472	1008.10546875	39.3117294312	32.8254013062
150.811132472	1008.10546875	39.3117294312	32.8254013062
150.811132473	1008.10546875	39.3117294312	32.8254013062
150.811132473	1008.10546875	39.3117294312	32.8254013062
150.811132473	1008.10546875	39.3117294312	32.7888717651
150.811132473	1008.10546875	39.3117294312	32.7888717651
150.811132473	1008.10546875	39.7159881592	32.7888717651
150.811132473	1008.10546875	39.7159881592	32.7888717651
150.811132474	1008.10546875	39.7159881592	32.7888717651
150.811132474	1008.10546875	39.7159881592	32.7888717651
150.811132474	1008.10546875	39.7159881592	32.7888717651
150.811132474	1008.10546875	39.7159881592	32.7888717651
150.811132474	1008.10546875	39.7159881592	32.7888717651
150.811132474	1008.10546875	39.7159881592	32.7888717651
150.811132474	1008.10546875	39.7159881592	32.7888717651
150.811132475	1008.10546875	39.7159881592	32.7888717651
150.811132475	1008.10546875	39.7159881592	32.7888717651
150.811132475	1008.10546875	39.7159881592	32.7888717651
150.811132475	1008.10546875	39.7159881592	32.7888717651
150.811132475	1008.10546875	39.7159881592	32.7888717651
150.811132475	1008.10546875	39.7159881592	32.7888717651
150.811132475	1008.10546875	39.7159881592	32.7888717651
150.811132475	1008.10546875	39.7159881592	32.7888717651
150.811132476	1008.10546875	39.7159881592	32.7888717651
150.811132476	1008.10546875	39.7159881592	32.7888717651
150.811132476	1008.10546875	39.7159881592	32.7888717651
150.811132476	1008.10546875	39.7159881592	32.7888717651
150.811132476	1008.10546875	39.7159881592	32.7888717651
150.811132476	1008.10546875	39.7159881592	32.7888717651
150.811132476	1008.10546875	39.7159881592	32.7888717651
150.811132477	1008.10546875	39.7159881592	32.7888717651
150.811132477	1008.10546875	39.7159881592	32.7888717651
150.811132477	1008.10546875	39.7159881592	32.7888717651
150.811132477	1008.10546875	39.7159881592	32.7888717651
150.811132477	1008.10546875	39.7159881592	32.7888717651
150.811132477	1008.10693359	39.7159881592	32.7888717651
150.811132477	1008.10693359	39.7159881592	32.7888717651
150.811132478	1008.10693359	39.7159881592	32.7888717651
150.811132478	1008.10693359	39.7159881592	32.7888717651
150.811132478	1008.10693359	39.7159881592	32.7888717651
150.811132478	1008.10693359	39.7159881592	32.7888717651
150.811132478	1008.10693359	39.7159881592	32.7888717651
150.811132478	1008.10693359	39.7159881592	32.7888717651
150.811132478	1008.10693359	39.7159881592	32.7888717651
150.811132479	1008.10693359	39.7159881592	32.7888717651
150.811132479	1008.10693359	39.7159881592	32.7888717651
150.811132479	1008.10693359	39.7159881592	32.7888717651
150.811132479	1008.10693359	39.7159881592	32.7888717651
150.811132479	1008.10693359	39.7159881592	32.7888717651
150.811132479	1008.10693359	39.7159881592	32.7888717651
150.811132479	1008.10693359	39.7159881592	32.7888717651
150.81113248	1008.10693359	39.7159881592	32.7888717651
150.81113248	1008.10693359	39.7159881592	32.7888717651
150.81113248	1008.10693359	39.7159881592	32.7888717651
150.81113248	1008.10693359	39.7159881592	32.7888717651
150.81113248	1008.10693359	39.7159881592	32.7888717651
150.81113248	1008.10693359	39.7159881592	32.7888717651
150.81113248	1008.10693359	39.7159881592	32.7888717651
150.81113248	1008.10693359	39.7159881592	32.7888717651
150.811132481	1008.10693359	39.7159881592	32.7888717651
150.811132481	1008.10693359	39.7159881592	32.7888717651
150.811132481	1008.10693359	39.7159881592	32.7706108093
150.811132481	1008.10693359	39.7159881592	32.7706108093
150.811132481	1008.10693359	38.5625610352	32.7706108093
150.811132482	1008.10693359	38.5625610352	32.7706108093
150.811132482	1008.10693359	38.5625610352	32.7706108093
150.811132482	1008.10693359	38.5625610352	32.7706108093
150.811132482	1008.10693359	38.5625610352	32.7706108093
150.811132482	1008.10693359	38.5625610352	32.7706108093
150.811132482	1008.10693359	38.5625610352	32.7706108093
150.811132482	1008.10693359	38.5625610352	32.7706108093
150.811132482	1008.10693359	38.5625610352	32.7706108093
150.811132483	1008.10693359	38.5625610352	32.7706108093
150.811132483	1008.10693359	38.5625610352	32.7706108093
150.811132483	1008.10693359	38.5625610352	32.7706108093
150.811132483	1008.10693359	38.5625610352	32.7706108093
150.811132483	1008.10693359	38.5625610352	32.7706108093
150.811132483	1008.10693359	38.5625610352	32.7706108093
150.811132483	1008.10693359	38.5625610352	32.7706108093
150.811132484	1008.10693359	38.5625610352	32.7706108093
150.811132484	1008.10693359	38.5625610352	32.7706108093
150.811132484	1008.10693359	38.5625610352	32.7706108093
150.811132484	1008.10693359	38.5625610352	32.7706108093
150.811132484	1008.10693359	38.5625610352	32.7706108093
150.811132484	1008.10693359	38.5625610352	32.7706108093
150.811132484	1008.10693359	38.5625610352	32.7706108093
150.811132485	1008.10693359	38.5625610352	32.7706108093
150.811132485	1008.10693359	38.5625610352	32.7706108093
150.811132485	1008.10693359	38.5625610352	32.7706108093
150.811132485	1008.10693359	38.5625610352	32.7706108093
150.811132485	1008.10693359	38.5625610352	32.7706108093
150.811132485	1008.10693359	38.5625610352	32.7706108093
