1.88449515553	1000
time	pressure	humidity	temperature
150.811130804	1008.33496094	40.6687316895	30.6173210144
150.811130806	1008.33496094	40.6687316895	30.6173210144
150.811130807	1008.33496094	40.6687316895	30.6173210144
150.811130807	1008.33496094	40.6687316895	30.6173210144
150.811130807	1008.33496094	40.6687316895	30.6173210144
150.811130807	1008.33496094	40.6687316895	30.6351299286
150.811130808	1008.33496094	38.6596107483	30.6351299286
150.811130808	1008.33496094	38.6596107483	30.6351299286
150.811130808	1008.33496094	38.6596107483	30.6351299286
150.811130808	1008.33496094	38.6596107483	30.6351299286
150.811130808	1008.33569336	38.6596107483	30.6351299286
150.811130809	1008.33569336	38.6596107483	30.6351299286
150.811130809	1008.33569336	38.6596107483	30.6351299286
150.811130809	1008.33569336	38.6596107483	30.6351299286
150.81113081	1008.33569336	38.6596107483	30.6351299286
150.81113081	1008.33569336	38.6596107483	30.6351299286
150.81113081	1008.33569336	38.6596107483	30.6351299286
150.81113081	1008.33569336	38.6596107483	30.6351299286
150.81113081	1008.33569336	38.6596107483	30.6351299286
150.811130811	1008.33569336	38.6596107483	30.6351299286
150.811130811	1008.33569336	38.6596107483	30.6351299286
150.811130811	1008.33569336	38.6596107483	30.6351299286
150.811130811	1008.33569336	38.6596107483	30.6351299286
150.811130812	1008.33569336	38.6596107483	30.6351299286
150.811130812	1008.33569336	38.6596107483	30.6351299286
150.811130812	1008.33569336	38.6596107483	30.6351299286
150.811130812	1008.33569336	38.6596107483	30.6351299286
150.811130812	1008.33569336	38.6596107483	30.6351299286
150.811130813	1008.3347168	38.6596107483	30.6351299286
150.811130813	1008.3347168	38.6596107483	30.6351299286
150.811130813	1008.3347168	38.6596107483	30.6351299286
150.811130814	1008.3347168	38.6596107483	30.6351299286
150.811130814	1008.3347168	38.6596107483	30.6351299286
150.811130814	1008.3347168	38.6596107483	30.6351299286
150.811130814	1008.3347168	38.6596107483	30.6351299286
150.811130814	1008.3347168	38.6596107483	30.6351299286
150.811130815	1008.3347168	38.6596107483	30.6351299286
150.811130815	1008.3347168	38.6596107483	30.6351299286
150.811130815	1008.3347168	38.6596107483	30.5995101929
150.811130815	1008.3347168	37.7252883911	30.5995101929
150.811130816	1008.3347168	37.7252883911	30.5995101929
150.811130816	1008.3347168	37.7252883911	30.5995101929
150.811130816	1008.3347168	37.7252883911	30.5995101929
150.811130816	1008.3347168	37.7252883911	30.5995101929
150.811130817	1008.3347168	37.7252883911	30.5995101929
150.811130817	1008.3347168	37.7252883911	30.5995101929
150.811130817	1008.3347168	37.7252883911	30.5995101929
150.811130817	1008.3347168	37.7252883911	30.5995101929
150.811130818	1008.3347168	37.7252883911	30.5995101929
150.811130818	1008.3347168	37.7252883911	30.5995101929
150.811130818	1008.3347168	37.7252883911	30.5995101929
150.811130818	1008.3347168	37.7252883911	30.5995101929
150.811130819	1008.3347168	37.7252883911	30.5995101929
150.811130819	1008.3347168	37.7252883911	30.5995101929
150.811130819	1008.3347168	37.7252883911	30.5995101929
150.811130819	1008.3347168	37.7252883911	30.5995101929
150.811130819	1008.3347168	37.7252883911	30.5995101929
150.81113082	1008.3347168	37.7252883911	30.5995101929
150.81113082	1008.3347168	37.7252883911	30.5995101929
150.81113082	1008.3347168	37.7252883911	30.5995101929
150.81113082	1008.3347168	37.7252883911	30.5995101929
150.811130821	1008.3347168	37.7252883911	30.5995101929
150.811130821	1008.33813477	37.7252883911	30.5995101929
150.811130821	1008.33813477	37.7252883911	30.5995101929
150.811130821	1008.33813477	37.7252883911	30.5995101929
150.811130822	1008.33813477	37.7252883911	30.5995101929
150.811130822	1008.33813477	37.7252883911	30.5995101929
150.811130822	1008.33813477	37.7252883911	30.5995101929
150.811130822	1008.33813477	37.7252883911	30.5995101929
150.811130823	1008.33813477	37.7252883911	30.5995101929
150.811130823	1008.33813477	37.7252883911	30.5995101929
150.811130823	1008.33813477	37.7252883911	30.6885604858
150.811130823	1008.33813477	39.9336853027	30.6885604858
150.811130824	1008.33813477	39.9336853027	30.6885604858
150.811130824	1008.33813477	39.9336853027	30.6885604858
150.811130824	1008.33813477	39.9336853027	30.6885604858
150.811130824	1008.33813477	39.9336853027	30.6885604858
150.811130824	1008.33813477	39.9336853027	30.6885604858
150.811130825	1008.33813477	39.9336853027	30.6885604858
150.811130825	1008.33447266	39.9336853027	30.6885604858
150.811130825	1008.33447266	39.9336853027	30.6885604858
150.811130826	1008.33447266	39.9336853027	30.6885604858
150.811130826	1008.33447266	39.9336853027	30.6885604858
150.811130826	1008.33447266	39.9336853027	30.6885604858
150.811130826	1008.33447266	39.9336853027	30.6885604858
150.811130826	1008.33447266	39.9336853027	30.6885604858
150.811130827	1008.33447266	39.9336853027	30.6885604858
150.811130827	1008.33447266	39.9336853027	30.6885604858
150.811130827	1008.33447266	39.9336853027	30.6885604858
150.811130827	1008.33447266	39.9336853027	30.6885604858
150.811130828	1008.33447266	39.9336853027	30.6885604858
150.811130828	1008.33447266	39.9336853027	30.6885604858
150.811130828	1008.33447266	39.9336853027	30.6885604858
150.811130828	1008.33447266	39.9336853027	30.6885604858
150.811130828	1008.33447266	39.9336853027	30.6885604858
150.811130829	1008.33447266	39.9336853027	30.6885604858
150.811130829	1008.33447266	39.9336853027	30.6885604858
150.811130829	1008.33251953	39.9336853027	30.6885604858
150.811130829	1008.33251953	39.9336853027	30.6885604858
150.81113083	1008.33251953	39.9336853027	30.6885604858
150.81113083	1008.33251953	39.9336853027	30.6885604858
150.81113083	1008.33251953	39.9336853027	30.6885604858
150.81113083	1008.33251953	39.9336853027	30.6885604858
150.811130831	1008.33251953	39.9336853027	30.6885604858
150.811130831	1008.33251953	39.9336853027	30.7241821289
150.811130831	1008.33251953	38.6694107056	30.7241821289
150.811130831	1008.33251953	38.6694107056	30.7241821289
150.811130832	1008.33251953	38.6694107056	30.7241821289
150.811130832	1008.33251953	38.6694107056	30.7241821289
150.811130832	1008.33251953	38.6694107056	30.7241821289
150.811130832	1008.33251953	38.6694107056	30.7241821289
150.811130833	1008.33251953	38.6694107056	30.7241821289
150.811130833	1008.33251953	38.6694107056	30.7241821289
150.811130833	1008.33251953	38.6694107056	30.7241821289
150.811130833	1008.33740234	38.6694107056	30.7241821289
150.811130834	1008.33740234	38.6694107056	30.7241821289
150.811130834	1008.33740234	38.6694107056	30.7241821289
150.811130834	1008.33740234	38.6694107056	30.7241821289
150.811130834	1008.33740234	38.6694107056	30.7241821289
150.811130835	1008.33740234	38.6694107056	30.7241821289
150.811130835	1008.33740234	38.6694107056	30.7241821289
150.811130835	1008.33740234	38.6694107056	30.7241821289
150.811130835	1008.33740234	38.6694107056	30.7241821289
150.811130835	1008.33740234	38.6694107056	30.7241821289
150.811130836	1008.33740234	38.6694107056	30.7241821289
150.811130836	1008.33740234	38.6694107056	30.7241821289
150.811130836	1008.33740234	38.6694107056	30.7241821289
150.811130836	1008.33740234	38.6694107056	30.7241821289
150.811130836	1008.33740234	38.6694107056	30.7241821289
150.811130837	1008.33740234	38.6694107056	30.7241821289
150.811130837	1008.33740234	38.6694107056	30.7241821289
150.811130837	1008.33740234	38.6694107056	30.7241821289
150.811130837	1008.33984375	38.6694107056	30.7241821289
150.811130838	1008.33984375	38.6694107056	30.7241821289
150.811130838	1008.33984375	38.6694107056	30.7241821289
150.811130838	1008.33984375	38.6694107056	30.7241821289
150.811130838	1008.33984375	38.6694107056	30.7241821289
150.811130839	1008.33984375	38.6694107056	30.6707515717
150.811130839	1008.33984375	42.1420898438	30.6707515717
150.811130839	1008.33984375	42.1420898438	30.6707515717
150.81113084	1008.33984375	42.1420898438	30.6707515717
150.81113084	1008.33984375	42.1420898438	30.6707515717
150.81113084	1008.33984375	42.1420898438	30.6707515717
150.81113084	1008.33984375	42.1420898438	30.6707515717
150.81113084	1008.33984375	42.1420898438	30.6707515717
150.811130841	1008.33984375	42.1420898438	30.6707515717
150.811130841	1008.33984375	42.1420898438	30.6707515717
150.811130841	1008.33984375	42.1420898438	30.6707515717
150.811130841	1008.33886719	42.1420898438	30.6707515717
150.811130842	1008.33886719	42.1420898438	30.6707515717
150.811130842	1008.33886719	42.1420898438	30.6707515717
150.811130842	1008.33886719	42.1420898438	30.6707515717
150.811130842	1008.33886719	42.1420898438	30.6707515717
150.811130843	1008.33886719	42.1420898438	30.6707515717
150.811130843	1008.33886719	42.1420898438	30.6707515717
150.811130843	1008.33886719	42.1420898438	30.6707515717
150.811130843	1008.33886719	42.1420898438	30.6707515717
150.811130843	1008.33886719	42.1420898438	30.6707515717
150.811130844	1008.33886719	42.1420898438	30.6707515717
150.811130844	1008.33886719	42.1420898438	30.6707515717
150.811130844	1008.33886719	42.1420898438	30.6707515717
150.811130844	1008.33886719	42.1420898438	30.6707515717
150.811130845	1008.33886719	42.1420898438	30.6707515717
150.811130845	1008.33886719	42.1420898438	30.6707515717
150.811130845	1008.33886719	42.1420898438	30.6707515717
150.811130845	1008.33886719	42.1420898438	30.6707515717
150.811130845	1008.3359375	42.1420898438	30.6707515717
150.811130846	1008.3359375	42.1420898438	30.6707515717
150.811130846	1008.3359375	42.1420898438	30.6707515717
150.811130846	1008.3359375	42.1420898438	30.6707515717
150.811130847	1008.3359375	42.1420898438	30.6351299286
150.811130847	1008.3359375	39.1627082825	30.6351299286
150.811130847	1008.3359375	39.1627082825	30.6351299286
150.811130847	1008.3359375	39.1627082825	30.6351299286
150.811130848	1008.3359375	39.1627082825	30.6351299286
150.811130848	1008.3359375	39.1627082825	30.6351299286
150.811130848	1008.3359375	39.1627082825	30.6351299286
150.811130848	1008.3359375	39.1627082825	30.6351299286
150.811130848	1008.3359375	39.1627082825	30.6351299286
150.811130849	1008.3359375	39.1627082825	30.6351299286
150.811130849	1008.3359375	39.1627082825	30.6351299286
150.811130849	1008.3359375	39.1627082825	30.6351299286
150.811130849	1008.3359375	39.1627082825	30.6351299286
150.81113085	1008.34008789	39.1627082825	30.6351299286
150.81113085	1008.34008789	39.1627082825	30.6351299286
150.81113085	1008.34008789	39.1627082825	30.6351299286
150.81113085	1008.34008789	39.1627082825	30.6351299286
150.811130851	1008.34008789	39.1627082825	30.6351299286
150.811130851	1008.34008789	39.1627082825	30.6351299286
150.811130851	1008.34008789	39.1627082825	30.6351299286
150.811130851	1008.34008789	39.1627082825	30.6351299286
150.811130852	1008.34008789	39.1627082825	30.6351299286
150.811130852	1008.34008789	39.1627082825	30.6351299286
150.811130852	1008.34008789	39.1627082825	30.6351299286
150.811130852	1008.34008789	39.1627082825	30.6351299286
150.811130852	1008.34008789	39.1627082825	30.6351299286
150.811130853	1008.34008789	39.1627082825	30.6351299286
150.811130853	1008.34008789	39.1627082825	30.6351299286
150.811130853	1008.34008789	39.1627082825	30.6351299286
150.811130853	1008.34008789	39.1627082825	30.6351299286
150.811130854	1008.34008789	39.1627082825	30.6351299286
150.811130854	1008.34082031	39.1627082825	30.6351299286
150.811130854	1008.34082031	39.1627082825	30.6351299286
150.811130854	1008.34082031	39.1627082825	30.759803772
150.811130855	1008.34082031	38.6955451965	30.759803772
150.811130855	1008.34082031	38.6955451965	30.759803772
150.811130855	1008.34082031	38.6955451965	30.759803772
150.811130855	1008.34082031	38.6955451965	30.759803772
150.811130856	1008.34082031	38.6955451965	30.759803772
150.811130856	1008.34082031	38.6955451965	30.759803772
150.811130856	1008.34082031	38.6955451965	30.759803772
150.811130856	1008.34082031	38.6955451965	30.759803772
150.811130857	1008.34082031	38.6955451965	30.759803772
150.811130857	1008.34082031	38.6955451965	30.759803772
150.811130857	1008.34082031	38.6955451965	30.759803772
150.811130857	1008.34082031	38.6955451965	30.759803772
150.811130857	1008.34082031	38.6955451965	30.759803772
150.811130858	1008.34082031	38.6955451965	30.759803772
150.811130858	1008.33886719	38.6955451965	30.759803772
150.811130858	1008.33886719	38.6955451965	30.759803772
150.811130859	1008.33886719	38.6955451965	30.759803772
150.811130859	1008.33886719	38.6955451965	30.759803772
150.811130859	1008.33886719	38.6955451965	30.759803772
150.811130859	1008.33886719	38.6955451965	30.759803772
150.811130859	1008.33886719	38.6955451965	30.759803772
150.81113086	1008.33886719	38.6955451965	30.759803772
150.81113086	1008.33886719	38.6955451965	30.759803772
150.81113086	1008.33886719	38.6955451965	30.759803772
150.81113086	1008.33886719	38.6955451965	30.759803772
150.811130861	1008.33886719	38.6955451965	30.759803772
150.811130861	1008.33886719	38.6955451965	30.759803772
150.811130861	1008.33886719	38.6955451965	30.759803772
150.811130861	1008.33886719	38.6955451965	30.759803772
150.811130861	1008.33886719	38.6955451965	30.759803772
150.811130862	1008.33886719	38.6955451965	30.759803772
150.811130862	1008.3425293	38.6955451965	30.759803772
150.811130862	1008.3425293	38.6955451965	30.6173210144
150.811130863	1008.3425293	41.6945266724	30.6173210144
150.811130863	1008.3425293	41.6945266724	30.6173210144
150.811130863	1008.3425293	41.6945266724	30.6173210144
150.811130863	1008.3425293	41.6945266724	30.6173210144
150.811130864	1008.3425293	41.6945266724	30.6173210144
150.811130864	1008.3425293	41.6945266724	30.6173210144
150.811130864	1008.3425293	41.6945266724	30.6173210144
150.811130864	1008.3425293	41.6945266724	30.6173210144
150.811130864	1008.3425293	41.6945266724	30.6173210144
150.811130865	1008.3425293	41.6945266724	30.6173210144
150.811130865	1008.3425293	41.6945266724	30.6173210144
150.811130865	1008.3425293	41.6945266724	30.6173210144
150.811130865	1008.3425293	41.6945266724	30.6173210144
150.811130866	1008.3425293	41.6945266724	30.6173210144
150.811130866	1008.3425293	41.6945266724	30.6173210144
150.811130866	1008.3425293	41.6945266724	30.6173210144
150.811130866	1008.3425293	41.6945266724	30.6173210144
150.811130867	1008.3425293	41.6945266724	30.6173210144
150.811130867	1008.3425293	41.6945266724	30.6173210144
150.811130867	1008.3425293	41.6945266724	30.6173210144
150.811130867	1008.3425293	41.6945266724	30.6173210144
150.811130867	1008.3425293	41.6945266724	30.6173210144
150.811130868	1008.3425293	41.6945266724	30.6173210144
150.811130868	1008.3425293	41.6945266724	30.6173210144
150.811130868	1008.3425293	41.6945266724	30.6173210144
150.811130868	1008.3425293	41.6945266724	30.6173210144
150.811130869	1008.3425293	41.6945266724	30.6173210144
150.811130869	1008.3425293	41.6945266724	30.6173210144
150.811130869	1008.3425293	41.6945266724	30.6173210144
150.811130869	1008.3425293	41.6945266724	30.6173210144
150.811130869	1008.3425293	41.6945266724	30.6173210144
150.81113087	1008.3425293	41.6945266724	30.6173210144
150.81113087	1008.3425293	41.6945266724	30.6173210144
150.81113087	1008.34008789	39.750743866	30.7241821289
150.811130871	1008.34008789	39.750743866	30.7241821289
150.811130871	1008.34008789	39.750743866	30.7241821289
150.811130871	1008.34008789	39.750743866	30.7241821289
150.811130871	1008.34008789	39.750743866	30.7241821289
150.811130872	1008.34008789	39.750743866	30.7241821289
150.811130872	1008.34008789	39.750743866	30.7241821289
150.811130872	1008.34008789	39.750743866	30.7241821289
150.811130872	1008.34008789	39.750743866	30.7241821289
150.811130873	1008.34008789	39.750743866	30.7241821289
150.811130873	1008.34008789	39.750743866	30.7241821289
150.811130873	1008.34008789	39.750743866	30.7241821289
150.811130873	1008.34008789	39.750743866	30.7241821289
150.811130873	1008.34008789	39.750743866	30.7241821289
150.811130874	1008.34008789	39.750743866	30.7241821289
150.811130874	1008.34008789	39.750743866	30.7241821289
150.811130874	1008.34008789	39.750743866	30.7241821289
150.811130874	1008.34399414	39.750743866	30.7241821289
150.811130875	1008.34399414	39.750743866	30.7241821289
150.811130875	1008.34399414	39.750743866	30.7241821289
150.811130875	1008.34399414	39.750743866	30.7241821289
150.811130875	1008.34399414	39.750743866	30.7241821289
150.811130876	1008.34399414	39.750743866	30.7241821289
150.811130876	1008.34399414	39.750743866	30.7241821289
150.811130876	1008.34399414	39.750743866	30.7241821289
150.811130876	1008.34399414	39.750743866	30.7241821289
150.811130876	1008.34399414	39.750743866	30.7241821289
150.811130877	1008.34399414	39.750743866	30.7241821289
150.811130877	1008.34399414	39.750743866	30.7241821289
150.811130877	1008.34399414	39.750743866	30.7241821289
150.811130877	1008.34399414	39.750743866	30.7241821289
150.811130878	1008.34399414	39.750743866	30.7241821289
150.811130878	1008.34399414	39.750743866	30.7241821289
150.811130878	1008.34399414	39.750743866	30.6529407501
150.811130878	1008.34130859	39.0941009521	30.6529407501
150.811130879	1008.34130859	39.0941009521	30.6529407501
150.811130879	1008.34130859	39.0941009521	30.6529407501
150.811130879	1008.34130859	39.0941009521	30.6529407501
150.811130879	1008.34130859	39.0941009521	30.6529407501
150.81113088	1008.34130859	39.0941009521	30.6529407501
150.81113088	1008.34130859	39.0941009521	30.6529407501
150.81113088	1008.34130859	39.0941009521	30.6529407501
150.81113088	1008.34130859	39.0941009521	30.6529407501
150.811130881	1008.34130859	39.0941009521	30.6529407501
150.811130881	1008.34130859	39.0941009521	30.6529407501
150.811130881	1008.34130859	39.0941009521	30.6529407501
150.811130881	1008.34130859	39.0941009521	30.6529407501
150.811130882	1008.34130859	39.0941009521	30.6529407501
150.811130882	1008.34130859	39.0941009521	30.6529407501
150.811130882	1008.34130859	39.0941009521	30.6529407501
150.811130882	1008.34130859	39.0941009521	30.6529407501
150.811130882	1008.34130859	39.0941009521	30.6529407501
150.811130883	1008.3371582	39.0941009521	30.6529407501
150.811130883	1008.3371582	39.0941009521	30.6529407501
150.811130883	1008.3371582	39.0941009521	30.6529407501
150.811130883	1008.3371582	39.0941009521	30.6529407501
150.811130884	1008.3371582	39.0941009521	30.6529407501
150.811130884	1008.3371582	39.0941009521	30.6529407501
150.811130884	1008.3371582	39.0941009521	30.6529407501
150.811130884	1008.3371582	39.0941009521	30.6529407501
150.811130885	1008.3371582	39.0941009521	30.6529407501
150.811130885	1008.3371582	39.0941009521	30.6529407501
150.811130885	1008.3371582	39.0941009521	30.6529407501
150.811130885	1008.3371582	39.0941009521	30.6529407501
150.811130885	1008.3371582	39.0941009521	30.6529407501
150.811130886	1008.3371582	39.0941009521	30.6529407501
150.811130886	1008.3371582	39.0941009521	30.6529407501
150.811130886	1008.3371582	42.4230384827	30.6529407501
150.811130887	1008.33740234	42.4230384827	30.6529407501
150.811130887	1008.33740234	42.4230384827	30.6529407501
150.811130887	1008.33740234	42.4230384827	30.6529407501
150.811130887	1008.33740234	42.4230384827	30.6529407501
150.811130888	1008.33740234	42.4230384827	30.6529407501
150.811130888	1008.33740234	42.4230384827	30.6529407501
150.811130888	1008.33740234	42.4230384827	30.6529407501
150.811130888	1008.33740234	42.4230384827	30.6529407501
150.811130888	1008.33740234	42.4230384827	30.6529407501
150.811130889	1008.33740234	42.4230384827	30.6529407501
150.811130889	1008.33740234	42.4230384827	30.6529407501
150.811130889	1008.33740234	42.4230384827	30.6529407501
150.811130889	1008.33740234	42.4230384827	30.6529407501
150.81113089	1008.33740234	42.4230384827	30.6529407501
150.81113089	1008.33740234	42.4230384827	30.6529407501
150.81113089	1008.33740234	42.4230384827	30.6529407501
150.81113089	1008.33740234	42.4230384827	30.6529407501
150.81113089	1008.33740234	42.4230384827	30.6529407501
150.811130891	1008.33984375	42.4230384827	30.6529407501
150.811130891	1008.33984375	42.4230384827	30.6529407501
150.811130891	1008.33984375	42.4230384827	30.6529407501
150.811130892	1008.33984375	42.4230384827	30.6529407501
150.811130892	1008.33984375	42.4230384827	30.6529407501
150.811130892	1008.33984375	42.4230384827	30.6529407501
150.811130892	1008.33984375	42.4230384827	30.6529407501
150.811130892	1008.33984375	42.4230384827	30.6529407501
150.811130893	1008.33984375	42.4230384827	30.6529407501
150.811130893	1008.33984375	42.4230384827	30.6529407501
150.811130893	1008.33984375	42.4230384827	30.6529407501
150.811130893	1008.33984375	42.4230384827	30.6529407501
150.811130894	1008.33984375	42.4230384827	30.6529407501
150.811130894	1008.33984375	42.4230384827	30.6707515717
150.811130894	1008.33984375	39.1627082825	30.6707515717
150.811130894	1008.33984375	39.1627082825	30.6707515717
150.811130895	1008.33984375	39.1627082825	30.6707515717
150.811130895	1008.34350586	39.1627082825	30.6707515717
150.811130895	1008.34350586	39.1627082825	30.6707515717
150.811130895	1008.34350586	39.1627082825	30.6707515717
150.811130896	1008.34350586	39.1627082825	30.6707515717
150.811130896	1008.34350586	39.1627082825	30.6707515717
150.811130896	1008.34350586	39.1627082825	30.6707515717
150.811130896	1008.34350586	39.1627082825	30.6707515717
150.811130897	1008.34350586	39.1627082825	30.6707515717
150.811130897	1008.34350586	39.1627082825	30.6707515717
150.811130897	1008.34350586	39.1627082825	30.6707515717
150.811130897	1008.34350586	39.1627082825	30.6707515717
150.811130897	1008.34350586	39.1627082825	30.6707515717
150.811130898	1008.34350586	39.1627082825	30.6707515717
150.811130898	1008.34350586	39.1627082825	30.6707515717
150.811130898	1008.34350586	39.1627082825	30.6707515717
150.811130898	1008.34350586	39.1627082825	30.6707515717
150.811130899	1008.34350586	39.1627082825	30.6707515717
150.811130899	1008.34350586	39.1627082825	30.6707515717
150.811130899	1008.34887695	39.1627082825	30.6707515717
150.811130899	1008.34887695	39.1627082825	30.6707515717
150.8111309	1008.34887695	39.1627082825	30.6707515717
150.8111309	1008.34887695	39.1627082825	30.6707515717
150.8111309	1008.34887695	39.1627082825	30.6707515717
150.8111309	1008.34887695	39.1627082825	30.6707515717
150.811130901	1008.34887695	39.1627082825	30.6707515717
150.811130901	1008.34887695	39.1627082825	30.6707515717
150.811130901	1008.34887695	39.1627082825	30.6707515717
150.811130901	1008.34887695	39.1627082825	30.6707515717
150.811130901	1008.34887695	39.1627082825	30.6707515717
150.811130902	1008.34887695	39.1627082825	30.7063713074
150.811130902	1008.34887695	39.5841331482	30.7063713074
150.811130902	1008.34887695	39.5841331482	30.7063713074
150.811130902	1008.34887695	39.5841331482	30.7063713074
150.811130903	1008.34887695	39.5841331482	30.7063713074
150.811130903	1008.34887695	39.5841331482	30.7063713074
150.811130903	1008.34448242	39.5841331482	30.7063713074
150.811130904	1008.34448242	39.5841331482	30.7063713074
150.811130904	1008.34448242	39.5841331482	30.7063713074
150.811130904	1008.34448242	39.5841331482	30.7063713074
150.811130904	1008.34448242	39.5841331482	30.7063713074
150.811130904	1008.34448242	39.5841331482	30.7063713074
150.811130905	1008.34448242	39.5841331482	30.7063713074
150.811130905	1008.34448242	39.5841331482	30.7063713074
150.811130905	1008.34448242	39.5841331482	30.7063713074
150.811130905	1008.34448242	39.5841331482	30.7063713074
150.811130906	1008.34448242	39.5841331482	30.7063713074
150.811130906	1008.34448242	39.5841331482	30.7063713074
150.811130906	1008.34448242	39.5841331482	30.7063713074
150.811130906	1008.34448242	39.5841331482	30.7063713074
150.811130906	1008.34448242	39.5841331482	30.7063713074
150.811130907	1008.34448242	39.5841331482	30.7063713074
150.811130907	1008.34448242	39.5841331482	30.7063713074
150.811130907	1008.33886719	39.5841331482	30.7063713074
150.811130907	1008.33886719	39.5841331482	30.7063713074
150.811130908	1008.33886719	39.5841331482	30.7063713074
150.811130908	1008.33886719	39.5841331482	30.7063713074
150.811130908	1008.33886719	39.5841331482	30.7063713074
150.811130908	1008.33886719	39.5841331482	30.7063713074
150.811130909	1008.33886719	39.5841331482	30.7063713074
150.811130909	1008.33886719	39.5841331482	30.7063713074
150.811130909	1008.33886719	39.5841331482	30.7063713074
150.811130909	1008.33886719	39.5841331482	30.7063713074
150.811130909	1008.33886719	39.5841331482	30.6529407501
150.81113091	1008.33886719	41.8546028137	30.6529407501
150.81113091	1008.33886719	41.8546028137	30.6529407501
150.81113091	1008.33886719	41.8546028137	30.6529407501
150.811130911	1008.33886719	41.8546028137	30.6529407501
150.811130911	1008.33886719	41.8546028137	30.6529407501
150.811130911	1008.33886719	41.8546028137	30.6529407501
150.811130911	1008.34106445	41.8546028137	30.6529407501
150.811130912	1008.34106445	41.8546028137	30.6529407501
150.811130912	1008.34106445	41.8546028137	30.6529407501
150.811130912	1008.34106445	41.8546028137	30.6529407501
150.811130912	1008.34106445	41.8546028137	30.6529407501
150.811130912	1008.34106445	41.8546028137	30.6529407501
150.811130913	1008.34106445	41.8546028137	30.6529407501
150.811130913	1008.34106445	41.8546028137	30.6529407501
150.811130913	1008.34106445	41.8546028137	30.6529407501
150.811130913	1008.34106445	41.8546028137	30.6529407501
150.811130914	1008.34106445	41.8546028137	30.6529407501
150.811130914	1008.34106445	41.8546028137	30.6529407501
150.811130914	1008.34106445	41.8546028137	30.6529407501
150.811130914	1008.34106445	41.8546028137	30.6529407501
150.811130914	1008.34106445	41.8546028137	30.6529407501
150.811130915	1008.34106445	41.8546028137	30.6529407501
150.811130915	1008.34106445	41.8546028137	30.6529407501
150.811130915	1008.34106445	41.8546028137	30.6529407501
150.811130915	1008.34106445	41.8546028137	30.6529407501
150.811130916	1008.34106445	41.8546028137	30.6529407501
150.811130916	1008.34106445	41.8546028137	30.6529407501
150.811130916	1008.34106445	41.8546028137	30.6529407501
150.811130916	1008.34106445	41.8546028137	30.6529407501
150.811130917	1008.34106445	41.8546028137	30.6529407501
150.811130917	1008.34106445	41.8546028137	30.6529407501
150.811130917	1008.34106445	41.8546028137	30.6529407501
150.811130917	1008.34106445	41.8546028137	30.6173210144
150.811130918	1008.34106445	40.6785316467	30.6173210144
150.811130918	1008.34106445	40.6785316467	30.6173210144
150.811130918	1008.34106445	40.6785316467	30.6173210144
150.811130918	1008.34106445	40.6785316467	30.6173210144
150.811130919	1008.34106445	40.6785316467	30.6173210144
150.811130919	1008.34106445	40.6785316467	30.6173210144
150.811130919	1008.34106445	40.6785316467	30.6173210144
150.811130919	1008.34106445	40.6785316467	30.6173210144
150.811130919	1008.34228516	40.6785316467	30.6173210144
150.81113092	1008.34228516	40.6785316467	30.6173210144
150.81113092	1008.34228516	40.6785316467	30.6173210144
150.81113092	1008.34228516	40.6785316467	30.6173210144
150.811130921	1008.34228516	40.6785316467	30.6173210144
150.811130921	1008.34228516	40.6785316467	30.6173210144
150.811130921	1008.34228516	40.6785316467	30.6173210144
150.811130921	1008.34228516	40.6785316467	30.6173210144
150.811130921	1008.34228516	40.6785316467	30.6173210144
150.811130922	1008.34228516	40.6785316467	30.6173210144
150.811130922	1008.34228516	40.6785316467	30.6173210144
150.811130922	1008.34228516	40.6785316467	30.6173210144
150.811130922	1008.34228516	40.6785316467	30.6173210144
150.811130923	1008.34228516	40.6785316467	30.6173210144
150.811130923	1008.34228516	40.6785316467	30.6173210144
150.811130923	1008.34228516	40.6785316467	30.6173210144
150.811130923	1008.34228516	40.6785316467	30.6173210144
150.811130923	1008.34228516	40.6785316467	30.6173210144
150.811130924	1008.34033203	40.6785316467	30.6173210144
150.811130924	1008.34033203	40.6785316467	30.6173210144
150.811130924	1008.34033203	40.6785316467	30.6173210144
150.811130925	1008.34033203	40.6785316467	30.6173210144
150.811130925	1008.34033203	40.6785316467	30.6173210144
150.81113193	1009.14868164	39.1455001831	31.0905570984
150.811131932	1009.14404297	39.1455001831	31.0905570984
150.811131932	1009.14404297	39.1455001831	31.0905570984
150.811131932	1009.14404297	39.1455001831	31.0905570984
150.811131933	1009.14404297	39.1455001831	31.0905570984
150.811131933	1009.14404297	39.1455001831	31.0905570984
150.811131933	1009.14404297	39.1455001831	31.0905570984
150.811131933	1009.14404297	39.1455001831	31.0905570984
150.811131933	1009.14404297	39.1455001831	31.0905570984
150.811131933	1009.14404297	39.1455001831	31.0905570984
150.811131933	1009.14404297	39.1455001831	31.0905570984
150.811131933	1009.14404297	39.1455001831	31.0905570984
150.811131934	1009.14404297	39.1455001831	31.0905570984
150.811131934	1009.14404297	39.1455001831	31.0905570984
150.811131934	1009.14404297	39.1455001831	31.0905570984
150.811131934	1009.14404297	39.1455001831	31.0905570984
150.811131934	1009.14404297	39.1455001831	31.0905570984
150.811131934	1009.14404297	39.1455001831	31.0905570984
150.811131934	1009.14404297	39.6977043152	31.0905570984
150.811131935	1009.14379883	39.6977043152	31.0905570984
150.811131935	1009.14379883	39.6977043152	31.0905570984
150.811131935	1009.14379883	39.6977043152	31.0905570984
150.811131935	1009.14379883	39.6977043152	31.0905570984
150.811131935	1009.14379883	39.6977043152	31.0905570984
150.811131935	1009.14379883	39.6977043152	31.0905570984
150.811131936	1009.14379883	39.6977043152	31.0905570984
150.811131936	1009.14379883	39.6977043152	31.0905570984
150.811131936	1009.14379883	39.6977043152	31.0905570984
150.811131936	1009.14379883	39.6977043152	31.0905570984
150.811131936	1009.14379883	39.6977043152	31.0905570984
150.811131936	1009.14379883	39.6977043152	31.0905570984
150.811131936	1009.14379883	39.6977043152	31.0905570984
150.811131937	1009.14379883	39.6977043152	31.0905570984
150.811131937	1009.14379883	39.6977043152	31.0905570984
150.811131937	1009.14379883	39.6977043152	31.0905570984
150.811131937	1009.14379883	39.6977043152	31.0905570984
150.811131937	1009.14379883	39.6977043152	31.0905570984
150.811131937	1009.14379883	39.6977043152	31.0905570984
150.811131937	1009.14379883	39.6977043152	31.0905570984
150.811131938	1009.14379883	39.6977043152	31.0905570984
150.811131938	1009.14379883	39.6977043152	31.0905570984
150.811131938	1009.14379883	39.6977043152	31.0905570984
150.811131938	1009.14379883	39.6977043152	31.0905570984
150.811131938	1009.14379883	39.6977043152	31.0905570984
150.811131938	1009.14379883	39.6977043152	31.0905570984
150.811131938	1009.14379883	39.6977043152	31.0905570984
150.811131938	1009.14379883	39.6977043152	31.0905570984
150.811131939	1009.14160156	39.6977043152	31.0905570984
150.811131939	1009.14160156	39.6977043152	31.0905570984
150.811131939	1009.14160156	39.6977043152	31.0905570984
150.811131939	1009.14160156	39.6977043152	31.0905570984
150.811131939	1009.14160156	39.6977043152	31.0905570984
150.811131939	1009.14160156	39.6977043152	31.0905570984
150.81113194	1009.14160156	39.6977043152	31.0905570984
150.81113194	1009.14160156	39.6977043152	31.0905570984
150.81113194	1009.14160156	39.6977043152	31.0905570984
150.81113194	1009.14160156	39.6977043152	31.0905570984
150.81113194	1009.14160156	39.6977043152	31.0905570984
150.81113194	1009.14160156	39.6977043152	31.0905570984
150.81113194	1009.14160156	39.6977043152	31.0905570984
150.81113194	1009.14160156	39.6977043152	31.0905570984
150.811131941	1009.14160156	39.6977043152	31.0905570984
150.811131941	1009.14160156	39.6977043152	31.0905570984
150.811131941	1009.14160156	39.6977043152	31.0905570984
150.811131941	1009.14160156	39.6977043152	31.0905570984
150.811131941	1009.14160156	39.6977043152	31.0905570984
150.811131941	1009.14160156	39.6977043152	31.0905570984
150.811131941	1009.14160156	39.6977043152	31.0905570984
150.811131942	1009.14160156	39.6977043152	31.0905570984
150.811131942	1009.14160156	39.6977043152	31.0905570984
150.811131942	1009.14160156	39.6977043152	31.0905570984
150.811131942	1009.14160156	39.6977043152	31.0905570984
150.811131942	1009.14160156	39.6977043152	31.0905570984
150.811131942	1009.14160156	39.6977043152	31.0722446442
150.811131942	1009.14160156	39.6977043152	31.0722446442
150.811131943	1009.14160156	39.1173629761	31.0722446442
150.811131943	1009.13671875	39.1173629761	31.0722446442
150.811131943	1009.13671875	39.1173629761	31.0722446442
150.811131943	1009.13671875	39.1173629761	31.0722446442
150.811131943	1009.13671875	39.1173629761	31.0722446442
150.811131943	1009.13671875	39.1173629761	31.0722446442
150.811131944	1009.13671875	39.1173629761	31.0722446442
150.811131944	1009.13671875	39.1173629761	31.0722446442
150.811131944	1009.13671875	39.1173629761	31.0722446442
150.811131944	1009.13671875	39.1173629761	31.0722446442
150.811131944	1009.13671875	39.1173629761	31.0722446442
150.811131944	1009.13671875	39.1173629761	31.0722446442
150.811131944	1009.13671875	39.1173629761	31.0722446442
150.811131945	1009.13671875	39.1173629761	31.0722446442
150.811131945	1009.13671875	39.1173629761	31.0722446442
150.811131945	1009.13671875	39.1173629761	31.0722446442
150.811131945	1009.13671875	39.1173629761	31.0722446442
150.811131945	1009.13671875	39.1173629761	31.0722446442
150.811131945	1009.13671875	39.1173629761	31.0722446442
150.811131945	1009.13671875	39.1173629761	31.0722446442
150.811131946	1009.13671875	39.1173629761	31.0722446442
150.811131946	1009.13671875	39.1173629761	31.0722446442
150.811131946	1009.13671875	39.1173629761	31.0722446442
150.811131946	1009.13671875	39.1173629761	31.0722446442
150.811131946	1009.13671875	39.1173629761	31.0722446442
150.811131946	1009.13671875	39.1173629761	31.0722446442
150.811131946	1009.13671875	39.1173629761	31.0722446442
150.811131947	1009.13671875	39.1173629761	31.0722446442
150.811131947	1009.13671875	39.1173629761	31.0722446442
150.811131947	1009.13525391	39.1173629761	31.0722446442
150.811131947	1009.13525391	39.1173629761	31.0722446442
150.811131947	1009.13525391	39.1173629761	31.0722446442
150.811131947	1009.13525391	39.1173629761	31.0722446442
150.811131948	1009.13525391	39.1173629761	31.0722446442
150.811131948	1009.13525391	39.1173629761	31.0722446442
150.811131948	1009.13525391	39.1173629761	31.0722446442
150.811131948	1009.13525391	39.1173629761	31.0722446442
150.811131948	1009.13525391	39.1173629761	31.0722446442
150.811131948	1009.13525391	39.1173629761	31.0722446442
150.811131948	1009.13525391	39.1173629761	31.0722446442
150.811131949	1009.13525391	39.1173629761	31.0722446442
150.811131949	1009.13525391	39.1173629761	31.0722446442
150.811131949	1009.13525391	39.1173629761	31.0722446442
150.811131949	1009.13525391	39.1173629761	31.0722446442
150.811131949	1009.13525391	39.1173629761	31.0722446442
150.811131949	1009.13525391	39.1173629761	31.0722446442
150.811131949	1009.13525391	39.1173629761	31.0722446442
150.81113195	1009.13525391	39.1173629761	31.0722446442
150.81113195	1009.13525391	39.1173629761	31.0722446442
150.81113195	1009.13525391	39.1173629761	31.0722446442
150.81113195	1009.13525391	39.1173629761	31.0722446442
150.81113195	1009.13525391	39.1173629761	31.0722446442
150.81113195	1009.13525391	39.1173629761	31.0173034668
150.811131951	1009.13525391	39.1173629761	31.0173034668
150.811131951	1009.13525391	38.2275085449	31.0173034668
150.811131951	1009.13061523	38.2275085449	31.0173034668
150.811131951	1009.13061523	38.2275085449	31.0173034668
150.811131951	1009.13061523	38.2275085449	31.0173034668
150.811131951	1009.13061523	38.2275085449	31.0173034668
150.811131952	1009.13061523	38.2275085449	31.0173034668
150.811131952	1009.13061523	38.2275085449	31.0173034668
150.811131952	1009.13061523	38.2275085449	31.0173034668
150.811131952	1009.13061523	38.2275085449	31.0173034668
150.811131952	1009.13061523	38.2275085449	31.0173034668
150.811131952	1009.13061523	38.2275085449	31.0173034668
150.811131952	1009.13061523	38.2275085449	31.0173034668
150.811131953	1009.13061523	38.2275085449	31.0173034668
150.811131953	1009.13061523	38.2275085449	31.0173034668
150.811131953	1009.13061523	38.2275085449	31.0173034668
150.811131953	1009.13061523	38.2275085449	31.0173034668
150.811131953	1009.13061523	38.2275085449	31.0173034668
150.811131953	1009.13061523	38.2275085449	31.0173034668
150.811131953	1009.13061523	38.2275085449	31.0173034668
150.811131954	1009.13061523	38.2275085449	31.0173034668
150.811131954	1009.13061523	38.2275085449	31.0173034668
150.811131954	1009.13061523	38.2275085449	31.0173034668
150.811131954	1009.13061523	38.2275085449	31.0173034668
150.811131954	1009.13061523	38.2275085449	31.0173034668
150.811131954	1009.13061523	38.2275085449	31.0173034668
150.811131954	1009.13061523	38.2275085449	31.0173034668
150.811131955	1009.13061523	38.2275085449	31.0173034668
150.811131955	1009.13061523	38.2275085449	31.0173034668
150.811131955	1009.13598633	38.2275085449	31.0173034668
150.811131955	1009.13598633	38.2275085449	31.0173034668
150.811131955	1009.13598633	38.2275085449	31.0173034668
150.811131955	1009.13598633	38.2275085449	31.0173034668
150.811131956	1009.13598633	38.2275085449	31.0173034668
150.811131956	1009.13598633	38.2275085449	31.0173034668
150.811131956	1009.13598633	38.2275085449	31.0173034668
150.811131956	1009.13598633	38.2275085449	31.0173034668
150.811131956	1009.13598633	38.2275085449	31.0173034668
150.811131956	1009.13598633	38.2275085449	31.0173034668
150.811131956	1009.13598633	38.2275085449	31.0173034668
150.811131957	1009.13598633	38.2275085449	31.0173034668
150.811131957	1009.13598633	38.2275085449	31.0173034668
150.811131957	1009.13598633	38.2275085449	31.0173034668
150.811131957	1009.13598633	38.2275085449	31.0173034668
150.811131957	1009.13598633	38.2275085449	31.0173034668
150.811131957	1009.13598633	38.2275085449	31.0173034668
150.811131957	1009.13598633	38.2275085449	31.0173034668
150.811131958	1009.13598633	38.2275085449	31.0173034668
150.811131958	1009.13598633	38.2275085449	31.0173034668
150.811131958	1009.13598633	38.2275085449	31.0173034668
150.811131958	1009.13598633	38.2275085449	31.0173034668
150.811131958	1009.13598633	38.2275085449	31.0173034668
150.811131958	1009.13598633	38.2275085449	31.0173034668
150.811131958	1009.13598633	38.2275085449	31.0722446442
150.811131959	1009.13598633	39.254535675	31.0722446442
150.811131959	1009.13598633	39.254535675	31.0722446442
150.811131959	1009.13598633	39.254535675	31.0722446442
150.811131959	1009.13354492	39.254535675	31.0722446442
150.811131959	1009.13354492	39.254535675	31.0722446442
150.811131959	1009.13354492	39.254535675	31.0722446442
150.81113196	1009.13354492	39.254535675	31.0722446442
150.81113196	1009.13354492	39.254535675	31.0722446442
150.81113196	1009.13354492	39.254535675	31.0722446442
150.81113196	1009.13354492	39.254535675	31.0722446442
150.81113196	1009.13354492	39.254535675	31.0722446442
150.81113196	1009.13354492	39.254535675	31.0722446442
150.81113196	1009.13354492	39.254535675	31.0722446442
150.811131961	1009.13354492	39.254535675	31.0722446442
150.811131961	1009.13354492	39.254535675	31.0722446442
150.811131961	1009.13354492	39.254535675	31.0722446442
150.811131961	1009.13354492	39.254535675	31.0722446442
150.811131961	1009.13354492	39.254535675	31.0722446442
150.811131961	1009.13354492	39.254535675	31.0722446442
150.811131961	1009.13354492	39.254535675	31.0722446442
150.811131961	1009.13354492	39.254535675	31.0722446442
150.811131962	1009.13354492	39.254535675	31.0722446442
150.811131962	1009.13354492	39.254535675	31.0722446442
150.811131962	1009.13354492	39.254535675	31.0722446442
150.811131962	1009.13354492	39.254535675	31.0722446442
150.811131962	1009.13354492	39.254535675	31.0722446442
150.811131962	1009.13354492	39.254535675	31.0722446442
150.811131962	1009.13354492	39.254535675	31.0722446442
150.811131963	1009.13354492	39.254535675	31.0722446442
150.811131963	1009.13354492	39.254535675	31.0722446442
150.811131963	1009.13354492	39.254535675	31.0722446442
150.811131963	1009.13354492	39.254535675	31.0722446442
150.811131963	1009.13745117	39.254535675	31.0722446442
150.811131963	1009.13745117	39.254535675	31.0722446442
150.811131964	1009.13745117	39.254535675	31.0722446442
150.811131964	1009.13745117	39.254535675	31.0722446442
150.811131964	1009.13745117	39.254535675	31.0722446442
150.811131964	1009.13745117	39.254535675	31.0722446442
150.811131964	1009.13745117	39.254535675	31.0722446442
150.811131964	1009.13745117	39.254535675	31.0722446442
150.811131964	1009.13745117	39.254535675	31.0722446442
150.811131964	1009.13745117	39.254535675	31.0722446442
150.811131965	1009.13745117	39.254535675	31.0722446442
150.811131965	1009.13745117	39.254535675	31.0722446442
150.811131965	1009.13745117	39.254535675	31.0722446442
150.811131965	1009.13745117	39.254535675	31.0722446442
150.811131965	1009.13745117	39.254535675	31.0722446442
150.811131965	1009.13745117	39.254535675	31.0722446442
150.811131965	1009.13745117	39.254535675	31.0722446442
150.811131966	1009.13745117	39.254535675	31.0722446442
150.811131966	1009.13745117	39.254535675	31.0722446442
150.811131966	1009.13745117	39.254535675	31.0722446442
150.811131966	1009.13745117	39.254535675	31.0722446442
150.811131966	1009.13745117	39.254535675	31.0722446442
150.811131966	1009.13745117	39.254535675	31.0722446442
150.811131966	1009.13745117	39.254535675	31.0356178284
150.811131967	1009.13745117	39.254535675	31.0356178284
150.811131967	1009.13745117	39.3741226196	31.0356178284
150.811131967	1009.13745117	39.3741226196	31.0356178284
150.811131967	1009.13745117	39.3741226196	31.0356178284
150.811131967	1009.13891602	39.3741226196	31.0356178284
150.811131967	1009.13891602	39.3741226196	31.0356178284
150.811131968	1009.13891602	39.3741226196	31.0356178284
150.811131968	1009.13891602	39.3741226196	31.0356178284
150.811131968	1009.13891602	39.3741226196	31.0356178284
150.811131968	1009.13891602	39.3741226196	31.0356178284
150.811131968	1009.13891602	39.3741226196	31.0356178284
150.811131968	1009.13891602	39.3741226196	31.0356178284
150.811131968	1009.13891602	39.3741226196	31.0356178284
150.811131969	1009.13891602	39.3741226196	31.0356178284
150.811131969	1009.13891602	39.3741226196	31.0356178284
150.811131969	1009.13891602	39.3741226196	31.0356178284
150.811131969	1009.13891602	39.3741226196	31.0356178284
150.811131969	1009.13891602	39.3741226196	31.0356178284
150.811131969	1009.13891602	39.3741226196	31.0356178284
150.811131969	1009.13891602	39.3741226196	31.0356178284
150.81113197	1009.13891602	39.3741226196	31.0356178284
150.81113197	1009.13891602	39.3741226196	31.0356178284
150.81113197	1009.13891602	39.3741226196	31.0356178284
150.81113197	1009.13891602	39.3741226196	31.0356178284
150.81113197	1009.13891602	39.3741226196	31.0356178284
150.81113197	1009.13891602	39.3741226196	31.0356178284
150.81113197	1009.13891602	39.3741226196	31.0356178284
150.811131971	1009.13891602	39.3741226196	31.0356178284
150.811131971	1009.13891602	39.3741226196	31.0356178284
150.811131971	1009.13891602	39.3741226196	31.0356178284
150.811131971	1009.13891602	39.3741226196	31.0356178284
150.811131971	1009.13891602	39.3741226196	31.0356178284
150.811131971	1009.14013672	39.3741226196	31.0356178284
150.811131971	1009.14013672	39.3741226196	31.0356178284
150.811131972	1009.14013672	39.3741226196	31.0356178284
150.811131972	1009.14013672	39.3741226196	31.0356178284
150.811131972	1009.14013672	39.3741226196	31.0356178284
150.811131972	1009.14013672	39.3741226196	31.0356178284
150.811131972	1009.14013672	39.3741226196	31.0356178284
150.811131972	1009.14013672	39.3741226196	31.0356178284
150.811131972	1009.14013672	39.3741226196	31.0356178284
150.811131973	1009.14013672	39.3741226196	31.0356178284
150.811131973	1009.14013672	39.3741226196	31.0356178284
150.811131973	1009.14013672	39.3741226196	31.0356178284
150.811131973	1009.14013672	39.3741226196	31.0356178284
150.811131973	1009.14013672	39.3741226196	31.0356178284
150.811131973	1009.14013672	39.3741226196	31.0356178284
150.811131973	1009.14013672	39.3741226196	31.0356178284
150.811131973	1009.14013672	39.3741226196	31.0356178284
150.811131974	1009.14013672	39.3741226196	31.0356178284
150.811131974	1009.14013672	39.3741226196	31.0356178284
150.811131974	1009.14013672	39.3741226196	31.0356178284
150.811131974	1009.14013672	39.3741226196	31.0356178284
150.811131974	1009.14013672	39.3741226196	31.0356178284
150.811131974	1009.14013672	39.3741226196	31.0356178284
150.811131974	1009.14013672	39.3741226196	31.1271839142
150.811131975	1009.14013672	39.3741226196	31.1271839142
150.811131975	1009.14013672	40.0212860107	31.1271839142
150.811131975	1009.14013672	40.0212860107	31.1271839142
150.811131975	1009.14013672	40.0212860107	31.1271839142
150.811131975	1009.14013672	40.0212860107	31.1271839142
150.811131975	1009.14013672	40.0212860107	31.1271839142
150.811131976	1009.14013672	40.0212860107	31.1271839142
150.811131976	1009.14013672	40.0212860107	31.1271839142
150.811131976	1009.14013672	40.0212860107	31.1271839142
150.811131976	1009.14013672	40.0212860107	31.1271839142
150.811131976	1009.14013672	40.0212860107	31.1271839142
150.811131976	1009.14013672	40.0212860107	31.1271839142
150.811131976	1009.14013672	40.0212860107	31.1271839142
150.811131977	1009.14013672	40.0212860107	31.1271839142
150.811131977	1009.14013672	40.0212860107	31.1271839142
150.811131977	1009.14013672	40.0212860107	31.1271839142
150.811131977	1009.14013672	40.0212860107	31.1271839142
150.811131977	1009.14013672	40.0212860107	31.1271839142
150.811131977	1009.14013672	40.0212860107	31.1271839142
150.811131977	1009.14013672	40.0212860107	31.1271839142
150.811131978	1009.14013672	40.0212860107	31.1271839142
150.811131978	1009.14013672	40.0212860107	31.1271839142
150.811131978	1009.14013672	40.0212860107	31.1271839142
150.811131978	1009.14013672	40.0212860107	31.1271839142
150.811131978	1009.14013672	40.0212860107	31.1271839142
150.811131978	1009.14013672	40.0212860107	31.1271839142
150.811131978	1009.14013672	40.0212860107	31.1271839142
150.811131978	1009.14013672	40.0212860107	31.1271839142
150.811131979	1009.14013672	40.0212860107	31.1271839142
150.811131979	1009.14013672	40.0212860107	31.1271839142
150.811131979	1009.14013672	40.0212860107	31.1271839142
150.811131979	1009.14013672	40.0212860107	31.1271839142
150.811131979	1009.14013672	40.0212860107	31.1271839142
150.811131979	1009.14013672	40.0212860107	31.1271839142
150.81113198	1009.14013672	40.0212860107	31.1271839142
150.81113198	1009.14013672	40.0212860107	31.1271839142
150.81113198	1009.14013672	40.0212860107	31.1271839142
150.81113198	1009.14013672	40.0212860107	31.1271839142
150.81113198	1009.14013672	40.0212860107	31.1271839142
150.81113198	1009.14013672	40.0212860107	31.1271839142
150.81113198	1009.14013672	40.0212860107	31.1271839142
150.811131981	1009.14013672	40.0212860107	31.1271839142
150.811131981	1009.14013672	40.0212860107	31.1271839142
150.811131981	1009.14013672	40.0212860107	31.1271839142
150.811131981	1009.14013672	40.0212860107	31.1271839142
150.811131981	1009.14013672	40.0212860107	31.1271839142
150.811131981	1009.14013672	40.0212860107	31.1271839142
150.811131981	1009.14013672	40.0212860107	31.1271839142
150.811131981	1009.14013672	40.0212860107	31.1271839142
150.811131982	1009.14013672	40.0212860107	31.1271839142
150.811131982	1009.14013672	40.0212860107	31.1271839142
150.811131982	1009.14013672	40.0212860107	31.1271839142
150.811131982	1009.14013672	40.0212860107	31.1271839142
150.811131982	1009.14013672	40.0212860107	31.1271839142
150.811131982	1009.14013672	40.0212860107	31.1271839142
150.811131982	1009.14013672	40.0212860107	31.1271839142
150.811131983	1009.14013672	40.0212860107	31.1271839142
150.811131983	1009.14013672	39.9368743896	31.1271839142
150.811131983	1009.14013672	39.9368743896	31.1271839142
150.811131983	1009.14013672	39.9368743896	31.1271839142
150.811131983	1009.14013672	39.9368743896	31.1271839142
150.811131983	1009.14013672	39.9368743896	31.1271839142
150.811131983	1009.14013672	39.9368743896	31.1271839142
150.811131984	1009.14013672	39.9368743896	31.1271839142
150.811131984	1009.14013672	39.9368743896	31.1271839142
150.811131984	1009.14013672	39.9368743896	31.1271839142
150.811131984	1009.14013672	39.9368743896	31.1271839142
150.811131984	1009.14013672	39.9368743896	31.1271839142
150.811131984	1009.14013672	39.9368743896	31.1271839142
150.811131985	1009.14013672	39.9368743896	31.1271839142
150.811131985	1009.14013672	39.9368743896	31.1271839142
150.811131985	1009.14013672	39.9368743896	31.1271839142
150.811131985	1009.14013672	39.9368743896	31.1271839142
150.811131985	1009.14013672	39.9368743896	31.1271839142
150.811131985	1009.14013672	39.9368743896	31.1271839142
150.811131985	1009.14013672	39.9368743896	31.1271839142
150.811131986	1009.14013672	39.9368743896	31.1271839142
150.811131986	1009.14013672	39.9368743896	31.1271839142
150.811131986	1009.14013672	39.9368743896	31.1271839142
150.811131986	1009.14013672	39.9368743896	31.1271839142
150.811131986	1009.14013672	39.9368743896	31.1271839142
150.811131986	1009.14013672	39.9368743896	31.1271839142
150.811131986	1009.14013672	39.9368743896	31.1271839142
150.811131986	1009.14013672	39.9368743896	31.1271839142
150.811131987	1009.14013672	39.9368743896	31.1271839142
150.811131987	1009.14013672	39.9368743896	31.1271839142
150.811131987	1009.14013672	39.9368743896	31.1271839142
150.811131987	1009.14013672	39.9368743896	31.1271839142
150.811131987	1009.14013672	39.9368743896	31.1271839142
150.811131987	1009.14013672	39.9368743896	31.1271839142
150.811131987	1009.14013672	39.9368743896	31.1271839142
150.811131988	1009.14501953	39.9368743896	31.1271839142
150.811131988	1009.14501953	39.9368743896	31.1271839142
150.811131988	1009.14501953	39.9368743896	31.1271839142
150.811131988	1009.14501953	39.9368743896	31.1271839142
150.811131988	1009.14501953	39.9368743896	31.1271839142
150.811131988	1009.14501953	39.9368743896	31.1271839142
150.811131988	1009.14501953	39.9368743896	31.1271839142
150.811131989	1009.14501953	39.9368743896	31.1271839142
150.811131989	1009.14501953	39.9368743896	31.1271839142
150.811131989	1009.14501953	39.9368743896	31.1271839142
150.811131989	1009.14501953	39.9368743896	31.1271839142
150.811131989	1009.14501953	39.9368743896	31.1271839142
150.811131989	1009.14501953	39.9368743896	31.1271839142
150.811131989	1009.14501953	39.9368743896	31.1271839142
150.81113199	1009.14501953	39.9368743896	31.1271839142
150.81113199	1009.14501953	39.9368743896	31.1271839142
150.81113199	1009.14501953	39.9368743896	31.1271839142
150.81113199	1009.14501953	39.9368743896	31.1271839142
150.81113199	1009.14501953	39.9368743896	31.1271839142
150.81113199	1009.14501953	39.9368743896	31.1271839142
150.81113199	1009.14501953	39.9368743896	31.1271839142
150.811131991	1009.14501953	39.9368743896	31.0722446442
150.811131991	1009.14501953	39.9368743896	31.0722446442
150.811131991	1009.14501953	37.4115142822	31.0722446442
150.811131991	1009.14501953	37.4115142822	31.0722446442
150.811131991	1009.14501953	37.4115142822	31.0722446442
150.811131991	1009.14501953	37.4115142822	31.0722446442
150.811131991	1009.14501953	37.4115142822	31.0722446442
150.811131992	1009.15087891	37.4115142822	31.0722446442
150.811131992	1009.15087891	37.4115142822	31.0722446442
150.811131992	1009.15087891	37.4115142822	31.0722446442
150.811131992	1009.15087891	37.4115142822	31.0722446442
150.811131992	1009.15087891	37.4115142822	31.0722446442
150.811131992	1009.15087891	37.4115142822	31.0722446442
150.811131993	1009.15087891	37.4115142822	31.0722446442
150.811131993	1009.15087891	37.4115142822	31.0722446442
150.811131993	1009.15087891	37.4115142822	31.0722446442
150.811131993	1009.15087891	37.4115142822	31.0722446442
150.811131993	1009.15087891	37.4115142822	31.0722446442
150.811131993	1009.15087891	37.4115142822	31.0722446442
150.811131993	1009.15087891	37.4115142822	31.0722446442
150.811131993	1009.15087891	37.4115142822	31.0722446442
150.811131994	1009.15087891	37.4115142822	31.0722446442
150.811131994	1009.15087891	37.4115142822	31.0722446442
150.811131994	1009.15087891	37.4115142822	31.0722446442
150.811131994	1009.15087891	37.4115142822	31.0722446442
150.811131994	1009.15087891	37.4115142822	31.0722446442
150.811131994	1009.15087891	37.4115142822	31.0722446442
150.811131994	1009.15087891	37.4115142822	31.0722446442
150.811131995	1009.15087891	37.4115142822	31.0722446442
150.811131995	1009.15087891	37.4115142822	31.0722446442
150.811131995	1009.15087891	37.4115142822	31.0722446442
150.811131995	1009.15087891	37.4115142822	31.0722446442
150.811131995	1009.15087891	37.4115142822	31.0722446442
150.811131995	1009.15087891	37.4115142822	31.0722446442
150.811131995	1009.15087891	37.4115142822	31.0722446442
150.811131996	1009.15087891	37.4115142822	31.0722446442
150.811131996	1009.14990234	37.4115142822	31.0722446442
150.811131996	1009.14990234	37.4115142822	31.0722446442
150.811131996	1009.14990234	37.4115142822	31.0722446442
150.811131996	1009.14990234	37.4115142822	31.0722446442
150.811131996	1009.14990234	37.4115142822	31.0722446442
150.811131996	1009.14990234	37.4115142822	31.0722446442
150.811131997	1009.14990234	37.4115142822	31.0722446442
150.811131997	1009.14990234	37.4115142822	31.0722446442
150.811131997	1009.14990234	37.4115142822	31.0722446442
150.811131997	1009.14990234	37.4115142822	31.0722446442
150.811131997	1009.14990234	37.4115142822	31.0722446442
150.811131997	1009.14990234	37.4115142822	31.0722446442
150.811131997	1009.14990234	37.4115142822	31.0722446442
150.811131998	1009.14990234	37.4115142822	31.0722446442
150.811131998	1009.14990234	37.4115142822	31.0722446442
150.811131998	1009.14990234	37.4115142822	31.0722446442
150.811131998	1009.14990234	37.4115142822	31.0722446442
150.811131998	1009.14990234	37.4115142822	31.0722446442
150.811131999	1009.14990234	37.4115142822	31.1454963684
150.811131999	1009.14990234	40.0248031616	31.1454963684
150.811131999	1009.14990234	40.0248031616	31.1454963684
150.811131999	1009.14990234	40.0248031616	31.1454963684
150.811132	1009.15356445	40.0248031616	31.1454963684
150.811132	1009.15356445	40.0248031616	31.1454963684
150.811132	1009.15356445	40.0248031616	31.1454963684
150.811132001	1009.15356445	40.0248031616	31.1454963684
150.811132001	1009.15356445	40.0248031616	31.1454963684
150.811132001	1009.15356445	40.0248031616	31.1454963684
150.811132001	1009.15356445	40.0248031616	31.1454963684
150.811132001	1009.15356445	40.0248031616	31.1454963684
150.811132002	1009.15356445	40.0248031616	31.1454963684
150.811132002	1009.15356445	40.0248031616	31.1454963684
150.811132002	1009.15356445	40.0248031616	31.1454963684
150.811132002	1009.15356445	40.0248031616	31.1454963684
150.811132003	1009.15356445	40.0248031616	31.1454963684
150.811132003	1009.15356445	40.0248031616	31.1454963684
150.811132003	1009.15356445	40.0248031616	31.1454963684
150.811132003	1009.15356445	40.0248031616	31.1454963684
150.811132003	1009.15356445	40.0248031616	31.1454963684
150.811132004	1009.15356445	40.0248031616	31.1454963684
150.811132004	1009.15307617	40.0248031616	31.1454963684
150.811132004	1009.15307617	40.0248031616	31.1454963684
150.811132004	1009.15307617	40.0248031616	31.1454963684
150.811132005	1009.15307617	40.0248031616	31.1454963684
150.811132005	1009.15307617	40.0248031616	31.1454963684
150.811132005	1009.15307617	40.0248031616	31.1454963684
150.811132005	1009.15307617	40.0248031616	31.1454963684
150.811132006	1009.15307617	40.0248031616	31.1454963684
150.811132006	1009.15307617	40.0248031616	31.1454963684
150.811132006	1009.15307617	40.0248031616	31.1454963684
150.811132006	1009.15307617	40.0248031616	31.1454963684
150.811132006	1009.15307617	40.0248031616	31.1454963684
150.811132007	1009.15307617	40.0248031616	31.1454963684
150.811132007	1009.15307617	35.9553871155	31.1454963684
150.811132007	1009.15307617	35.9553871155	31.1454963684
150.811132008	1009.15307617	35.9553871155	31.1454963684
150.811132008	1009.15307617	35.9553871155	31.1454963684
150.811132008	1009.15112305	35.9553871155	31.1454963684
