1.88449515553	1000
time	pressure	humidity	temperature
150.811131293	1007.97167969	40.9460678101	30.453338623
150.811131293	1007.97167969	40.9460678101	30.453338623
150.811131294	1007.97167969	40.9460678101	30.453338623
150.811131294	1007.97167969	40.9460678101	30.453338623
150.811131294	1007.97167969	40.9460678101	30.453338623
150.811131294	1007.97167969	40.9460678101	30.453338623
150.811131294	1007.97167969	40.9460678101	30.453338623
150.811131295	1007.96972656	40.9460678101	30.453338623
150.811131295	1007.96972656	40.9460678101	30.453338623
150.811131295	1007.96972656	40.9460678101	30.453338623
150.811131295	1007.96972656	40.9460678101	30.6018409729
150.811131296	1007.96972656	40.0528640747	30.6018409729
150.811131296	1007.96972656	40.0528640747	30.6018409729
150.811131296	1007.96972656	40.0528640747	30.6018409729
150.811131297	1007.96972656	40.0528640747	30.6018409729
150.811131297	1007.96972656	40.0528640747	30.6018409729
150.811131297	1007.96972656	40.0528640747	30.6018409729
150.811131297	1007.96972656	40.0528640747	30.6018409729
150.811131297	1007.96972656	40.0528640747	30.6018409729
150.811131298	1007.96972656	40.0528640747	30.6018409729
150.811131298	1007.96972656	40.0528640747	30.6018409729
150.811131298	1007.96972656	40.0528640747	30.6018409729
150.811131298	1007.96972656	40.0528640747	30.6018409729
150.811131299	1007.96972656	40.0528640747	30.6018409729
150.811131299	1007.96826172	40.0528640747	30.6018409729
150.811131299	1007.96826172	40.0528640747	30.6018409729
150.811131299	1007.96826172	40.0528640747	30.6018409729
150.8111313	1007.96826172	40.0528640747	30.6018409729
150.8111313	1007.96826172	40.0528640747	30.6018409729
150.8111313	1007.96826172	40.0528640747	30.6018409729
150.8111313	1007.96826172	40.0528640747	30.6018409729
150.8111313	1007.96826172	40.0528640747	30.6018409729
150.811131301	1007.96826172	40.0528640747	30.6018409729
150.811131301	1007.96826172	40.0528640747	30.6018409729
150.811131301	1007.96826172	40.0528640747	30.6018409729
150.811131301	1007.96826172	40.0528640747	30.6018409729
150.811131302	1007.96826172	40.0528640747	30.6018409729
150.811131302	1007.96826172	40.0528640747	30.6018409729
150.811131302	1007.96826172	40.0528640747	30.6018409729
150.811131302	1007.96826172	40.0528640747	30.6018409729
150.811131302	1007.96826172	40.0528640747	30.6018409729
150.811131303	1007.96923828	40.0528640747	30.6018409729
150.811131303	1007.96923828	40.0528640747	30.6018409729
150.811131303	1007.96923828	40.0528640747	30.6018409729
150.811131304	1007.96923828	40.0528640747	30.5275878906
150.811131304	1007.96923828	41.6279754639	30.5275878906
150.811131304	1007.96923828	41.6279754639	30.5275878906
150.811131304	1007.96923828	41.6279754639	30.5275878906
150.811131305	1007.96923828	41.6279754639	30.5275878906
150.811131305	1007.96923828	41.6279754639	30.5275878906
150.811131305	1007.96923828	41.6279754639	30.5275878906
150.811131305	1007.96923828	41.6279754639	30.5275878906
150.811131306	1007.96923828	41.6279754639	30.5275878906
150.811131306	1007.96923828	41.6279754639	30.5275878906
150.811131306	1007.96923828	41.6279754639	30.5275878906
150.811131306	1007.96923828	41.6279754639	30.5275878906
150.811131306	1007.96923828	41.6279754639	30.5275878906
150.811131307	1007.96533203	41.6279754639	30.5275878906
150.811131307	1007.96533203	41.6279754639	30.5275878906
150.811131307	1007.96533203	41.6279754639	30.5275878906
150.811131307	1007.96533203	41.6279754639	30.5275878906
150.811131308	1007.96533203	41.6279754639	30.5275878906
150.811131308	1007.96533203	41.6279754639	30.5275878906
150.811131308	1007.96533203	41.6279754639	30.5275878906
150.811131308	1007.96533203	41.6279754639	30.5275878906
150.811131309	1007.96533203	41.6279754639	30.5275878906
150.811131309	1007.96533203	41.6279754639	30.5275878906
150.811131309	1007.96533203	41.6279754639	30.5275878906
150.811131309	1007.96533203	41.6279754639	30.5275878906
150.811131309	1007.96533203	41.6279754639	30.5275878906
150.81113131	1007.96533203	41.6279754639	30.5275878906
150.81113131	1007.96533203	41.6279754639	30.5275878906
150.81113131	1007.96533203	41.6279754639	30.5275878906
150.81113131	1007.96533203	41.6279754639	30.5275878906
150.811131311	1007.96044922	41.6279754639	30.5275878906
150.811131311	1007.96044922	41.6279754639	30.5275878906
150.811131311	1007.96044922	41.6279754639	30.5275878906
150.811131311	1007.96044922	41.6279754639	30.5275878906
150.811131312	1007.96044922	41.6279754639	30.4162139893
150.811131312	1007.96044922	42.0409622192	30.4162139893
150.811131312	1007.96044922	42.0409622192	30.4162139893
150.811131312	1007.96044922	42.0409622192	30.4162139893
150.811131313	1007.96044922	42.0409622192	30.4162139893
150.811131313	1007.96044922	42.0409622192	30.4162139893
150.811131313	1007.96044922	42.0409622192	30.4162139893
150.811131313	1007.96044922	42.0409622192	30.4162139893
150.811131314	1007.96044922	42.0409622192	30.4162139893
150.811131314	1007.96044922	42.0409622192	30.4162139893
150.811131314	1007.96044922	42.0409622192	30.4162139893
150.811131314	1007.96044922	42.0409622192	30.4162139893
150.811131314	1007.96044922	42.0409622192	30.4162139893
150.811131315	1007.96044922	42.0409622192	30.4162139893
150.811131315	1007.96044922	42.0409622192	30.4162139893
150.811131315	1007.96044922	42.0409622192	30.4162139893
150.811131316	1007.96044922	42.0409622192	30.4162139893
150.811131316	1007.96044922	42.0409622192	30.4162139893
150.811131316	1007.96044922	42.0409622192	30.4162139893
150.811131316	1007.96044922	42.0409622192	30.4162139893
150.811131316	1007.96044922	42.0409622192	30.4162139893
150.811131317	1007.96044922	42.0409622192	30.4162139893
150.811131317	1007.96044922	42.0409622192	30.4162139893
150.811131317	1007.96044922	42.0409622192	30.4162139893
150.811131317	1007.96044922	42.0409622192	30.4162139893
150.811131318	1007.96044922	42.0409622192	30.4162139893
150.811131318	1007.96044922	42.0409622192	30.4162139893
150.811131318	1007.96044922	42.0409622192	30.4162139893
150.811131318	1007.96044922	42.0409622192	30.4162139893
150.811131318	1007.95629883	42.0409622192	30.4162139893
150.811131319	1007.95629883	42.0409622192	30.4162139893
150.811131319	1007.95629883	42.0409622192	30.4162139893
150.811131319	1007.95629883	42.0409622192	30.4162139893
150.811131319	1007.95629883	42.0409622192	30.4162139893
150.81113132	1007.95629883	42.0409622192	30.4719009399
150.81113132	1007.95629883	37.9911346436	30.4719009399
150.81113132	1007.95629883	37.9911346436	30.4719009399
150.811131321	1007.95629883	37.9911346436	30.4719009399
150.811131321	1007.95629883	37.9911346436	30.4719009399
150.811131321	1007.95629883	37.9911346436	30.4719009399
150.811131321	1007.95629883	37.9911346436	30.4719009399
150.811131321	1007.95629883	37.9911346436	30.4719009399
150.811131322	1007.95629883	37.9911346436	30.4719009399
150.811131322	1007.95629883	37.9911346436	30.4719009399
150.811131322	1007.95629883	37.9911346436	30.4719009399
150.811131322	1007.96044922	37.9911346436	30.4719009399
150.811131323	1007.96044922	37.9911346436	30.4719009399
150.811131323	1007.96044922	37.9911346436	30.4719009399
150.811131323	1007.96044922	37.9911346436	30.4719009399
150.811131323	1007.96044922	37.9911346436	30.4719009399
150.811131324	1007.96044922	37.9911346436	30.4719009399
150.811131324	1007.96044922	37.9911346436	30.4719009399
150.811131324	1007.96044922	37.9911346436	30.4719009399
150.811131324	1007.96044922	37.9911346436	30.4719009399
150.811131324	1007.96044922	37.9911346436	30.4719009399
150.811131325	1007.96044922	37.9911346436	30.4719009399
150.811131325	1007.96044922	37.9911346436	30.4719009399
150.811131325	1007.96044922	37.9911346436	30.4719009399
150.811131325	1007.96044922	37.9911346436	30.4719009399
150.811131326	1007.96044922	37.9911346436	30.4719009399
150.811131326	1007.96044922	37.9911346436	30.4719009399
150.811131326	1007.96044922	37.9911346436	30.4719009399
150.811131326	1007.96166992	37.9911346436	30.4719009399
150.811131327	1007.96166992	37.9911346436	30.4719009399
150.811131327	1007.96166992	37.9911346436	30.4719009399
150.811131327	1007.96166992	37.9911346436	30.4719009399
150.811131327	1007.96166992	37.9911346436	30.4719009399
150.811131328	1007.96166992	37.9911346436	30.4719009399
150.811131328	1007.96166992	37.9911346436	30.4904632568
150.811131328	1007.96166992	39.8767852783	30.4904632568
150.811131328	1007.96166992	39.8767852783	30.4904632568
150.811131329	1007.96166992	39.8767852783	30.4904632568
150.811131329	1007.96166992	39.8767852783	30.4904632568
150.811131329	1007.96166992	39.8767852783	30.4904632568
150.811131329	1007.96166992	39.8767852783	30.4904632568
150.81113133	1007.96166992	39.8767852783	30.4904632568
150.81113133	1007.96166992	39.8767852783	30.4904632568
150.81113133	1007.96166992	39.8767852783	30.4904632568
150.81113133	1007.96264648	39.8767852783	30.4904632568
150.811131331	1007.96264648	39.8767852783	30.4904632568
150.811131331	1007.96264648	39.8767852783	30.4904632568
150.811131331	1007.96264648	39.8767852783	30.4904632568
150.811131331	1007.96264648	39.8767852783	30.4904632568
150.811131331	1007.96264648	39.8767852783	30.4904632568
150.811131332	1007.96264648	39.8767852783	30.4904632568
150.811131332	1007.96264648	39.8767852783	30.4904632568
150.811131332	1007.96264648	39.8767852783	30.4904632568
150.811131332	1007.96264648	39.8767852783	30.4904632568
150.811131333	1007.96264648	39.8767852783	30.4904632568
150.811131333	1007.96264648	39.8767852783	30.4904632568
150.811131333	1007.96264648	39.8767852783	30.4904632568
150.811131333	1007.96264648	39.8767852783	30.4904632568
150.811131333	1007.96264648	39.8767852783	30.4904632568
150.811131334	1007.96264648	39.8767852783	30.4904632568
150.811131334	1007.96264648	39.8767852783	30.4904632568
150.811131334	1007.96289062	39.8767852783	30.4904632568
150.811131335	1007.96289062	39.8767852783	30.4904632568
150.811131335	1007.96289062	39.8767852783	30.4904632568
150.811131335	1007.96289062	39.8767852783	30.4904632568
150.811131335	1007.96289062	39.8767852783	30.4904632568
150.811131335	1007.96289062	39.8767852783	30.4904632568
150.811131336	1007.96289062	39.8767852783	30.4904632568
150.811131336	1007.96289062	39.8767852783	30.5647144318
150.811131336	1007.96289062	40.3473968506	30.5647144318
150.811131336	1007.96289062	40.3473968506	30.5647144318
150.811131337	1007.96289062	40.3473968506	30.5647144318
150.811131337	1007.96289062	40.3473968506	30.5647144318
150.811131337	1007.96289062	40.3473968506	30.5647144318
150.811131337	1007.96289062	40.3473968506	30.5647144318
150.811131338	1007.96289062	40.3473968506	30.5647144318
150.811131338	1007.96289062	40.3473968506	30.5647144318
150.811131338	1007.96166992	40.3473968506	30.5647144318
150.811131338	1007.96166992	40.3473968506	30.5647144318
150.811131339	1007.96166992	40.3473968506	30.5647144318
150.811131339	1007.96166992	40.3473968506	30.5647144318
150.811131339	1007.96166992	40.3473968506	30.5647144318
150.811131339	1007.96166992	40.3473968506	30.5647144318
150.81113134	1007.96166992	40.3473968506	30.5647144318
150.81113134	1007.96166992	40.3473968506	30.5647144318
150.81113134	1007.96166992	40.3473968506	30.5647144318
150.81113134	1007.96166992	40.3473968506	30.5647144318
150.81113134	1007.96166992	40.3473968506	30.5647144318
150.811131341	1007.96166992	40.3473968506	30.5647144318
150.811131341	1007.96166992	40.3473968506	30.5647144318
150.811131341	1007.96166992	40.3473968506	30.5647144318
150.811131341	1007.96166992	40.3473968506	30.5647144318
150.811131342	1007.96166992	40.3473968506	30.5647144318
150.811131342	1007.96166992	40.3473968506	30.5647144318
150.811131342	1007.96655273	40.3473968506	30.5647144318
150.811131342	1007.96655273	40.3473968506	30.5647144318
150.811131343	1007.96655273	40.3473968506	30.5647144318
150.811131343	1007.96655273	40.3473968506	30.5647144318
150.811131343	1007.96655273	40.3473968506	30.5647144318
150.811131343	1007.96655273	40.3473968506	30.5647144318
150.811131344	1007.96655273	40.3473968506	30.5647144318
150.811131344	1007.96655273	40.3473968506	30.5647144318
150.811131344	1007.96655273	40.3473968506	30.5275878906
150.811131344	1007.96655273	42.056968689	30.5275878906
150.811131345	1007.96655273	42.056968689	30.5275878906
150.811131345	1007.96655273	42.056968689	30.5275878906
150.811131345	1007.96655273	42.056968689	30.5275878906
150.811131345	1007.96655273	42.056968689	30.5275878906
150.811131345	1007.96655273	42.056968689	30.5275878906
150.811131346	1007.96655273	42.056968689	30.5275878906
150.811131346	1007.96582031	42.056968689	30.5275878906
150.811131346	1007.96582031	42.056968689	30.5275878906
150.811131347	1007.96582031	42.056968689	30.5275878906
150.811131347	1007.96582031	42.056968689	30.5275878906
150.811131347	1007.96582031	42.056968689	30.5275878906
150.811131347	1007.96582031	42.056968689	30.5275878906
150.811131347	1007.96582031	42.056968689	30.5275878906
150.811131348	1007.96582031	42.056968689	30.5275878906
150.811131348	1007.96582031	42.056968689	30.5275878906
150.811131348	1007.96582031	42.056968689	30.5275878906
150.811131348	1007.96582031	42.056968689	30.5275878906
150.811131349	1007.96582031	42.056968689	30.5275878906
150.811131349	1007.96582031	42.056968689	30.5275878906
150.811131349	1007.96582031	42.056968689	30.5275878906
150.811131349	1007.96582031	42.056968689	30.5275878906
150.811131349	1007.96582031	42.056968689	30.5275878906
150.81113135	1007.96582031	42.056968689	30.5275878906
150.81113135	1007.96459961	42.056968689	30.5275878906
150.81113135	1007.96459961	42.056968689	30.5275878906
150.81113135	1007.96459961	42.056968689	30.5275878906
150.811131351	1007.96459961	42.056968689	30.5275878906
150.811131351	1007.96459961	42.056968689	30.5275878906
150.811131351	1007.96459961	42.056968689	30.5275878906
150.811131351	1007.96459961	42.056968689	30.5275878906
150.811131352	1007.96459961	42.056968689	30.5275878906
150.811131352	1007.96459961	42.056968689	30.5275878906
150.811131352	1007.96459961	42.056968689	30.5647144318
150.811131352	1007.96459961	40.1873245239	30.5647144318
150.811131353	1007.96459961	40.1873245239	30.5647144318
150.811131353	1007.96459961	40.1873245239	30.5647144318
150.811131353	1007.96459961	40.1873245239	30.5647144318
150.811131353	1007.96459961	40.1873245239	30.5647144318
150.811131354	1007.96459961	40.1873245239	30.5647144318
150.811131354	1007.96411133	40.1873245239	30.5647144318
150.811131354	1007.96411133	40.1873245239	30.5647144318
150.811131354	1007.96411133	40.1873245239	30.5647144318
150.811131355	1007.96411133	40.1873245239	30.5647144318
150.811131355	1007.96411133	40.1873245239	30.5647144318
150.811131355	1007.96411133	40.1873245239	30.5647144318
150.811131355	1007.96411133	40.1873245239	30.5647144318
150.811131356	1007.96411133	40.1873245239	30.5647144318
150.811131356	1007.96411133	40.1873245239	30.5647144318
150.811131356	1007.96411133	40.1873245239	30.5647144318
150.811131356	1007.96411133	40.1873245239	30.5647144318
150.811131356	1007.96411133	40.1873245239	30.5647144318
150.811131357	1007.96411133	40.1873245239	30.5647144318
150.811131357	1007.96411133	40.1873245239	30.5647144318
150.811131357	1007.96411133	40.1873245239	30.5647144318
150.811131357	1007.96411133	40.1873245239	30.5647144318
150.811131358	1007.96411133	40.1873245239	30.5647144318
150.811131358	1007.96118164	40.1873245239	30.5647144318
150.811131358	1007.96118164	40.1873245239	30.5647144318
150.811131358	1007.96118164	40.1873245239	30.5647144318
150.811131359	1007.96118164	40.1873245239	30.5647144318
150.811131359	1007.96118164	40.1873245239	30.5647144318
150.811131359	1007.96118164	40.1873245239	30.5647144318
150.811131359	1007.96118164	40.1873245239	30.5647144318
150.811131359	1007.96118164	40.1873245239	30.5647144318
150.81113136	1007.96118164	40.1873245239	30.5647144318
150.81113136	1007.96118164	40.1873245239	30.5647144318
150.81113136	1007.96118164	40.1873245239	30.5275878906
150.81113136	1007.96118164	38.8875389099	30.5275878906
150.811131361	1007.96118164	38.8875389099	30.5275878906
150.811131361	1007.96118164	38.8875389099	30.5275878906
150.811131361	1007.96118164	38.8875389099	30.5275878906
150.811131361	1007.96118164	38.8875389099	30.5275878906
150.811131362	1007.95532227	38.8875389099	30.5275878906
150.811131362	1007.95532227	38.8875389099	30.5275878906
150.811131362	1007.95532227	38.8875389099	30.5275878906
150.811131362	1007.95532227	38.8875389099	30.5275878906
150.811131363	1007.95532227	38.8875389099	30.5275878906
150.811131363	1007.95532227	38.8875389099	30.5275878906
150.811131363	1007.95532227	38.8875389099	30.5275878906
150.811131363	1007.95532227	38.8875389099	30.5275878906
150.811131364	1007.95532227	38.8875389099	30.5275878906
150.811131364	1007.95532227	38.8875389099	30.5275878906
150.811131364	1007.95532227	38.8875389099	30.5275878906
150.811131364	1007.95532227	38.8875389099	30.5275878906
150.811131364	1007.95532227	38.8875389099	30.5275878906
150.811131365	1007.95532227	38.8875389099	30.5275878906
150.811131365	1007.95532227	38.8875389099	30.5275878906
150.811131365	1007.95532227	38.8875389099	30.5275878906
150.811131365	1007.95532227	38.8875389099	30.5275878906
150.811131366	1007.95410156	38.8875389099	30.5275878906
150.811131366	1007.95410156	38.8875389099	30.5275878906
150.811131366	1007.95410156	38.8875389099	30.5275878906
150.811131366	1007.95410156	38.8875389099	30.5275878906
150.811131367	1007.95410156	38.8875389099	30.5275878906
150.811131367	1007.95410156	38.8875389099	30.5275878906
150.811131367	1007.95410156	38.8875389099	30.5275878906
150.811131367	1007.95410156	38.8875389099	30.5275878906
150.811131368	1007.95410156	38.8875389099	30.5275878906
150.811131368	1007.95410156	38.8875389099	30.5275878906
150.811131368	1007.95410156	38.8875389099	30.5275878906
150.811131368	1007.95410156	38.8875389099	30.5647144318
150.811131368	1007.95410156	38.5161705017	30.5647144318
150.811131369	1007.95410156	38.5161705017	30.5647144318
150.811131369	1007.95410156	38.5161705017	30.5647144318
150.811131369	1007.95410156	38.5161705017	30.5647144318
150.811131369	1007.95239258	38.5161705017	30.5647144318
150.81113137	1007.95239258	38.5161705017	30.5647144318
150.81113137	1007.95239258	38.5161705017	30.5647144318
150.81113137	1007.95239258	38.5161705017	30.5647144318
150.811131371	1007.95239258	38.5161705017	30.5647144318
150.811131371	1007.95239258	38.5161705017	30.5647144318
150.811131371	1007.95239258	38.5161705017	30.5647144318
150.811131371	1007.95239258	38.5161705017	30.5647144318
150.811131371	1007.95239258	38.5161705017	30.5647144318
150.811131372	1007.95239258	38.5161705017	30.5647144318
150.811131372	1007.95239258	38.5161705017	30.5647144318
150.811131372	1007.95239258	38.5161705017	30.5647144318
150.811131372	1007.95239258	38.5161705017	30.5647144318
150.811131373	1007.95239258	38.5161705017	30.5647144318
150.811131373	1007.95239258	38.5161705017	30.5647144318
150.811131373	1007.95239258	38.5161705017	30.5647144318
150.811131373	1007.95239258	38.5161705017	30.5647144318
150.811131373	1007.95263672	38.5161705017	30.5647144318
150.811131374	1007.95263672	38.5161705017	30.5647144318
150.811131374	1007.95263672	38.5161705017	30.5647144318
150.811131374	1007.95263672	38.5161705017	30.5647144318
150.811131375	1007.95263672	38.5161705017	30.5647144318
150.811131375	1007.95263672	38.5161705017	30.5647144318
150.811131375	1007.95263672	38.5161705017	30.5647144318
150.811131375	1007.95263672	38.5161705017	30.5647144318
150.811131375	1007.95263672	38.5161705017	30.5647144318
150.811131376	1007.95263672	38.5161705017	30.5647144318
150.811131376	1007.95263672	38.5161705017	30.5647144318
150.811131376	1007.95263672	38.5161705017	30.5647144318
150.811131376	1007.95263672	38.5161705017	30.5275878906
150.811131377	1007.95263672	39.8415679932	30.5275878906
150.811131377	1007.95263672	39.8415679932	30.5275878906
150.811131377	1007.95263672	39.8415679932	30.5275878906
150.811131377	1007.95019531	39.8415679932	30.5275878906
150.811131378	1007.95019531	39.8415679932	30.5275878906
150.811131378	1007.95019531	39.8415679932	30.5275878906
150.811131378	1007.95019531	39.8415679932	30.5275878906
150.811131378	1007.95019531	39.8415679932	30.5275878906
150.811131379	1007.95019531	39.8415679932	30.5275878906
150.811131379	1007.95019531	39.8415679932	30.5275878906
150.811131379	1007.95019531	39.8415679932	30.5275878906
150.811131379	1007.95019531	39.8415679932	30.5275878906
150.81113138	1007.95019531	39.8415679932	30.5275878906
150.81113138	1007.95019531	39.8415679932	30.5275878906
150.81113138	1007.95019531	39.8415679932	30.5275878906
150.81113138	1007.95019531	39.8415679932	30.5275878906
150.81113138	1007.95019531	39.8415679932	30.5275878906
150.811131381	1007.95019531	39.8415679932	30.5275878906
150.811131381	1007.95019531	39.8415679932	30.5275878906
150.811131381	1007.95019531	39.8415679932	30.5275878906
150.811131381	1007.95483398	39.8415679932	30.5275878906
150.811131382	1007.95483398	39.8415679932	30.5275878906
150.811131382	1007.95483398	39.8415679932	30.5275878906
150.811131382	1007.95483398	39.8415679932	30.5275878906
150.811131382	1007.95483398	39.8415679932	30.5275878906
150.811131383	1007.95483398	39.8415679932	30.5275878906
150.811131383	1007.95483398	39.8415679932	30.5275878906
150.811131383	1007.95483398	39.8415679932	30.5275878906
150.811131383	1007.95483398	39.8415679932	30.5275878906
150.811131383	1007.95483398	39.8415679932	30.5275878906
150.811131384	1007.95483398	39.8415679932	30.5275878906
150.811131384	1007.95483398	39.8415679932	30.5275878906
150.811131384	1007.95483398	39.8415679932	30.5275878906
150.811131384	1007.95483398	39.8415679932	30.5090255737
150.811131385	1007.95483398	40.6419296265	30.5090255737
150.811131385	1007.95483398	40.6419296265	30.5090255737
150.811131385	1007.95654297	40.6419296265	30.5090255737
150.811131386	1007.95654297	40.6419296265	30.5090255737
150.811131386	1007.95654297	40.6419296265	30.5090255737
150.811131386	1007.95654297	40.6419296265	30.5090255737
150.811131386	1007.95654297	40.6419296265	30.5090255737
150.811131386	1007.95654297	40.6419296265	30.5090255737
150.811131387	1007.95654297	40.6419296265	30.5090255737
150.811131387	1007.95654297	40.6419296265	30.5090255737
150.811131387	1007.95654297	40.6419296265	30.5090255737
150.811131387	1007.95654297	40.6419296265	30.5090255737
150.811131388	1007.95654297	40.6419296265	30.5090255737
150.811131388	1007.95654297	40.6419296265	30.5090255737
150.811131388	1007.95654297	40.6419296265	30.5090255737
150.811131388	1007.95654297	40.6419296265	30.5090255737
150.811131388	1007.95654297	40.6419296265	30.5090255737
150.811131389	1007.95654297	40.6419296265	30.5090255737
150.811131389	1007.95654297	40.6419296265	30.5090255737
150.811131389	1007.95239258	40.6419296265	30.5090255737
150.81113139	1007.95239258	40.6419296265	30.5090255737
150.81113139	1007.95239258	40.6419296265	30.5090255737
150.81113139	1007.95239258	40.6419296265	30.5090255737
150.81113139	1007.95239258	40.6419296265	30.5090255737
150.81113139	1007.95239258	40.6419296265	30.5090255737
150.811131391	1007.95239258	40.6419296265	30.5090255737
150.811131391	1007.95239258	40.6419296265	30.5090255737
150.811131391	1007.95239258	40.6419296265	30.5090255737
150.811131391	1007.95239258	40.6419296265	30.5090255737
150.811131392	1007.95239258	40.6419296265	30.5090255737
150.811131392	1007.95239258	40.6419296265	30.5090255737
150.811131392	1007.95239258	40.6419296265	30.5090255737
150.811131392	1007.95239258	40.6419296265	30.5090255737
150.811131392	1007.95239258	40.6419296265	30.5461521149
150.811131393	1007.95239258	40.6419296265	30.5461521149
150.811131393	1007.94897461	40.043258667	30.5461521149
150.811131393	1007.94897461	40.043258667	30.5461521149
150.811131394	1007.94897461	40.043258667	30.5461521149
150.811131394	1007.94897461	40.043258667	30.5461521149
150.811131394	1007.94897461	40.043258667	30.5461521149
150.811131394	1007.94897461	40.043258667	30.5461521149
150.811131395	1007.94897461	40.043258667	30.5461521149
150.811131395	1007.94897461	40.043258667	30.5461521149
150.811131395	1007.94897461	40.043258667	30.5461521149
150.811131395	1007.94897461	40.043258667	30.5461521149
150.811131395	1007.94897461	40.043258667	30.5461521149
150.811131396	1007.94897461	40.043258667	30.5461521149
150.811131396	1007.94897461	40.043258667	30.5461521149
150.811131396	1007.94897461	40.043258667	30.5461521149
150.811131396	1007.94897461	40.043258667	30.5461521149
150.811131397	1007.94897461	40.043258667	30.5461521149
150.811131397	1007.94897461	40.043258667	30.5461521149
150.811131397	1007.94628906	40.043258667	30.5461521149
150.811131397	1007.94628906	40.043258667	30.5461521149
150.811131398	1007.94628906	40.043258667	30.5461521149
150.811131398	1007.94628906	40.043258667	30.5461521149
150.811131398	1007.94628906	40.043258667	30.5461521149
150.811131398	1007.94628906	40.043258667	30.5461521149
150.811131399	1007.94628906	40.043258667	30.5461521149
150.811131399	1007.94628906	40.043258667	30.5461521149
150.811131399	1007.94628906	40.043258667	30.5461521149
150.811131399	1007.94628906	40.043258667	30.5461521149
150.811131399	1007.94628906	40.043258667	30.5461521149
150.8111314	1007.94628906	40.043258667	30.5461521149
150.8111314	1007.94628906	40.043258667	30.5461521149
150.8111314	1007.94628906	40.043258667	30.5461521149
150.8111314	1007.94628906	40.043258667	30.5461521149
150.811131401	1007.94628906	40.043258667	30.5090255737
150.811131401	1007.94287109	42.4795608521	30.5090255737
150.811131401	1007.94287109	42.4795608521	30.5090255737
150.811131402	1007.94287109	42.4795608521	30.5090255737
150.811131402	1007.94287109	42.4795608521	30.5090255737
150.811131402	1007.94287109	42.4795608521	30.5090255737
150.811131402	1007.94287109	42.4795608521	30.5090255737
150.811131402	1007.94287109	42.4795608521	30.5090255737
150.811131403	1007.94287109	42.4795608521	30.5090255737
150.811131403	1007.94287109	42.4795608521	30.5090255737
150.811131403	1007.94287109	42.4795608521	30.5090255737
150.811131403	1007.94287109	42.4795608521	30.5090255737
150.811131404	1007.94287109	42.4795608521	30.5090255737
150.811131404	1007.94287109	42.4795608521	30.5090255737
150.811131404	1007.94287109	42.4795608521	30.5090255737
150.811131404	1007.94287109	42.4795608521	30.5090255737
150.811131404	1007.94287109	42.4795608521	30.5090255737
150.811131405	1007.94287109	42.4795608521	30.5090255737
150.811131405	1007.93457031	42.4795608521	30.5090255737
150.811131405	1007.93457031	42.4795608521	30.5090255737
150.811131405	1007.93457031	42.4795608521	30.5090255737
150.811131406	1007.93457031	42.4795608521	30.5090255737
150.811131406	1007.93457031	42.4795608521	30.5090255737
150.811131406	1007.93457031	42.4795608521	30.5090255737
150.811131406	1007.93457031	42.4795608521	30.5090255737
150.811131407	1007.93457031	42.4795608521	30.5090255737
150.811131407	1007.93457031	42.4795608521	30.5090255737
150.811131407	1007.93457031	42.4795608521	30.5090255737
150.811131407	1007.93457031	42.4795608521	30.5090255737
150.811131407	1007.93457031	42.4795608521	30.5090255737
150.811131408	1007.93457031	42.4795608521	30.5090255737
150.811131408	1007.93457031	42.4795608521	30.5090255737
150.811131408	1007.93457031	42.4795608521	30.5090255737
150.811131408	1007.93457031	42.4795608521	30.5090255737
150.811131409	1007.93457031	42.4795608521	30.5090255737
150.811131409	1007.93481445	39.8799858093	30.5090255737
150.811131409	1007.93481445	39.8799858093	30.5090255737
150.81113141	1007.93481445	39.8799858093	30.5090255737
150.81113141	1007.93481445	39.8799858093	30.5090255737
150.81113141	1007.93481445	39.8799858093	30.5090255737
150.81113141	1007.93481445	39.8799858093	30.5090255737
150.81113141	1007.93481445	39.8799858093	30.5090255737
150.811131411	1007.93481445	39.8799858093	30.5090255737
150.811131411	1007.93481445	39.8799858093	30.5090255737
150.811131411	1007.93481445	39.8799858093	30.5090255737
150.811131411	1007.93481445	39.8799858093	30.5090255737
150.811131412	1007.93481445	39.8799858093	30.5090255737
150.811131412	1007.93481445	39.8799858093	30.5090255737
150.811132094	1009.36474609	40.0125808716	30.2028999329
150.811132095	1009.36474609	40.0125808716	30.2028999329
150.811132095	1009.36474609	40.0125808716	30.2028999329
150.811132097	1009.36474609	40.0125808716	30.2028999329
150.811132097	1009.36474609	40.0125808716	30.2028999329
150.811132097	1009.36474609	40.0125808716	30.2028999329
150.811132097	1009.36474609	40.0125808716	30.2028999329
150.811132098	1009.36474609	40.2449645996	30.2028999329
150.811132098	1009.36474609	40.2449645996	30.2028999329
150.811132098	1009.36474609	40.2449645996	30.2028999329
150.811132098	1009.36474609	40.2449645996	30.2028999329
150.811132098	1009.35986328	40.2449645996	30.2028999329
150.811132098	1009.35986328	40.2449645996	30.2028999329
150.811132099	1009.35986328	40.2449645996	30.2028999329
150.811132099	1009.35986328	40.2449645996	30.2028999329
150.811132099	1009.35986328	40.2449645996	30.2028999329
150.811132099	1009.35986328	40.2449645996	30.2028999329
150.811132099	1009.35986328	40.2449645996	30.2028999329
150.811132099	1009.35986328	40.2449645996	30.2028999329
150.811132099	1009.35986328	40.2449645996	30.2028999329
150.811132099	1009.35986328	40.2449645996	30.2028999329
150.8111321	1009.35986328	40.2449645996	30.2028999329
150.8111321	1009.35986328	40.2449645996	30.2028999329
150.8111321	1009.35986328	40.2449645996	30.2028999329
150.8111321	1009.35986328	40.2449645996	30.2028999329
150.8111321	1009.35986328	40.2449645996	30.2028999329
150.8111321	1009.35986328	40.2449645996	30.2028999329
150.8111321	1009.35986328	40.2449645996	30.2028999329
150.811132101	1009.35986328	40.2449645996	30.2028999329
150.811132101	1009.35986328	40.2449645996	30.2028999329
150.811132101	1009.35986328	40.2449645996	30.2028999329
150.811132101	1009.35986328	40.2449645996	30.2028999329
150.811132101	1009.35986328	40.2449645996	30.2028999329
150.811132101	1009.35986328	40.2449645996	30.2028999329
150.811132101	1009.35986328	40.2449645996	30.2028999329
150.811132102	1009.35986328	40.2449645996	30.2028999329
150.811132102	1009.35986328	40.2449645996	30.2028999329
150.811132102	1009.35986328	40.2449645996	30.2028999329
150.811132102	1009.35986328	40.2449645996	30.2028999329
150.811132102	1009.35913086	40.2449645996	30.2028999329
150.811132102	1009.35913086	40.2449645996	30.2028999329
150.811132102	1009.35913086	40.2449645996	30.2028999329
150.811132103	1009.35913086	40.2449645996	30.2028999329
150.811132103	1009.35913086	40.2449645996	30.2028999329
150.811132103	1009.35913086	40.2449645996	30.2028999329
150.811132103	1009.35913086	40.2449645996	30.2028999329
150.811132103	1009.35913086	40.2449645996	30.2028999329
150.811132103	1009.35913086	40.2449645996	30.2028999329
150.811132103	1009.35913086	40.2449645996	30.2028999329
150.811132104	1009.35913086	40.2449645996	30.2028999329
150.811132104	1009.35913086	40.2449645996	30.2028999329
150.811132104	1009.35913086	40.2449645996	30.2028999329
150.811132104	1009.35913086	40.2449645996	30.2028999329
150.811132104	1009.35913086	40.2449645996	30.2028999329
150.811132104	1009.35913086	40.2449645996	30.2028999329
150.811132104	1009.35913086	40.2449645996	30.2028999329
150.811132104	1009.35913086	40.2449645996	30.2028999329
150.811132105	1009.35913086	40.2449645996	30.2028999329
150.811132105	1009.35913086	40.2449645996	30.2028999329
150.811132105	1009.35913086	40.2449645996	30.2028999329
150.811132105	1009.35913086	40.2449645996	30.2028999329
150.811132105	1009.35913086	40.2449645996	30.1304359436
150.811132105	1009.35913086	40.8340988159	30.1304359436
150.811132106	1009.35913086	40.8340988159	30.1304359436
150.811132106	1009.35913086	40.8340988159	30.1304359436
150.811132106	1009.35913086	40.8340988159	30.1304359436
150.811132106	1009.35913086	40.8340988159	30.1304359436
150.811132106	1009.35766602	40.8340988159	30.1304359436
150.811132106	1009.35766602	40.8340988159	30.1304359436
150.811132106	1009.35766602	40.8340988159	30.1304359436
150.811132107	1009.35766602	40.8340988159	30.1304359436
150.811132107	1009.35766602	40.8340988159	30.1304359436
150.811132107	1009.35766602	40.8340988159	30.1304359436
150.811132107	1009.35766602	40.8340988159	30.1304359436
150.811132107	1009.35766602	40.8340988159	30.1304359436
150.811132107	1009.35766602	40.8340988159	30.1304359436
150.811132107	1009.35766602	40.8340988159	30.1304359436
150.811132108	1009.35766602	40.8340988159	30.1304359436
150.811132108	1009.35766602	40.8340988159	30.1304359436
150.811132108	1009.35766602	40.8340988159	30.1304359436
150.811132108	1009.35766602	40.8340988159	30.1304359436
150.811132108	1009.35766602	40.8340988159	30.1304359436
150.811132108	1009.35766602	40.8340988159	30.1304359436
150.811132108	1009.35766602	40.8340988159	30.1304359436
150.811132109	1009.35766602	40.8340988159	30.1304359436
150.811132109	1009.35766602	40.8340988159	30.1304359436
150.811132109	1009.35766602	40.8340988159	30.1304359436
150.811132109	1009.35766602	40.8340988159	30.1304359436
150.811132109	1009.35766602	40.8340988159	30.1304359436
150.811132109	1009.35766602	40.8340988159	30.1304359436
150.811132109	1009.35766602	40.8340988159	30.1304359436
150.811132109	1009.35766602	40.8340988159	30.1304359436
150.81113211	1009.35766602	40.8340988159	30.1304359436
150.81113211	1009.35766602	40.8340988159	30.1304359436
150.81113211	1009.35766602	40.8340988159	30.1304359436
150.81113211	1009.35766602	40.8340988159	30.1304359436
150.81113211	1009.35498047	40.8340988159	30.1304359436
150.81113211	1009.35498047	40.8340988159	30.1304359436
150.811132111	1009.35498047	40.8340988159	30.1304359436
150.811132111	1009.35498047	40.8340988159	30.1304359436
150.811132111	1009.35498047	40.8340988159	30.1304359436
150.811132111	1009.35498047	40.8340988159	30.1304359436
150.811132111	1009.35498047	40.8340988159	30.1304359436
150.811132111	1009.35498047	40.8340988159	30.1304359436
150.811132111	1009.35498047	40.8340988159	30.1304359436
150.811132112	1009.35498047	40.8340988159	30.1304359436
150.811132112	1009.35498047	40.8340988159	30.1304359436
150.811132112	1009.35498047	40.8340988159	30.1304359436
150.811132112	1009.35498047	40.8340988159	30.1304359436
150.811132112	1009.35498047	40.8340988159	30.1304359436
150.811132112	1009.35498047	40.8340988159	30.1304359436
150.811132112	1009.35498047	40.8340988159	30.1304359436
150.811132112	1009.35498047	40.8340988159	30.1304359436
150.811132113	1009.35498047	40.8340988159	30.1304359436
150.811132113	1009.35498047	40.8340988159	30.1304359436
150.811132113	1009.35498047	40.8340988159	30.1304359436
150.811132113	1009.35498047	40.8340988159	30.0760879517
150.811132113	1009.35498047	40.8340988159	30.0760879517
150.811132113	1009.35498047	40.339881897	30.0760879517
150.811132114	1009.35498047	40.339881897	30.0760879517
150.811132114	1009.35498047	40.339881897	30.0760879517
150.811132114	1009.35498047	40.339881897	30.0760879517
150.811132114	1009.35498047	40.339881897	30.0760879517
150.811132114	1009.35498047	40.339881897	30.0760879517
150.811132114	1009.35571289	40.339881897	30.0760879517
150.811132114	1009.35571289	40.339881897	30.0760879517
150.811132115	1009.35571289	40.339881897	30.0760879517
150.811132115	1009.35571289	40.339881897	30.0760879517
150.811132115	1009.35571289	40.339881897	30.0760879517
150.811132115	1009.35571289	40.339881897	30.0760879517
150.811132115	1009.35571289	40.339881897	30.0760879517
150.811132115	1009.35571289	40.339881897	30.0760879517
150.811132115	1009.35571289	40.339881897	30.0760879517
150.811132116	1009.35571289	40.339881897	30.0760879517
150.811132116	1009.35571289	40.339881897	30.0760879517
150.811132116	1009.35571289	40.339881897	30.0760879517
150.811132116	1009.35571289	40.339881897	30.0760879517
150.811132116	1009.35571289	40.339881897	30.0760879517
150.811132116	1009.35571289	40.339881897	30.0760879517
150.811132116	1009.35571289	40.339881897	30.0760879517
150.811132117	1009.35571289	40.339881897	30.0760879517
150.811132117	1009.35571289	40.339881897	30.0760879517
150.811132117	1009.35571289	40.339881897	30.0760879517
150.811132117	1009.35571289	40.339881897	30.0760879517
150.811132117	1009.35571289	40.339881897	30.0760879517
150.811132117	1009.35571289	40.339881897	30.0760879517
150.811132117	1009.35571289	40.339881897	30.0760879517
150.811132117	1009.35571289	40.339881897	30.0760879517
150.811132118	1009.35571289	40.339881897	30.0760879517
150.811132118	1009.35571289	40.339881897	30.0760879517
150.811132118	1009.35571289	40.339881897	30.0760879517
150.811132118	1009.35571289	40.339881897	30.0760879517
150.811132118	1009.35571289	40.339881897	30.0760879517
150.811132118	1009.359375	40.339881897	30.0760879517
150.811132119	1009.359375	40.339881897	30.0760879517
150.811132119	1009.359375	40.339881897	30.0760879517
150.811132119	1009.359375	40.339881897	30.0760879517
150.811132119	1009.359375	40.339881897	30.0760879517
150.811132119	1009.359375	40.339881897	30.0760879517
150.811132119	1009.359375	40.339881897	30.0760879517
150.811132119	1009.359375	40.339881897	30.0760879517
150.811132119	1009.359375	40.339881897	30.0760879517
150.81113212	1009.359375	40.339881897	30.0760879517
150.81113212	1009.359375	40.339881897	30.0760879517
150.81113212	1009.359375	40.339881897	30.0760879517
150.81113212	1009.359375	40.339881897	30.0760879517
150.81113212	1009.359375	40.339881897	30.0760879517
150.81113212	1009.359375	40.339881897	30.0760879517
150.81113212	1009.359375	40.339881897	30.0760879517
150.811132121	1009.359375	40.339881897	30.0760879517
150.811132121	1009.359375	40.339881897	30.0760879517
150.811132121	1009.359375	40.339881897	30.0760879517
150.811132121	1009.359375	40.339881897	30.2028999329
150.811132121	1009.359375	40.339881897	30.2028999329
150.811132121	1009.359375	40.6049919128	30.2028999329
150.811132121	1009.359375	40.6049919128	30.2028999329
150.811132122	1009.359375	40.6049919128	30.2028999329
150.811132122	1009.359375	40.6049919128	30.2028999329
150.811132122	1009.359375	40.6049919128	30.2028999329
150.811132122	1009.359375	40.6049919128	30.2028999329
150.811132122	1009.359375	40.6049919128	30.2028999329
150.811132122	1009.36425781	40.6049919128	30.2028999329
150.811132123	1009.36425781	40.6049919128	30.2028999329
150.811132123	1009.36425781	40.6049919128	30.2028999329
150.811132123	1009.36425781	40.6049919128	30.2028999329
150.811132123	1009.36425781	40.6049919128	30.2028999329
150.811132123	1009.36425781	40.6049919128	30.2028999329
150.811132123	1009.36425781	40.6049919128	30.2028999329
150.811132123	1009.36425781	40.6049919128	30.2028999329
150.811132124	1009.36425781	40.6049919128	30.2028999329
150.811132124	1009.36425781	40.6049919128	30.2028999329
150.811132124	1009.36425781	40.6049919128	30.2028999329
150.811132124	1009.36425781	40.6049919128	30.2028999329
150.811132124	1009.36425781	40.6049919128	30.2028999329
150.811132124	1009.36425781	40.6049919128	30.2028999329
150.811132124	1009.36425781	40.6049919128	30.2028999329
150.811132124	1009.36425781	40.6049919128	30.2028999329
150.811132125	1009.36425781	40.6049919128	30.2028999329
150.811132125	1009.36425781	40.6049919128	30.2028999329
150.811132125	1009.36425781	40.6049919128	30.2028999329
150.811132125	1009.36425781	40.6049919128	30.2028999329
150.811132125	1009.36425781	40.6049919128	30.2028999329
150.811132125	1009.36425781	40.6049919128	30.2028999329
150.811132125	1009.36425781	40.6049919128	30.2028999329
150.811132126	1009.36425781	40.6049919128	30.2028999329
150.811132126	1009.36425781	40.6049919128	30.2028999329
150.811132126	1009.36425781	40.6049919128	30.2028999329
150.811132126	1009.36425781	40.6049919128	30.2028999329
150.811132126	1009.36425781	40.6049919128	30.2028999329
150.811132126	1009.36425781	40.6049919128	30.2028999329
150.811132126	1009.36987305	40.6049919128	30.2028999329
150.811132127	1009.36987305	40.6049919128	30.2028999329
150.811132127	1009.36987305	40.6049919128	30.2028999329
150.811132127	1009.36987305	40.6049919128	30.2028999329
150.811132127	1009.36987305	40.6049919128	30.2028999329
150.811132127	1009.36987305	40.6049919128	30.2028999329
150.811132127	1009.36987305	40.6049919128	30.2028999329
150.811132127	1009.36987305	40.6049919128	30.2028999329
150.811132128	1009.36987305	40.6049919128	30.2028999329
150.811132128	1009.36987305	40.6049919128	30.2028999329
150.811132128	1009.36987305	40.6049919128	30.2028999329
150.811132128	1009.36987305	40.6049919128	30.2028999329
150.811132128	1009.36987305	40.6049919128	30.2028999329
150.811132128	1009.36987305	40.6049919128	30.2028999329
150.811132128	1009.36987305	40.6049919128	30.2028999329
150.811132129	1009.36987305	40.6049919128	30.2028999329
150.811132129	1009.36987305	40.6049919128	30.2028999329
150.811132129	1009.36987305	40.6049919128	30.1485519409
150.811132129	1009.36987305	40.6049919128	30.1485519409
150.811132129	1009.36987305	41.4003219604	30.1485519409
150.811132129	1009.36987305	41.4003219604	30.1485519409
150.811132129	1009.36987305	41.4003219604	30.1485519409
150.81113213	1009.36987305	41.4003219604	30.1485519409
150.81113213	1009.36987305	41.4003219604	30.1485519409
150.81113213	1009.36987305	41.4003219604	30.1485519409
150.81113213	1009.36987305	41.4003219604	30.1485519409
150.81113213	1009.36987305	41.4003219604	30.1485519409
150.81113213	1009.36987305	41.4003219604	30.1485519409
150.81113213	1009.36499023	41.4003219604	30.1485519409
150.811132131	1009.36499023	41.4003219604	30.1485519409
150.811132131	1009.36499023	41.4003219604	30.1485519409
150.811132131	1009.36499023	41.4003219604	30.1485519409
150.811132131	1009.36499023	41.4003219604	30.1485519409
150.811132131	1009.36499023	41.4003219604	30.1485519409
150.811132131	1009.36499023	41.4003219604	30.1485519409
150.811132131	1009.36499023	41.4003219604	30.1485519409
150.811132132	1009.36499023	41.4003219604	30.1485519409
150.811132132	1009.36499023	41.4003219604	30.1485519409
150.811132132	1009.36499023	41.4003219604	30.1485519409
150.811132132	1009.36499023	41.4003219604	30.1485519409
150.811132132	1009.36499023	41.4003219604	30.1485519409
150.811132132	1009.36499023	41.4003219604	30.1485519409
150.811132132	1009.36499023	41.4003219604	30.1485519409
150.811132133	1009.36499023	41.4003219604	30.1485519409
150.811132133	1009.36499023	41.4003219604	30.1485519409
150.811132133	1009.36499023	41.4003219604	30.1485519409
150.811132133	1009.36499023	41.4003219604	30.1485519409
150.811132133	1009.36499023	41.4003219604	30.1485519409
150.811132133	1009.36499023	41.4003219604	30.1485519409
150.811132133	1009.36499023	41.4003219604	30.1485519409
150.811132134	1009.36499023	41.4003219604	30.1485519409
150.811132134	1009.36499023	41.4003219604	30.1485519409
150.811132134	1009.36499023	41.4003219604	30.1485519409
150.811132134	1009.36499023	41.4003219604	30.1485519409
150.811132134	1009.36499023	41.4003219604	30.1485519409
150.811132134	1009.36499023	41.4003219604	30.1485519409
150.811132134	1009.36499023	41.4003219604	30.1485519409
150.811132134	1009.36523438	41.4003219604	30.1485519409
150.811132135	1009.36523438	41.4003219604	30.1485519409
150.811132135	1009.36523438	41.4003219604	30.1485519409
150.811132135	1009.36523438	41.4003219604	30.1485519409
150.811132135	1009.36523438	41.4003219604	30.1485519409
150.811132135	1009.36523438	41.4003219604	30.1485519409
150.811132135	1009.36523438	41.4003219604	30.1485519409
150.811132136	1009.36523438	41.4003219604	30.1485519409
150.811132136	1009.36523438	41.4003219604	30.1485519409
150.811132136	1009.36523438	41.4003219604	30.1485519409
150.811132136	1009.36523438	41.4003219604	30.1485519409
150.811132136	1009.36523438	41.4003219604	30.1485519409
150.811132136	1009.36523438	41.4003219604	30.1485519409
150.811132136	1009.36523438	41.4003219604	30.1485519409
150.811132137	1009.36523438	41.4003219604	30.1485519409
150.811132137	1009.36523438	41.4003219604	30.1485519409
150.811132137	1009.36523438	41.4003219604	30.1666679382
150.811132137	1009.36523438	41.4003219604	30.1666679382
150.811132137	1009.36523438	41.3741378784	30.1666679382
150.811132137	1009.36523438	41.3741378784	30.1666679382
150.811132137	1009.36523438	41.3741378784	30.1666679382
150.811132138	1009.36523438	41.3741378784	30.1666679382
150.811132138	1009.36523438	41.3741378784	30.1666679382
150.811132138	1009.36523438	41.3741378784	30.1666679382
150.811132138	1009.36523438	41.3741378784	30.1666679382
150.811132138	1009.36523438	41.3741378784	30.1666679382
150.811132138	1009.36523438	41.3741378784	30.1666679382
150.811132138	1009.36523438	41.3741378784	30.1666679382
150.811132139	1009.37011719	41.3741378784	30.1666679382
150.811132139	1009.37011719	41.3741378784	30.1666679382
150.811132139	1009.37011719	41.3741378784	30.1666679382
150.811132139	1009.37011719	41.3741378784	30.1666679382
150.811132139	1009.37011719	41.3741378784	30.1666679382
150.811132139	1009.37011719	41.3741378784	30.1666679382
150.811132139	1009.37011719	41.3741378784	30.1666679382
150.81113214	1009.37011719	41.3741378784	30.1666679382
150.81113214	1009.37011719	41.3741378784	30.1666679382
150.81113214	1009.37011719	41.3741378784	30.1666679382
150.81113214	1009.37011719	41.3741378784	30.1666679382
150.81113214	1009.37011719	41.3741378784	30.1666679382
150.81113214	1009.37011719	41.3741378784	30.1666679382
150.81113214	1009.37011719	41.3741378784	30.1666679382
150.811132141	1009.37011719	41.3741378784	30.1666679382
150.811132141	1009.37011719	41.3741378784	30.1666679382
150.811132141	1009.37011719	41.3741378784	30.1666679382
150.811132141	1009.37011719	41.3741378784	30.1666679382
150.811132141	1009.37011719	41.3741378784	30.1666679382
150.811132141	1009.37011719	41.3741378784	30.1666679382
150.811132141	1009.37011719	41.3741378784	30.1666679382
150.811132141	1009.37011719	41.3741378784	30.1666679382
150.811132142	1009.37011719	41.3741378784	30.1666679382
150.811132142	1009.37011719	41.3741378784	30.1666679382
150.811132142	1009.37011719	41.3741378784	30.1666679382
150.811132142	1009.37011719	41.3741378784	30.1666679382
150.811132142	1009.37011719	41.3741378784	30.1666679382
150.811132142	1009.37011719	41.3741378784	30.1666679382
150.811132142	1009.37011719	41.3741378784	30.1666679382
150.811132143	1009.36694336	41.3741378784	30.1666679382
150.811132143	1009.36694336	41.3741378784	30.1666679382
150.811132143	1009.36694336	41.3741378784	30.1666679382
150.811132143	1009.36694336	41.3741378784	30.1666679382
150.811132143	1009.36694336	41.3741378784	30.1666679382
150.811132143	1009.36694336	41.3741378784	30.1666679382
150.811132144	1009.36694336	41.3741378784	30.1666679382
150.811132144	1009.36694336	41.3741378784	30.1666679382
150.811132144	1009.36694336	41.3741378784	30.1666679382
150.811132144	1009.36694336	41.3741378784	30.1666679382
150.811132144	1009.36694336	41.3741378784	30.1666679382
150.811132144	1009.36694336	41.3741378784	30.1666679382
150.811132144	1009.36694336	41.3741378784	30.1666679382
150.811132144	1009.36694336	41.3741378784	30.1666679382
150.811132145	1009.36694336	41.3741378784	30.1666679382
150.811132145	1009.36694336	41.3741378784	30.2210159302
150.811132145	1009.36694336	41.3741378784	30.2210159302
150.811132145	1009.36694336	40.2678756714	30.2210159302
150.811132145	1009.36694336	40.2678756714	30.2210159302
150.811132145	1009.36694336	40.2678756714	30.2210159302
150.811132146	1009.36694336	40.2678756714	30.2210159302
150.811132146	1009.36694336	40.2678756714	30.2210159302
150.811132146	1009.36694336	40.2678756714	30.2210159302
150.811132146	1009.36694336	40.2678756714	30.2210159302
150.811132146	1009.36694336	40.2678756714	30.2210159302
150.811132146	1009.36694336	40.2678756714	30.2210159302
150.811132146	1009.36694336	40.2678756714	30.2210159302
150.811132146	1009.36694336	40.2678756714	30.2210159302
150.811132147	1009.37084961	40.2678756714	30.2210159302
150.811132147	1009.37084961	40.2678756714	30.2210159302
150.811132147	1009.37084961	40.2678756714	30.2210159302
150.811132147	1009.37084961	40.2678756714	30.2210159302
150.811132147	1009.37084961	40.2678756714	30.2210159302
150.811132147	1009.37084961	40.2678756714	30.2210159302
150.811132148	1009.37084961	40.2678756714	30.2210159302
150.811132148	1009.37084961	40.2678756714	30.2210159302
150.811132148	1009.37084961	40.2678756714	30.2210159302
150.811132148	1009.37084961	40.2678756714	30.2210159302
150.811132148	1009.37084961	40.2678756714	30.2210159302
150.811132148	1009.37084961	40.2678756714	30.2210159302
150.811132148	1009.37084961	40.2678756714	30.2210159302
150.811132149	1009.37084961	40.2678756714	30.2210159302
150.811132149	1009.37084961	40.2678756714	30.2210159302
150.811132149	1009.37084961	40.2678756714	30.2210159302
150.811132149	1009.37084961	40.2678756714	30.2210159302
150.811132149	1009.37084961	40.2678756714	30.2210159302
150.811132149	1009.37084961	40.2678756714	30.2210159302
150.811132149	1009.37084961	40.2678756714	30.2210159302
150.811132149	1009.37084961	40.2678756714	30.2210159302
150.81113215	1009.37084961	40.2678756714	30.2210159302
150.81113215	1009.37084961	40.2678756714	30.2210159302
150.81113215	1009.37084961	40.2678756714	30.2210159302
150.81113215	1009.37084961	40.2678756714	30.2210159302
150.81113215	1009.37084961	40.2678756714	30.2210159302
150.81113215	1009.37084961	40.2678756714	30.2210159302
150.81113215	1009.37084961	40.2678756714	30.2210159302
150.811132151	1009.37084961	40.2678756714	30.2210159302
150.811132151	1009.36791992	40.2678756714	30.2210159302
150.811132151	1009.36791992	40.2678756714	30.2210159302
150.811132151	1009.36791992	40.2678756714	30.2210159302
150.811132151	1009.36791992	40.2678756714	30.2210159302
150.811132151	1009.36791992	40.2678756714	30.2210159302
150.811132151	1009.36791992	40.2678756714	30.2210159302
150.811132152	1009.36791992	40.2678756714	30.2210159302
150.811132152	1009.36791992	40.2678756714	30.2210159302
150.811132152	1009.36791992	40.2678756714	30.2210159302
150.811132152	1009.36791992	40.2678756714	30.2210159302
150.811132152	1009.36791992	40.2678756714	30.2210159302
150.811132152	1009.36791992	40.2678756714	30.2210159302
150.811132152	1009.36791992	40.2678756714	30.2210159302
150.811132153	1009.36791992	40.2678756714	30.1123199463
150.811132153	1009.36791992	40.2678756714	30.1123199463
150.811132153	1009.36791992	41.8683586121	30.1123199463
150.811132153	1009.36791992	41.8683586121	30.1123199463
150.811132153	1009.36791992	41.8683586121	30.1123199463
150.811132153	1009.36791992	41.8683586121	30.1123199463
150.811132153	1009.36791992	41.8683586121	30.1123199463
150.811132154	1009.36791992	41.8683586121	30.1123199463
150.811132154	1009.36791992	41.8683586121	30.1123199463
150.811132154	1009.36791992	41.8683586121	30.1123199463
150.811132154	1009.36791992	41.8683586121	30.1123199463
150.811132154	1009.36791992	41.8683586121	30.1123199463
150.811132154	1009.36791992	41.8683586121	30.1123199463
150.811132154	1009.36791992	41.8683586121	30.1123199463
150.811132155	1009.36791992	41.8683586121	30.1123199463
150.811132155	1009.36865234	41.8683586121	30.1123199463
150.811132155	1009.36865234	41.8683586121	30.1123199463
150.811132155	1009.36865234	41.8683586121	30.1123199463
150.811132155	1009.36865234	41.8683586121	30.1123199463
150.811132155	1009.36865234	41.8683586121	30.1123199463
150.811132156	1009.36865234	41.8683586121	30.1123199463
150.811132156	1009.36865234	41.8683586121	30.1123199463
150.811132156	1009.36865234	41.8683586121	30.1123199463
150.811132156	1009.36865234	41.8683586121	30.1123199463
150.811132156	1009.36865234	41.8683586121	30.1123199463
150.811132156	1009.36865234	41.8683586121	30.1123199463
150.811132156	1009.36865234	41.8683586121	30.1123199463
150.811132156	1009.36865234	41.8683586121	30.1123199463
150.811132157	1009.36865234	41.8683586121	30.1123199463
150.811132157	1009.36865234	41.8683586121	30.1123199463
150.811132157	1009.36865234	41.8683586121	30.1123199463
150.811132157	1009.36865234	41.8683586121	30.1123199463
150.811132157	1009.36865234	41.8683586121	30.1123199463
150.811132157	1009.36865234	41.8683586121	30.1123199463
150.811132157	1009.36865234	41.8683586121	30.1123199463
150.811132158	1009.36865234	41.8683586121	30.1123199463
150.811132158	1009.36865234	41.8683586121	30.1123199463
150.811132158	1009.36865234	41.8683586121	30.1123199463
150.811132158	1009.36865234	41.8683586121	30.1123199463
150.811132158	1009.36865234	41.8683586121	30.1123199463
150.811132158	1009.36865234	41.8683586121	30.1123199463
150.811132158	1009.36865234	41.8683586121	30.1123199463
150.811132159	1009.36865234	41.8683586121	30.1123199463
150.811132159	1009.36865234	41.8683586121	30.1123199463
150.811132159	1009.36230469	41.8683586121	30.1123199463
150.811132159	1009.36230469	41.8683586121	30.1123199463
150.811132159	1009.36230469	41.8683586121	30.1123199463
150.811132159	1009.36230469	41.8683586121	30.1123199463
150.811132159	1009.36230469	41.8683586121	30.1123199463
150.81113216	1009.36230469	41.8683586121	30.1123199463
150.81113216	1009.36230469	41.8683586121	30.1123199463
150.81113216	1009.36230469	41.8683586121	30.1123199463
150.81113216	1009.36230469	41.8683586121	30.1123199463
150.81113216	1009.36230469	41.8683586121	30.1123199463
150.81113216	1009.36230469	41.8683586121	30.1123199463
150.81113216	1009.36230469	41.8683586121	30.1123199463
150.811132161	1009.36230469	41.8683586121	30.2210159302
150.811132161	1009.36230469	41.8683586121	30.2210159302
150.811132161	1009.36230469	42.2938461304	30.2210159302
150.811132161	1009.36230469	42.2938461304	30.2210159302
150.811132161	1009.36230469	42.2938461304	30.2210159302
150.811132161	1009.36230469	42.2938461304	30.2210159302
150.811132161	1009.36230469	42.2938461304	30.2210159302
150.811132162	1009.36230469	42.2938461304	30.2210159302
150.811132162	1009.36230469	42.2938461304	30.2210159302
150.811132162	1009.36230469	42.2938461304	30.2210159302
150.811132162	1009.36230469	42.2938461304	30.2210159302
150.811132162	1009.36230469	42.2938461304	30.2210159302
150.811132162	1009.36230469	42.2938461304	30.2210159302
150.811132162	1009.36230469	42.2938461304	30.2210159302
150.811132163	1009.36230469	42.2938461304	30.2210159302
150.811132163	1009.36230469	42.2938461304	30.2210159302
150.811132163	1009.35546875	42.2938461304	30.2210159302
150.811132163	1009.35546875	42.2938461304	30.2210159302
150.811132163	1009.35546875	42.2938461304	30.2210159302
150.811132163	1009.35546875	42.2938461304	30.2210159302
150.811132164	1009.35546875	42.2938461304	30.2210159302
150.811132164	1009.35546875	42.2938461304	30.2210159302
150.811132164	1009.35546875	42.2938461304	30.2210159302
150.811132164	1009.35546875	42.2938461304	30.2210159302
150.811132164	1009.35546875	42.2938461304	30.2210159302
150.811132164	1009.35546875	42.2938461304	30.2210159302
150.811132164	1009.35546875	42.2938461304	30.2210159302
150.811132165	1009.35546875	42.2938461304	30.2210159302
150.811132165	1009.35546875	42.2938461304	30.2210159302
150.811132165	1009.35546875	42.2938461304	30.2210159302
150.811132165	1009.35546875	42.2938461304	30.2210159302
150.811132165	1009.35546875	42.2938461304	30.2210159302
150.811132166	1009.35546875	42.2938461304	30.2210159302
150.811132166	1009.35546875	42.2938461304	30.2210159302
150.811132166	1009.35546875	42.2938461304	30.2210159302
150.811132166	1009.35546875	42.2938461304	30.2210159302
150.811132167	1009.35546875	42.2938461304	30.2210159302
150.811132167	1009.35546875	42.2938461304	30.2210159302
150.811132167	1009.34619141	42.2938461304	30.2210159302
150.811132167	1009.34619141	42.2938461304	30.2210159302
150.811132168	1009.34619141	42.2938461304	30.2210159302
150.811132168	1009.34619141	42.2938461304	30.2210159302
150.811132168	1009.34619141	42.2938461304	30.2210159302
150.811132168	1009.34619141	42.2938461304	30.2028999329
150.811132169	1009.34619141	42.2938461304	30.2028999329
150.811132169	1009.34619141	43.2691917419	30.2028999329
150.811132169	1009.34619141	43.2691917419	30.2028999329
150.811132169	1009.34619141	43.2691917419	30.2028999329
150.81113217	1009.34619141	43.2691917419	30.2028999329
150.81113217	1009.34619141	43.2691917419	30.2028999329
