1.93796726074	1000
time	pressure	humidity	temperature
150.811151951	1007.78344727	38.3913154602	30.5461521149
150.811151952	1007.78369141	38.3913154602	30.5461521149
150.811151952	1007.78369141	38.3913154602	30.5461521149
150.811151952	1007.78369141	38.3913154602	30.5461521149
150.811151953	1007.78369141	38.3913154602	30.5461521149
150.811151953	1007.78369141	38.3913154602	30.5461521149
150.811151953	1007.78369141	38.3913154602	30.5461521149
150.811151953	1007.78369141	38.3913154602	30.5461521149
150.811151954	1007.78369141	38.3913154602	30.5461521149
150.811151954	1007.78369141	38.3913154602	30.5461521149
150.811151954	1007.78369141	38.3913154602	30.5461521149
150.811151954	1007.78369141	38.3913154602	30.5461521149
150.811151954	1007.78369141	38.3913154602	30.5461521149
150.811151955	1007.78369141	38.3913154602	30.5461521149
150.811151955	1007.78369141	38.3913154602	30.5461521149
150.811151955	1007.78369141	38.3913154602	30.5461521149
150.811151955	1007.78369141	38.3913154602	30.5461521149
150.811151956	1007.77929688	38.3913154602	30.5461521149
150.811151956	1007.77929688	38.3913154602	30.5461521149
150.811151956	1007.77929688	38.3913154602	30.5461521149
150.811151956	1007.77929688	38.3913154602	30.4904632568
150.811151957	1007.77929688	42.6140213013	30.4904632568
150.811151957	1007.77929688	42.6140213013	30.4904632568
150.811151957	1007.77929688	42.6140213013	30.4904632568
150.811151957	1007.77929688	42.6140213013	30.4904632568
150.811151958	1007.77929688	42.6140213013	30.4904632568
150.811151958	1007.77929688	42.6140213013	30.4904632568
150.811151958	1007.77929688	42.6140213013	30.4904632568
150.811151958	1007.77929688	42.6140213013	30.4904632568
150.811151959	1007.77929688	42.6140213013	30.4904632568
150.811151959	1007.77929688	42.6140213013	30.4904632568
150.811151959	1007.77929688	42.6140213013	30.4904632568
150.811151959	1007.77929688	42.6140213013	30.4904632568
150.811151959	1007.77929688	42.6140213013	30.4904632568
150.81115196	1007.78393555	42.6140213013	30.4904632568
150.81115196	1007.78393555	42.6140213013	30.4904632568
150.81115196	1007.78393555	42.6140213013	30.4904632568
150.811151961	1007.78393555	42.6140213013	30.4904632568
150.811151961	1007.78393555	42.6140213013	30.4904632568
150.811151961	1007.78393555	42.6140213013	30.4904632568
150.811151961	1007.78393555	42.6140213013	30.4904632568
150.811151961	1007.78393555	42.6140213013	30.4904632568
150.811151962	1007.78393555	42.6140213013	30.4904632568
150.811151962	1007.78393555	42.6140213013	30.4904632568
150.811151962	1007.78393555	42.6140213013	30.4904632568
150.811151962	1007.78393555	42.6140213013	30.4904632568
150.811151963	1007.78393555	42.6140213013	30.4904632568
150.811151963	1007.78393555	42.6140213013	30.4904632568
150.811151963	1007.78393555	42.6140213013	30.4904632568
150.811151963	1007.78393555	42.6140213013	30.4904632568
150.811151963	1007.78442383	42.6140213013	30.4904632568
150.811151964	1007.78442383	42.6140213013	30.4904632568
150.811151964	1007.78442383	42.6140213013	30.4904632568
150.811151964	1007.78442383	42.6140213013	30.4904632568
150.811151964	1007.78442383	42.6140213013	30.4904632568
150.811151965	1007.78442383	39.7583312988	30.4904632568
150.811151965	1007.78442383	39.7583312988	30.4904632568
150.811151965	1007.78442383	39.7583312988	30.4904632568
150.811151966	1007.78442383	39.7583312988	30.4904632568
150.811151966	1007.78442383	39.7583312988	30.4904632568
150.811151966	1007.78442383	39.7583312988	30.4904632568
150.811151966	1007.78442383	39.7583312988	30.4904632568
150.811151966	1007.78442383	39.7583312988	30.4904632568
150.811151967	1007.78442383	39.7583312988	30.4904632568
150.811151967	1007.78442383	39.7583312988	30.4904632568
150.811151967	1007.78442383	39.7583312988	30.4904632568
150.811151967	1007.77954102	39.7583312988	30.4904632568
150.811151968	1007.77954102	39.7583312988	30.4904632568
150.811151968	1007.77954102	39.7583312988	30.4904632568
150.811151968	1007.77954102	39.7583312988	30.4904632568
150.811151968	1007.77954102	39.7583312988	30.4904632568
150.811151969	1007.77954102	39.7583312988	30.4904632568
150.811151969	1007.77954102	39.7583312988	30.4904632568
150.811151969	1007.77954102	39.7583312988	30.4904632568
150.811151969	1007.77954102	39.7583312988	30.4904632568
150.81115197	1007.77954102	39.7583312988	30.4904632568
150.81115197	1007.77954102	39.7583312988	30.4904632568
150.81115197	1007.77954102	39.7583312988	30.4904632568
150.81115197	1007.77954102	39.7583312988	30.4904632568
150.81115197	1007.77954102	39.7583312988	30.4904632568
150.811151971	1007.77954102	39.7583312988	30.4904632568
150.811151971	1007.77954102	39.7583312988	30.4904632568
150.811151971	1007.77954102	39.7583312988	30.4904632568
150.811151971	1007.77832031	39.7583312988	30.4904632568
150.811151972	1007.77832031	39.7583312988	30.4904632568
150.811151972	1007.77832031	39.7583312988	30.4904632568
150.811151972	1007.77832031	39.7583312988	30.4904632568
150.811151972	1007.77832031	39.7583312988	30.4904632568
150.811151973	1007.77832031	39.7583312988	30.5461521149
150.811151973	1007.77832031	43.5808563232	30.5461521149
150.811151973	1007.77832031	43.5808563232	30.5461521149
150.811151973	1007.77832031	43.5808563232	30.5461521149
150.811151974	1007.77832031	43.5808563232	30.5461521149
150.811151974	1007.77832031	43.5808563232	30.5461521149
150.811151974	1007.77832031	43.5808563232	30.5461521149
150.811151974	1007.77832031	43.5808563232	30.5461521149
150.811151975	1007.77832031	43.5808563232	30.5461521149
150.811151975	1007.77832031	43.5808563232	30.5461521149
150.811151975	1007.77832031	43.5808563232	30.5461521149
150.811151975	1007.7800293	43.5808563232	30.5461521149
150.811151976	1007.7800293	43.5808563232	30.5461521149
150.811151976	1007.7800293	43.5808563232	30.5461521149
150.811151976	1007.7800293	43.5808563232	30.5461521149
150.811151976	1007.7800293	43.5808563232	30.5461521149
150.811151976	1007.7800293	43.5808563232	30.5461521149
150.811151977	1007.7800293	43.5808563232	30.5461521149
150.811151977	1007.7800293	43.5808563232	30.5461521149
150.811151977	1007.7800293	43.5808563232	30.5461521149
150.811151977	1007.7800293	43.5808563232	30.5461521149
150.811151978	1007.7800293	43.5808563232	30.5461521149
150.811151978	1007.7800293	43.5808563232	30.5461521149
150.811151978	1007.7800293	43.5808563232	30.5461521149
150.811151978	1007.7800293	43.5808563232	30.5461521149
150.811151978	1007.7800293	43.5808563232	30.5461521149
150.811151979	1007.7800293	43.5808563232	30.5461521149
150.811151979	1007.7800293	43.5808563232	30.5461521149
150.811151979	1007.78198242	43.5808563232	30.5461521149
150.81115198	1007.78198242	43.5808563232	30.5461521149
150.81115198	1007.78198242	43.5808563232	30.5461521149
150.81115198	1007.78198242	43.5808563232	30.5461521149
150.81115198	1007.78198242	43.5808563232	30.5461521149
150.81115198	1007.78198242	43.5808563232	30.5461521149
150.811151981	1007.78198242	43.5808563232	30.453338623
150.811151981	1007.78198242	39.3773574829	30.453338623
150.811151981	1007.78198242	39.3773574829	30.453338623
150.811151981	1007.78198242	39.3773574829	30.453338623
150.811151982	1007.78198242	39.3773574829	30.453338623
150.811151982	1007.78198242	39.3773574829	30.453338623
150.811151982	1007.78198242	39.3773574829	30.453338623
150.811151982	1007.78198242	39.3773574829	30.453338623
150.811151983	1007.78198242	39.3773574829	30.453338623
150.811151983	1007.78198242	39.3773574829	30.453338623
150.811151983	1007.78198242	39.3773574829	30.453338623
150.811151983	1007.77929688	39.3773574829	30.453338623
150.811151984	1007.77929688	39.3773574829	30.453338623
150.811151984	1007.77929688	39.3773574829	30.453338623
150.811151984	1007.77929688	39.3773574829	30.453338623
150.811151984	1007.77929688	39.3773574829	30.453338623
150.811151985	1007.77929688	39.3773574829	30.453338623
150.811151985	1007.77929688	39.3773574829	30.453338623
150.811151985	1007.77929688	39.3773574829	30.453338623
150.811151985	1007.77929688	39.3773574829	30.453338623
150.811151985	1007.77929688	39.3773574829	30.453338623
150.811151986	1007.77929688	39.3773574829	30.453338623
150.811151986	1007.77929688	39.3773574829	30.453338623
150.811151986	1007.77929688	39.3773574829	30.453338623
150.811151986	1007.77929688	39.3773574829	30.453338623
150.811151987	1007.77929688	39.3773574829	30.453338623
150.811151987	1007.77929688	39.3773574829	30.453338623
150.811151987	1007.78295898	39.3773574829	30.453338623
150.811151987	1007.78295898	39.3773574829	30.453338623
150.811151988	1007.78295898	39.3773574829	30.453338623
150.811151988	1007.78295898	39.3773574829	30.453338623
150.811151988	1007.78295898	39.3773574829	30.453338623
150.811151988	1007.78295898	39.3773574829	30.453338623
150.811151989	1007.78295898	39.3773574829	30.453338623
150.811151989	1007.78295898	39.3773574829	30.5832767487
150.811151989	1007.78295898	38.2376441956	30.5832767487
150.811151989	1007.78295898	38.2376441956	30.5832767487
150.81115199	1007.78295898	38.2376441956	30.5832767487
150.81115199	1007.78295898	38.2376441956	30.5832767487
150.81115199	1007.78295898	38.2376441956	30.5832767487
150.81115199	1007.78295898	38.2376441956	30.5832767487
150.81115199	1007.78295898	38.2376441956	30.5832767487
150.811151991	1007.78295898	38.2376441956	30.5832767487
150.811151991	1007.77880859	38.2376441956	30.5832767487
150.811151991	1007.77880859	38.2376441956	30.5832767487
150.811151992	1007.77880859	38.2376441956	30.5832767487
150.811151992	1007.77880859	38.2376441956	30.5832767487
150.811151992	1007.77880859	38.2376441956	30.5832767487
150.811151992	1007.77880859	38.2376441956	30.5832767487
150.811151992	1007.77880859	38.2376441956	30.5832767487
150.811151993	1007.77880859	38.2376441956	30.5832767487
150.811151993	1007.77880859	38.2376441956	30.5832767487
150.811151993	1007.77880859	38.2376441956	30.5832767487
150.811151993	1007.77880859	38.2376441956	30.5832767487
150.811151994	1007.77880859	38.2376441956	30.5832767487
150.811151994	1007.77880859	38.2376441956	30.5832767487
150.811151994	1007.77880859	38.2376441956	30.5832767487
150.811151994	1007.77880859	38.2376441956	30.5832767487
150.811151994	1007.77880859	38.2376441956	30.5832767487
150.811151995	1007.77880859	38.2376441956	30.5832767487
150.811151995	1007.78173828	38.2376441956	30.5832767487
150.811151995	1007.78173828	38.2376441956	30.5832767487
150.811151996	1007.78173828	38.2376441956	30.5832767487
150.811151996	1007.78173828	38.2376441956	30.5832767487
150.811151996	1007.78173828	38.2376441956	30.5832767487
150.811151996	1007.78173828	38.2376441956	30.5832767487
150.811151996	1007.78173828	38.2376441956	30.5832767487
150.811151997	1007.78173828	38.2376441956	30.5832767487
150.811151997	1007.78173828	38.2376441956	30.4719009399
150.811151997	1007.78173828	43.3151359558	30.4719009399
150.811151997	1007.78173828	43.3151359558	30.4719009399
150.811151998	1007.78173828	43.3151359558	30.4719009399
150.811151998	1007.78173828	43.3151359558	30.4719009399
150.811151998	1007.78173828	43.3151359558	30.4719009399
150.811151998	1007.78173828	43.3151359558	30.4719009399
150.811151999	1007.78173828	43.3151359558	30.4719009399
150.811151999	1007.78393555	43.3151359558	30.4719009399
150.811151999	1007.78393555	43.3151359558	30.4719009399
150.811151999	1007.78393555	43.3151359558	30.4719009399
150.811152	1007.78393555	43.3151359558	30.4719009399
150.811152	1007.78393555	43.3151359558	30.4719009399
150.811152	1007.78393555	43.3151359558	30.4719009399
150.811152	1007.78393555	43.3151359558	30.4719009399
150.811152001	1007.78393555	43.3151359558	30.4719009399
150.811152001	1007.78393555	43.3151359558	30.4719009399
150.811152001	1007.78393555	43.3151359558	30.4719009399
150.811152001	1007.78393555	43.3151359558	30.4719009399
150.811152001	1007.78393555	43.3151359558	30.4719009399
150.811152002	1007.78393555	43.3151359558	30.4719009399
150.811152002	1007.78393555	43.3151359558	30.4719009399
150.811152002	1007.78393555	43.3151359558	30.4719009399
150.811152002	1007.78393555	43.3151359558	30.4719009399
150.811152003	1007.78393555	43.3151359558	30.4719009399
150.811152003	1007.78955078	43.3151359558	30.4719009399
150.811152003	1007.78955078	43.3151359558	30.4719009399
150.811152003	1007.78955078	43.3151359558	30.4719009399
150.811152004	1007.78955078	43.3151359558	30.4719009399
150.811152004	1007.78955078	43.3151359558	30.4719009399
150.811152004	1007.78955078	43.3151359558	30.4719009399
150.811152004	1007.78955078	43.3151359558	30.4719009399
150.811152004	1007.78955078	43.3151359558	30.4719009399
150.811152005	1007.78955078	43.3151359558	30.4719009399
150.811152005	1007.78955078	43.3151359558	30.5832767487
150.811152005	1007.78955078	42.6492385864	30.5832767487
150.811152006	1007.78955078	42.6492385864	30.5832767487
150.811152006	1007.78955078	42.6492385864	30.5832767487
150.811152006	1007.78955078	42.6492385864	30.5832767487
150.811152006	1007.78955078	42.6492385864	30.5832767487
150.811152006	1007.78955078	42.6492385864	30.5832767487
150.811152007	1007.78955078	42.6492385864	30.5832767487
150.811152007	1007.7878418	42.6492385864	30.5832767487
150.811152007	1007.7878418	42.6492385864	30.5832767487
150.811152007	1007.7878418	42.6492385864	30.5832767487
150.811152008	1007.7878418	42.6492385864	30.5832767487
150.811152008	1007.7878418	42.6492385864	30.5832767487
150.811152008	1007.7878418	42.6492385864	30.5832767487
150.811152008	1007.7878418	42.6492385864	30.5832767487
150.811152009	1007.7878418	42.6492385864	30.5832767487
150.811152009	1007.7878418	42.6492385864	30.5832767487
150.811152009	1007.7878418	42.6492385864	30.5832767487
150.811152009	1007.7878418	42.6492385864	30.5832767487
150.811152009	1007.7878418	42.6492385864	30.5832767487
150.81115201	1007.7878418	42.6492385864	30.5832767487
150.81115201	1007.7878418	42.6492385864	30.5832767487
150.81115201	1007.7878418	42.6492385864	30.5832767487
150.81115201	1007.7878418	42.6492385864	30.5832767487
150.811152011	1007.78686523	42.6492385864	30.5832767487
150.811152011	1007.78686523	42.6492385864	30.5832767487
150.811152011	1007.78686523	42.6492385864	30.5832767487
150.811152011	1007.78686523	42.6492385864	30.5832767487
150.811152012	1007.78686523	42.6492385864	30.5832767487
150.811152012	1007.78686523	42.6492385864	30.5832767487
150.811152012	1007.78686523	42.6492385864	30.5832767487
150.811152012	1007.78686523	42.6492385864	30.5832767487
150.811152013	1007.78686523	42.6492385864	30.5832767487
150.811152013	1007.78686523	42.6492385864	30.5832767487
150.811152013	1007.78686523	42.6492385864	30.5090255737
150.811152013	1007.78686523	41.0196990967	30.5090255737
150.811152014	1007.78686523	41.0196990967	30.5090255737
150.811152014	1007.78686523	41.0196990967	30.5090255737
150.811152014	1007.78686523	41.0196990967	30.5090255737
150.811152014	1007.78686523	41.0196990967	30.5090255737
150.811152014	1007.78808594	41.0196990967	30.5090255737
150.811152015	1007.78808594	41.0196990967	30.5090255737
150.811152015	1007.78808594	41.0196990967	30.5090255737
150.811152015	1007.78808594	41.0196990967	30.5090255737
150.811152016	1007.78808594	41.0196990967	30.5090255737
150.811152016	1007.78808594	41.0196990967	30.5090255737
150.811152016	1007.78808594	41.0196990967	30.5090255737
150.811152016	1007.78808594	41.0196990967	30.5090255737
150.811152016	1007.78808594	41.0196990967	30.5090255737
150.811152017	1007.78808594	41.0196990967	30.5090255737
150.811152017	1007.78808594	41.0196990967	30.5090255737
150.811152017	1007.78808594	41.0196990967	30.5090255737
150.811152017	1007.78808594	41.0196990967	30.5090255737
150.811152018	1007.78808594	41.0196990967	30.5090255737
150.811152018	1007.78808594	41.0196990967	30.5090255737
150.811152018	1007.78808594	41.0196990967	30.5090255737
150.811152018	1007.78808594	41.0196990967	30.5090255737
150.811152018	1007.78857422	41.0196990967	30.5090255737
150.811152019	1007.78857422	41.0196990967	30.5090255737
150.811152019	1007.78857422	41.0196990967	30.5090255737
150.811152019	1007.78857422	41.0196990967	30.5090255737
150.81115202	1007.78857422	41.0196990967	30.5090255737
150.81115202	1007.78857422	41.0196990967	30.5090255737
150.81115202	1007.78857422	41.0196990967	30.5090255737
150.81115202	1007.78857422	41.0196990967	30.5090255737
150.81115202	1007.78857422	41.0196990967	30.5090255737
150.811152021	1007.78857422	41.0196990967	30.5090255737
150.811152021	1007.78857422	41.0196990967	30.5090255737
150.811152021	1007.78857422	41.0196990967	30.4719009399
150.811152021	1007.78857422	42.7004585266	30.4719009399
150.811152022	1007.78857422	42.7004585266	30.4719009399
150.811152022	1007.78857422	42.7004585266	30.4719009399
150.811152022	1007.78857422	42.7004585266	30.4719009399
150.811152022	1007.79174805	42.7004585266	30.4719009399
150.811152023	1007.79174805	42.7004585266	30.4719009399
150.811152023	1007.79174805	42.7004585266	30.4719009399
150.811152023	1007.79174805	42.7004585266	30.4719009399
150.811152023	1007.79174805	42.7004585266	30.4719009399
150.811152024	1007.79174805	42.7004585266	30.4719009399
150.811152024	1007.79174805	42.7004585266	30.4719009399
150.811152024	1007.79174805	42.7004585266	30.4719009399
150.811152024	1007.79174805	42.7004585266	30.4719009399
150.811152025	1007.79174805	42.7004585266	30.4719009399
150.811152025	1007.79174805	42.7004585266	30.4719009399
150.811152025	1007.79174805	42.7004585266	30.4719009399
150.811152025	1007.79174805	42.7004585266	30.4719009399
150.811152025	1007.79174805	42.7004585266	30.4719009399
150.811152026	1007.79174805	42.7004585266	30.4719009399
150.811152026	1007.79174805	42.7004585266	30.4719009399
150.811152026	1007.79174805	42.7004585266	30.4719009399
150.811152026	1007.7890625	42.7004585266	30.4719009399
150.811152027	1007.7890625	42.7004585266	30.4719009399
150.811152027	1007.7890625	42.7004585266	30.4719009399
150.811152027	1007.7890625	42.7004585266	30.4719009399
150.811152027	1007.7890625	42.7004585266	30.4719009399
150.811152028	1007.7890625	42.7004585266	30.4719009399
150.811152028	1007.7890625	42.7004585266	30.4719009399
150.811152028	1007.7890625	42.7004585266	30.4719009399
150.811152028	1007.7890625	42.7004585266	30.4719009399
150.811152028	1007.7890625	42.7004585266	30.4719009399
150.811152029	1007.7890625	42.7004585266	30.4719009399
150.811152029	1007.7890625	42.7004585266	30.4719009399
150.811152029	1007.7890625	42.7004585266	30.4719009399
150.811152029	1007.7890625	42.7004585266	30.5832767487
150.81115203	1007.7890625	40.2641601562	30.5832767487
150.81115203	1007.7890625	40.2641601562	30.5832767487
150.81115203	1007.7890625	40.2641601562	30.5832767487
150.81115203	1007.79394531	40.2641601562	30.5832767487
150.811152031	1007.79394531	40.2641601562	30.5832767487
150.811152031	1007.79394531	40.2641601562	30.5832767487
150.811152031	1007.79394531	40.2641601562	30.5832767487
150.811152031	1007.79394531	40.2641601562	30.5832767487
150.811152032	1007.79394531	40.2641601562	30.5832767487
150.811152032	1007.79394531	40.2641601562	30.5832767487
150.811152032	1007.79394531	40.2641601562	30.5832767487
150.811152032	1007.79394531	40.2641601562	30.5832767487
150.811152033	1007.79394531	40.2641601562	30.5832767487
150.811152033	1007.79394531	40.2641601562	30.5832767487
150.811152033	1007.79394531	40.2641601562	30.5832767487
150.811152033	1007.79394531	40.2641601562	30.5832767487
150.811152033	1007.79394531	40.2641601562	30.5832767487
150.811152034	1007.79394531	40.2641601562	30.5832767487
150.811152034	1007.79394531	40.2641601562	30.5832767487
150.811152034	1007.79370117	40.2641601562	30.5832767487
150.811152035	1007.79370117	40.2641601562	30.5832767487
150.811152035	1007.79370117	40.2641601562	30.5832767487
150.811152035	1007.79370117	40.2641601562	30.5832767487
150.811152035	1007.79370117	40.2641601562	30.5832767487
150.811152035	1007.79370117	40.2641601562	30.5832767487
150.811152036	1007.79370117	40.2641601562	30.5832767487
150.811152036	1007.79370117	40.2641601562	30.5832767487
150.811152036	1007.79370117	40.2641601562	30.5832767487
150.811152036	1007.79370117	40.2641601562	30.5832767487
150.811152037	1007.79370117	40.2641601562	30.5832767487
150.811152037	1007.79370117	40.2641601562	30.5832767487
150.811152037	1007.79370117	40.2641601562	30.5832767487
150.811152037	1007.79370117	40.2641601562	30.5832767487
150.811152037	1007.79370117	40.2641601562	30.5832767487
150.811152038	1007.79370117	40.6739425659	30.5832767487
150.811152038	1007.79370117	40.6739425659	30.5832767487
150.811152038	1007.79150391	40.6739425659	30.5832767487
150.811152039	1007.79150391	40.6739425659	30.5832767487
150.811152039	1007.79150391	40.6739425659	30.5832767487
150.811152039	1007.79150391	40.6739425659	30.5832767487
150.811152039	1007.79150391	40.6739425659	30.5832767487
150.81115204	1007.79150391	40.6739425659	30.5832767487
150.81115204	1007.79150391	40.6739425659	30.5832767487
150.81115204	1007.79150391	40.6739425659	30.5832767487
150.81115204	1007.79150391	40.6739425659	30.5832767487
150.81115204	1007.79150391	40.6739425659	30.5832767487
150.811152041	1007.79150391	40.6739425659	30.5832767487
150.811152041	1007.79150391	40.6739425659	30.5832767487
150.811152041	1007.79150391	40.6739425659	30.5832767487
150.811152041	1007.79150391	40.6739425659	30.5832767487
150.811152042	1007.79150391	40.6739425659	30.5832767487
150.811152042	1007.79150391	40.6739425659	30.5832767487
150.811152042	1007.79101562	40.6739425659	30.5832767487
150.811152042	1007.79101562	40.6739425659	30.5832767487
150.811152043	1007.79101562	40.6739425659	30.5832767487
150.811152043	1007.79101562	40.6739425659	30.5832767487
150.811152043	1007.79101562	40.6739425659	30.5832767487
150.811152043	1007.79101562	40.6739425659	30.5832767487
150.811152044	1007.79101562	40.6739425659	30.5832767487
150.811152044	1007.79101562	40.6739425659	30.5832767487
150.811152044	1007.79101562	40.6739425659	30.5832767487
150.811152044	1007.79101562	40.6739425659	30.5832767487
150.811152044	1007.79101562	40.6739425659	30.5832767487
150.811152045	1007.79101562	40.6739425659	30.5832767487
150.811152045	1007.79101562	40.6739425659	30.5832767487
150.811152045	1007.79101562	40.6739425659	30.5832767487
150.811152045	1007.79101562	40.6739425659	30.5832767487
150.811152046	1007.79101562	40.6739425659	30.6389656067
150.811152046	1007.79101562	39.7583312988	30.6389656067
150.811152046	1007.78662109	39.7583312988	30.6389656067
150.811152047	1007.78662109	39.7583312988	30.6389656067
150.811152047	1007.78662109	39.7583312988	30.6389656067
150.811152047	1007.78662109	39.7583312988	30.6389656067
150.811152047	1007.78662109	39.7583312988	30.6389656067
150.811152047	1007.78662109	39.7583312988	30.6389656067
150.811152048	1007.78662109	39.7583312988	30.6389656067
150.811152048	1007.78662109	39.7583312988	30.6389656067
150.811152048	1007.78662109	39.7583312988	30.6389656067
150.811152048	1007.78662109	39.7583312988	30.6389656067
150.811152049	1007.78662109	39.7583312988	30.6389656067
150.811152049	1007.78662109	39.7583312988	30.6389656067
150.811152049	1007.78662109	39.7583312988	30.6389656067
150.811152049	1007.78662109	39.7583312988	30.6389656067
150.811152049	1007.78662109	39.7583312988	30.6389656067
150.81115205	1007.78662109	39.7583312988	30.6389656067
150.81115205	1007.78857422	39.7583312988	30.6389656067
150.81115205	1007.78857422	39.7583312988	30.6389656067
150.811152051	1007.78857422	39.7583312988	30.6389656067
150.811152051	1007.78857422	39.7583312988	30.6389656067
150.811152051	1007.78857422	39.7583312988	30.6389656067
150.811152051	1007.78857422	39.7583312988	30.6389656067
150.811152051	1007.78857422	39.7583312988	30.6389656067
150.811152052	1007.78857422	39.7583312988	30.6389656067
150.811152052	1007.78857422	39.7583312988	30.6389656067
150.811152052	1007.78857422	39.7583312988	30.6389656067
150.811152052	1007.78857422	39.7583312988	30.6389656067
150.811152052	1007.78857422	39.7583312988	30.6389656067
150.811152053	1007.78857422	39.7583312988	30.6389656067
150.811152053	1007.78857422	39.7583312988	30.6389656067
150.811152053	1007.78857422	39.7583312988	30.6389656067
150.811152053	1007.78857422	39.7583312988	30.6389656067
150.811152054	1007.78857422	39.7583312988	30.5832767487
150.811152054	1007.79248047	39.079624176	30.5832767487
150.811152054	1007.79248047	39.079624176	30.5832767487
150.811152055	1007.79248047	39.079624176	30.5832767487
150.811152055	1007.79248047	39.079624176	30.5832767487
150.811152055	1007.79248047	39.079624176	30.5832767487
150.811152055	1007.79248047	39.079624176	30.5832767487
150.811152056	1007.79248047	39.079624176	30.5832767487
150.811152056	1007.79248047	39.079624176	30.5832767487
150.811152056	1007.79248047	39.079624176	30.5832767487
150.811152056	1007.79248047	39.079624176	30.5832767487
150.811152056	1007.79248047	39.079624176	30.5832767487
150.811152057	1007.79248047	39.079624176	30.5832767487
150.811152057	1007.79248047	39.079624176	30.5832767487
150.811152057	1007.79248047	39.079624176	30.5832767487
150.811152057	1007.79248047	39.079624176	30.5832767487
150.811152058	1007.79248047	39.079624176	30.5832767487
150.811152058	1007.79248047	39.079624176	30.5832767487
150.811152058	1007.79370117	39.079624176	30.5832767487
150.811152058	1007.79370117	39.079624176	30.5832767487
150.811152059	1007.79370117	39.079624176	30.5832767487
150.811152059	1007.79370117	39.079624176	30.5832767487
150.811152059	1007.79370117	39.079624176	30.5832767487
150.811152059	1007.79370117	39.079624176	30.5832767487
150.811152059	1007.79370117	39.079624176	30.5832767487
150.81115206	1007.79370117	39.079624176	30.5832767487
150.81115206	1007.79370117	39.079624176	30.5832767487
150.81115206	1007.79370117	39.079624176	30.5832767487
150.81115206	1007.79370117	39.079624176	30.5832767487
150.811152061	1007.79370117	39.079624176	30.5832767487
150.811152061	1007.79370117	39.079624176	30.5832767487
150.811152061	1007.79370117	39.079624176	30.5832767487
150.811152061	1007.79370117	39.079624176	30.5832767487
150.811152061	1007.79370117	39.079624176	30.5832767487
150.811152062	1007.79223633	41.6215744019	30.453338623
150.811152062	1007.79223633	41.6215744019	30.453338623
150.811152063	1007.79223633	41.6215744019	30.453338623
150.811152063	1007.79223633	41.6215744019	30.453338623
150.811152063	1007.79223633	41.6215744019	30.453338623
150.811152063	1007.79223633	41.6215744019	30.453338623
150.811152063	1007.79223633	41.6215744019	30.453338623
150.811152064	1007.79223633	41.6215744019	30.453338623
150.811152064	1007.79223633	41.6215744019	30.453338623
150.811152064	1007.79223633	41.6215744019	30.453338623
150.811152064	1007.79223633	41.6215744019	30.453338623
150.811152065	1007.79223633	41.6215744019	30.453338623
150.811152065	1007.79223633	41.6215744019	30.453338623
150.811152065	1007.79223633	41.6215744019	30.453338623
150.811152065	1007.79223633	41.6215744019	30.453338623
150.811152065	1007.79223633	41.6215744019	30.453338623
150.811152066	1007.79321289	41.6215744019	30.453338623
150.811152066	1007.79321289	41.6215744019	30.453338623
150.811152066	1007.79321289	41.6215744019	30.453338623
150.811152066	1007.79321289	41.6215744019	30.453338623
150.811152067	1007.79321289	41.6215744019	30.453338623
150.811152067	1007.79321289	41.6215744019	30.453338623
150.811152067	1007.79321289	41.6215744019	30.453338623
150.811152067	1007.79321289	41.6215744019	30.453338623
150.811152068	1007.79321289	41.6215744019	30.453338623
150.811152068	1007.79321289	41.6215744019	30.453338623
150.811152068	1007.79321289	41.6215744019	30.453338623
150.811152068	1007.79321289	41.6215744019	30.453338623
150.811152068	1007.79321289	41.6215744019	30.453338623
150.811152069	1007.79321289	41.6215744019	30.453338623
150.811152069	1007.79321289	41.6215744019	30.453338623
150.811152069	1007.79321289	41.6215744019	30.453338623
150.811152069	1007.79321289	41.6215744019	30.453338623
150.81115207	1007.7956543	41.6215744019	30.6018409729
150.81115207	1007.7956543	38.2024307251	30.6018409729
150.81115207	1007.7956543	38.2024307251	30.6018409729
150.811152071	1007.7956543	38.2024307251	30.6018409729
150.811152746	1009.15893555	40.0878601074	30.2028999329
150.811152748	1009.15893555	40.0878601074	30.2028999329
150.811152748	1009.15893555	40.0878601074	30.2028999329
150.811152748	1009.15893555	40.0878601074	30.2028999329
150.811152748	1009.15893555	40.0878601074	30.2028999329
150.811152749	1009.15893555	40.0878601074	30.2028999329
150.811152749	1009.15893555	40.0878601074	30.2028999329
150.811152749	1009.15893555	40.0878601074	30.2028999329
150.811152749	1009.15893555	40.0878601074	30.2028999329
150.811152749	1009.15893555	40.0878601074	30.2028999329
150.811152749	1009.15454102	40.0878601074	30.2028999329
150.81115275	1009.15454102	40.0878601074	30.2028999329
150.81115275	1009.15454102	40.0878601074	30.2028999329
150.81115275	1009.15454102	40.0878601074	30.2028999329
150.81115275	1009.15454102	40.0878601074	30.2028999329
150.81115275	1009.15454102	40.0878601074	30.2028999329
150.81115275	1009.15454102	40.0878601074	30.2028999329
150.81115275	1009.15454102	40.0878601074	30.2028999329
150.81115275	1009.15454102	40.0878601074	30.2028999329
150.811152751	1009.15454102	40.0878601074	30.2028999329
150.811152751	1009.15454102	40.0878601074	30.2028999329
150.811152751	1009.15454102	40.0878601074	30.2028999329
150.811152751	1009.15454102	40.0878601074	30.2028999329
150.811152751	1009.15454102	40.0878601074	30.2028999329
150.811152751	1009.15454102	40.0878601074	30.2028999329
150.811152751	1009.15454102	40.0878601074	30.2028999329
150.811152752	1009.15454102	40.0878601074	30.2028999329
150.811152752	1009.15454102	40.0878601074	30.2028999329
150.811152752	1009.15454102	40.0878601074	30.2028999329
150.811152752	1009.15454102	40.0878601074	30.2028999329
150.811152752	1009.15454102	40.0878601074	30.2028999329
150.811152752	1009.15454102	40.0878601074	30.2028999329
150.811152752	1009.15454102	40.0878601074	30.2028999329
150.811152753	1009.15454102	40.0878601074	30.2028999329
150.811152753	1009.15454102	40.0878601074	30.2028999329
150.811152753	1009.15454102	40.0878601074	30.2028999329
150.811152753	1009.15454102	40.0878601074	30.2028999329
150.811152753	1009.15454102	40.0878601074	30.2028999329
150.811152753	1009.15454102	40.0878601074	30.2028999329
150.811152753	1009.15136719	40.0878601074	30.094203949
150.811152754	1009.15136719	38.7688522339	30.094203949
150.811152754	1009.15136719	38.7688522339	30.094203949
150.811152754	1009.15136719	38.7688522339	30.094203949
150.811152754	1009.15136719	38.7688522339	30.094203949
150.811152754	1009.15136719	38.7688522339	30.094203949
150.811152754	1009.15136719	38.7688522339	30.094203949
150.811152755	1009.15136719	38.7688522339	30.094203949
150.811152755	1009.15136719	38.7688522339	30.094203949
150.811152755	1009.15136719	38.7688522339	30.094203949
150.811152755	1009.15136719	38.7688522339	30.094203949
150.811152755	1009.15136719	38.7688522339	30.094203949
150.811152755	1009.15136719	38.7688522339	30.094203949
150.811152755	1009.15136719	38.7688522339	30.094203949
150.811152755	1009.15136719	38.7688522339	30.094203949
150.811152756	1009.15136719	38.7688522339	30.094203949
150.811152756	1009.15136719	38.7688522339	30.094203949
150.811152756	1009.15136719	38.7688522339	30.094203949
150.811152756	1009.15136719	38.7688522339	30.094203949
150.811152756	1009.15136719	38.7688522339	30.094203949
150.811152756	1009.15136719	38.7688522339	30.094203949
150.811152756	1009.15136719	38.7688522339	30.094203949
150.811152757	1009.15136719	38.7688522339	30.094203949
150.811152757	1009.15136719	38.7688522339	30.094203949
150.811152757	1009.15136719	38.7688522339	30.094203949
150.811152757	1009.15136719	38.7688522339	30.094203949
150.811152757	1009.15136719	38.7688522339	30.094203949
150.811152757	1009.15136719	38.7688522339	30.094203949
150.811152757	1009.15258789	38.7688522339	30.094203949
150.811152758	1009.15258789	38.7688522339	30.094203949
150.811152758	1009.15258789	38.7688522339	30.094203949
150.811152758	1009.15258789	38.7688522339	30.094203949
150.811152758	1009.15258789	38.7688522339	30.094203949
150.811152758	1009.15258789	38.7688522339	30.094203949
150.811152758	1009.15258789	38.7688522339	30.094203949
150.811152758	1009.15258789	38.7688522339	30.094203949
150.811152759	1009.15258789	38.7688522339	30.094203949
150.811152759	1009.15258789	38.7688522339	30.094203949
150.811152759	1009.15258789	38.7688522339	30.094203949
150.811152759	1009.15258789	38.7688522339	30.094203949
150.811152759	1009.15258789	38.7688522339	30.094203949
150.811152759	1009.15258789	38.7688522339	30.094203949
150.811152759	1009.15258789	38.7688522339	30.094203949
150.81115276	1009.15258789	38.7688522339	30.094203949
150.81115276	1009.15258789	38.7688522339	30.094203949
150.81115276	1009.15258789	38.7688522339	30.094203949
150.81115276	1009.15258789	38.7688522339	30.094203949
150.81115276	1009.15258789	38.7688522339	30.094203949
150.81115276	1009.15258789	38.7688522339	30.094203949
150.81115276	1009.15258789	38.7688522339	30.094203949
150.81115276	1009.15258789	38.7688522339	30.094203949
150.811152761	1009.15258789	38.7688522339	30.094203949
150.811152761	1009.15258789	38.7688522339	30.094203949
150.811152761	1009.15258789	38.7688522339	30.094203949
150.811152761	1009.15258789	38.7688522339	30.094203949
150.811152761	1009.15258789	38.7688522339	30.1485519409
150.811152761	1009.15258789	38.7688522339	30.1485519409
150.811152762	1009.15917969	41.7570800781	30.1485519409
150.811152762	1009.15917969	41.7570800781	30.1485519409
150.811152762	1009.15917969	41.7570800781	30.1485519409
150.811152762	1009.15917969	41.7570800781	30.1485519409
150.811152762	1009.15917969	41.7570800781	30.1485519409
150.811152762	1009.15917969	41.7570800781	30.1485519409
150.811152762	1009.15917969	41.7570800781	30.1485519409
150.811152763	1009.15917969	41.7570800781	30.1485519409
150.811152763	1009.15917969	41.7570800781	30.1485519409
150.811152763	1009.15917969	41.7570800781	30.1485519409
150.811152763	1009.15917969	41.7570800781	30.1485519409
150.811152763	1009.15917969	41.7570800781	30.1485519409
150.811152763	1009.15917969	41.7570800781	30.1485519409
150.811152763	1009.15917969	41.7570800781	30.1485519409
150.811152764	1009.15917969	41.7570800781	30.1485519409
150.811152764	1009.15917969	41.7570800781	30.1485519409
150.811152764	1009.15917969	41.7570800781	30.1485519409
150.811152764	1009.15917969	41.7570800781	30.1485519409
150.811152764	1009.15917969	41.7570800781	30.1485519409
150.811152764	1009.15917969	41.7570800781	30.1485519409
150.811152764	1009.15917969	41.7570800781	30.1485519409
150.811152765	1009.15917969	41.7570800781	30.1485519409
150.811152765	1009.15917969	41.7570800781	30.1485519409
150.811152765	1009.15917969	41.7570800781	30.1485519409
150.811152765	1009.15917969	41.7570800781	30.1485519409
150.811152765	1009.15917969	41.7570800781	30.1485519409
150.811152765	1009.15917969	41.7570800781	30.1485519409
150.811152765	1009.15917969	41.7570800781	30.1485519409
150.811152766	1009.15991211	41.7570800781	30.1485519409
150.811152766	1009.15991211	41.7570800781	30.1485519409
150.811152766	1009.15991211	41.7570800781	30.1485519409
150.811152766	1009.15991211	41.7570800781	30.1485519409
150.811152766	1009.15991211	41.7570800781	30.1485519409
150.811152766	1009.15991211	41.7570800781	30.1485519409
150.811152766	1009.15991211	41.7570800781	30.1485519409
150.811152767	1009.15991211	41.7570800781	30.1485519409
150.811152767	1009.15991211	41.7570800781	30.1485519409
150.811152767	1009.15991211	41.7570800781	30.1485519409
150.811152767	1009.15991211	41.7570800781	30.1485519409
150.811152767	1009.15991211	41.7570800781	30.1485519409
150.811152767	1009.15991211	41.7570800781	30.1485519409
150.811152767	1009.15991211	41.7570800781	30.1485519409
150.811152768	1009.15991211	41.7570800781	30.1485519409
150.811152768	1009.15991211	41.7570800781	30.1485519409
150.811152768	1009.15991211	41.7570800781	30.1485519409
150.811152768	1009.15991211	41.7570800781	30.1485519409
150.811152768	1009.15991211	41.7570800781	30.1485519409
150.811152768	1009.15991211	41.7570800781	30.1485519409
150.811152768	1009.15991211	41.7570800781	30.1485519409
150.811152769	1009.15991211	41.7570800781	30.1485519409
150.811152769	1009.15991211	41.7570800781	30.1485519409
150.811152769	1009.15991211	41.7570800781	30.1485519409
150.811152769	1009.15991211	41.7570800781	30.1485519409
150.811152769	1009.15991211	41.7570800781	30.1485519409
150.811152769	1009.15991211	41.7570800781	30.0217399597
150.811152769	1009.15991211	40.0976791382	30.0217399597
150.81115277	1009.15966797	40.0976791382	30.0217399597
150.81115277	1009.15966797	40.0976791382	30.0217399597
150.81115277	1009.15966797	40.0976791382	30.0217399597
150.81115277	1009.15966797	40.0976791382	30.0217399597
150.81115277	1009.15966797	40.0976791382	30.0217399597
150.81115277	1009.15966797	40.0976791382	30.0217399597
150.81115277	1009.15966797	40.0976791382	30.0217399597
150.811152771	1009.15966797	40.0976791382	30.0217399597
150.811152771	1009.15966797	40.0976791382	30.0217399597
150.811152771	1009.15966797	40.0976791382	30.0217399597
150.811152771	1009.15966797	40.0976791382	30.0217399597
150.811152771	1009.15966797	40.0976791382	30.0217399597
150.811152771	1009.15966797	40.0976791382	30.0217399597
150.811152771	1009.15966797	40.0976791382	30.0217399597
150.811152772	1009.15966797	40.0976791382	30.0217399597
150.811152772	1009.15966797	40.0976791382	30.0217399597
150.811152772	1009.15966797	40.0976791382	30.0217399597
150.811152772	1009.15966797	40.0976791382	30.0217399597
150.811152772	1009.15966797	40.0976791382	30.0217399597
150.811152772	1009.15966797	40.0976791382	30.0217399597
150.811152772	1009.15966797	40.0976791382	30.0217399597
150.811152773	1009.15966797	40.0976791382	30.0217399597
150.811152773	1009.15966797	40.0976791382	30.0217399597
150.811152773	1009.15966797	40.0976791382	30.0217399597
150.811152773	1009.15966797	40.0976791382	30.0217399597
150.811152773	1009.15966797	40.0976791382	30.0217399597
150.811152773	1009.15966797	40.0976791382	30.0217399597
150.811152773	1009.15966797	40.0976791382	30.0217399597
150.811152773	1009.15966797	40.0976791382	30.0217399597
150.811152774	1009.16577148	40.0976791382	30.0217399597
150.811152774	1009.16577148	40.0976791382	30.0217399597
150.811152774	1009.16577148	40.0976791382	30.0217399597
150.811152774	1009.16577148	40.0976791382	30.0217399597
150.811152774	1009.16577148	40.0976791382	30.0217399597
150.811152774	1009.16577148	40.0976791382	30.0217399597
150.811152775	1009.16577148	40.0976791382	30.0217399597
150.811152775	1009.16577148	40.0976791382	30.0217399597
150.811152775	1009.16577148	40.0976791382	30.0217399597
150.811152775	1009.16577148	40.0976791382	30.0217399597
150.811152775	1009.16577148	40.0976791382	30.0217399597
150.811152775	1009.16577148	40.0976791382	30.0217399597
150.811152775	1009.16577148	40.0976791382	30.0217399597
150.811152776	1009.16577148	40.0976791382	30.0217399597
150.811152776	1009.16577148	40.0976791382	30.0217399597
150.811152776	1009.16577148	40.0976791382	30.0217399597
150.811152776	1009.16577148	40.0976791382	30.0217399597
150.811152776	1009.16577148	40.0976791382	30.0217399597
150.811152776	1009.16577148	40.0976791382	30.0217399597
150.811152776	1009.16577148	40.0976791382	30.0217399597
150.811152776	1009.16577148	40.0976791382	30.0217399597
150.811152777	1009.16577148	40.0976791382	30.0217399597
150.811152777	1009.16577148	40.0976791382	30.0217399597
150.811152777	1009.16577148	40.0976791382	30.0217399597
150.811152777	1009.16577148	40.0976791382	30.2028999329
150.811152777	1009.16577148	40.0976791382	30.2028999329
150.811152777	1009.16577148	41.2039451599	30.2028999329
150.811152778	1009.16577148	41.2039451599	30.2028999329
150.811152778	1009.16845703	41.2039451599	30.2028999329
150.811152778	1009.16845703	41.2039451599	30.2028999329
150.811152778	1009.16845703	41.2039451599	30.2028999329
150.811152778	1009.16845703	41.2039451599	30.2028999329
150.811152778	1009.16845703	41.2039451599	30.2028999329
150.811152778	1009.16845703	41.2039451599	30.2028999329
150.811152779	1009.16845703	41.2039451599	30.2028999329
150.811152779	1009.16845703	41.2039451599	30.2028999329
150.811152779	1009.16845703	41.2039451599	30.2028999329
150.811152779	1009.16845703	41.2039451599	30.2028999329
150.811152779	1009.16845703	41.2039451599	30.2028999329
150.811152779	1009.16845703	41.2039451599	30.2028999329
150.811152779	1009.16845703	41.2039451599	30.2028999329
150.81115278	1009.16845703	41.2039451599	30.2028999329
150.81115278	1009.16845703	41.2039451599	30.2028999329
150.81115278	1009.16845703	41.2039451599	30.2028999329
150.81115278	1009.16845703	41.2039451599	30.2028999329
150.81115278	1009.16845703	41.2039451599	30.2028999329
150.81115278	1009.16845703	41.2039451599	30.2028999329
150.81115278	1009.16845703	41.2039451599	30.2028999329
150.811152781	1009.16845703	41.2039451599	30.2028999329
150.811152781	1009.16845703	41.2039451599	30.2028999329
150.811152781	1009.16845703	41.2039451599	30.2028999329
150.811152781	1009.16845703	41.2039451599	30.2028999329
150.811152781	1009.16845703	41.2039451599	30.2028999329
150.811152781	1009.16845703	41.2039451599	30.2028999329
150.811152781	1009.16845703	41.2039451599	30.2028999329
150.811152781	1009.16845703	41.2039451599	30.2028999329
150.811152782	1009.16845703	41.2039451599	30.2028999329
150.811152782	1009.16796875	41.2039451599	30.2028999329
150.811152782	1009.16796875	41.2039451599	30.2028999329
150.811152782	1009.16796875	41.2039451599	30.2028999329
150.811152782	1009.16796875	41.2039451599	30.2028999329
150.811152782	1009.16796875	41.2039451599	30.2028999329
150.811152783	1009.16796875	41.2039451599	30.2028999329
150.811152783	1009.16796875	41.2039451599	30.2028999329
150.811152783	1009.16796875	41.2039451599	30.2028999329
150.811152783	1009.16796875	41.2039451599	30.2028999329
150.811152783	1009.16796875	41.2039451599	30.2028999329
150.811152783	1009.16796875	41.2039451599	30.2028999329
150.811152783	1009.16796875	41.2039451599	30.2028999329
150.811152784	1009.16796875	41.2039451599	30.2028999329
150.811152784	1009.16796875	41.2039451599	30.2028999329
150.811152784	1009.16796875	41.2039451599	30.2028999329
150.811152784	1009.16796875	41.2039451599	30.2028999329
150.811152784	1009.16796875	41.2039451599	30.2028999329
150.811152784	1009.16796875	41.2039451599	30.2028999329
150.811152784	1009.16796875	41.2039451599	30.2028999329
150.811152784	1009.16796875	41.2039451599	30.2028999329
150.811152785	1009.16796875	41.2039451599	30.2028999329
150.811152785	1009.16796875	41.2039451599	30.2028999329
150.811152785	1009.16796875	41.2039451599	30.2028999329
150.811152785	1009.16796875	41.2039451599	30.1304359436
150.811152785	1009.16796875	41.4003219604	30.1304359436
150.811152785	1009.16796875	41.4003219604	30.1304359436
150.811152786	1009.16796875	41.4003219604	30.1304359436
150.811152786	1009.16796875	41.4003219604	30.1304359436
150.811152786	1009.17114258	41.4003219604	30.1304359436
150.811152786	1009.17114258	41.4003219604	30.1304359436
150.811152786	1009.17114258	41.4003219604	30.1304359436
150.811152786	1009.17114258	41.4003219604	30.1304359436
150.811152786	1009.17114258	41.4003219604	30.1304359436
150.811152787	1009.17114258	41.4003219604	30.1304359436
150.811152787	1009.17114258	41.4003219604	30.1304359436
150.811152787	1009.17114258	41.4003219604	30.1304359436
150.811152787	1009.17114258	41.4003219604	30.1304359436
150.811152787	1009.17114258	41.4003219604	30.1304359436
150.811152787	1009.17114258	41.4003219604	30.1304359436
150.811152787	1009.17114258	41.4003219604	30.1304359436
150.811152788	1009.17114258	41.4003219604	30.1304359436
150.811152788	1009.17114258	41.4003219604	30.1304359436
150.811152788	1009.17114258	41.4003219604	30.1304359436
150.811152788	1009.17114258	41.4003219604	30.1304359436
150.811152788	1009.17114258	41.4003219604	30.1304359436
150.811152788	1009.17114258	41.4003219604	30.1304359436
150.811152788	1009.17114258	41.4003219604	30.1304359436
150.811152789	1009.17114258	41.4003219604	30.1304359436
150.811152789	1009.17114258	41.4003219604	30.1304359436
150.811152789	1009.17114258	41.4003219604	30.1304359436
150.811152789	1009.17114258	41.4003219604	30.1304359436
150.811152789	1009.17114258	41.4003219604	30.1304359436
150.811152789	1009.17114258	41.4003219604	30.1304359436
150.811152789	1009.17114258	41.4003219604	30.1304359436
150.811152789	1009.17114258	41.4003219604	30.1304359436
150.81115279	1009.17114258	41.4003219604	30.1304359436
150.81115279	1009.17382812	41.4003219604	30.1304359436
150.81115279	1009.17382812	41.4003219604	30.1304359436
150.81115279	1009.17382812	41.4003219604	30.1304359436
150.81115279	1009.17382812	41.4003219604	30.1304359436
150.81115279	1009.17382812	41.4003219604	30.1304359436
150.811152791	1009.17382812	41.4003219604	30.1304359436
150.811152791	1009.17382812	41.4003219604	30.1304359436
150.811152791	1009.17382812	41.4003219604	30.1304359436
150.811152791	1009.17382812	41.4003219604	30.1304359436
150.811152791	1009.17382812	41.4003219604	30.1304359436
150.811152791	1009.17382812	41.4003219604	30.1304359436
150.811152791	1009.17382812	41.4003219604	30.1304359436
150.811152791	1009.17382812	41.4003219604	30.1304359436
150.811152792	1009.17382812	41.4003219604	30.1304359436
150.811152792	1009.17382812	41.4003219604	30.1304359436
150.811152792	1009.17382812	41.4003219604	30.1304359436
150.811152792	1009.17382812	41.4003219604	30.1304359436
150.811152792	1009.17382812	41.4003219604	30.1304359436
150.811152792	1009.17382812	41.4003219604	30.1304359436
150.811152792	1009.17382812	41.4003219604	30.1304359436
150.811152793	1009.17382812	41.4003219604	30.1304359436
150.811152793	1009.17382812	41.4003219604	30.1304359436
150.811152793	1009.17382812	41.4003219604	30.1123199463
150.811152793	1009.17382812	41.4003219604	30.1123199463
150.811152793	1009.17382812	41.4821472168	30.1123199463
150.811152793	1009.17382812	41.4821472168	30.1123199463
150.811152793	1009.17382812	41.4821472168	30.1123199463
150.811152794	1009.17382812	41.4821472168	30.1123199463
150.811152794	1009.17382812	41.4821472168	30.1123199463
150.811152794	1009.17431641	41.4821472168	30.1123199463
150.811152794	1009.17431641	41.4821472168	30.1123199463
150.811152794	1009.17431641	41.4821472168	30.1123199463
150.811152794	1009.17431641	41.4821472168	30.1123199463
150.811152795	1009.17431641	41.4821472168	30.1123199463
150.811152795	1009.17431641	41.4821472168	30.1123199463
150.811152795	1009.17431641	41.4821472168	30.1123199463
150.811152795	1009.17431641	41.4821472168	30.1123199463
150.811152795	1009.17431641	41.4821472168	30.1123199463
150.811152795	1009.17431641	41.4821472168	30.1123199463
150.811152795	1009.17431641	41.4821472168	30.1123199463
150.811152796	1009.17431641	41.4821472168	30.1123199463
150.811152796	1009.17431641	41.4821472168	30.1123199463
150.811152796	1009.17431641	41.4821472168	30.1123199463
150.811152796	1009.17431641	41.4821472168	30.1123199463
150.811152796	1009.17431641	41.4821472168	30.1123199463
150.811152796	1009.17431641	41.4821472168	30.1123199463
150.811152796	1009.17431641	41.4821472168	30.1123199463
150.811152796	1009.17431641	41.4821472168	30.1123199463
150.811152797	1009.17431641	41.4821472168	30.1123199463
150.811152797	1009.17431641	41.4821472168	30.1123199463
150.811152797	1009.17431641	41.4821472168	30.1123199463
150.811152797	1009.17431641	41.4821472168	30.1123199463
150.811152797	1009.17431641	41.4821472168	30.1123199463
150.811152797	1009.17431641	41.4821472168	30.1123199463
150.811152797	1009.17431641	41.4821472168	30.1123199463
150.811152798	1009.17431641	41.4821472168	30.1123199463
150.811152798	1009.17431641	41.4821472168	30.1123199463
150.811152798	1009.17431641	41.4821472168	30.1123199463
150.811152798	1009.17480469	41.4821472168	30.1123199463
150.811152798	1009.17480469	41.4821472168	30.1123199463
150.811152798	1009.17480469	41.4821472168	30.1123199463
150.811152798	1009.17480469	41.4821472168	30.1123199463
150.811152799	1009.17480469	41.4821472168	30.1123199463
150.811152799	1009.17480469	41.4821472168	30.1123199463
150.811152799	1009.17480469	41.4821472168	30.1123199463
150.811152799	1009.17480469	41.4821472168	30.1123199463
150.811152799	1009.17480469	41.4821472168	30.1123199463
150.811152799	1009.17480469	41.4821472168	30.1123199463
150.811152799	1009.17480469	41.4821472168	30.1123199463
150.8111528	1009.17480469	41.4821472168	30.1123199463
150.8111528	1009.17480469	41.4821472168	30.1123199463
150.8111528	1009.17480469	41.4821472168	30.1123199463
150.8111528	1009.17480469	41.4821472168	30.1123199463
150.8111528	1009.17480469	41.4821472168	30.1123199463
150.8111528	1009.17480469	41.4821472168	30.1123199463
150.8111528	1009.17480469	41.4821472168	30.1123199463
150.811152801	1009.17480469	41.4821472168	30.1123199463
150.811152801	1009.17480469	41.4821472168	30.1123199463
150.811152801	1009.17480469	41.4821472168	30.094203949
150.811152801	1009.17480469	41.4821472168	30.094203949
150.811152801	1009.17480469	38.0324325562	30.094203949
150.811152801	1009.17480469	38.0324325562	30.094203949
150.811152801	1009.17480469	38.0324325562	30.094203949
150.811152802	1009.17480469	38.0324325562	30.094203949
150.811152802	1009.17480469	38.0324325562	30.094203949
150.811152802	1009.17480469	38.0324325562	30.094203949
150.811152802	1009.1784668	38.0324325562	30.094203949
150.811152802	1009.1784668	38.0324325562	30.094203949
150.811152802	1009.1784668	38.0324325562	30.094203949
150.811152803	1009.1784668	38.0324325562	30.094203949
150.811152803	1009.1784668	38.0324325562	30.094203949
150.811152803	1009.1784668	38.0324325562	30.094203949
150.811152803	1009.1784668	38.0324325562	30.094203949
150.811152803	1009.1784668	38.0324325562	30.094203949
150.811152803	1009.1784668	38.0324325562	30.094203949
150.811152803	1009.1784668	38.0324325562	30.094203949
150.811152803	1009.1784668	38.0324325562	30.094203949
150.811152804	1009.1784668	38.0324325562	30.094203949
150.811152804	1009.1784668	38.0324325562	30.094203949
150.811152804	1009.1784668	38.0324325562	30.094203949
150.811152804	1009.1784668	38.0324325562	30.094203949
150.811152804	1009.1784668	38.0324325562	30.094203949
150.811152804	1009.1784668	38.0324325562	30.094203949
150.811152805	1009.1784668	38.0324325562	30.094203949
150.811152805	1009.1784668	38.0324325562	30.094203949
150.811152805	1009.1784668	38.0324325562	30.094203949
150.811152805	1009.1784668	38.0324325562	30.094203949
150.811152806	1009.1784668	38.0324325562	30.094203949
150.811152806	1009.1784668	38.0324325562	30.094203949
150.811152806	1009.18017578	38.0324325562	30.094203949
150.811152806	1009.18017578	38.0324325562	30.094203949
150.811152807	1009.18017578	38.0324325562	30.094203949
150.811152807	1009.18017578	38.0324325562	30.094203949
150.811152807	1009.18017578	38.0324325562	30.094203949
150.811152807	1009.18017578	38.0324325562	30.094203949
150.811152808	1009.18017578	38.0324325562	30.094203949
150.811152808	1009.18017578	38.0324325562	30.094203949
150.811152808	1009.18017578	38.0324325562	30.094203949
150.811152808	1009.18017578	38.0324325562	30.094203949
150.811152808	1009.18017578	38.0324325562	30.094203949
150.811152809	1009.18017578	38.0324325562	30.0217399597
150.811152809	1009.18017578	38.3139076233	30.0217399597
150.811152809	1009.18017578	38.3139076233	30.0217399597
150.81115281	1009.18017578	38.3139076233	30.0217399597
150.81115281	1009.18017578	38.3139076233	30.0217399597
150.81115281	1009.18359375	38.3139076233	30.0217399597
150.81115281	1009.18359375	38.3139076233	30.0217399597
150.811152811	1009.18359375	38.3139076233	30.0217399597
150.811152811	1009.18359375	38.3139076233	30.0217399597
150.811152811	1009.18359375	38.3139076233	30.0217399597
150.811152811	1009.18359375	38.3139076233	30.0217399597
150.811152812	1009.18359375	38.3139076233	30.0217399597
150.811152812	1009.18359375	38.3139076233	30.0217399597
150.811152812	1009.18359375	38.3139076233	30.0217399597
150.811152812	1009.18359375	38.3139076233	30.0217399597
150.811152812	1009.18359375	38.3139076233	30.0217399597
150.811152813	1009.18359375	38.3139076233	30.0217399597
150.811152813	1009.18359375	38.3139076233	30.0217399597
150.811152813	1009.18359375	38.3139076233	30.0217399597
150.811152813	1009.18359375	38.3139076233	30.0217399597
150.811152814	1009.18359375	38.3139076233	30.0217399597
150.811152814	1009.18359375	38.3139076233	30.0217399597
150.811152814	1009.18359375	38.3139076233	30.0217399597
150.811152814	1009.18457031	38.3139076233	30.0217399597
150.811152815	1009.18457031	38.3139076233	30.0217399597
150.811152815	1009.18457031	38.3139076233	30.0217399597
150.811152815	1009.18457031	38.3139076233	30.0217399597
150.811152815	1009.18457031	38.3139076233	30.0217399597
150.811152816	1009.18457031	38.3139076233	30.0217399597
150.811152816	1009.18457031	38.3139076233	30.0217399597
150.811152816	1009.18457031	38.3139076233	30.0217399597
150.811152816	1009.18457031	38.3139076233	30.0217399597
150.811152816	1009.18457031	38.3139076233	30.0217399597
150.811152817	1009.18457031	38.3139076233	30.0217399597
150.811152817	1009.18457031	42.1105575562	30.0217399597
150.811152817	1009.18457031	42.1105575562	30.0217399597
150.811152817	1009.18457031	42.1105575562	30.0217399597
150.811152818	1009.18457031	42.1105575562	30.0217399597
150.811152818	1009.18457031	42.1105575562	30.0217399597
150.811152818	1009.18579102	42.1105575562	30.0217399597
150.811152819	1009.18579102	42.1105575562	30.0217399597
150.811152819	1009.18579102	42.1105575562	30.0217399597
150.811152819	1009.18579102	42.1105575562	30.0217399597
150.811152819	1009.18579102	42.1105575562	30.0217399597
150.811152819	1009.18579102	42.1105575562	30.0217399597
150.81115282	1009.18579102	42.1105575562	30.0217399597
150.81115282	1009.18579102	42.1105575562	30.0217399597
150.81115282	1009.18579102	42.1105575562	30.0217399597
150.81115282	1009.18579102	42.1105575562	30.0217399597
150.811152821	1009.18579102	42.1105575562	30.0217399597
150.811152821	1009.18579102	42.1105575562	30.0217399597
150.811152821	1009.18579102	42.1105575562	30.0217399597
150.811152821	1009.18579102	42.1105575562	30.0217399597
150.811152821	1009.18579102	42.1105575562	30.0217399597
150.811152822	1009.18579102	42.1105575562	30.0217399597
150.811152822	1009.18579102	42.1105575562	30.0217399597
150.811152822	1009.18579102	42.1105575562	30.0217399597
150.811152822	1009.18701172	42.1105575562	30.0217399597
150.811152823	1009.18701172	42.1105575562	30.0217399597
150.811152823	1009.18701172	42.1105575562	30.0217399597
150.811152823	1009.18701172	42.1105575562	30.0217399597
150.811152823	1009.18701172	42.1105575562	30.0217399597
150.811152824	1009.18701172	42.1105575562	30.0217399597
150.811152824	1009.18701172	42.1105575562	30.0217399597
150.811152824	1009.18701172	42.1105575562	30.0217399597
150.811152824	1009.18701172	42.1105575562	30.0217399597
150.811152825	1009.18701172	42.1105575562	30.1304359436
150.811152825	1009.18701172	40.3955192566	30.1304359436
150.811152825	1009.18701172	40.3955192566	30.1304359436
150.811152825	1009.18701172	40.3955192566	30.1304359436
150.811152826	1009.18701172	40.3955192566	30.1304359436
150.811152826	1009.18701172	40.3955192566	30.1304359436
150.811152826	1009.18701172	40.3955192566	30.1304359436
150.811152826	1009.18603516	40.3955192566	30.1304359436
150.811152827	1009.18603516	40.3955192566	30.1304359436
150.811152827	1009.18603516	40.3955192566	30.1304359436
150.811152827	1009.18603516	40.3955192566	30.1304359436
150.811152827	1009.18603516	40.3955192566	30.1304359436
150.811152828	1009.18603516	40.3955192566	30.1304359436
150.811152828	1009.18603516	40.3955192566	30.1304359436
150.811152828	1009.18603516	40.3955192566	30.1304359436
150.811152828	1009.18603516	40.3955192566	30.1304359436
150.811152828	1009.18603516	40.3955192566	30.1304359436
150.811152829	1009.18603516	40.3955192566	30.1304359436
150.811152829	1009.18603516	40.3955192566	30.1304359436
150.811152829	1009.18603516	40.3955192566	30.1304359436
