2.64125128398	1400
time	pressure	humidity	temperature
150.811261607	1008.26489258	40.0316925049	30.7776145935
150.811261608	1008.26489258	40.0316925049	30.7776145935
150.811261609	1008.26489258	40.0316925049	30.7776145935
150.811261609	1008.26489258	40.0316925049	30.7776145935
150.811261609	1008.26977539	40.0316925049	30.7776145935
150.811261609	1008.26977539	40.0316925049	30.7776145935
150.81126161	1008.26977539	40.0316925049	30.7776145935
150.81126161	1008.26977539	40.0316925049	30.7776145935
150.81126161	1008.26977539	40.0316925049	30.7776145935
150.81126161	1008.26977539	40.0316925049	30.7776145935
150.81126161	1008.26977539	40.0316925049	30.7776145935
150.811261611	1008.26977539	40.0316925049	30.7776145935
150.811261611	1008.26977539	40.0316925049	30.7776145935
150.811261611	1008.26977539	40.0316925049	30.7776145935
150.811261611	1008.26977539	40.0316925049	30.8310451508
150.811261612	1008.26977539	41.8872718811	30.8310451508
150.811261612	1008.26977539	41.8872718811	30.8310451508
150.811261612	1008.26977539	41.8872718811	30.8310451508
150.811261612	1008.26977539	41.8872718811	30.8310451508
150.811261613	1008.26977539	41.8872718811	30.8310451508
150.811261613	1008.26977539	41.8872718811	30.8310451508
150.811261613	1008.27539062	41.8872718811	30.8310451508
150.811261613	1008.27539062	41.8872718811	30.8310451508
150.811261614	1008.27539062	41.8872718811	30.8310451508
150.811261614	1008.27539062	41.8872718811	30.8310451508
150.811261614	1008.27539062	41.8872718811	30.8310451508
150.811261614	1008.27539062	41.8872718811	30.8310451508
150.811261615	1008.27539062	41.8872718811	30.8310451508
150.811261615	1008.27539062	41.8872718811	30.8310451508
150.811261615	1008.27539062	41.8872718811	30.8310451508
150.811261615	1008.27539062	41.8872718811	30.8310451508
150.811261615	1008.27539062	41.8872718811	30.8310451508
150.811261616	1008.27539062	41.8872718811	30.8310451508
150.811261616	1008.27539062	41.8872718811	30.8310451508
150.811261616	1008.27539062	41.8872718811	30.8310451508
150.811261616	1008.27539062	41.8872718811	30.8310451508
150.811261617	1008.27539062	41.8872718811	30.8310451508
150.811261617	1008.27539062	41.8872718811	30.8310451508
150.811261617	1008.27539062	41.8872718811	30.8310451508
150.811261617	1008.27856445	41.8872718811	30.8310451508
150.811261618	1008.27856445	41.8872718811	30.8310451508
150.811261618	1008.27856445	41.8872718811	30.8310451508
150.811261618	1008.27856445	41.8872718811	30.8310451508
150.811261618	1008.27856445	41.8872718811	30.8310451508
150.811261619	1008.27856445	41.8872718811	30.8310451508
150.811261619	1008.27856445	41.8872718811	30.8310451508
150.811261619	1008.27856445	41.8872718811	30.8310451508
150.811261619	1008.27856445	41.8872718811	30.6707515717
150.81126162	1008.27856445	40.4498519897	30.6707515717
150.81126162	1008.27856445	40.4498519897	30.6707515717
150.81126162	1008.27856445	40.4498519897	30.6707515717
150.81126162	1008.27856445	40.4498519897	30.6707515717
150.811261621	1008.27856445	40.4498519897	30.6707515717
150.811261621	1008.27856445	40.4498519897	30.6707515717
150.811261621	1008.27856445	40.4498519897	30.6707515717
150.811261621	1008.27856445	40.4498519897	30.6707515717
150.811261621	1008.27929688	40.4498519897	30.6707515717
150.811261622	1008.27929688	40.4498519897	30.6707515717
150.811261622	1008.27929688	40.4498519897	30.6707515717
150.811261622	1008.27929688	40.4498519897	30.6707515717
150.811261622	1008.27929688	40.4498519897	30.6707515717
150.811261623	1008.27929688	40.4498519897	30.6707515717
150.811261623	1008.27929688	40.4498519897	30.6707515717
150.811261623	1008.27929688	40.4498519897	30.6707515717
150.811261623	1008.27929688	40.4498519897	30.6707515717
150.811261624	1008.27929688	40.4498519897	30.6707515717
150.811261624	1008.27929688	40.4498519897	30.6707515717
150.811261624	1008.27929688	40.4498519897	30.6707515717
150.811261624	1008.27929688	40.4498519897	30.6707515717
150.811261624	1008.27929688	40.4498519897	30.6707515717
150.811261625	1008.27929688	40.4498519897	30.6707515717
150.811261625	1008.27929688	40.4498519897	30.6707515717
150.811261625	1008.27929688	40.4498519897	30.6707515717
150.811261625	1008.27661133	40.4498519897	30.6707515717
150.811261626	1008.27661133	40.4498519897	30.6707515717
150.811261626	1008.27661133	40.4498519897	30.6707515717
150.811261626	1008.27661133	40.4498519897	30.6707515717
150.811261626	1008.27661133	40.4498519897	30.6707515717
150.811261627	1008.27661133	40.4498519897	30.6707515717
150.811261627	1008.27661133	40.4498519897	30.6707515717
150.811261627	1008.27661133	40.4498519897	30.7419929504
150.811261627	1008.27661133	39.4697914124	30.7419929504
150.811261628	1008.27661133	39.4697914124	30.7419929504
150.811261628	1008.27661133	39.4697914124	30.7419929504
150.811261628	1008.27661133	39.4697914124	30.7419929504
150.811261628	1008.27661133	39.4697914124	30.7419929504
150.811261629	1008.27661133	39.4697914124	30.7419929504
150.811261629	1008.27661133	39.4697914124	30.7419929504
150.811261629	1008.27661133	39.4697914124	30.7419929504
150.811261629	1008.27661133	39.4697914124	30.7419929504
150.811261629	1008.26953125	39.4697914124	30.7419929504
150.81126163	1008.26953125	39.4697914124	30.7419929504
150.81126163	1008.26953125	39.4697914124	30.7419929504
150.81126163	1008.26953125	39.4697914124	30.7419929504
150.811261631	1008.26953125	39.4697914124	30.7419929504
150.811261631	1008.26953125	39.4697914124	30.7419929504
150.811261631	1008.26953125	39.4697914124	30.7419929504
150.811261631	1008.26953125	39.4697914124	30.7419929504
150.811261631	1008.26953125	39.4697914124	30.7419929504
150.811261632	1008.26953125	39.4697914124	30.7419929504
150.811261632	1008.26953125	39.4697914124	30.7419929504
150.811261632	1008.26953125	39.4697914124	30.7419929504
150.811261632	1008.26953125	39.4697914124	30.7419929504
150.811261633	1008.26953125	39.4697914124	30.7419929504
150.811261633	1008.26953125	39.4697914124	30.7419929504
150.811261633	1008.26953125	39.4697914124	30.7419929504
150.811261633	1008.26953125	39.4697914124	30.7419929504
150.811261633	1008.26953125	39.4697914124	30.7419929504
150.811261634	1008.26782227	39.4697914124	30.7419929504
150.811261634	1008.26782227	39.4697914124	30.7419929504
150.811261634	1008.26782227	39.4697914124	30.7419929504
150.811261634	1008.26782227	39.4697914124	30.7419929504
150.811261635	1008.26782227	39.4697914124	30.7419929504
150.811261635	1008.26782227	39.4697914124	30.7776145935
150.811261635	1008.26782227	41.9460754395	30.7776145935
150.811261636	1008.26782227	41.9460754395	30.7776145935
150.811261636	1008.26782227	41.9460754395	30.7776145935
150.811261636	1008.26782227	41.9460754395	30.7776145935
150.811261636	1008.26782227	41.9460754395	30.7776145935
150.811261636	1008.26782227	41.9460754395	30.7776145935
150.811261637	1008.26782227	41.9460754395	30.7776145935
150.811261637	1008.26782227	41.9460754395	30.7776145935
150.811261637	1008.26782227	41.9460754395	30.7776145935
150.811261637	1008.26782227	41.9460754395	30.7776145935
150.811261638	1008.26782227	41.9460754395	30.7776145935
150.811261638	1008.26733398	41.9460754395	30.7776145935
150.811261638	1008.26733398	41.9460754395	30.7776145935
150.811261638	1008.26733398	41.9460754395	30.7776145935
150.811261639	1008.26733398	41.9460754395	30.7776145935
150.811261639	1008.26733398	41.9460754395	30.7776145935
150.811261639	1008.26733398	41.9460754395	30.7776145935
150.811261639	1008.26733398	41.9460754395	30.7776145935
150.81126164	1008.26733398	41.9460754395	30.7776145935
150.81126164	1008.26733398	41.9460754395	30.7776145935
150.81126164	1008.26733398	41.9460754395	30.7776145935
150.81126164	1008.26733398	41.9460754395	30.7776145935
150.81126164	1008.26733398	41.9460754395	30.7776145935
150.811261641	1008.26733398	41.9460754395	30.7776145935
150.811261641	1008.26733398	41.9460754395	30.7776145935
150.811261641	1008.26733398	41.9460754395	30.7776145935
150.811261641	1008.26733398	41.9460754395	30.7776145935
150.811261641	1008.26733398	41.9460754395	30.7776145935
150.811261642	1008.26733398	41.9460754395	30.7776145935
150.811261642	1008.265625	41.9460754395	30.7776145935
150.811261642	1008.265625	41.9460754395	30.7776145935
150.811261643	1008.265625	41.9460754395	30.7776145935
150.811261643	1008.265625	41.9460754395	30.795425415
150.811261643	1008.265625	38.032371521	30.795425415
150.811261644	1008.265625	38.032371521	30.795425415
150.811261644	1008.265625	38.032371521	30.795425415
150.811261644	1008.265625	38.032371521	30.795425415
150.811261644	1008.265625	38.032371521	30.795425415
150.811261645	1008.265625	38.032371521	30.795425415
150.811261645	1008.265625	38.032371521	30.795425415
150.811261645	1008.265625	38.032371521	30.795425415
150.811261645	1008.265625	38.032371521	30.795425415
150.811261645	1008.265625	38.032371521	30.795425415
150.811261646	1008.265625	38.032371521	30.795425415
150.811261646	1008.265625	38.032371521	30.795425415
150.811261646	1008.26391602	38.032371521	30.795425415
150.811261647	1008.26391602	38.032371521	30.795425415
150.811261647	1008.26391602	38.032371521	30.795425415
150.811261647	1008.26391602	38.032371521	30.795425415
150.811261647	1008.26391602	38.032371521	30.795425415
150.811261647	1008.26391602	38.032371521	30.795425415
150.811261648	1008.26391602	38.032371521	30.795425415
150.811261648	1008.26391602	38.032371521	30.795425415
150.811261648	1008.26391602	38.032371521	30.795425415
150.811261648	1008.26391602	38.032371521	30.795425415
150.811261648	1008.26391602	38.032371521	30.795425415
150.811261649	1008.26391602	38.032371521	30.795425415
150.811261649	1008.26391602	38.032371521	30.795425415
150.811261649	1008.26391602	38.032371521	30.795425415
150.811261649	1008.26391602	38.032371521	30.795425415
150.81126165	1008.26391602	38.032371521	30.795425415
150.81126165	1008.26391602	38.032371521	30.795425415
150.81126165	1008.26586914	38.032371521	30.795425415
150.81126165	1008.26586914	38.032371521	30.795425415
150.811261651	1008.26586914	38.032371521	30.7419929504
150.811261651	1008.26586914	42.0996170044	30.7419929504
150.811261651	1008.26586914	42.0996170044	30.7419929504
150.811261652	1008.26586914	42.0996170044	30.7419929504
150.811261652	1008.26586914	42.0996170044	30.7419929504
150.811261652	1008.26586914	42.0996170044	30.7419929504
150.811261652	1008.26586914	42.0996170044	30.7419929504
150.811261652	1008.26586914	42.0996170044	30.7419929504
150.811261653	1008.26586914	42.0996170044	30.7419929504
150.811261653	1008.26586914	42.0996170044	30.7419929504
150.811261653	1008.26586914	42.0996170044	30.7419929504
150.811261653	1008.26586914	42.0996170044	30.7419929504
150.811261654	1008.26586914	42.0996170044	30.7419929504
150.811261654	1008.26586914	42.0996170044	30.7419929504
150.811261654	1008.26586914	42.0996170044	30.7419929504
150.811261654	1008.27197266	42.0996170044	30.7419929504
150.811261655	1008.27197266	42.0996170044	30.7419929504
150.811261655	1008.27197266	42.0996170044	30.7419929504
150.811261655	1008.27197266	42.0996170044	30.7419929504
150.811261655	1008.27197266	42.0996170044	30.7419929504
150.811261655	1008.27197266	42.0996170044	30.7419929504
150.811261656	1008.27197266	42.0996170044	30.7419929504
150.811261656	1008.27197266	42.0996170044	30.7419929504
150.811261656	1008.27197266	42.0996170044	30.7419929504
150.811261656	1008.27197266	42.0996170044	30.7419929504
150.811261657	1008.27197266	42.0996170044	30.7419929504
150.811261657	1008.27197266	42.0996170044	30.7419929504
150.811261657	1008.27197266	42.0996170044	30.7419929504
150.811261657	1008.27197266	42.0996170044	30.7419929504
150.811261657	1008.27197266	42.0996170044	30.7419929504
150.811261658	1008.27197266	42.0996170044	30.7419929504
150.811261658	1008.27197266	42.0996170044	30.7419929504
150.811261658	1008.27197266	42.0996170044	30.7419929504
150.811261658	1008.27270508	42.0996170044	30.759803772
150.811261659	1008.27270508	42.78565979	30.759803772
150.811261659	1008.27270508	42.78565979	30.759803772
150.811261659	1008.27270508	42.78565979	30.759803772
150.81126166	1008.27270508	42.78565979	30.759803772
150.81126166	1008.27270508	42.78565979	30.759803772
150.81126166	1008.27270508	42.78565979	30.759803772
150.81126166	1008.27270508	42.78565979	30.759803772
150.81126166	1008.27270508	42.78565979	30.759803772
150.811261661	1008.27270508	42.78565979	30.759803772
150.811261661	1008.27270508	42.78565979	30.759803772
150.811261661	1008.27270508	42.78565979	30.759803772
150.811261661	1008.27270508	42.78565979	30.759803772
150.811261662	1008.27270508	42.78565979	30.759803772
150.811261662	1008.27270508	42.78565979	30.759803772
150.811261662	1008.27270508	42.78565979	30.759803772
150.811261662	1008.27270508	42.78565979	30.759803772
150.811261662	1008.27612305	42.78565979	30.759803772
150.811261663	1008.27612305	42.78565979	30.759803772
150.811261663	1008.27612305	42.78565979	30.759803772
150.811261663	1008.27612305	42.78565979	30.759803772
150.811261664	1008.27612305	42.78565979	30.759803772
150.811261664	1008.27612305	42.78565979	30.759803772
150.811261664	1008.27612305	42.78565979	30.759803772
150.811261664	1008.27612305	42.78565979	30.759803772
150.811261664	1008.27612305	42.78565979	30.759803772
150.811261665	1008.27612305	42.78565979	30.759803772
150.811261665	1008.27612305	42.78565979	30.759803772
150.811261665	1008.27612305	42.78565979	30.759803772
150.811261665	1008.27612305	42.78565979	30.759803772
150.811261666	1008.27612305	42.78565979	30.759803772
150.811261666	1008.27612305	42.78565979	30.759803772
150.811261666	1008.27612305	42.78565979	30.759803772
150.811261666	1008.27612305	42.78565979	30.759803772
150.811261666	1008.2800293	42.78565979	30.8310451508
150.811261667	1008.2800293	41.4168434143	30.8310451508
150.811261667	1008.2800293	41.4168434143	30.8310451508
150.811261667	1008.2800293	41.4168434143	30.8310451508
150.811261668	1008.2800293	41.4168434143	30.8310451508
150.811261668	1008.2800293	41.4168434143	30.8310451508
150.811261668	1008.2800293	41.4168434143	30.8310451508
150.811261668	1008.2800293	41.4168434143	30.8310451508
150.811261669	1008.2800293	41.4168434143	30.8310451508
150.811261669	1008.2800293	41.4168434143	30.8310451508
150.811261669	1008.2800293	41.4168434143	30.8310451508
150.811261669	1008.2800293	41.4168434143	30.8310451508
150.811261669	1008.2800293	41.4168434143	30.8310451508
150.81126167	1008.2800293	41.4168434143	30.8310451508
150.81126167	1008.2800293	41.4168434143	30.8310451508
150.81126167	1008.2800293	41.4168434143	30.8310451508
150.81126167	1008.2800293	41.4168434143	30.8310451508
150.811261671	1008.28149414	41.4168434143	30.8310451508
150.811261671	1008.28149414	41.4168434143	30.8310451508
150.811261671	1008.28149414	41.4168434143	30.8310451508
150.811261671	1008.28149414	41.4168434143	30.8310451508
150.811261672	1008.28149414	41.4168434143	30.8310451508
150.811261672	1008.28149414	41.4168434143	30.8310451508
150.811261672	1008.28149414	41.4168434143	30.8310451508
150.811261672	1008.28149414	41.4168434143	30.8310451508
150.811261673	1008.28149414	41.4168434143	30.8310451508
150.811261673	1008.28149414	41.4168434143	30.8310451508
150.811261673	1008.28149414	41.4168434143	30.8310451508
150.811261673	1008.28149414	41.4168434143	30.8310451508
150.811261673	1008.28149414	41.4168434143	30.8310451508
150.811261674	1008.28149414	41.4168434143	30.8310451508
150.811261674	1008.28149414	41.4168434143	30.8310451508
150.811261674	1008.28149414	41.4168434143	30.8310451508
150.811261674	1008.28149414	41.4168434143	30.7776145935
150.811261675	1008.28149414	40.2603759766	30.7776145935
150.811261675	1008.28076172	40.2603759766	30.7776145935
150.811261675	1008.28076172	40.2603759766	30.7776145935
150.811261676	1008.28076172	40.2603759766	30.7776145935
150.811261676	1008.28076172	40.2603759766	30.7776145935
150.811261676	1008.28076172	40.2603759766	30.7776145935
150.811261676	1008.28076172	40.2603759766	30.7776145935
150.811261676	1008.28076172	40.2603759766	30.7776145935
150.811261677	1008.28076172	40.2603759766	30.7776145935
150.811261677	1008.28076172	40.2603759766	30.7776145935
150.811261677	1008.28076172	40.2603759766	30.7776145935
150.811261677	1008.28076172	40.2603759766	30.7776145935
150.811261678	1008.28076172	40.2603759766	30.7776145935
150.811261678	1008.28076172	40.2603759766	30.7776145935
150.811261678	1008.28076172	40.2603759766	30.7776145935
150.811261678	1008.28076172	40.2603759766	30.7776145935
150.811261678	1008.28076172	40.2603759766	30.7776145935
150.811261679	1008.28076172	40.2603759766	30.7776145935
150.811261679	1008.28295898	40.2603759766	30.7776145935
150.811261679	1008.28295898	40.2603759766	30.7776145935
150.81126168	1008.28295898	40.2603759766	30.7776145935
150.81126168	1008.28295898	40.2603759766	30.7776145935
150.81126168	1008.28295898	40.2603759766	30.7776145935
150.81126168	1008.28295898	40.2603759766	30.7776145935
150.81126168	1008.28295898	40.2603759766	30.7776145935
150.811261681	1008.28295898	40.2603759766	30.7776145935
150.811261681	1008.28295898	40.2603759766	30.7776145935
150.811261681	1008.28295898	40.2603759766	30.7776145935
150.811261681	1008.28295898	40.2603759766	30.7776145935
150.811261682	1008.28295898	40.2603759766	30.7776145935
150.811261682	1008.28295898	40.2603759766	30.7776145935
150.811261682	1008.28295898	40.2603759766	30.7776145935
150.811261682	1008.28295898	40.2603759766	30.7241821289
150.811261682	1008.28295898	36.5165481567	30.7241821289
150.811261683	1008.28295898	36.5165481567	30.7241821289
150.811261683	1008.28173828	36.5165481567	30.7241821289
150.811261683	1008.28173828	36.5165481567	30.7241821289
150.811261684	1008.28173828	36.5165481567	30.7241821289
150.811261684	1008.28173828	36.5165481567	30.7241821289
150.811261684	1008.28173828	36.5165481567	30.7241821289
150.811261684	1008.28173828	36.5165481567	30.7241821289
150.811261685	1008.28173828	36.5165481567	30.7241821289
150.811261685	1008.28173828	36.5165481567	30.7241821289
150.811261685	1008.28173828	36.5165481567	30.7241821289
150.811261685	1008.28173828	36.5165481567	30.7241821289
150.811261685	1008.28173828	36.5165481567	30.7241821289
150.811261686	1008.28173828	36.5165481567	30.7241821289
150.811261686	1008.28173828	36.5165481567	30.7241821289
150.811261686	1008.28173828	36.5165481567	30.7241821289
150.811261686	1008.28173828	36.5165481567	30.7241821289
150.811261687	1008.28173828	36.5165481567	30.7241821289
150.811261687	1008.28173828	36.5165481567	30.7241821289
150.811261687	1008.28173828	36.5165481567	30.7241821289
150.811261687	1008.28344727	36.5165481567	30.7241821289
150.811261688	1008.28344727	36.5165481567	30.7241821289
150.811261688	1008.28344727	36.5165481567	30.7241821289
150.811261688	1008.28344727	36.5165481567	30.7241821289
150.811261688	1008.28344727	36.5165481567	30.7241821289
150.811261689	1008.28344727	36.5165481567	30.7241821289
150.811261689	1008.28344727	36.5165481567	30.7241821289
150.811261689	1008.28344727	36.5165481567	30.7241821289
150.811261689	1008.28344727	36.5165481567	30.7241821289
150.811261689	1008.28344727	36.5165481567	30.7241821289
150.81126169	1008.28344727	36.5165481567	30.7241821289
150.81126169	1008.28344727	36.5165481567	30.7241821289
150.81126169	1008.28344727	36.5165481567	30.7419929504
150.81126169	1008.28344727	42.8836669922	30.7419929504
150.811261691	1008.28344727	42.8836669922	30.7419929504
150.811261691	1008.28344727	42.8836669922	30.7419929504
150.811261691	1008.28149414	42.8836669922	30.7419929504
150.811261692	1008.28149414	42.8836669922	30.7419929504
150.811261692	1008.28149414	42.8836669922	30.7419929504
150.811261692	1008.28149414	42.8836669922	30.7419929504
150.811261692	1008.28149414	42.8836669922	30.7419929504
150.811261692	1008.28149414	42.8836669922	30.7419929504
150.811261693	1008.28149414	42.8836669922	30.7419929504
150.811261693	1008.28149414	42.8836669922	30.7419929504
150.811261693	1008.28149414	42.8836669922	30.7419929504
150.811261693	1008.28149414	42.8836669922	30.7419929504
150.811261694	1008.28149414	42.8836669922	30.7419929504
150.811261694	1008.28149414	42.8836669922	30.7419929504
150.811261694	1008.28149414	42.8836669922	30.7419929504
150.811261694	1008.28149414	42.8836669922	30.7419929504
150.811261694	1008.28149414	42.8836669922	30.7419929504
150.811261695	1008.28149414	42.8836669922	30.7419929504
150.811261695	1008.28149414	42.8836669922	30.7419929504
150.811261695	1008.28149414	42.8836669922	30.7419929504
150.811261695	1008.28295898	42.8836669922	30.7419929504
150.811261696	1008.28295898	42.8836669922	30.7419929504
150.811261696	1008.28295898	42.8836669922	30.7419929504
150.811261696	1008.28295898	42.8836669922	30.7419929504
150.811261696	1008.28295898	42.8836669922	30.7419929504
150.811261697	1008.28295898	42.8836669922	30.7419929504
150.811261697	1008.28295898	42.8836669922	30.7419929504
150.811261697	1008.28295898	42.8836669922	30.7419929504
150.811261697	1008.28295898	42.8836669922	30.7419929504
150.811261697	1008.28295898	42.8836669922	30.7419929504
150.811261698	1008.28295898	42.8836669922	30.7419929504
150.811261698	1008.28295898	42.8836669922	30.759803772
150.811261698	1008.28295898	38.4080619812	30.759803772
150.811261699	1008.28295898	38.4080619812	30.759803772
150.811261699	1008.28295898	38.4080619812	30.759803772
150.811261699	1008.28295898	38.4080619812	30.759803772
150.811261699	1008.28295898	38.4080619812	30.759803772
150.811261699	1008.27734375	38.4080619812	30.759803772
150.8112617	1008.27734375	38.4080619812	30.759803772
150.8112617	1008.27734375	38.4080619812	30.759803772
150.8112617	1008.27734375	38.4080619812	30.759803772
150.811261701	1008.27734375	38.4080619812	30.759803772
150.811261701	1008.27734375	38.4080619812	30.759803772
150.811261701	1008.27734375	38.4080619812	30.759803772
150.811261701	1008.27734375	38.4080619812	30.759803772
150.811261701	1008.27734375	38.4080619812	30.759803772
150.811261702	1008.27734375	38.4080619812	30.759803772
150.811261702	1008.27734375	38.4080619812	30.759803772
150.811261702	1008.27734375	38.4080619812	30.759803772
150.811261702	1008.27734375	38.4080619812	30.759803772
150.811261703	1008.27734375	38.4080619812	30.759803772
150.811261703	1008.27734375	38.4080619812	30.759803772
150.811261703	1008.27734375	38.4080619812	30.759803772
150.811261703	1008.27734375	38.4080619812	30.759803772
150.811261703	1008.27734375	38.4080619812	30.759803772
150.811261704	1008.27636719	38.4080619812	30.759803772
150.811261704	1008.27636719	38.4080619812	30.759803772
150.811261704	1008.27636719	38.4080619812	30.759803772
150.811261704	1008.27636719	38.4080619812	30.759803772
150.811261705	1008.27636719	38.4080619812	30.759803772
150.811261705	1008.27636719	38.4080619812	30.759803772
150.811261705	1008.27636719	38.4080619812	30.759803772
150.811261705	1008.27636719	38.4080619812	30.759803772
150.811261706	1008.27636719	38.4080619812	30.759803772
150.811261706	1008.27636719	38.4080619812	30.8132362366
150.811261706	1008.27636719	41.7925338745	30.8132362366
150.811261706	1008.27636719	41.7925338745	30.8132362366
150.811261707	1008.27636719	41.7925338745	30.8132362366
150.811261707	1008.27636719	41.7925338745	30.8132362366
150.811261707	1008.27636719	41.7925338745	30.8132362366
150.811261707	1008.27636719	41.7925338745	30.8132362366
150.811261708	1008.27636719	41.7925338745	30.8132362366
150.811261708	1008.27392578	41.7925338745	30.8132362366
150.811261708	1008.27392578	41.7925338745	30.8132362366
150.811261708	1008.27392578	41.7925338745	30.8132362366
150.811261709	1008.27392578	41.7925338745	30.8132362366
150.811261709	1008.27392578	41.7925338745	30.8132362366
150.811261709	1008.27392578	41.7925338745	30.8132362366
150.811261709	1008.27392578	41.7925338745	30.8132362366
150.811261709	1008.27392578	41.7925338745	30.8132362366
150.81126171	1008.27392578	41.7925338745	30.8132362366
150.81126171	1008.27392578	41.7925338745	30.8132362366
150.81126171	1008.27392578	41.7925338745	30.8132362366
150.81126171	1008.27392578	41.7925338745	30.8132362366
150.811261711	1008.27392578	41.7925338745	30.8132362366
150.811261711	1008.27392578	41.7925338745	30.8132362366
150.811261711	1008.27392578	41.7925338745	30.8132362366
150.811261711	1008.27392578	41.7925338745	30.8132362366
150.811261711	1008.27392578	41.7925338745	30.8132362366
150.811261712	1008.27807617	41.7925338745	30.8132362366
150.811261712	1008.27807617	41.7925338745	30.8132362366
150.811261712	1008.27807617	41.7925338745	30.8132362366
150.811261713	1008.27807617	41.7925338745	30.8132362366
150.811261713	1008.27807617	41.7925338745	30.8132362366
150.811261713	1008.27807617	41.7925338745	30.8132362366
150.811261713	1008.27807617	41.7925338745	30.8132362366
150.811261713	1008.27807617	41.7925338745	30.8132362366
150.811261714	1008.27807617	41.7925338745	30.6173210144
150.811261714	1008.27807617	39.6396713257	30.6173210144
150.811261714	1008.27807617	39.6396713257	30.6173210144
150.811261714	1008.27807617	39.6396713257	30.6173210144
150.811261715	1008.27807617	39.6396713257	30.6173210144
150.811261715	1008.27807617	39.6396713257	30.6173210144
150.811261715	1008.27807617	39.6396713257	30.6173210144
150.811261715	1008.27807617	39.6396713257	30.6173210144
150.811261716	1008.27807617	39.6396713257	30.6173210144
150.811261716	1008.27026367	39.6396713257	30.6173210144
150.811261716	1008.27026367	39.6396713257	30.6173210144
150.811261716	1008.27026367	39.6396713257	30.6173210144
150.811261717	1008.27026367	39.6396713257	30.6173210144
150.811261717	1008.27026367	39.6396713257	30.6173210144
150.811261717	1008.27026367	39.6396713257	30.6173210144
150.811261717	1008.27026367	39.6396713257	30.6173210144
150.811261718	1008.27026367	39.6396713257	30.6173210144
150.811261718	1008.27026367	39.6396713257	30.6173210144
150.811261718	1008.27026367	39.6396713257	30.6173210144
150.811261718	1008.27026367	39.6396713257	30.6173210144
150.811261718	1008.27026367	39.6396713257	30.6173210144
150.811261719	1008.27026367	39.6396713257	30.6173210144
150.811261719	1008.27026367	39.6396713257	30.6173210144
150.811261719	1008.27026367	39.6396713257	30.6173210144
150.811261719	1008.27026367	39.6396713257	30.6173210144
150.81126172	1008.27026367	39.6396713257	30.6173210144
150.81126172	1008.27026367	39.6396713257	30.6173210144
150.81126172	1008.27148438	39.6396713257	30.6173210144
150.81126172	1008.27148438	39.6396713257	30.6173210144
150.811261721	1008.27148438	39.6396713257	30.6173210144
150.811261721	1008.27148438	39.6396713257	30.6173210144
150.811261721	1008.27148438	39.6396713257	30.6173210144
150.811261721	1008.27148438	39.6396713257	30.6173210144
150.811261722	1008.27148438	39.6396713257	30.8132362366
150.811261722	1008.27148438	41.864402771	30.8132362366
150.811261722	1008.27148438	41.864402771	30.8132362366
150.811261722	1008.27148438	41.864402771	30.8132362366
150.811261723	1008.27148438	41.864402771	30.8132362366
150.811261723	1008.27148438	41.864402771	30.8132362366
150.811261723	1008.27148438	41.864402771	30.8132362366
150.811261723	1008.27148438	41.864402771	30.8132362366
150.811261723	1008.27148438	41.864402771	30.8132362366
150.811261724	1008.27148438	41.864402771	30.8132362366
150.811261724	1008.27148438	41.864402771	30.8132362366
150.811261724	1008.2722168	41.864402771	30.8132362366
150.811261725	1008.2722168	41.864402771	30.8132362366
150.811261725	1008.2722168	41.864402771	30.8132362366
150.811261725	1008.2722168	41.864402771	30.8132362366
150.811261725	1008.2722168	41.864402771	30.8132362366
150.811261725	1008.2722168	41.864402771	30.8132362366
150.811261726	1008.2722168	41.864402771	30.8132362366
150.811261726	1008.2722168	41.864402771	30.8132362366
150.811261726	1008.2722168	41.864402771	30.8132362366
150.811261726	1008.2722168	41.864402771	30.8132362366
150.811261727	1008.2722168	41.864402771	30.8132362366
150.811261727	1008.2722168	41.864402771	30.8132362366
150.811261727	1008.2722168	41.864402771	30.8132362366
150.811261727	1008.2722168	41.864402771	30.8132362366
150.811261727	1008.2722168	41.864402771	30.8132362366
150.811261728	1008.2722168	41.864402771	30.8132362366
150.811261728	1008.2722168	41.864402771	30.8132362366
150.811261728	1008.26904297	41.864402771	30.8132362366
150.811261729	1008.26904297	41.864402771	30.8132362366
150.811261729	1008.26904297	41.864402771	30.8132362366
150.811261729	1008.26904297	41.864402771	30.8132362366
150.811261729	1008.26904297	41.864402771	30.8132362366
150.811261729	1008.26904297	41.864402771	30.7776145935
150.81126173	1008.26904297	39.9696235657	30.7776145935
150.81126173	1008.26904297	39.9696235657	30.7776145935
150.81126173	1008.26904297	39.9696235657	30.7776145935
150.81126173	1008.26904297	39.9696235657	30.7776145935
150.811261731	1008.26904297	39.9696235657	30.7776145935
150.811261731	1008.26904297	39.9696235657	30.7776145935
150.811261731	1008.26904297	39.9696235657	30.7776145935
150.811261731	1008.26904297	39.9696235657	30.7776145935
150.811261732	1008.26904297	39.9696235657	30.7776145935
150.811261732	1008.26904297	39.9696235657	30.7776145935
150.811261732	1008.26904297	39.9696235657	30.7776145935
150.811261732	1008.26757812	39.9696235657	30.7776145935
150.811261733	1008.26757812	39.9696235657	30.7776145935
150.811261733	1008.26757812	39.9696235657	30.7776145935
150.811261733	1008.26757812	39.9696235657	30.7776145935
150.811261733	1008.26757812	39.9696235657	30.7776145935
150.811261734	1008.26757812	39.9696235657	30.7776145935
150.811261734	1008.26757812	39.9696235657	30.7776145935
150.811261734	1008.26757812	39.9696235657	30.7776145935
150.811261734	1008.26757812	39.9696235657	30.7776145935
150.811261734	1008.26757812	39.9696235657	30.7776145935
150.811261735	1008.26757812	39.9696235657	30.7776145935
150.811261735	1008.26757812	39.9696235657	30.7776145935
150.811261735	1008.26757812	39.9696235657	30.7776145935
150.811261735	1008.26757812	39.9696235657	30.7776145935
150.811261736	1008.26757812	39.9696235657	30.7776145935
150.811261736	1008.26757812	39.9696235657	30.7776145935
150.811261736	1008.26757812	39.9696235657	30.7776145935
150.811261736	1008.26757812	39.9696235657	30.7776145935
150.811261736	1008.26977539	39.9696235657	30.7776145935
150.811261737	1008.26977539	39.9696235657	30.7776145935
150.811261737	1008.26977539	39.9696235657	30.7776145935
150.811261737	1008.26977539	39.9696235657	30.795425415
150.811261738	1008.26977539	38.1957168579	30.795425415
150.811261738	1008.26977539	38.1957168579	30.795425415
150.811261738	1008.26977539	38.1957168579	30.795425415
150.811261738	1008.26977539	38.1957168579	30.795425415
150.811261739	1008.26977539	38.1957168579	30.795425415
150.811261739	1008.26977539	38.1957168579	30.795425415
150.811261739	1008.26977539	38.1957168579	30.795425415
150.811261739	1008.26977539	38.1957168579	30.795425415
150.811261739	1008.26977539	38.1957168579	30.795425415
150.81126174	1008.26977539	38.1957168579	30.795425415
150.81126174	1008.26977539	38.1957168579	30.795425415
150.81126174	1008.26977539	38.1957168579	30.795425415
150.81126174	1008.26977539	38.1957168579	30.795425415
150.811261741	1008.26782227	38.1957168579	30.795425415
150.811261741	1008.26782227	38.1957168579	30.795425415
150.811261741	1008.26782227	38.1957168579	30.795425415
150.811261741	1008.26782227	38.1957168579	30.795425415
150.811261742	1008.26782227	38.1957168579	30.795425415
150.811261742	1008.26782227	38.1957168579	30.795425415
150.811261742	1008.26782227	38.1957168579	30.795425415
150.811261742	1008.26782227	38.1957168579	30.795425415
150.811261742	1008.26782227	38.1957168579	30.795425415
150.811261743	1008.26782227	38.1957168579	30.795425415
150.811261743	1008.26782227	38.1957168579	30.795425415
150.811261743	1008.26782227	38.1957168579	30.795425415
150.811261743	1008.26782227	38.1957168579	30.795425415
150.811261744	1008.26782227	38.1957168579	30.795425415
150.811261744	1008.26782227	38.1957168579	30.795425415
150.811261744	1008.26782227	38.1957168579	30.795425415
150.811261744	1008.26782227	38.1957168579	30.795425415
150.811261744	1008.26782227	38.1957168579	30.795425415
150.811261745	1008.2644043	38.1957168579	30.795425415
150.811261745	1008.2644043	38.1957168579	30.8488559723
150.811261746	1008.2644043	39.0254974365	30.8488559723
150.811261746	1008.2644043	39.0254974365	30.8488559723
150.811261746	1008.2644043	39.0254974365	30.8488559723
150.811261746	1008.2644043	39.0254974365	30.8488559723
150.811261746	1008.2644043	39.0254974365	30.8488559723
150.811261747	1008.2644043	39.0254974365	30.8488559723
150.811261747	1008.2644043	39.0254974365	30.8488559723
150.811261747	1008.2644043	39.0254974365	30.8488559723
150.811261747	1008.2644043	39.0254974365	30.8488559723
150.811261748	1008.2644043	39.0254974365	30.8488559723
150.811261748	1008.2644043	39.0254974365	30.8488559723
150.811261748	1008.2644043	39.0254974365	30.8488559723
150.811261748	1008.2644043	39.0254974365	30.8488559723
150.811261748	1008.2644043	39.0254974365	30.8488559723
150.811261749	1008.2644043	39.0254974365	30.8488559723
150.811261749	1008.2644043	39.0254974365	30.8488559723
150.811261749	1008.2644043	39.0254974365	30.8488559723
150.811261749	1008.2644043	39.0254974365	30.8488559723
150.81126175	1008.2644043	39.0254974365	30.8488559723
150.81126175	1008.2644043	39.0254974365	30.8488559723
150.81126175	1008.2644043	39.0254974365	30.8488559723
150.81126175	1008.2644043	39.0254974365	30.8488559723
150.811261751	1008.2644043	39.0254974365	30.8488559723
150.811261751	1008.2644043	39.0254974365	30.8488559723
150.811261751	1008.2644043	39.0254974365	30.8488559723
150.811261751	1008.2644043	39.0254974365	30.8488559723
150.811261751	1008.2644043	39.0254974365	30.8488559723
150.811261752	1008.2644043	39.0254974365	30.8488559723
150.811261752	1008.2644043	39.0254974365	30.8488559723
150.811261752	1008.2644043	39.0254974365	30.8488559723
150.811261752	1008.2644043	39.0254974365	30.8488559723
150.811261753	1008.2644043	39.0254974365	30.8488559723
150.811261753	1008.2668457	39.0254974365	30.7241821289
150.811261753	1008.2668457	38.5616035461	30.7241821289
150.811261754	1008.2668457	38.5616035461	30.7241821289
150.811261754	1008.2668457	38.5616035461	30.7241821289
150.811261754	1008.2668457	38.5616035461	30.7241821289
150.811261754	1008.2668457	38.5616035461	30.7241821289
150.811261754	1008.2668457	38.5616035461	30.7241821289
150.811261755	1008.2668457	38.5616035461	30.7241821289
150.811261755	1008.2668457	38.5616035461	30.7241821289
150.811261755	1008.2668457	38.5616035461	30.7241821289
150.811261755	1008.2668457	38.5616035461	30.7241821289
150.811261756	1008.2668457	38.5616035461	30.7241821289
150.811261756	1008.2668457	38.5616035461	30.7241821289
150.811261756	1008.2668457	38.5616035461	30.7241821289
150.811261756	1008.2668457	38.5616035461	30.7241821289
150.811261756	1008.2668457	38.5616035461	30.7241821289
150.811261757	1008.2668457	38.5616035461	30.7241821289
150.811261757	1008.27050781	38.5616035461	30.7241821289
150.811261757	1008.27050781	38.5616035461	30.7241821289
150.811261758	1008.27050781	38.5616035461	30.7241821289
150.811261758	1008.27050781	38.5616035461	30.7241821289
150.811261758	1008.27050781	38.5616035461	30.7241821289
150.811261758	1008.27050781	38.5616035461	30.7241821289
150.811261758	1008.27050781	38.5616035461	30.7241821289
150.811261759	1008.27050781	38.5616035461	30.7241821289
150.811261759	1008.27050781	38.5616035461	30.7241821289
150.811261759	1008.27050781	38.5616035461	30.7241821289
150.811261759	1008.27050781	38.5616035461	30.7241821289
150.81126176	1008.27050781	38.5616035461	30.7241821289
150.81126176	1008.27050781	38.5616035461	30.7241821289
150.81126176	1008.27050781	38.5616035461	30.7241821289
150.81126176	1008.27050781	38.5616035461	30.7241821289
150.81126176	1008.27050781	38.5616035461	30.7241821289
150.811261761	1008.27050781	38.5616035461	30.7241821289
150.811261761	1008.27050781	41.2796363831	30.7241821289
150.811261761	1008.27246094	41.2796363831	30.7241821289
150.811261762	1008.27246094	41.2796363831	30.7241821289
150.811261762	1008.27246094	41.2796363831	30.7241821289
150.811261762	1008.27246094	41.2796363831	30.7241821289
150.811261762	1008.27246094	41.2796363831	30.7241821289
150.811261763	1008.27246094	41.2796363831	30.7241821289
150.811261763	1008.27246094	41.2796363831	30.7241821289
150.811261763	1008.27246094	41.2796363831	30.7241821289
150.811261763	1008.27246094	41.2796363831	30.7241821289
150.811261763	1008.27246094	41.2796363831	30.7241821289
150.811261764	1008.27246094	41.2796363831	30.7241821289
150.811261764	1008.27246094	41.2796363831	30.7241821289
150.811261764	1008.27246094	41.2796363831	30.7241821289
150.811261764	1008.27246094	41.2796363831	30.7241821289
150.811261765	1008.27246094	41.2796363831	30.7241821289
150.811261765	1008.27246094	41.2796363831	30.7241821289
150.811261765	1008.27246094	41.2796363831	30.7241821289
150.811261765	1008.27172852	41.2796363831	30.7241821289
150.811261766	1008.27172852	41.2796363831	30.7241821289
150.811261766	1008.27172852	41.2796363831	30.7241821289
150.811261766	1008.27172852	41.2796363831	30.7241821289
150.811261766	1008.27172852	41.2796363831	30.7241821289
150.811261767	1008.27172852	41.2796363831	30.7241821289
150.811261767	1008.27172852	41.2796363831	30.7241821289
150.811261767	1008.27172852	41.2796363831	30.7241821289
150.811261767	1008.27172852	41.2796363831	30.7241821289
150.811261767	1008.27172852	41.2796363831	30.7241821289
150.811261768	1008.27172852	41.2796363831	30.7241821289
150.811261768	1008.27172852	41.2796363831	30.7241821289
150.811261768	1008.27172852	41.2796363831	30.7241821289
150.811261768	1008.27172852	41.2796363831	30.7241821289
150.811261769	1008.27172852	41.2796363831	30.8132362366
150.811261769	1008.27172852	41.8350028992	30.8132362366
150.811261769	1008.27172852	41.8350028992	30.8132362366
150.811261769	1008.26782227	41.8350028992	30.8132362366
150.81126177	1008.26782227	41.8350028992	30.8132362366
150.81126177	1008.26782227	41.8350028992	30.8132362366
150.81126177	1008.26782227	41.8350028992	30.8132362366
150.81126177	1008.26782227	41.8350028992	30.8132362366
150.811261771	1008.26782227	41.8350028992	30.8132362366
150.811261771	1008.26782227	41.8350028992	30.8132362366
150.811261771	1008.26782227	41.8350028992	30.8132362366
150.811261771	1008.26782227	41.8350028992	30.8132362366
150.811261772	1008.26782227	41.8350028992	30.8132362366
150.811261772	1008.26782227	41.8350028992	30.8132362366
150.811261772	1008.26782227	41.8350028992	30.8132362366
150.811261772	1008.26782227	41.8350028992	30.8132362366
150.811261772	1008.26782227	41.8350028992	30.8132362366
150.811261773	1008.26782227	41.8350028992	30.8132362366
150.811261773	1008.26782227	41.8350028992	30.8132362366
150.811261773	1008.26782227	41.8350028992	30.8132362366
150.811261773	1008.265625	41.8350028992	30.8132362366
150.811261774	1008.265625	41.8350028992	30.8132362366
150.811261774	1008.265625	41.8350028992	30.8132362366
150.811261774	1008.265625	41.8350028992	30.8132362366
150.811261774	1008.265625	41.8350028992	30.8132362366
150.811261775	1008.265625	41.8350028992	30.8132362366
150.811262651	1009.08886719	38.0657157898	31.0905570984
150.811262652	1009.0847168	38.0657157898	31.0905570984
150.811262652	1009.0847168	38.0657157898	31.0905570984
150.811262652	1009.0847168	38.0657157898	31.0905570984
150.811262653	1009.0847168	38.0657157898	31.0905570984
150.811262653	1009.0847168	38.0657157898	31.0905570984
150.811262653	1009.0847168	38.0657157898	31.0905570984
150.811262653	1009.0847168	38.0657157898	31.0905570984
150.811262653	1009.0847168	38.9837112427	31.1271839142
150.811262655	1009.0847168	38.9837112427	31.1271839142
150.811262655	1009.0847168	38.9837112427	31.1271839142
150.811262655	1009.0847168	38.9837112427	31.1271839142
150.811262655	1009.0847168	38.9837112427	31.1271839142
150.811262656	1009.0847168	38.9837112427	31.1271839142
150.811262656	1009.0847168	38.9837112427	31.1271839142
150.811262656	1009.08325195	38.9837112427	31.1271839142
150.811262656	1009.08325195	38.9837112427	31.1271839142
150.811262656	1009.08325195	38.9837112427	31.1271839142
150.811262656	1009.08325195	38.9837112427	31.1271839142
150.811262657	1009.08325195	38.9837112427	31.1271839142
150.811262657	1009.08325195	38.9837112427	31.1271839142
150.811262657	1009.08325195	38.9837112427	31.1271839142
150.811262657	1009.08325195	38.9837112427	31.1271839142
150.811262657	1009.08325195	38.9837112427	31.1271839142
150.811262657	1009.08325195	38.9837112427	31.1271839142
150.811262657	1009.08325195	38.9837112427	31.1271839142
150.811262658	1009.08325195	38.9837112427	31.1271839142
150.811262658	1009.08325195	38.9837112427	31.1271839142
150.811262658	1009.08325195	38.9837112427	31.1271839142
150.811262658	1009.08325195	38.9837112427	31.1271839142
150.811262658	1009.08325195	38.9837112427	31.1271839142
150.811262658	1009.08325195	38.9837112427	31.1271839142
150.811262658	1009.08325195	38.9837112427	31.1271839142
150.811262658	1009.08325195	38.9837112427	31.1271839142
150.811262659	1009.08325195	38.9837112427	31.1271839142
150.811262659	1009.08325195	38.9837112427	31.1271839142
150.811262659	1009.08325195	38.9837112427	31.1271839142
150.811262659	1009.08325195	38.9837112427	31.1271839142
150.811262659	1009.08325195	38.9837112427	31.1271839142
150.811262659	1009.08325195	38.9837112427	31.1271839142
150.811262659	1009.08325195	38.9837112427	31.1271839142
150.81126266	1009.08325195	38.9837112427	31.1271839142
150.81126266	1009.08325195	38.9837112427	31.1271839142
150.81126266	1009.08325195	38.9837112427	31.1271839142
150.81126266	1009.07958984	38.9837112427	31.1271839142
150.81126266	1009.07958984	38.9837112427	31.1271839142
150.81126266	1009.07958984	38.9837112427	31.1271839142
150.81126266	1009.07958984	38.9837112427	31.1271839142
150.811262661	1009.07958984	38.9837112427	31.1271839142
150.811262661	1009.07958984	38.9837112427	31.1271839142
150.811262661	1009.07958984	38.9837112427	31.1271839142
150.811262661	1009.07958984	38.9837112427	31.1271839142
150.811262661	1009.07958984	38.9837112427	31.1271839142
150.811262661	1009.07958984	38.9837112427	31.1271839142
150.811262661	1009.07958984	38.9837112427	31.1271839142
150.811262662	1009.07958984	38.9837112427	31.1271839142
150.811262662	1009.07958984	38.9837112427	31.1271839142
150.811262662	1009.07958984	38.9837112427	31.1271839142
150.811262662	1009.07958984	38.9837112427	31.1271839142
150.811262662	1009.07958984	38.9837112427	31.2004356384
150.811262662	1009.07958984	38.9837112427	31.2004356384
150.811262662	1009.07958984	39.0540542603	31.2004356384
150.811262663	1009.07958984	39.0540542603	31.2004356384
150.811262663	1009.07958984	39.0540542603	31.2004356384
150.811262663	1009.07958984	39.0540542603	31.2004356384
150.811262663	1009.07958984	39.0540542603	31.2004356384
150.811262663	1009.07958984	39.0540542603	31.2004356384
150.811262663	1009.07958984	39.0540542603	31.2004356384
150.811262663	1009.07958984	39.0540542603	31.2004356384
150.811262664	1009.07958984	39.0540542603	31.2004356384
150.811262664	1009.07958984	39.0540542603	31.2004356384
150.811262664	1009.07958984	39.0540542603	31.2004356384
150.811262664	1009.07958984	39.0540542603	31.2004356384
150.811262664	1009.08129883	39.0540542603	31.2004356384
150.811262664	1009.08129883	39.0540542603	31.2004356384
150.811262665	1009.08129883	39.0540542603	31.2004356384
150.811262665	1009.08129883	39.0540542603	31.2004356384
150.811262665	1009.08129883	39.0540542603	31.2004356384
150.811262665	1009.08129883	39.0540542603	31.2004356384
150.811262665	1009.08129883	39.0540542603	31.2004356384
150.811262665	1009.08129883	39.0540542603	31.2004356384
150.811262665	1009.08129883	39.0540542603	31.2004356384
150.811262665	1009.08129883	39.0540542603	31.2004356384
150.811262666	1009.08129883	39.0540542603	31.2004356384
150.811262666	1009.08129883	39.0540542603	31.2004356384
150.811262666	1009.08129883	39.0540542603	31.2004356384
150.811262666	1009.08129883	39.0540542603	31.2004356384
150.811262666	1009.08129883	39.0540542603	31.2004356384
150.811262666	1009.08129883	39.0540542603	31.2004356384
150.811262666	1009.08129883	39.0540542603	31.2004356384
150.811262667	1009.08129883	39.0540542603	31.2004356384
150.811262667	1009.08129883	39.0540542603	31.2004356384
150.811262667	1009.08129883	39.0540542603	31.2004356384
150.811262667	1009.08129883	39.0540542603	31.2004356384
150.811262667	1009.08129883	39.0540542603	31.2004356384
150.811262667	1009.08129883	39.0540542603	31.2004356384
150.811262667	1009.08129883	39.0540542603	31.2004356384
150.811262668	1009.08129883	39.0540542603	31.2004356384
150.811262668	1009.08129883	39.0540542603	31.2004356384
150.811262668	1009.08129883	39.0540542603	31.2004356384
150.811262668	1009.08129883	39.0540542603	31.2004356384
150.811262668	1009.08129883	39.0540542603	31.2004356384
150.811262668	1009.07495117	39.0540542603	31.2004356384
150.811262668	1009.07495117	39.0540542603	31.2004356384
150.811262669	1009.07495117	39.0540542603	31.2004356384
150.811262669	1009.07495117	39.0540542603	31.2004356384
150.811262669	1009.07495117	39.0540542603	31.2004356384
150.811262669	1009.07495117	39.0540542603	31.2004356384
150.811262669	1009.07495117	39.0540542603	31.2004356384
150.811262669	1009.07495117	39.0540542603	31.2004356384
150.811262669	1009.07495117	39.0540542603	31.2004356384
150.81126267	1009.07495117	39.0540542603	31.2004356384
150.81126267	1009.07495117	39.0540542603	31.2004356384
150.81126267	1009.07495117	39.0540542603	31.2004356384
150.81126267	1009.07495117	39.0540542603	31.2004356384
150.81126267	1009.07495117	39.0540542603	31.2004356384
150.81126267	1009.07495117	39.0540542603	31.1821231842
150.81126267	1009.07495117	39.0540542603	31.1821231842
150.811262671	1009.07495117	38.5264701843	31.1821231842
150.811262671	1009.07495117	38.5264701843	31.1821231842
150.811262671	1009.07495117	38.5264701843	31.1821231842
150.811262671	1009.07495117	38.5264701843	31.1821231842
150.811262671	1009.07495117	38.5264701843	31.1821231842
150.811262671	1009.07495117	38.5264701843	31.1821231842
150.811262671	1009.07495117	38.5264701843	31.1821231842
150.811262672	1009.07495117	38.5264701843	31.1821231842
150.811262672	1009.07495117	38.5264701843	31.1821231842
150.811262672	1009.07495117	38.5264701843	31.1821231842
150.811262672	1009.07495117	38.5264701843	31.1821231842
150.811262672	1009.07495117	38.5264701843	31.1821231842
150.811262672	1009.07446289	38.5264701843	31.1821231842
150.811262672	1009.07446289	38.5264701843	31.1821231842
150.811262673	1009.07446289	38.5264701843	31.1821231842
150.811262673	1009.07446289	38.5264701843	31.1821231842
150.811262673	1009.07446289	38.5264701843	31.1821231842
150.811262673	1009.07446289	38.5264701843	31.1821231842
150.811262673	1009.07446289	38.5264701843	31.1821231842
150.811262673	1009.07446289	38.5264701843	31.1821231842
150.811262673	1009.07446289	38.5264701843	31.1821231842
150.811262674	1009.07446289	38.5264701843	31.1821231842
150.811262674	1009.07446289	38.5264701843	31.1821231842
150.811262674	1009.07446289	38.5264701843	31.1821231842
150.811262674	1009.07446289	38.5264701843	31.1821231842
150.811262674	1009.07446289	38.5264701843	31.1821231842
150.811262674	1009.07446289	38.5264701843	31.1821231842
150.811262674	1009.07446289	38.5264701843	31.1821231842
150.811262675	1009.07446289	38.5264701843	31.1821231842
150.811262675	1009.07446289	38.5264701843	31.1821231842
150.811262675	1009.07446289	38.5264701843	31.1821231842
150.811262675	1009.07446289	38.5264701843	31.1821231842
150.811262675	1009.07446289	38.5264701843	31.1821231842
150.811262675	1009.07446289	38.5264701843	31.1821231842
150.811262675	1009.07446289	38.5264701843	31.1821231842
150.811262675	1009.07446289	38.5264701843	31.1821231842
150.811262676	1009.07446289	38.5264701843	31.1821231842
150.811262676	1009.07446289	38.5264701843	31.1821231842
150.811262676	1009.07446289	38.5264701843	31.1821231842
150.811262676	1009.07446289	38.5264701843	31.1821231842
150.811262676	1009.07446289	38.5264701843	31.1821231842
150.811262676	1009.06958008	38.5264701843	31.1821231842
150.811262677	1009.06958008	38.5264701843	31.1821231842
150.811262677	1009.06958008	38.5264701843	31.1821231842
150.811262677	1009.06958008	38.5264701843	31.1821231842
150.811262677	1009.06958008	38.5264701843	31.1821231842
150.811262677	1009.06958008	38.5264701843	31.1821231842
150.811262677	1009.06958008	38.5264701843	31.1821231842
150.811262677	1009.06958008	38.5264701843	31.1821231842
150.811262678	1009.06958008	38.5264701843	31.1821231842
150.811262678	1009.06958008	38.5264701843	31.1821231842
150.811262678	1009.06958008	38.5264701843	31.1821231842
150.811262678	1009.06958008	38.5264701843	31.1821231842
150.811262678	1009.06958008	38.5264701843	31.1821231842
150.811262678	1009.06958008	38.5264701843	31.1821231842
150.811262678	1009.06958008	38.5264701843	31.27368927
150.811262679	1009.06958008	38.5264701843	31.27368927
150.811262679	1009.06958008	37.7948913574	31.27368927
150.811262679	1009.06958008	37.7948913574	31.27368927
150.811262679	1009.06958008	37.7948913574	31.27368927
150.811262679	1009.06958008	37.7948913574	31.27368927
150.811262679	1009.06958008	37.7948913574	31.27368927
150.811262679	1009.06958008	37.7948913574	31.27368927
150.81126268	1009.06958008	37.7948913574	31.27368927
150.81126268	1009.06958008	37.7948913574	31.27368927
150.81126268	1009.06958008	37.7948913574	31.27368927
150.81126268	1009.06958008	37.7948913574	31.27368927
150.81126268	1009.06958008	37.7948913574	31.27368927
150.81126268	1009.06958008	37.7948913574	31.27368927
150.81126268	1009.07202148	37.7948913574	31.27368927
150.811262681	1009.07202148	37.7948913574	31.27368927
150.811262681	1009.07202148	37.7948913574	31.27368927
150.811262681	1009.07202148	37.7948913574	31.27368927
150.811262681	1009.07202148	37.7948913574	31.27368927
150.811262681	1009.07202148	37.7948913574	31.27368927
150.811262681	1009.07202148	37.7948913574	31.27368927
150.811262681	1009.07202148	37.7948913574	31.27368927
150.811262682	1009.07202148	37.7948913574	31.27368927
150.811262682	1009.07202148	37.7948913574	31.27368927
150.811262682	1009.07202148	37.7948913574	31.27368927
150.811262682	1009.07202148	37.7948913574	31.27368927
150.811262682	1009.07202148	37.7948913574	31.27368927
150.811262682	1009.07202148	37.7948913574	31.27368927
150.811262682	1009.07202148	37.7948913574	31.27368927
150.811262683	1009.07202148	37.7948913574	31.27368927
150.811262683	1009.07202148	37.7948913574	31.27368927
150.811262683	1009.07202148	37.7948913574	31.27368927
150.811262683	1009.07202148	37.7948913574	31.27368927
150.811262683	1009.07202148	37.7948913574	31.27368927
150.811262683	1009.07202148	37.7948913574	31.27368927
150.811262683	1009.07202148	37.7948913574	31.27368927
150.811262683	1009.07202148	37.7948913574	31.27368927
150.811262684	1009.07202148	37.7948913574	31.27368927
150.811262684	1009.07202148	37.7948913574	31.27368927
150.811262684	1009.07202148	37.7948913574	31.27368927
150.811262684	1009.07202148	37.7948913574	31.27368927
150.811262684	1009.07202148	37.7948913574	31.27368927
150.811262684	1009.07202148	37.7948913574	31.27368927
150.811262684	1009.07250977	37.7948913574	31.27368927
150.811262685	1009.07250977	37.7948913574	31.27368927
150.811262685	1009.07250977	37.7948913574	31.27368927
150.811262685	1009.07250977	37.7948913574	31.27368927
150.811262685	1009.07250977	37.7948913574	31.27368927
150.811262685	1009.07250977	37.7948913574	31.27368927
150.811262685	1009.07250977	37.7948913574	31.27368927
150.811262686	1009.07250977	37.7948913574	31.27368927
150.811262686	1009.07250977	37.7948913574	31.27368927
150.811262686	1009.07250977	37.7948913574	31.27368927
150.811262686	1009.07250977	37.7948913574	31.27368927
150.811262686	1009.07250977	37.7948913574	31.27368927
150.811262686	1009.07250977	37.7948913574	31.27368927
150.811262686	1009.07250977	37.7948913574	31.2004356384
150.811262687	1009.07250977	37.7948913574	31.2004356384
150.811262687	1009.07250977	35.6704940796	31.2004356384
150.811262687	1009.07250977	35.6704940796	31.2004356384
150.811262687	1009.07250977	35.6704940796	31.2004356384
150.811262687	1009.07250977	35.6704940796	31.2004356384
150.811262687	1009.07250977	35.6704940796	31.2004356384
150.811262687	1009.07250977	35.6704940796	31.2004356384
150.811262688	1009.07250977	35.6704940796	31.2004356384
150.811262688	1009.07250977	35.6704940796	31.2004356384
150.811262688	1009.07250977	35.6704940796	31.2004356384
150.811262688	1009.07250977	35.6704940796	31.2004356384
150.811262688	1009.07250977	35.6704940796	31.2004356384
150.811262688	1009.07250977	35.6704940796	31.2004356384
150.811262688	1009.07250977	35.6704940796	31.2004356384
150.811262688	1009.07250977	35.6704940796	31.2004356384
150.811262689	1009.07104492	35.6704940796	31.2004356384
150.811262689	1009.07104492	35.6704940796	31.2004356384
150.811262689	1009.07104492	35.6704940796	31.2004356384
150.811262689	1009.07104492	35.6704940796	31.2004356384
150.811262689	1009.07104492	35.6704940796	31.2004356384
150.811262689	1009.07104492	35.6704940796	31.2004356384
150.81126269	1009.07104492	35.6704940796	31.2004356384
150.81126269	1009.07104492	35.6704940796	31.2004356384
150.81126269	1009.07104492	35.6704940796	31.2004356384
150.81126269	1009.07104492	35.6704940796	31.2004356384
150.81126269	1009.07104492	35.6704940796	31.2004356384
150.81126269	1009.07104492	35.6704940796	31.2004356384
150.81126269	1009.07104492	35.6704940796	31.2004356384
150.811262691	1009.07104492	35.6704940796	31.2004356384
150.811262691	1009.07104492	35.6704940796	31.2004356384
150.811262691	1009.07104492	35.6704940796	31.2004356384
150.811262691	1009.07104492	35.6704940796	31.2004356384
150.811262691	1009.07104492	35.6704940796	31.2004356384
150.811262691	1009.07104492	35.6704940796	31.2004356384
150.811262691	1009.07104492	35.6704940796	31.2004356384
150.811262691	1009.07104492	35.6704940796	31.2004356384
150.811262692	1009.07104492	35.6704940796	31.2004356384
150.811262692	1009.07104492	35.6704940796	31.2004356384
150.811262692	1009.07104492	35.6704940796	31.2004356384
150.811262692	1009.07104492	35.6704940796	31.2004356384
150.811262692	1009.07104492	35.6704940796	31.2004356384
150.811262692	1009.07104492	35.6704940796	31.2004356384
150.811262692	1009.07104492	35.6704940796	31.2004356384
150.811262693	1009.07104492	35.6704940796	31.2004356384
150.811262693	1009.07324219	35.6704940796	31.2004356384
150.811262693	1009.07324219	35.6704940796	31.2004356384
150.811262693	1009.07324219	35.6704940796	31.2004356384
150.811262693	1009.07324219	35.6704940796	31.2004356384
150.811262693	1009.07324219	35.6704940796	31.2004356384
150.811262693	1009.07324219	35.6704940796	31.2004356384
150.811262694	1009.07324219	35.6704940796	31.2004356384
150.811262694	1009.07324219	35.6704940796	31.2004356384
150.811262694	1009.07324219	35.6704940796	31.2004356384
150.811262694	1009.07324219	35.6704940796	31.2004356384
150.811262694	1009.07324219	35.6704940796	31.2004356384
150.811262694	1009.07324219	35.6704940796	31.2004356384
150.811262694	1009.07324219	35.6704940796	31.21875
150.811262695	1009.07324219	35.6704940796	31.21875
150.811262695	1009.07324219	40.063495636	31.21875
150.811262695	1009.07324219	40.063495636	31.21875
150.811262695	1009.07324219	40.063495636	31.21875
150.811262695	1009.07324219	40.063495636	31.21875
150.811262695	1009.07324219	40.063495636	31.21875
150.811262695	1009.07324219	40.063495636	31.21875
150.811262696	1009.07324219	40.063495636	31.21875
150.811262696	1009.07324219	40.063495636	31.21875
150.811262696	1009.07324219	40.063495636	31.21875
150.811262696	1009.07324219	40.063495636	31.21875
150.811262696	1009.07324219	40.063495636	31.21875
150.811262696	1009.07324219	40.063495636	31.21875
150.811262696	1009.07324219	40.063495636	31.21875
150.811262697	1009.07324219	40.063495636	31.21875
150.811262697	1009.07519531	40.063495636	31.21875
150.811262697	1009.07519531	40.063495636	31.21875
150.811262697	1009.07519531	40.063495636	31.21875
150.811262697	1009.07519531	40.063495636	31.21875
150.811262698	1009.07519531	40.063495636	31.21875
150.811262698	1009.07519531	40.063495636	31.21875
150.811262698	1009.07519531	40.063495636	31.21875
150.811262698	1009.07519531	40.063495636	31.21875
150.811262698	1009.07519531	40.063495636	31.21875
150.811262698	1009.07519531	40.063495636	31.21875
150.811262698	1009.07519531	40.063495636	31.21875
150.811262699	1009.07519531	40.063495636	31.21875
150.811262699	1009.07519531	40.063495636	31.21875
150.811262699	1009.07519531	40.063495636	31.21875
150.811262699	1009.07519531	40.063495636	31.21875
150.811262699	1009.07519531	40.063495636	31.21875
150.811262699	1009.07519531	40.063495636	31.21875
150.811262699	1009.07519531	40.063495636	31.21875
150.8112627	1009.07519531	40.063495636	31.21875
150.8112627	1009.07519531	40.063495636	31.21875
150.8112627	1009.07519531	40.063495636	31.21875
150.8112627	1009.07519531	40.063495636	31.21875
150.8112627	1009.07519531	40.063495636	31.21875
150.8112627	1009.07519531	40.063495636	31.21875
150.8112627	1009.07519531	40.063495636	31.21875
150.8112627	1009.07519531	40.063495636	31.21875
150.811262701	1009.07519531	40.063495636	31.21875
150.811262701	1009.07592773	40.063495636	31.21875
150.811262701	1009.07592773	40.063495636	31.21875
150.811262701	1009.07592773	40.063495636	31.21875
150.811262701	1009.07592773	40.063495636	31.21875
150.811262701	1009.07592773	40.063495636	31.21875
150.811262702	1009.07592773	40.063495636	31.21875
150.811262702	1009.07592773	40.063495636	31.21875
150.811262702	1009.07592773	40.063495636	31.21875
150.811262702	1009.07592773	40.063495636	31.21875
150.811262702	1009.07592773	40.063495636	31.21875
150.811262702	1009.07592773	40.063495636	31.21875
150.811262702	1009.07592773	40.063495636	31.21875
150.811262702	1009.07592773	40.063495636	31.2370624542
150.811262703	1009.07592773	40.063495636	31.2370624542
150.811262703	1009.07592773	37.8757858276	31.2370624542
150.811262703	1009.07592773	37.8757858276	31.2370624542
150.811262703	1009.07592773	37.8757858276	31.2370624542
150.811262703	1009.07592773	37.8757858276	31.2370624542
150.811262703	1009.07592773	37.8757858276	31.2370624542
150.811262704	1009.07592773	37.8757858276	31.2370624542
150.811262704	1009.07592773	37.8757858276	31.2370624542
150.811262704	1009.07592773	37.8757858276	31.2370624542
150.811262704	1009.07592773	37.8757858276	31.2370624542
150.811262704	1009.07592773	37.8757858276	31.2370624542
150.811262704	1009.07592773	37.8757858276	31.2370624542
150.811262704	1009.07592773	37.8757858276	31.2370624542
150.811262704	1009.07592773	37.8757858276	31.2370624542
150.811262705	1009.07592773	37.8757858276	31.2370624542
150.811262705	1009.07592773	37.8757858276	31.2370624542
150.811262705	1009.07348633	37.8757858276	31.2370624542
150.811262705	1009.07348633	37.8757858276	31.2370624542
150.811262705	1009.07348633	37.8757858276	31.2370624542
150.811262705	1009.07348633	37.8757858276	31.2370624542
150.811262706	1009.07348633	37.8757858276	31.2370624542
150.811262706	1009.07348633	37.8757858276	31.2370624542
150.811262706	1009.07348633	37.8757858276	31.2370624542
150.811262706	1009.07348633	37.8757858276	31.2370624542
150.811262706	1009.07348633	37.8757858276	31.2370624542
150.811262706	1009.07348633	37.8757858276	31.2370624542
150.811262706	1009.07348633	37.8757858276	31.2370624542
150.811262707	1009.07348633	37.8757858276	31.2370624542
150.811262707	1009.07348633	37.8757858276	31.2370624542
150.811262707	1009.07348633	37.8757858276	31.2370624542
150.811262707	1009.07348633	37.8757858276	31.2370624542
150.811262707	1009.07348633	37.8757858276	31.2370624542
150.811262707	1009.07348633	37.8757858276	31.2370624542
150.811262707	1009.07348633	37.8757858276	31.2370624542
150.811262707	1009.07348633	37.8757858276	31.2370624542
150.811262708	1009.07348633	37.8757858276	31.2370624542
150.811262708	1009.07348633	37.8757858276	31.2370624542
150.811262708	1009.07348633	37.8757858276	31.2370624542
150.811262708	1009.07348633	37.8757858276	31.2370624542
150.811262708	1009.07348633	37.8757858276	31.2370624542
150.811262708	1009.07348633	37.8757858276	31.2370624542
150.811262708	1009.07348633	37.8757858276	31.2370624542
150.811262709	1009.07348633	37.8757858276	31.2370624542
150.811262709	1009.07348633	37.8757858276	31.2370624542
150.811262709	1009.07348633	37.8757858276	31.2370624542
150.811262709	1009.07299805	37.8757858276	31.2370624542
150.811262709	1009.07299805	37.8757858276	31.2370624542
150.811262709	1009.07299805	37.8757858276	31.2370624542
150.811262709	1009.07299805	37.8757858276	31.2370624542
150.81126271	1009.07299805	37.8757858276	31.2370624542
150.81126271	1009.07299805	37.8757858276	31.2370624542
150.81126271	1009.07299805	37.8757858276	31.2370624542
150.81126271	1009.07299805	37.8757858276	31.2370624542
150.81126271	1009.07299805	37.8757858276	31.2370624542
150.81126271	1009.07299805	37.8757858276	31.2370624542
150.81126271	1009.07299805	37.8757858276	31.16381073
150.811262711	1009.07299805	37.8757858276	31.16381073
150.811262711	1009.07299805	38.9028129578	31.16381073
150.811262711	1009.07299805	38.9028129578	31.16381073
150.811262711	1009.07299805	38.9028129578	31.16381073
150.811262711	1009.07299805	38.9028129578	31.16381073
150.811262711	1009.07299805	38.9028129578	31.16381073
150.811262712	1009.07299805	38.9028129578	31.16381073
150.811262712	1009.07299805	38.9028129578	31.16381073
150.811262712	1009.07299805	38.9028129578	31.16381073
150.811262712	1009.07299805	38.9028129578	31.16381073
150.811262713	1009.07299805	38.9028129578	31.16381073
150.811262713	1009.07299805	38.9028129578	31.16381073
150.811262713	1009.07299805	38.9028129578	31.16381073
150.811262713	1009.07495117	38.9028129578	31.16381073
150.811262713	1009.07495117	38.9028129578	31.16381073
150.811262713	1009.07495117	38.9028129578	31.16381073
150.811262714	1009.07495117	38.9028129578	31.16381073
150.811262714	1009.07495117	38.9028129578	31.16381073
150.811262714	1009.07495117	38.9028129578	31.16381073
150.811262714	1009.07495117	38.9028129578	31.16381073
150.811262714	1009.07495117	38.9028129578	31.16381073
150.811262714	1009.07495117	38.9028129578	31.16381073
150.811262715	1009.07495117	38.9028129578	31.16381073
150.811262715	1009.07495117	38.9028129578	31.16381073
150.811262715	1009.07495117	38.9028129578	31.16381073
150.811262715	1009.07495117	38.9028129578	31.16381073
150.811262715	1009.07495117	38.9028129578	31.16381073
150.811262715	1009.07495117	38.9028129578	31.16381073
150.811262715	1009.07495117	38.9028129578	31.16381073
150.811262715	1009.07495117	38.9028129578	31.16381073
150.811262716	1009.07495117	38.9028129578	31.16381073
150.811262716	1009.07495117	38.9028129578	31.16381073
150.811262716	1009.07495117	38.9028129578	31.16381073
150.811262716	1009.07495117	38.9028129578	31.16381073
150.811262716	1009.07495117	38.9028129578	31.16381073
150.811262716	1009.07495117	38.9028129578	31.16381073
150.811262716	1009.07495117	38.9028129578	31.16381073
150.811262717	1009.07495117	38.9028129578	31.16381073
150.811262717	1009.07495117	38.9028129578	31.16381073
150.811262717	1009.07495117	38.9028129578	31.16381073
150.811262717	1009.07641602	38.9028129578	31.16381073
150.811262717	1009.07641602	38.9028129578	31.16381073
150.811262718	1009.07641602	38.9028129578	31.16381073
150.811262718	1009.07641602	38.9028129578	31.16381073
150.811262718	1009.07641602	38.9028129578	31.16381073
150.811262718	1009.07641602	38.9028129578	31.16381073
150.811262718	1009.07641602	38.9028129578	31.16381073
150.811262718	1009.07641602	38.9028129578	31.16381073
150.811262718	1009.07641602	38.9028129578	31.16381073
150.811262719	1009.07641602	38.9028129578	31.1271839142
150.811262719	1009.07641602	38.9028129578	31.1271839142
150.811262719	1009.07641602	38.7339859009	31.1271839142
150.811262719	1009.07641602	38.7339859009	31.1271839142
150.811262719	1009.07641602	38.7339859009	31.1271839142
150.811262719	1009.07641602	38.7339859009	31.1271839142
150.81126272	1009.07641602	38.7339859009	31.1271839142
150.81126272	1009.07641602	38.7339859009	31.1271839142
150.81126272	1009.07641602	38.7339859009	31.1271839142
150.81126272	1009.07641602	38.7339859009	31.1271839142
150.81126272	1009.07641602	38.7339859009	31.1271839142
150.81126272	1009.07641602	38.7339859009	31.1271839142
150.81126272	1009.07641602	38.7339859009	31.1271839142
150.81126272	1009.07641602	38.7339859009	31.1271839142
150.811262721	1009.07641602	38.7339859009	31.1271839142
150.811262721	1009.07641602	38.7339859009	31.1271839142
150.811262721	1009.07250977	38.7339859009	31.1271839142
150.811262721	1009.07250977	38.7339859009	31.1271839142
150.811262721	1009.07250977	38.7339859009	31.1271839142
150.811262722	1009.07250977	38.7339859009	31.1271839142
150.811262722	1009.07250977	38.7339859009	31.1271839142
150.811262722	1009.07250977	38.7339859009	31.1271839142
150.811262722	1009.07250977	38.7339859009	31.1271839142
150.811262723	1009.07250977	38.7339859009	31.1271839142
150.811262723	1009.07250977	38.7339859009	31.1271839142
150.811262723	1009.07250977	38.7339859009	31.1271839142
150.811262723	1009.07250977	38.7339859009	31.1271839142
150.811262723	1009.07250977	38.7339859009	31.1271839142
150.811262724	1009.07250977	38.7339859009	31.1271839142
150.811262724	1009.07250977	38.7339859009	31.1271839142
150.811262724	1009.07250977	38.7339859009	31.1271839142
150.811262724	1009.07250977	38.7339859009	31.1271839142
150.811262725	1009.07250977	38.7339859009	31.1271839142
150.811262725	1009.07250977	38.7339859009	31.1271839142
150.811262725	1009.07250977	38.7339859009	31.1271839142
150.811262725	1009.07348633	38.7339859009	31.1271839142
150.811262726	1009.07348633	38.7339859009	31.1271839142
150.811262726	1009.07348633	38.7339859009	31.1271839142
150.811262726	1009.07348633	38.7339859009	31.1271839142
150.811262726	1009.07348633	38.7339859009	31.1271839142
150.811262727	1009.07348633	38.7339859009	31.2553749084
150.811262727	1009.07348633	37.4361343384	31.2553749084
150.811262727	1009.07348633	37.4361343384	31.2553749084
150.811262727	1009.07348633	37.4361343384	31.2553749084
150.811262728	1009.07348633	37.4361343384	31.2553749084
150.811262728	1009.07348633	37.4361343384	31.2553749084
150.811262728	1009.07348633	37.4361343384	31.2553749084
150.811262728	1009.07348633	37.4361343384	31.2553749084
150.811262729	1009.07348633	37.4361343384	31.2553749084
150.811262729	1009.07348633	37.4361343384	31.2553749084
150.811262729	1009.07348633	37.4361343384	31.2553749084
150.811262729	1009.07446289	37.4361343384	31.2553749084
150.81126273	1009.07446289	37.4361343384	31.2553749084
150.81126273	1009.07446289	37.4361343384	31.2553749084
150.81126273	1009.07446289	37.4361343384	31.2553749084
150.81126273	1009.07446289	37.4361343384	31.2553749084
150.811262731	1009.07446289	37.4361343384	31.2553749084
150.811262731	1009.07446289	37.4361343384	31.2553749084
150.811262731	1009.07446289	37.4361343384	31.2553749084
150.811262731	1009.07446289	37.4361343384	31.2553749084
150.811262731	1009.07446289	37.4361343384	31.2553749084
150.811262732	1009.07446289	37.4361343384	31.2553749084
150.811262732	1009.07446289	37.4361343384	31.2553749084
150.811262732	1009.07446289	37.4361343384	31.2553749084
150.811262732	1009.07446289	37.4361343384	31.2553749084
150.811262732	1009.07446289	37.4361343384	31.2553749084
150.811262732	1009.07446289	37.4361343384	31.2553749084
150.811262733	1009.07446289	37.4361343384	31.2553749084
150.811262733	1009.07446289	37.4361343384	31.2553749084
150.811262733	1009.07446289	37.4361343384	31.2553749084
150.811262733	1009.07446289	37.4361343384	31.2553749084
150.811262733	1009.07446289	37.4361343384	31.2553749084
150.811262733	1009.07446289	37.4361343384	31.2553749084
150.811262733	1009.07324219	37.4361343384	31.2553749084
150.811262734	1009.07324219	37.4361343384	31.2553749084
150.811262734	1009.07324219	37.4361343384	31.2553749084
150.811262734	1009.07324219	37.4361343384	31.2553749084
150.811262734	1009.07324219	37.4361343384	31.2553749084
150.811262734	1009.07324219	37.4361343384	31.2553749084
150.811262734	1009.07324219	37.4361343384	31.2553749084
150.811262734	1009.07324219	37.4361343384	31.2553749084
150.811262735	1009.07324219	37.4361343384	31.2553749084
150.811262735	1009.07324219	37.4361343384	31.2920036316
150.811262735	1009.07324219	37.7808227539	31.2920036316
150.811262735	1009.07324219	37.7808227539	31.2920036316
150.811262735	1009.07324219	37.7808227539	31.2920036316
150.811262735	1009.07324219	37.7808227539	31.2920036316
150.811262736	1009.07324219	37.7808227539	31.2920036316
150.811262736	1009.07324219	37.7808227539	31.2920036316
150.811262736	1009.07324219	37.7808227539	31.2920036316
150.811262736	1009.07324219	37.7808227539	31.2920036316
150.811262736	1009.07324219	37.7808227539	31.2920036316
150.811262736	1009.07324219	37.7808227539	31.2920036316
150.811262736	1009.07324219	37.7808227539	31.2920036316
150.811262736	1009.07324219	37.7808227539	31.2920036316
150.811262737	1009.07324219	37.7808227539	31.2920036316
150.811262737	1009.07324219	37.7808227539	31.2920036316
150.811262737	1009.07324219	37.7808227539	31.2920036316
150.811262737	1009.07324219	37.7808227539	31.2920036316
150.811262737	1009.07324219	37.7808227539	31.2920036316
150.811262737	1009.07324219	37.7808227539	31.2920036316
150.811262737	1009.07519531	37.7808227539	31.2920036316
150.811262738	1009.07519531	37.7808227539	31.2920036316
150.811262738	1009.07519531	37.7808227539	31.2920036316
150.811262738	1009.07519531	37.7808227539	31.2920036316
150.811262738	1009.07519531	37.7808227539	31.2920036316
150.811262738	1009.07519531	37.7808227539	31.2920036316
150.811262738	1009.07519531	37.7808227539	31.2920036316
150.811262739	1009.07519531	37.7808227539	31.2920036316
150.811262739	1009.07519531	37.7808227539	31.2920036316
150.811262739	1009.07519531	37.7808227539	31.2920036316
150.811262739	1009.07519531	37.7808227539	31.2920036316
150.811262739	1009.07519531	37.7808227539	31.2920036316
150.811262739	1009.07519531	37.7808227539	31.2920036316
150.811262739	1009.07519531	37.7808227539	31.2920036316
150.811262739	1009.07519531	37.7808227539	31.2920036316
150.81126274	1009.07519531	37.7808227539	31.2920036316
150.81126274	1009.07519531	37.7808227539	31.2920036316
150.81126274	1009.07519531	37.7808227539	31.2920036316
150.81126274	1009.07519531	37.7808227539	31.2920036316
150.81126274	1009.07519531	37.7808227539	31.2920036316
150.81126274	1009.07519531	37.7808227539	31.2920036316
150.81126274	1009.07519531	37.7808227539	31.2920036316
150.811262741	1009.07519531	37.7808227539	31.2920036316
150.811262741	1009.07519531	37.7808227539	31.2920036316
150.811262741	1009.07519531	37.7808227539	31.2920036316
150.811262741	1009.07519531	37.7808227539	31.2920036316
150.811262741	1009.07519531	37.7808227539	31.2920036316
150.811262741	1009.07519531	37.7808227539	31.2920036316
150.811262741	1009.07519531	37.7808227539	31.2920036316
150.811262742	1009.07250977	37.7808227539	31.2920036316
150.811262742	1009.07250977	37.7808227539	31.2920036316
150.811262742	1009.07250977	37.7808227539	31.2920036316
150.811262742	1009.07250977	37.7808227539	31.2920036316
150.811262742	1009.07250977	37.7808227539	31.2920036316
150.811262742	1009.07250977	37.7808227539	31.2920036316
150.811262742	1009.07250977	37.7808227539	31.2920036316
150.811262743	1009.07250977	37.7808227539	31.2920036316
150.811262743	1009.07250977	37.7808227539	31.2370624542
150.811262743	1009.07250977	37.7808227539	31.2370624542
150.811262743	1009.07250977	40.7352828979	31.2370624542
150.811262743	1009.07250977	40.7352828979	31.2370624542
150.811262743	1009.07250977	40.7352828979	31.2370624542
150.811262743	1009.07250977	40.7352828979	31.2370624542
150.811262744	1009.07250977	40.7352828979	31.2370624542
150.811262744	1009.07250977	40.7352828979	31.2370624542
150.811262744	1009.07250977	40.7352828979	31.2370624542
150.811262744	1009.07250977	40.7352828979	31.2370624542
150.811262744	1009.07250977	40.7352828979	31.2370624542
150.811262744	1009.07250977	40.7352828979	31.2370624542
150.811262744	1009.07250977	40.7352828979	31.2370624542
150.811262745	1009.07250977	40.7352828979	31.2370624542
150.811262745	1009.07250977	40.7352828979	31.2370624542
150.811262745	1009.07250977	40.7352828979	31.2370624542
150.811262745	1009.07250977	40.7352828979	31.2370624542
150.811262745	1009.07250977	40.7352828979	31.2370624542
150.811262745	1009.07250977	40.7352828979	31.2370624542
150.811262745	1009.07250977	40.7352828979	31.2370624542
150.811262746	1009.07080078	40.7352828979	31.2370624542
150.811262746	1009.07080078	40.7352828979	31.2370624542
150.811262746	1009.07080078	40.7352828979	31.2370624542
150.811262746	1009.07080078	40.7352828979	31.2370624542
150.811262746	1009.07080078	40.7352828979	31.2370624542
150.811262746	1009.07080078	40.7352828979	31.2370624542
150.811262746	1009.07080078	40.7352828979	31.2370624542
150.811262747	1009.07080078	40.7352828979	31.2370624542
150.811262747	1009.07080078	40.7352828979	31.2370624542
150.811262747	1009.07080078	40.7352828979	31.2370624542
150.811262747	1009.07080078	40.7352828979	31.2370624542
150.811262747	1009.07080078	40.7352828979	31.2370624542
150.811262747	1009.07080078	40.7352828979	31.2370624542
150.811262747	1009.07080078	40.7352828979	31.2370624542
150.811262748	1009.07080078	40.7352828979	31.2370624542
150.811262748	1009.07080078	40.7352828979	31.2370624542
150.811262748	1009.07080078	40.7352828979	31.2370624542
150.811262748	1009.07080078	40.7352828979	31.2370624542
150.811262748	1009.07080078	40.7352828979	31.2370624542
150.811262748	1009.07080078	40.7352828979	31.2370624542
150.811262748	1009.07080078	40.7352828979	31.2370624542
150.811262749	1009.07080078	40.7352828979	31.2370624542
150.811262749	1009.07080078	40.7352828979	31.2370624542
150.811262749	1009.07080078	40.7352828979	31.2370624542
150.811262749	1009.07080078	40.7352828979	31.2370624542
150.811262749	1009.07080078	40.7352828979	31.2370624542
150.811262749	1009.07080078	40.7352828979	31.2370624542
150.811262749	1009.07080078	40.7352828979	31.2370624542
150.811262749	1009.07080078	40.7352828979	31.2370624542
150.81126275	1009.06958008	40.7352828979	31.2370624542
150.81126275	1009.06958008	40.7352828979	31.2370624542
150.81126275	1009.06958008	40.7352828979	31.2370624542
150.81126275	1009.06958008	40.7352828979	31.2370624542
150.81126275	1009.06958008	40.7352828979	31.2370624542
150.81126275	1009.06958008	40.7352828979	31.2370624542
150.811262751	1009.06958008	40.7352828979	31.2370624542
150.811262751	1009.06958008	40.7352828979	31.2370624542
150.811262751	1009.06958008	40.7352828979	31.10887146
150.811262751	1009.06958008	40.7352828979	31.10887146
150.811262751	1009.06958008	38.420955658	31.10887146
150.811262751	1009.06958008	38.420955658	31.10887146
150.811262751	1009.06958008	38.420955658	31.10887146
150.811262752	1009.06958008	38.420955658	31.10887146
150.811262752	1009.06958008	38.420955658	31.10887146
150.811262752	1009.06958008	38.420955658	31.10887146
150.811262752	1009.06958008	38.420955658	31.10887146
150.811262752	1009.06958008	38.420955658	31.10887146
150.811262752	1009.06958008	38.420955658	31.10887146
150.811262752	1009.06958008	38.420955658	31.10887146
150.811262753	1009.06958008	38.420955658	31.10887146
150.811262753	1009.06958008	38.420955658	31.10887146
150.811262753	1009.06958008	38.420955658	31.10887146
150.811262753	1009.06958008	38.420955658	31.10887146
150.811262753	1009.06958008	38.420955658	31.10887146
150.811262753	1009.06958008	38.420955658	31.10887146
150.811262753	1009.06958008	38.420955658	31.10887146
150.811262754	1009.06958008	38.420955658	31.10887146
150.811262754	1009.06958008	38.420955658	31.10887146
150.811262754	1009.06958008	38.420955658	31.10887146
150.811262754	1009.06958008	38.420955658	31.10887146
150.811262754	1009.06958008	38.420955658	31.10887146
150.811262754	1009.06958008	38.420955658	31.10887146
150.811262754	1009.06958008	38.420955658	31.10887146
150.811262755	1009.06958008	38.420955658	31.10887146
150.811262755	1009.06958008	38.420955658	31.10887146
150.811262755	1009.06958008	38.420955658	31.10887146
150.811262755	1009.06958008	38.420955658	31.10887146
150.811262755	1009.06958008	38.420955658	31.10887146
150.811262755	1009.06958008	38.420955658	31.10887146
150.811262755	1009.06958008	38.420955658	31.10887146
150.811262756	1009.06958008	38.420955658	31.10887146
150.811262756	1009.06958008	38.420955658	31.10887146
150.811262756	1009.06958008	38.420955658	31.10887146
150.811262756	1009.06958008	38.420955658	31.10887146
150.811262756	1009.06958008	38.420955658	31.10887146
150.811262756	1009.06958008	38.420955658	31.10887146
150.811262756	1009.06958008	38.420955658	31.10887146
150.811262756	1009.06958008	38.420955658	31.10887146
150.811262757	1009.06958008	38.420955658	31.10887146
150.811262757	1009.06958008	38.420955658	31.10887146
150.811262757	1009.06958008	38.420955658	31.10887146
150.811262757	1009.06958008	38.420955658	31.10887146
150.811262757	1009.06958008	38.420955658	31.10887146
150.811262757	1009.06958008	38.420955658	31.10887146
150.811262757	1009.06958008	38.420955658	31.10887146
150.811262758	1009.06958008	38.420955658	31.10887146
150.811262758	1009.06958008	38.420955658	31.10887146
150.811262758	1009.07250977	38.420955658	31.10887146
150.811262758	1009.07250977	38.420955658	31.10887146
150.811262758	1009.07250977	38.420955658	31.10887146
150.811262758	1009.07250977	38.420955658	31.10887146
150.811262759	1009.07250977	38.420955658	31.10887146
150.811262759	1009.07250977	38.420955658	31.10887146
150.811262759	1009.07250977	38.420955658	31.21875
150.811262759	1009.07250977	38.420955658	31.21875
