2.64125128398	1400
time	pressure	humidity	temperature
150.811261303	1007.81640625	40.6067123413	30.5832767487
150.811261304	1007.81640625	40.6067123413	30.5832767487
150.811261304	1007.81640625	40.6067123413	30.5832767487
150.811261305	1007.81640625	40.6067123413	30.5832767487
150.811261305	1007.81640625	40.6067123413	30.5832767487
150.811261305	1007.81640625	40.6067123413	30.6018409729
150.811261305	1007.81689453	39.5438346863	30.6018409729
150.811261306	1007.81689453	39.5438346863	30.6018409729
150.811261306	1007.81689453	39.5438346863	30.6018409729
150.811261306	1007.81689453	39.5438346863	30.6018409729
150.811261307	1007.81689453	39.5438346863	30.6018409729
150.811261307	1007.81689453	39.5438346863	30.6018409729
150.811261307	1007.81689453	39.5438346863	30.6018409729
150.811261307	1007.81689453	39.5438346863	30.6018409729
150.811261308	1007.81689453	39.5438346863	30.6018409729
150.811261308	1007.81689453	39.5438346863	30.6018409729
150.811261308	1007.81689453	39.5438346863	30.6018409729
150.811261308	1007.81689453	39.5438346863	30.6018409729
150.811261308	1007.81689453	39.5438346863	30.6018409729
150.811261309	1007.81689453	39.5438346863	30.6018409729
150.811261309	1007.81689453	39.5438346863	30.6018409729
150.811261309	1007.81689453	39.5438346863	30.6018409729
150.811261309	1007.81469727	39.5438346863	30.6018409729
150.81126131	1007.81469727	39.5438346863	30.6018409729
150.81126131	1007.81469727	39.5438346863	30.6018409729
150.81126131	1007.81469727	39.5438346863	30.6018409729
150.81126131	1007.81469727	39.5438346863	30.6018409729
150.811261311	1007.81469727	39.5438346863	30.6018409729
150.811261311	1007.81469727	39.5438346863	30.6018409729
150.811261311	1007.81469727	39.5438346863	30.6018409729
150.811261311	1007.81469727	39.5438346863	30.6018409729
150.811261312	1007.81469727	39.5438346863	30.6018409729
150.811261312	1007.81469727	39.5438346863	30.6018409729
150.811261312	1007.81469727	39.5438346863	30.6018409729
150.811261312	1007.81469727	39.5438346863	30.6018409729
150.811261312	1007.81469727	39.5438346863	30.6018409729
150.811261313	1007.81469727	39.5438346863	30.6018409729
150.811261313	1007.81469727	39.5438346863	30.6018409729
150.811261313	1007.81469727	39.5438346863	30.6018409729
150.811261313	1007.81103516	39.1372528076	30.6946525574
150.811261314	1007.81103516	39.1372528076	30.6946525574
150.811261314	1007.81103516	39.1372528076	30.6946525574
150.811261314	1007.81103516	39.1372528076	30.6946525574
150.811261315	1007.81103516	39.1372528076	30.6946525574
150.811261315	1007.81103516	39.1372528076	30.6946525574
150.811261315	1007.81103516	39.1372528076	30.6946525574
150.811261315	1007.81103516	39.1372528076	30.6946525574
150.811261315	1007.81103516	39.1372528076	30.6946525574
150.811261316	1007.81103516	39.1372528076	30.6946525574
150.811261316	1007.81103516	39.1372528076	30.6946525574
150.811261316	1007.81103516	39.1372528076	30.6946525574
150.811261316	1007.81103516	39.1372528076	30.6946525574
150.811261317	1007.81103516	39.1372528076	30.6946525574
150.811261317	1007.81103516	39.1372528076	30.6946525574
150.811261317	1007.81103516	39.1372528076	30.6946525574
150.811261317	1007.80737305	39.1372528076	30.6946525574
150.811261318	1007.80737305	39.1372528076	30.6946525574
150.811261318	1007.80737305	39.1372528076	30.6946525574
150.811261318	1007.80737305	39.1372528076	30.6946525574
150.811261318	1007.80737305	39.1372528076	30.6946525574
150.811261318	1007.80737305	39.1372528076	30.6946525574
150.811261319	1007.80737305	39.1372528076	30.6946525574
150.811261319	1007.80737305	39.1372528076	30.6946525574
150.811261319	1007.80737305	39.1372528076	30.6946525574
150.811261319	1007.80737305	39.1372528076	30.6946525574
150.81126132	1007.80737305	39.1372528076	30.6946525574
150.81126132	1007.80737305	39.1372528076	30.6946525574
150.81126132	1007.80737305	39.1372528076	30.6946525574
150.81126132	1007.80737305	39.1372528076	30.6946525574
150.81126132	1007.80737305	39.1372528076	30.6946525574
150.811261321	1007.80737305	39.1372528076	30.6946525574
150.811261321	1007.80737305	39.1372528076	30.6946525574
150.811261321	1007.8046875	39.1372528076	30.6946525574
150.811261322	1007.8046875	38.0487594604	30.6946525574
150.811261322	1007.8046875	38.0487594604	30.6946525574
150.811261322	1007.8046875	38.0487594604	30.6946525574
150.811261322	1007.8046875	38.0487594604	30.6946525574
150.811261323	1007.8046875	38.0487594604	30.6946525574
150.811261323	1007.8046875	38.0487594604	30.6946525574
150.811261323	1007.8046875	38.0487594604	30.6946525574
150.811261323	1007.8046875	38.0487594604	30.6946525574
150.811261323	1007.8046875	38.0487594604	30.6946525574
150.811261324	1007.8046875	38.0487594604	30.6946525574
150.811261324	1007.8046875	38.0487594604	30.6946525574
150.811261324	1007.8046875	38.0487594604	30.6946525574
150.811261324	1007.8046875	38.0487594604	30.6946525574
150.811261325	1007.8046875	38.0487594604	30.6946525574
150.811261325	1007.8046875	38.0487594604	30.6946525574
150.811261325	1007.80493164	38.0487594604	30.6946525574
150.811261325	1007.80493164	38.0487594604	30.6946525574
150.811261326	1007.80493164	38.0487594604	30.6946525574
150.811261326	1007.80493164	38.0487594604	30.6946525574
150.811261326	1007.80493164	38.0487594604	30.6946525574
150.811261326	1007.80493164	38.0487594604	30.6946525574
150.811261327	1007.80493164	38.0487594604	30.6946525574
150.811261327	1007.80493164	38.0487594604	30.6946525574
150.811261327	1007.80493164	38.0487594604	30.6946525574
150.811261327	1007.80493164	38.0487594604	30.6946525574
150.811261327	1007.80493164	38.0487594604	30.6946525574
150.811261328	1007.80493164	38.0487594604	30.6946525574
150.811261328	1007.80493164	38.0487594604	30.6946525574
150.811261328	1007.80493164	38.0487594604	30.6946525574
150.811261328	1007.80493164	38.0487594604	30.6946525574
150.811261329	1007.80493164	38.0487594604	30.6946525574
150.811261329	1007.80493164	38.0487594604	30.6946525574
150.811261329	1007.80419922	38.0487594604	30.6946525574
150.811261329	1007.80419922	38.0487594604	30.5090255737
150.81126133	1007.80419922	41.7368240356	30.5090255737
150.81126133	1007.80419922	41.7368240356	30.5090255737
150.81126133	1007.80419922	41.7368240356	30.5090255737
150.81126133	1007.80419922	41.7368240356	30.5090255737
150.811261331	1007.80419922	41.7368240356	30.5090255737
150.811261331	1007.80419922	41.7368240356	30.5090255737
150.811261331	1007.80419922	41.7368240356	30.5090255737
150.811261331	1007.80419922	41.7368240356	30.5090255737
150.811261332	1007.80419922	41.7368240356	30.5090255737
150.811261332	1007.80419922	41.7368240356	30.5090255737
150.811261332	1007.80419922	41.7368240356	30.5090255737
150.811261332	1007.80419922	41.7368240356	30.5090255737
150.811261332	1007.80419922	41.7368240356	30.5090255737
150.811261333	1007.80419922	41.7368240356	30.5090255737
150.811261333	1007.80493164	41.7368240356	30.5090255737
150.811261333	1007.80493164	41.7368240356	30.5090255737
150.811261334	1007.80493164	41.7368240356	30.5090255737
150.811261334	1007.80493164	41.7368240356	30.5090255737
150.811261334	1007.80493164	41.7368240356	30.5090255737
150.811261334	1007.80493164	41.7368240356	30.5090255737
150.811261334	1007.80493164	41.7368240356	30.5090255737
150.811261335	1007.80493164	41.7368240356	30.5090255737
150.811261335	1007.80493164	41.7368240356	30.5090255737
150.811261335	1007.80493164	41.7368240356	30.5090255737
150.811261335	1007.80493164	41.7368240356	30.5090255737
150.811261336	1007.80493164	41.7368240356	30.5090255737
150.811261336	1007.80493164	41.7368240356	30.5090255737
150.811261336	1007.80493164	41.7368240356	30.5090255737
150.811261336	1007.80493164	41.7368240356	30.5090255737
150.811261336	1007.80493164	41.7368240356	30.5090255737
150.811261337	1007.80493164	41.7368240356	30.5090255737
150.811261337	1007.80883789	41.7368240356	30.5090255737
150.811261337	1007.80883789	41.7368240356	30.5090255737
150.811261337	1007.80883789	41.7368240356	30.7317771912
150.811261338	1007.80883789	39.2845153809	30.7317771912
150.811261338	1007.80883789	39.2845153809	30.7317771912
150.811261338	1007.80883789	39.2845153809	30.7317771912
150.811261339	1007.80883789	39.2845153809	30.7317771912
150.811261339	1007.80883789	39.2845153809	30.7317771912
150.811261339	1007.80883789	39.2845153809	30.7317771912
150.811261339	1007.80883789	39.2845153809	30.7317771912
150.811261339	1007.80883789	39.2845153809	30.7317771912
150.81126134	1007.80883789	39.2845153809	30.7317771912
150.81126134	1007.80883789	39.2845153809	30.7317771912
150.81126134	1007.80883789	39.2845153809	30.7317771912
150.81126134	1007.80883789	39.2845153809	30.7317771912
150.811261341	1007.80883789	39.2845153809	30.7317771912
150.811261341	1007.81054688	39.2845153809	30.7317771912
150.811261341	1007.81054688	39.2845153809	30.7317771912
150.811261341	1007.81054688	39.2845153809	30.7317771912
150.811261342	1007.81054688	39.2845153809	30.7317771912
150.811261342	1007.81054688	39.2845153809	30.7317771912
150.811261342	1007.81054688	39.2845153809	30.7317771912
150.811261342	1007.81054688	39.2845153809	30.7317771912
150.811261342	1007.81054688	39.2845153809	30.7317771912
150.811261343	1007.81054688	39.2845153809	30.7317771912
150.811261343	1007.81054688	39.2845153809	30.7317771912
150.811261343	1007.81054688	39.2845153809	30.7317771912
150.811261343	1007.81054688	39.2845153809	30.7317771912
150.811261344	1007.81054688	39.2845153809	30.7317771912
150.811261344	1007.81054688	39.2845153809	30.7317771912
150.811261344	1007.81054688	39.2845153809	30.7317771912
150.811261344	1007.81054688	39.2845153809	30.7317771912
150.811261344	1007.81054688	39.2845153809	30.7317771912
150.811261345	1007.81323242	39.2845153809	30.7317771912
150.811261345	1007.81323242	39.2845153809	30.7317771912
150.811261345	1007.81323242	39.2845153809	30.7317771912
150.811261346	1007.81323242	39.2845153809	30.6575279236
150.811261346	1007.81323242	40.6323242188	30.6575279236
150.811261346	1007.81323242	40.6323242188	30.6575279236
150.811261346	1007.81323242	40.6323242188	30.6575279236
150.811261347	1007.81323242	40.6323242188	30.6575279236
150.811261347	1007.81323242	40.6323242188	30.6575279236
150.811261347	1007.81323242	40.6323242188	30.6575279236
150.811261347	1007.81323242	40.6323242188	30.6575279236
150.811261347	1007.81323242	40.6323242188	30.6575279236
150.811261348	1007.81323242	40.6323242188	30.6575279236
150.811261348	1007.81323242	40.6323242188	30.6575279236
150.811261348	1007.81323242	40.6323242188	30.6575279236
150.811261348	1007.81323242	40.6323242188	30.6575279236
150.811261349	1007.81665039	40.6323242188	30.6575279236
150.811261349	1007.81665039	40.6323242188	30.6575279236
150.811261349	1007.81665039	40.6323242188	30.6575279236
150.811261349	1007.81665039	40.6323242188	30.6575279236
150.81126135	1007.81665039	40.6323242188	30.6575279236
150.81126135	1007.81665039	40.6323242188	30.6575279236
150.81126135	1007.81665039	40.6323242188	30.6575279236
150.81126135	1007.81665039	40.6323242188	30.6575279236
150.811261351	1007.81665039	40.6323242188	30.6575279236
150.811261351	1007.81665039	40.6323242188	30.6575279236
150.811261351	1007.81665039	40.6323242188	30.6575279236
150.811261351	1007.81665039	40.6323242188	30.6575279236
150.811261351	1007.81665039	40.6323242188	30.6575279236
150.811261352	1007.81665039	40.6323242188	30.6575279236
150.811261352	1007.81665039	40.6323242188	30.6575279236
150.811261352	1007.81665039	40.6323242188	30.6575279236
150.811261352	1007.81665039	40.6323242188	30.6575279236
150.811261353	1007.81665039	40.6323242188	30.6575279236
150.811261353	1007.81665039	40.6323242188	30.6575279236
150.811261353	1007.81665039	40.6323242188	30.6575279236
150.811261353	1007.81665039	40.6323242188	30.6575279236
150.811261354	1007.81665039	40.6323242188	30.6204032898
150.811261354	1007.81665039	42.9533729553	30.6204032898
150.811261354	1007.81665039	42.9533729553	30.6204032898
150.811261354	1007.81665039	42.9533729553	30.6204032898
150.811261355	1007.81665039	42.9533729553	30.6204032898
150.811261355	1007.81665039	42.9533729553	30.6204032898
150.811261355	1007.81665039	42.9533729553	30.6204032898
150.811261355	1007.81665039	42.9533729553	30.6204032898
150.811261356	1007.81665039	42.9533729553	30.6204032898
150.811261356	1007.81665039	42.9533729553	30.6204032898
150.811261356	1007.81665039	42.9533729553	30.6204032898
150.811261356	1007.81665039	42.9533729553	30.6204032898
150.811261356	1007.81323242	42.9533729553	30.6204032898
150.811261357	1007.81323242	42.9533729553	30.6204032898
150.811261357	1007.81323242	42.9533729553	30.6204032898
150.811261357	1007.81323242	42.9533729553	30.6204032898
150.811261358	1007.81323242	42.9533729553	30.6204032898
150.811261358	1007.81323242	42.9533729553	30.6204032898
150.811261358	1007.81323242	42.9533729553	30.6204032898
150.811261358	1007.81323242	42.9533729553	30.6204032898
150.811261358	1007.81323242	42.9533729553	30.6204032898
150.811261359	1007.81323242	42.9533729553	30.6204032898
150.811261359	1007.81323242	42.9533729553	30.6204032898
150.811261359	1007.81323242	42.9533729553	30.6204032898
150.811261359	1007.81323242	42.9533729553	30.6204032898
150.81126136	1007.81323242	42.9533729553	30.6204032898
150.81126136	1007.81323242	42.9533729553	30.6204032898
150.81126136	1007.81323242	42.9533729553	30.6204032898
150.81126136	1007.81323242	42.9533729553	30.6204032898
150.81126136	1007.81201172	42.9533729553	30.6204032898
150.811261361	1007.81201172	42.9533729553	30.6204032898
150.811261361	1007.81201172	42.9533729553	30.6204032898
150.811261361	1007.81201172	42.9533729553	30.6204032898
150.811261361	1007.81201172	42.9533729553	30.6204032898
150.811261362	1007.81201172	42.9533729553	30.6204032898
150.811261362	1007.81201172	39.8255615234	30.6204032898
150.811261362	1007.81201172	39.8255615234	30.6204032898
150.811261363	1007.81201172	39.8255615234	30.6204032898
150.811261363	1007.81201172	39.8255615234	30.6204032898
150.811261363	1007.81201172	39.8255615234	30.6204032898
150.811261363	1007.81201172	39.8255615234	30.6204032898
150.811261363	1007.81201172	39.8255615234	30.6204032898
150.811261364	1007.81201172	39.8255615234	30.6204032898
150.811261364	1007.81201172	39.8255615234	30.6204032898
150.811261364	1007.81201172	39.8255615234	30.6204032898
150.811261364	1007.81396484	39.8255615234	30.6204032898
150.811261365	1007.81396484	39.8255615234	30.6204032898
150.811261365	1007.81396484	39.8255615234	30.6204032898
150.811261365	1007.81396484	39.8255615234	30.6204032898
150.811261365	1007.81396484	39.8255615234	30.6204032898
150.811261366	1007.81396484	39.8255615234	30.6204032898
150.811261366	1007.81396484	39.8255615234	30.6204032898
150.811261366	1007.81396484	39.8255615234	30.6204032898
150.811261366	1007.81396484	39.8255615234	30.6204032898
150.811261366	1007.81396484	39.8255615234	30.6204032898
150.811261367	1007.81396484	39.8255615234	30.6204032898
150.811261367	1007.81396484	39.8255615234	30.6204032898
150.811261367	1007.81396484	39.8255615234	30.6204032898
150.811261367	1007.81396484	39.8255615234	30.6204032898
150.811261368	1007.81396484	39.8255615234	30.6204032898
150.811261368	1007.81396484	39.8255615234	30.6204032898
150.811261368	1007.81396484	39.8255615234	30.6204032898
150.811261368	1007.81079102	39.8255615234	30.6204032898
150.811261369	1007.81079102	39.8255615234	30.6204032898
150.811261369	1007.81079102	39.8255615234	30.6204032898
150.811261369	1007.81079102	39.8255615234	30.6204032898
150.811261369	1007.81079102	39.8255615234	30.6204032898
150.81126137	1007.81079102	39.8255615234	30.6204032898
150.81126137	1007.81079102	39.8255615234	30.6946525574
150.81126137	1007.81079102	39.8255615234	30.6946525574
150.81126137	1007.81079102	40.609916687	30.6946525574
150.811261371	1007.81079102	40.609916687	30.6946525574
150.811261371	1007.81079102	40.609916687	30.6946525574
150.811261371	1007.81079102	40.609916687	30.6946525574
150.811261371	1007.81079102	40.609916687	30.6946525574
150.811261371	1007.81079102	40.609916687	30.6946525574
150.811261372	1007.81079102	40.609916687	30.6946525574
150.811261372	1007.81079102	40.609916687	30.6946525574
150.811261372	1007.81445312	40.609916687	30.6946525574
150.811261373	1007.81445312	40.609916687	30.6946525574
150.811261373	1007.81445312	40.609916687	30.6946525574
150.811261373	1007.81445312	40.609916687	30.6946525574
150.811261373	1007.81445312	40.609916687	30.6946525574
150.811261373	1007.81445312	40.609916687	30.6946525574
150.811261374	1007.81445312	40.609916687	30.6946525574
150.811261374	1007.81445312	40.609916687	30.6946525574
150.811261374	1007.81445312	40.609916687	30.6946525574
150.811261374	1007.81445312	40.609916687	30.6946525574
150.811261375	1007.81445312	40.609916687	30.6946525574
150.811261375	1007.81445312	40.609916687	30.6946525574
150.811261375	1007.81445312	40.609916687	30.6946525574
150.811261375	1007.81445312	40.609916687	30.6946525574
150.811261375	1007.81445312	40.609916687	30.6946525574
150.811261376	1007.81445312	40.609916687	30.6946525574
150.811261376	1007.81445312	40.609916687	30.6946525574
150.811261376	1007.81396484	40.609916687	30.6946525574
150.811261377	1007.81396484	40.609916687	30.6946525574
150.811261377	1007.81396484	40.609916687	30.6946525574
150.811261377	1007.81396484	40.609916687	30.6946525574
150.811261377	1007.81396484	40.609916687	30.6946525574
150.811261377	1007.81396484	40.609916687	30.6946525574
150.811261378	1007.81396484	40.609916687	30.6946525574
150.811261378	1007.81396484	40.609916687	30.6946525574
150.811261378	1007.81396484	40.609916687	30.6946525574
150.811261378	1007.81396484	41.8904953003	30.6946525574
150.811261379	1007.81396484	41.8904953003	30.6946525574
150.811261379	1007.81396484	41.8904953003	30.6946525574
150.811261379	1007.81396484	41.8904953003	30.6946525574
150.811261379	1007.81396484	41.8904953003	30.6946525574
150.81126138	1007.81396484	41.8904953003	30.6946525574
150.81126138	1007.81396484	41.8904953003	30.6946525574
150.81126138	1007.81445312	41.8904953003	30.6946525574
150.81126138	1007.81445312	41.8904953003	30.6946525574
150.811261381	1007.81445312	41.8904953003	30.6946525574
150.811261381	1007.81445312	41.8904953003	30.6946525574
150.811261381	1007.81445312	41.8904953003	30.6946525574
150.811261381	1007.81445312	41.8904953003	30.6946525574
150.811261382	1007.81445312	41.8904953003	30.6946525574
150.811261382	1007.81445312	41.8904953003	30.6946525574
150.811261382	1007.81445312	41.8904953003	30.6946525574
150.811261382	1007.81445312	41.8904953003	30.6946525574
150.811261382	1007.81445312	41.8904953003	30.6946525574
150.811261383	1007.81445312	41.8904953003	30.6946525574
150.811261383	1007.81445312	41.8904953003	30.6946525574
150.811261383	1007.81445312	41.8904953003	30.6946525574
150.811261383	1007.81445312	41.8904953003	30.6946525574
150.811261384	1007.81445312	41.8904953003	30.6946525574
150.811261384	1007.81445312	41.8904953003	30.6946525574
150.811261384	1007.81298828	41.8904953003	30.6946525574
150.811261384	1007.81298828	41.8904953003	30.6946525574
150.811261385	1007.81298828	41.8904953003	30.6946525574
150.811261385	1007.81298828	41.8904953003	30.6946525574
150.811261385	1007.81298828	41.8904953003	30.6946525574
150.811261385	1007.81298828	41.8904953003	30.6946525574
150.811261385	1007.81298828	41.8904953003	30.6946525574
150.811261386	1007.81298828	41.8904953003	30.6946525574
150.811261386	1007.81298828	41.8904953003	30.6946525574
150.811261386	1007.81298828	41.8904953003	30.6018409729
150.811261387	1007.81298828	39.2300949097	30.6018409729
150.811261387	1007.81298828	39.2300949097	30.6018409729
150.811261387	1007.81298828	39.2300949097	30.6018409729
150.811261387	1007.81298828	39.2300949097	30.6018409729
150.811261387	1007.81298828	39.2300949097	30.6018409729
150.811261388	1007.81298828	39.2300949097	30.6018409729
150.811261388	1007.81298828	39.2300949097	30.6018409729
150.811261388	1007.81347656	39.2300949097	30.6018409729
150.811261389	1007.81347656	39.2300949097	30.6018409729
150.811261389	1007.81347656	39.2300949097	30.6018409729
150.811261389	1007.81347656	39.2300949097	30.6018409729
150.811261389	1007.81347656	39.2300949097	30.6018409729
150.811261389	1007.81347656	39.2300949097	30.6018409729
150.81126139	1007.81347656	39.2300949097	30.6018409729
150.81126139	1007.81347656	39.2300949097	30.6018409729
150.81126139	1007.81347656	39.2300949097	30.6018409729
150.81126139	1007.81347656	39.2300949097	30.6018409729
150.811261391	1007.81347656	39.2300949097	30.6018409729
150.811261391	1007.81347656	39.2300949097	30.6018409729
150.811261391	1007.81347656	39.2300949097	30.6018409729
150.811261391	1007.81347656	39.2300949097	30.6018409729
150.811261391	1007.81347656	39.2300949097	30.6018409729
150.811261392	1007.81347656	39.2300949097	30.6018409729
150.811261392	1007.80981445	39.2300949097	30.6018409729
150.811261392	1007.80981445	39.2300949097	30.6018409729
150.811261392	1007.80981445	39.2300949097	30.6018409729
150.811261393	1007.80981445	39.2300949097	30.6018409729
150.811261393	1007.80981445	39.2300949097	30.6018409729
150.811261393	1007.80981445	39.2300949097	30.6018409729
150.811261393	1007.80981445	39.2300949097	30.6018409729
150.811261394	1007.80981445	39.2300949097	30.6018409729
150.811261394	1007.80981445	39.2300949097	30.6018409729
150.811261394	1007.80981445	39.2300949097	30.6018409729
150.811261394	1007.80981445	39.2300949097	30.6389656067
150.811261395	1007.80981445	38.6634368896	30.6389656067
150.811261395	1007.80981445	38.6634368896	30.6389656067
150.811261395	1007.80981445	38.6634368896	30.6389656067
150.811261395	1007.80981445	38.6634368896	30.6389656067
150.811261396	1007.80981445	38.6634368896	30.6389656067
150.811261396	1007.80981445	38.6634368896	30.6389656067
150.811261396	1007.81030273	38.6634368896	30.6389656067
150.811261396	1007.81030273	38.6634368896	30.6389656067
150.811261397	1007.81030273	38.6634368896	30.6389656067
150.811261397	1007.81030273	38.6634368896	30.6389656067
150.811261397	1007.81030273	38.6634368896	30.6389656067
150.811261397	1007.81030273	38.6634368896	30.6389656067
150.811261397	1007.81030273	38.6634368896	30.6389656067
150.811261398	1007.81030273	38.6634368896	30.6389656067
150.811261398	1007.81030273	38.6634368896	30.6389656067
150.811261398	1007.81030273	38.6634368896	30.6389656067
150.811261398	1007.81030273	38.6634368896	30.6389656067
150.811261399	1007.81030273	38.6634368896	30.6389656067
150.811261399	1007.81030273	38.6634368896	30.6389656067
150.811261399	1007.81030273	38.6634368896	30.6389656067
150.811261399	1007.81030273	38.6634368896	30.6389656067
150.811261399	1007.81030273	38.6634368896	30.6389656067
150.8112614	1007.81542969	38.6634368896	30.6389656067
150.8112614	1007.81542969	38.6634368896	30.6389656067
150.8112614	1007.81542969	38.6634368896	30.6389656067
150.811261401	1007.81542969	38.6634368896	30.6389656067
150.811261401	1007.81542969	38.6634368896	30.6389656067
150.811261401	1007.81542969	38.6634368896	30.6389656067
150.811261401	1007.81542969	38.6634368896	30.6389656067
150.811261401	1007.81542969	38.6634368896	30.6389656067
150.811261402	1007.81542969	38.6634368896	30.6389656067
150.811261402	1007.81542969	38.6634368896	30.6389656067
150.811261402	1007.81542969	38.6634368896	30.6389656067
150.811261402	1007.81542969	38.6634368896	30.6018409729
150.811261403	1007.81542969	41.9833374023	30.6018409729
150.811261403	1007.81542969	41.9833374023	30.6018409729
150.811261403	1007.81542969	41.9833374023	30.6018409729
150.811261403	1007.81542969	41.9833374023	30.6018409729
150.811261404	1007.81542969	41.9833374023	30.6018409729
150.811261404	1007.81689453	41.9833374023	30.6018409729
150.811261404	1007.81689453	41.9833374023	30.6018409729
150.811261404	1007.81689453	41.9833374023	30.6018409729
150.811261405	1007.81689453	41.9833374023	30.6018409729
150.811261405	1007.81689453	41.9833374023	30.6018409729
150.811261405	1007.81689453	41.9833374023	30.6018409729
150.811261405	1007.81689453	41.9833374023	30.6018409729
150.811261406	1007.81689453	41.9833374023	30.6018409729
150.811261406	1007.81689453	41.9833374023	30.6018409729
150.811261406	1007.81689453	41.9833374023	30.6018409729
150.811261406	1007.81689453	41.9833374023	30.6018409729
150.811261406	1007.81689453	41.9833374023	30.6018409729
150.811261407	1007.81689453	41.9833374023	30.6018409729
150.811261407	1007.81689453	41.9833374023	30.6018409729
150.811261407	1007.81689453	41.9833374023	30.6018409729
150.811261407	1007.81689453	41.9833374023	30.6018409729
150.811261408	1007.81762695	41.9833374023	30.6018409729
150.811261408	1007.81762695	41.9833374023	30.6018409729
150.811261408	1007.81762695	41.9833374023	30.6018409729
150.811261408	1007.81762695	41.9833374023	30.6018409729
150.811261409	1007.81762695	41.9833374023	30.6018409729
150.811261409	1007.81762695	41.9833374023	30.6018409729
150.811261409	1007.81762695	41.9833374023	30.6018409729
150.811261409	1007.81762695	41.9833374023	30.6018409729
150.81126141	1007.81762695	41.9833374023	30.6018409729
150.81126141	1007.81762695	41.9833374023	30.6018409729
150.81126141	1007.81762695	41.9833374023	30.6018409729
150.81126141	1007.81762695	41.9833374023	30.6018409729
150.81126141	1007.81762695	41.9833374023	30.6018409729
150.811261411	1007.81762695	41.0421104431	30.6018409729
150.811261411	1007.81762695	41.0421104431	30.6018409729
150.811261411	1007.81762695	41.0421104431	30.6018409729
150.811261411	1007.81762695	41.0421104431	30.6018409729
150.811261412	1007.8125	41.0421104431	30.6018409729
150.811261412	1007.8125	41.0421104431	30.6018409729
150.811261412	1007.8125	41.0421104431	30.6018409729
150.811261413	1007.8125	41.0421104431	30.6018409729
150.811261413	1007.8125	41.0421104431	30.6018409729
150.811261413	1007.8125	41.0421104431	30.6018409729
150.811261413	1007.8125	41.0421104431	30.6018409729
150.811261413	1007.8125	41.0421104431	30.6018409729
150.811261414	1007.8125	41.0421104431	30.6018409729
150.811261414	1007.8125	41.0421104431	30.6018409729
150.811261414	1007.8125	41.0421104431	30.6018409729
150.811261414	1007.8125	41.0421104431	30.6018409729
150.811261415	1007.8125	41.0421104431	30.6018409729
150.811261415	1007.8125	41.0421104431	30.6018409729
150.811261415	1007.8125	41.0421104431	30.6018409729
150.811261415	1007.8125	41.0421104431	30.6018409729
150.811261415	1007.81103516	41.0421104431	30.6018409729
150.811261416	1007.81103516	41.0421104431	30.6018409729
150.811261416	1007.81103516	41.0421104431	30.6018409729
150.811261416	1007.81103516	41.0421104431	30.6018409729
150.811261416	1007.81103516	41.0421104431	30.6018409729
150.811261417	1007.81103516	41.0421104431	30.6018409729
150.811261417	1007.81103516	41.0421104431	30.6018409729
150.811261417	1007.81103516	41.0421104431	30.6018409729
150.811261417	1007.81103516	41.0421104431	30.6018409729
150.811261418	1007.81103516	41.0421104431	30.6018409729
150.811261418	1007.81103516	41.0421104431	30.6018409729
150.811261418	1007.81103516	41.0421104431	30.6018409729
150.811261418	1007.81103516	41.0421104431	30.6018409729
150.811261418	1007.81103516	41.0421104431	30.7689037323
150.811261419	1007.81103516	37.8918914795	30.7689037323
150.811261419	1007.81103516	37.8918914795	30.7689037323
150.811261419	1007.81103516	37.8918914795	30.7689037323
150.81126142	1007.81152344	37.8918914795	30.7689037323
150.81126142	1007.81152344	37.8918914795	30.7689037323
150.81126142	1007.81152344	37.8918914795	30.7689037323
150.81126142	1007.81152344	37.8918914795	30.7689037323
150.811261421	1007.81152344	37.8918914795	30.7689037323
150.811261421	1007.81152344	37.8918914795	30.7689037323
150.811261421	1007.81152344	37.8918914795	30.7689037323
150.811261421	1007.81152344	37.8918914795	30.7689037323
150.811261422	1007.81152344	37.8918914795	30.7689037323
150.811261422	1007.81152344	37.8918914795	30.7689037323
150.811261422	1007.81152344	37.8918914795	30.7689037323
150.811261422	1007.81152344	37.8918914795	30.7689037323
150.811261422	1007.81152344	37.8918914795	30.7689037323
150.811261423	1007.81152344	37.8918914795	30.7689037323
150.811261423	1007.81152344	37.8918914795	30.7689037323
150.811261423	1007.81152344	37.8918914795	30.7689037323
150.811261423	1007.81494141	37.8918914795	30.7689037323
150.811261424	1007.81494141	37.8918914795	30.7689037323
150.811261424	1007.81494141	37.8918914795	30.7689037323
150.811261424	1007.81494141	37.8918914795	30.7689037323
150.811261424	1007.81494141	37.8918914795	30.7689037323
150.811261425	1007.81494141	37.8918914795	30.7689037323
150.811261425	1007.81494141	37.8918914795	30.7689037323
150.811261425	1007.81494141	37.8918914795	30.7689037323
150.811261425	1007.81494141	37.8918914795	30.7689037323
150.811261425	1007.81494141	37.8918914795	30.7689037323
150.811261426	1007.81494141	37.8918914795	30.7689037323
150.811261426	1007.81494141	37.8918914795	30.7689037323
150.811261426	1007.81494141	37.8918914795	30.7689037323
150.811261426	1007.81494141	37.8918914795	30.7689037323
150.811261427	1007.81494141	37.8918914795	30.6575279236
150.811261427	1007.81494141	43.5616493225	30.6575279236
150.811261427	1007.81494141	43.5616493225	30.6575279236
150.811261427	1007.81201172	43.5616493225	30.6575279236
150.811261428	1007.81201172	43.5616493225	30.6575279236
150.811261428	1007.81201172	43.5616493225	30.6575279236
150.811261428	1007.81201172	43.5616493225	30.6575279236
150.811261428	1007.81201172	43.5616493225	30.6575279236
150.811261429	1007.81201172	43.5616493225	30.6575279236
150.811261429	1007.81201172	43.5616493225	30.6575279236
150.811261429	1007.81201172	43.5616493225	30.6575279236
150.811261429	1007.81201172	43.5616493225	30.6575279236
150.81126143	1007.81201172	43.5616493225	30.6575279236
150.81126143	1007.81201172	43.5616493225	30.6575279236
150.81126143	1007.81201172	43.5616493225	30.6575279236
150.81126143	1007.81201172	43.5616493225	30.6575279236
150.81126143	1007.81201172	43.5616493225	30.6575279236
150.811261431	1007.81201172	43.5616493225	30.6575279236
150.811261431	1007.81201172	43.5616493225	30.6575279236
150.811261431	1007.81811523	43.5616493225	30.6575279236
150.811261432	1007.81811523	43.5616493225	30.6575279236
150.811261432	1007.81811523	43.5616493225	30.6575279236
150.811261432	1007.81811523	43.5616493225	30.6575279236
150.811261432	1007.81811523	43.5616493225	30.6575279236
150.811261432	1007.81811523	43.5616493225	30.6575279236
150.811261433	1007.81811523	43.5616493225	30.6575279236
150.811261433	1007.81811523	43.5616493225	30.6575279236
150.811261433	1007.81811523	43.5616493225	30.6575279236
150.811261433	1007.81811523	43.5616493225	30.6575279236
150.811261434	1007.81811523	43.5616493225	30.6575279236
150.811261434	1007.81811523	43.5616493225	30.6575279236
150.811261434	1007.81811523	43.5616493225	30.6575279236
150.811261434	1007.81811523	43.5616493225	30.6575279236
150.811261434	1007.81811523	43.5616493225	30.6575279236
150.811261435	1007.81811523	43.5616493225	30.6018409729
150.811261435	1007.81811523	44.1987380981	30.6018409729
150.811261435	1007.81811523	44.1987380981	30.6018409729
150.811261436	1007.81811523	44.1987380981	30.6018409729
150.811261436	1007.81811523	44.1987380981	30.6018409729
150.811261436	1007.81811523	44.1987380981	30.6018409729
150.811261436	1007.81811523	44.1987380981	30.6018409729
150.811261437	1007.81811523	44.1987380981	30.6018409729
150.811261437	1007.81811523	44.1987380981	30.6018409729
150.811261437	1007.81811523	44.1987380981	30.6018409729
150.811261437	1007.81811523	44.1987380981	30.6018409729
150.811261437	1007.81811523	44.1987380981	30.6018409729
150.811261438	1007.81811523	44.1987380981	30.6018409729
150.811261438	1007.81811523	44.1987380981	30.6018409729
150.811261438	1007.81811523	44.1987380981	30.6018409729
150.811261438	1007.81811523	44.1987380981	30.6018409729
150.811261439	1007.81811523	44.1987380981	30.6018409729
150.811261439	1007.81811523	44.1987380981	30.6018409729
150.811261439	1007.81738281	44.1987380981	30.6018409729
150.811261439	1007.81738281	44.1987380981	30.6018409729
150.81126144	1007.81738281	44.1987380981	30.6018409729
150.81126144	1007.81738281	44.1987380981	30.6018409729
150.81126144	1007.81738281	44.1987380981	30.6018409729
150.81126144	1007.81738281	44.1987380981	30.6018409729
150.811261441	1007.81738281	44.1987380981	30.6018409729
150.811261441	1007.81738281	44.1987380981	30.6018409729
150.811261441	1007.81738281	44.1987380981	30.6018409729
150.811261441	1007.81738281	44.1987380981	30.6018409729
150.811261441	1007.81738281	44.1987380981	30.6018409729
150.811261442	1007.81738281	44.1987380981	30.6018409729
150.811261442	1007.81738281	44.1987380981	30.6018409729
150.811261442	1007.81738281	44.1987380981	30.6018409729
150.811261442	1007.81738281	44.1987380981	30.6018409729
150.811261443	1007.81738281	44.1987380981	30.6018409729
150.811261443	1007.81738281	44.1987380981	30.6018409729
150.811261443	1007.81835938	39.466999054	30.6018409729
150.811261444	1007.81835938	39.466999054	30.6018409729
150.811261444	1007.81835938	39.466999054	30.6018409729
150.811261444	1007.81835938	39.466999054	30.6018409729
150.811261444	1007.81835938	39.466999054	30.6018409729
150.811261444	1007.81835938	39.466999054	30.6018409729
150.811261445	1007.81835938	39.466999054	30.6018409729
150.811261445	1007.81835938	39.466999054	30.6018409729
150.811261445	1007.81835938	39.466999054	30.6018409729
150.811261445	1007.81835938	39.466999054	30.6018409729
150.811261446	1007.81835938	39.466999054	30.6018409729
150.811261446	1007.81835938	39.466999054	30.6018409729
150.811261446	1007.81835938	39.466999054	30.6018409729
150.811261446	1007.81835938	39.466999054	30.6018409729
150.811261446	1007.81835938	39.466999054	30.6018409729
150.811261447	1007.81835938	39.466999054	30.6018409729
150.811261447	1007.82397461	39.466999054	30.6018409729
150.811261447	1007.82397461	39.466999054	30.6018409729
150.811261447	1007.82397461	39.466999054	30.6018409729
150.811261448	1007.82397461	39.466999054	30.6018409729
150.811261448	1007.82397461	39.466999054	30.6018409729
150.811261448	1007.82397461	39.466999054	30.6018409729
150.811261448	1007.82397461	39.466999054	30.6018409729
150.811261449	1007.82397461	39.466999054	30.6018409729
150.811261449	1007.82397461	39.466999054	30.6018409729
150.811261449	1007.82397461	39.466999054	30.6018409729
150.811261449	1007.82397461	39.466999054	30.6018409729
150.811261449	1007.82397461	39.466999054	30.6018409729
150.81126145	1007.82397461	39.466999054	30.6018409729
150.81126145	1007.82397461	39.466999054	30.6018409729
150.81126145	1007.82397461	39.466999054	30.6018409729
150.81126145	1007.82397461	39.466999054	30.6018409729
150.811261451	1007.82397461	39.466999054	30.6018409729
150.811261451	1007.82739258	39.466999054	30.4904632568
150.811261451	1007.82739258	42.3130836487	30.4904632568
150.811261452	1007.82739258	42.3130836487	30.4904632568
150.811261452	1007.82739258	42.3130836487	30.4904632568
150.811261452	1007.82739258	42.3130836487	30.4904632568
150.811261452	1007.82739258	42.3130836487	30.4904632568
150.811261452	1007.82739258	42.3130836487	30.4904632568
150.811261453	1007.82739258	42.3130836487	30.4904632568
150.811261453	1007.82739258	42.3130836487	30.4904632568
150.811261453	1007.82739258	42.3130836487	30.4904632568
150.811261453	1007.82739258	42.3130836487	30.4904632568
150.811261454	1007.82739258	42.3130836487	30.4904632568
150.811261454	1007.82739258	42.3130836487	30.4904632568
150.811261454	1007.82739258	42.3130836487	30.4904632568
150.811261454	1007.82739258	42.3130836487	30.4904632568
150.811261454	1007.82739258	42.3130836487	30.4904632568
150.811261455	1007.82739258	42.3130836487	30.4904632568
150.811261455	1007.82958984	42.3130836487	30.4904632568
150.811261455	1007.82958984	42.3130836487	30.4904632568
150.811261456	1007.82958984	42.3130836487	30.4904632568
150.811261456	1007.82958984	42.3130836487	30.4904632568
150.811261456	1007.82958984	42.3130836487	30.4904632568
150.811261456	1007.82958984	42.3130836487	30.4904632568
150.811261456	1007.82958984	42.3130836487	30.4904632568
150.811261457	1007.82958984	42.3130836487	30.4904632568
150.811261457	1007.82958984	42.3130836487	30.4904632568
150.811261457	1007.82958984	42.3130836487	30.4904632568
150.811261457	1007.82958984	42.3130836487	30.4904632568
150.811261458	1007.82958984	42.3130836487	30.4904632568
150.811261458	1007.82958984	42.3130836487	30.4904632568
150.811261458	1007.82958984	42.3130836487	30.4904632568
150.811261458	1007.82958984	42.3130836487	30.4904632568
150.811261458	1007.82958984	42.3130836487	30.4904632568
150.811261459	1007.82373047	42.3130836487	30.6389656067
150.811261459	1007.82373047	37.9591217041	30.6389656067
150.811261459	1007.82373047	37.9591217041	30.6389656067
150.81126146	1007.82373047	37.9591217041	30.6389656067
150.81126146	1007.82373047	37.9591217041	30.6389656067
150.81126146	1007.82373047	37.9591217041	30.6389656067
150.81126146	1007.82373047	37.9591217041	30.6389656067
150.811261461	1007.82373047	37.9591217041	30.6389656067
150.811261461	1007.82373047	37.9591217041	30.6389656067
150.811261461	1007.82373047	37.9591217041	30.6389656067
150.811261461	1007.82373047	37.9591217041	30.6389656067
150.811261461	1007.82373047	37.9591217041	30.6389656067
150.811261462	1007.82373047	37.9591217041	30.6389656067
150.811261462	1007.82373047	37.9591217041	30.6389656067
150.811261462	1007.82373047	37.9591217041	30.6389656067
150.811261462	1007.82373047	37.9591217041	30.6389656067
150.811261463	1007.82373047	37.9591217041	30.6389656067
150.811261463	1007.82543945	37.9591217041	30.6389656067
150.811261463	1007.82543945	37.9591217041	30.6389656067
150.811261463	1007.82543945	37.9591217041	30.6389656067
150.811261464	1007.82543945	37.9591217041	30.6389656067
150.811261464	1007.82543945	37.9591217041	30.6389656067
150.811261464	1007.82543945	37.9591217041	30.6389656067
150.811261464	1007.82543945	37.9591217041	30.6389656067
150.811261465	1007.82543945	37.9591217041	30.6389656067
150.811261465	1007.82543945	37.9591217041	30.6389656067
150.811261465	1007.82543945	37.9591217041	30.6389656067
150.811261465	1007.82543945	37.9591217041	30.6389656067
150.811261465	1007.82543945	37.9591217041	30.6389656067
150.811261466	1007.82543945	37.9591217041	30.6389656067
150.811261466	1007.82543945	37.9591217041	30.6389656067
150.811261466	1007.82543945	37.9591217041	30.6389656067
150.811261466	1007.82543945	37.9591217041	30.6389656067
150.811261467	1007.82617188	37.9591217041	30.6389656067
150.811261467	1007.82617188	37.9591217041	30.7132148743
150.811261467	1007.82617188	38.9579696655	30.7132148743
150.811261468	1007.82617188	38.9579696655	30.7132148743
150.811261468	1007.82617188	38.9579696655	30.7132148743
150.811261468	1007.82617188	38.9579696655	30.7132148743
150.811261468	1007.82617188	38.9579696655	30.7132148743
150.811261468	1007.82617188	38.9579696655	30.7132148743
150.811261469	1007.82617188	38.9579696655	30.7132148743
150.811261469	1007.82617188	38.9579696655	30.7132148743
150.811261469	1007.82617188	38.9579696655	30.7132148743
150.811261469	1007.82617188	38.9579696655	30.7132148743
150.81126147	1007.82617188	38.9579696655	30.7132148743
150.81126147	1007.82617188	38.9579696655	30.7132148743
150.81126147	1007.82617188	38.9579696655	30.7132148743
150.81126147	1007.82617188	38.9579696655	30.7132148743
150.81126147	1007.82617188	38.9579696655	30.7132148743
150.811262381	1009.24487305	40.4969825745	30.2572460175
150.811262384	1009.24389648	39.9994888306	30.2572460175
150.811262384	1009.24389648	39.9994888306	30.2572460175
150.811262384	1009.24389648	39.9994888306	30.2572460175
150.811262385	1009.24389648	39.9994888306	30.2572460175
150.811262385	1009.24389648	39.9994888306	30.2572460175
150.811262385	1009.24389648	39.9994888306	30.2572460175
150.811262385	1009.24389648	39.9994888306	30.2572460175
150.811262385	1009.24389648	39.9994888306	30.2572460175
150.811262385	1009.24389648	39.9994888306	30.2572460175
150.811262385	1009.24389648	39.9994888306	30.2572460175
150.811262386	1009.24389648	39.9994888306	30.2572460175
150.811262386	1009.24389648	39.9994888306	30.2572460175
150.811262386	1009.24389648	39.9994888306	30.2572460175
150.811262386	1009.24389648	39.9994888306	30.2572460175
150.811262386	1009.24389648	39.9994888306	30.2572460175
150.811262386	1009.24389648	39.9994888306	30.2572460175
150.811262386	1009.24731445	39.9994888306	30.2572460175
150.811262387	1009.24731445	39.9994888306	30.2572460175
150.811262387	1009.24731445	39.9994888306	30.2572460175
150.811262387	1009.24731445	39.9994888306	30.2572460175
150.811262387	1009.24731445	39.9994888306	30.2572460175
150.811262387	1009.24731445	39.9994888306	30.2572460175
150.811262387	1009.24731445	39.9994888306	30.2572460175
150.811262387	1009.24731445	39.9994888306	30.2572460175
150.811262388	1009.24731445	39.9994888306	30.2572460175
150.811262388	1009.24731445	39.9994888306	30.2572460175
150.811262388	1009.24731445	39.9994888306	30.2572460175
150.811262388	1009.24731445	39.9994888306	30.2572460175
150.811262388	1009.24731445	39.9994888306	30.2572460175
150.811262388	1009.24731445	39.9994888306	30.2572460175
150.811262388	1009.24731445	39.9994888306	30.2572460175
150.811262389	1009.24731445	39.9994888306	30.2572460175
150.811262389	1009.24731445	39.9994888306	30.2572460175
150.811262389	1009.24731445	39.9994888306	30.2572460175
150.811262389	1009.24731445	39.9994888306	30.2572460175
150.811262389	1009.24731445	39.9994888306	30.2572460175
150.811262389	1009.24731445	39.9994888306	30.2572460175
150.811262389	1009.24731445	39.9994888306	30.2572460175
150.811262389	1009.24731445	39.9994888306	30.2572460175
150.81126239	1009.24731445	39.9994888306	30.2572460175
150.81126239	1009.24731445	39.9994888306	30.2572460175
150.81126239	1009.24731445	39.9994888306	30.2572460175
150.81126239	1009.24731445	39.9994888306	30.2572460175
150.81126239	1009.24731445	39.9994888306	30.2572460175
150.81126239	1009.24731445	39.9994888306	30.2572460175
150.81126239	1009.2487793	39.9994888306	30.2572460175
150.811262391	1009.2487793	39.9994888306	30.2391319275
150.811262391	1009.2487793	40.6246299744	30.2391319275
150.811262391	1009.2487793	40.6246299744	30.2391319275
150.811262391	1009.2487793	40.6246299744	30.2391319275
150.811262392	1009.2487793	40.6246299744	30.2391319275
150.811262392	1009.2487793	40.6246299744	30.2391319275
150.811262392	1009.2487793	40.6246299744	30.2391319275
150.811262392	1009.2487793	40.6246299744	30.2391319275
150.811262392	1009.2487793	40.6246299744	30.2391319275
150.811262392	1009.2487793	40.6246299744	30.2391319275
150.811262392	1009.2487793	40.6246299744	30.2391319275
150.811262392	1009.2487793	40.6246299744	30.2391319275
150.811262393	1009.2487793	40.6246299744	30.2391319275
150.811262393	1009.2487793	40.6246299744	30.2391319275
150.811262393	1009.2487793	40.6246299744	30.2391319275
150.811262393	1009.2487793	40.6246299744	30.2391319275
150.811262393	1009.2487793	40.6246299744	30.2391319275
150.811262393	1009.2487793	40.6246299744	30.2391319275
150.811262393	1009.2487793	40.6246299744	30.2391319275
150.811262394	1009.2487793	40.6246299744	30.2391319275
150.811262394	1009.2487793	40.6246299744	30.2391319275
150.811262394	1009.2487793	40.6246299744	30.2391319275
150.811262394	1009.2487793	40.6246299744	30.2391319275
150.811262394	1009.2487793	40.6246299744	30.2391319275
150.811262394	1009.2487793	40.6246299744	30.2391319275
150.811262394	1009.25	40.6246299744	30.2391319275
150.811262395	1009.25	40.6246299744	30.2391319275
150.811262395	1009.25	40.6246299744	30.2391319275
150.811262395	1009.25	40.6246299744	30.2391319275
150.811262395	1009.25	40.6246299744	30.2391319275
150.811262395	1009.25	40.6246299744	30.2391319275
150.811262395	1009.25	40.6246299744	30.2391319275
150.811262395	1009.25	40.6246299744	30.2391319275
150.811262396	1009.25	40.6246299744	30.2391319275
150.811262396	1009.25	40.6246299744	30.2391319275
150.811262396	1009.25	40.6246299744	30.2391319275
150.811262396	1009.25	40.6246299744	30.2391319275
150.811262396	1009.25	40.6246299744	30.2391319275
150.811262396	1009.25	40.6246299744	30.2391319275
150.811262396	1009.25	40.6246299744	30.2391319275
150.811262397	1009.25	40.6246299744	30.2391319275
150.811262397	1009.25	40.6246299744	30.2391319275
150.811262397	1009.25	40.6246299744	30.2391319275
150.811262397	1009.25	40.6246299744	30.2391319275
150.811262397	1009.25	40.6246299744	30.2391319275
150.811262397	1009.25	40.6246299744	30.2391319275
150.811262397	1009.25	40.6246299744	30.2391319275
150.811262397	1009.25	40.6246299744	30.2391319275
150.811262398	1009.25	40.6246299744	30.2391319275
150.811262398	1009.25	40.6246299744	30.2391319275
150.811262398	1009.25	40.6246299744	30.2391319275
150.811262398	1009.25	40.6246299744	30.2391319275
150.811262398	1009.25	40.6246299744	30.2391319275
150.811262398	1009.25	40.6246299744	30.2391319275
150.811262398	1009.25292969	40.6246299744	30.2753620148
150.811262399	1009.25292969	40.6246299744	30.2753620148
150.811262399	1009.25292969	42.6080513	30.2753620148
150.811262399	1009.25292969	42.6080513	30.2753620148
150.811262399	1009.25292969	42.6080513	30.2753620148
150.811262399	1009.25292969	42.6080513	30.2753620148
150.811262399	1009.25292969	42.6080513	30.2753620148
150.8112624	1009.25292969	42.6080513	30.2753620148
150.8112624	1009.25292969	42.6080513	30.2753620148
150.8112624	1009.25292969	42.6080513	30.2753620148
150.8112624	1009.25292969	42.6080513	30.2753620148
150.8112624	1009.25292969	42.6080513	30.2753620148
150.8112624	1009.25292969	42.6080513	30.2753620148
150.8112624	1009.25292969	42.6080513	30.2753620148
150.811262401	1009.25292969	42.6080513	30.2753620148
150.811262401	1009.25292969	42.6080513	30.2753620148
150.811262401	1009.25292969	42.6080513	30.2753620148
150.811262401	1009.25292969	42.6080513	30.2753620148
150.811262401	1009.25292969	42.6080513	30.2753620148
150.811262401	1009.25292969	42.6080513	30.2753620148
150.811262401	1009.25292969	42.6080513	30.2753620148
150.811262402	1009.25292969	42.6080513	30.2753620148
150.811262402	1009.25292969	42.6080513	30.2753620148
150.811262402	1009.25292969	42.6080513	30.2753620148
150.811262402	1009.25292969	42.6080513	30.2753620148
150.811262402	1009.25292969	42.6080513	30.2753620148
150.811262402	1009.25292969	42.6080513	30.2753620148
150.811262402	1009.25292969	42.6080513	30.2753620148
150.811262402	1009.25415039	42.6080513	30.2753620148
150.811262403	1009.25415039	42.6080513	30.2753620148
150.811262403	1009.25415039	42.6080513	30.2753620148
150.811262403	1009.25415039	42.6080513	30.2753620148
150.811262403	1009.25415039	42.6080513	30.2753620148
150.811262403	1009.25415039	42.6080513	30.2753620148
150.811262403	1009.25415039	42.6080513	30.2753620148
150.811262404	1009.25415039	42.6080513	30.2753620148
150.811262404	1009.25415039	42.6080513	30.2753620148
150.811262404	1009.25415039	42.6080513	30.2753620148
150.811262404	1009.25415039	42.6080513	30.2753620148
150.811262404	1009.25415039	42.6080513	30.2753620148
150.811262404	1009.25415039	42.6080513	30.2753620148
150.811262404	1009.25415039	42.6080513	30.2753620148
150.811262405	1009.25415039	42.6080513	30.2753620148
150.811262405	1009.25415039	42.6080513	30.2753620148
150.811262405	1009.25415039	42.6080513	30.2753620148
150.811262405	1009.25415039	42.6080513	30.2753620148
150.811262405	1009.25415039	42.6080513	30.2753620148
150.811262405	1009.25415039	42.6080513	30.2753620148
150.811262405	1009.25415039	42.6080513	30.2753620148
150.811262405	1009.25415039	42.6080513	30.2753620148
150.811262406	1009.25415039	42.6080513	30.2753620148
150.811262406	1009.25415039	42.6080513	30.2753620148
150.811262406	1009.25415039	42.6080513	30.2753620148
150.811262406	1009.25415039	42.6080513	30.2753620148
150.811262406	1009.25415039	42.6080513	30.2753620148
150.811262406	1009.25415039	42.6080513	30.2753620148
150.811262406	1009.25415039	42.6080513	30.2753620148
150.811262407	1009.26049805	42.6080513	30.2210159302
150.811262407	1009.26049805	39.2237968445	30.2210159302
150.811262407	1009.26049805	39.2237968445	30.2210159302
150.811262407	1009.26049805	39.2237968445	30.2210159302
150.811262407	1009.26049805	39.2237968445	30.2210159302
150.811262407	1009.26049805	39.2237968445	30.2210159302
150.811262408	1009.26049805	39.2237968445	30.2210159302
150.811262408	1009.26049805	39.2237968445	30.2210159302
150.811262408	1009.26049805	39.2237968445	30.2210159302
150.811262408	1009.26049805	39.2237968445	30.2210159302
150.811262408	1009.26049805	39.2237968445	30.2210159302
150.811262408	1009.26049805	39.2237968445	30.2210159302
150.811262408	1009.26049805	39.2237968445	30.2210159302
150.811262409	1009.26049805	39.2237968445	30.2210159302
150.811262409	1009.26049805	39.2237968445	30.2210159302
150.811262409	1009.26049805	39.2237968445	30.2210159302
150.811262409	1009.26049805	39.2237968445	30.2210159302
150.811262409	1009.26049805	39.2237968445	30.2210159302
150.811262409	1009.26049805	39.2237968445	30.2210159302
150.811262409	1009.26049805	39.2237968445	30.2210159302
150.81126241	1009.26049805	39.2237968445	30.2210159302
150.81126241	1009.26049805	39.2237968445	30.2210159302
150.81126241	1009.26049805	39.2237968445	30.2210159302
150.81126241	1009.26049805	39.2237968445	30.2210159302
150.81126241	1009.26049805	39.2237968445	30.2210159302
150.81126241	1009.26049805	39.2237968445	30.2210159302
150.81126241	1009.26049805	39.2237968445	30.2210159302
150.81126241	1009.26049805	39.2237968445	30.2210159302
150.811262411	1009.26147461	39.2237968445	30.2210159302
150.811262411	1009.26147461	39.2237968445	30.2210159302
150.811262411	1009.26147461	39.2237968445	30.2210159302
150.811262411	1009.26147461	39.2237968445	30.2210159302
150.811262411	1009.26147461	39.2237968445	30.2210159302
150.811262411	1009.26147461	39.2237968445	30.2210159302
150.811262412	1009.26147461	39.2237968445	30.2210159302
150.811262412	1009.26147461	39.2237968445	30.2210159302
150.811262412	1009.26147461	39.2237968445	30.2210159302
150.811262412	1009.26147461	39.2237968445	30.2210159302
150.811262412	1009.26147461	39.2237968445	30.2210159302
150.811262412	1009.26147461	39.2237968445	30.2210159302
150.811262412	1009.26147461	39.2237968445	30.2210159302
150.811262413	1009.26147461	39.2237968445	30.2210159302
150.811262413	1009.26147461	39.2237968445	30.2210159302
150.811262413	1009.26147461	39.2237968445	30.2210159302
150.811262413	1009.26147461	39.2237968445	30.2210159302
150.811262414	1009.26147461	39.2237968445	30.2210159302
150.811262414	1009.26147461	39.2237968445	30.2210159302
150.811262414	1009.26147461	39.2237968445	30.2210159302
150.811262414	1009.26147461	39.2237968445	30.2210159302
150.811262414	1009.26147461	39.2237968445	30.2572460175
150.811262415	1009.26025391	39.4758148193	30.2572460175
150.811262415	1009.26025391	39.4758148193	30.2572460175
150.811262415	1009.26025391	39.4758148193	30.2572460175
150.811262416	1009.26025391	39.4758148193	30.2572460175
150.811262416	1009.26025391	39.4758148193	30.2572460175
150.811262416	1009.26025391	39.4758148193	30.2572460175
150.811262416	1009.26025391	39.4758148193	30.2572460175
150.811262417	1009.26025391	39.4758148193	30.2572460175
150.811262417	1009.26025391	39.4758148193	30.2572460175
150.811262417	1009.26025391	39.4758148193	30.2572460175
150.811262417	1009.26025391	39.4758148193	30.2572460175
150.811262417	1009.26025391	39.4758148193	30.2572460175
150.811262418	1009.26025391	39.4758148193	30.2572460175
150.811262418	1009.26025391	39.4758148193	30.2572460175
150.811262418	1009.26025391	39.4758148193	30.2572460175
150.811262418	1009.26025391	39.4758148193	30.2572460175
150.811262419	1009.26025391	39.4758148193	30.2572460175
150.811262419	1009.26074219	39.4758148193	30.2572460175
150.811262419	1009.26074219	39.4758148193	30.2572460175
150.811262419	1009.26074219	39.4758148193	30.2572460175
150.81126242	1009.26074219	39.4758148193	30.2572460175
150.81126242	1009.26074219	39.4758148193	30.2572460175
150.81126242	1009.26074219	39.4758148193	30.2572460175
150.81126242	1009.26074219	39.4758148193	30.2572460175
150.811262421	1009.26074219	39.4758148193	30.2572460175
150.811262421	1009.26074219	39.4758148193	30.2572460175
150.811262421	1009.26074219	39.4758148193	30.2572460175
150.811262421	1009.26074219	39.4758148193	30.2572460175
150.811262421	1009.26074219	39.4758148193	30.2572460175
150.811262422	1009.26074219	39.4758148193	30.2572460175
150.811262422	1009.26074219	39.4758148193	30.2572460175
150.811262422	1009.26074219	39.4758148193	30.2572460175
150.811262422	1009.26074219	39.4758148193	30.2210159302
150.811262423	1009.26074219	40.2187805176	30.2210159302
150.811262423	1009.25976562	40.2187805176	30.2210159302
150.811262423	1009.25976562	40.2187805176	30.2210159302
150.811262424	1009.25976562	40.2187805176	30.2210159302
150.811262424	1009.25976562	40.2187805176	30.2210159302
150.811262424	1009.25976562	40.2187805176	30.2210159302
150.811262424	1009.25976562	40.2187805176	30.2210159302
150.811262424	1009.25976562	40.2187805176	30.2210159302
150.811262425	1009.25976562	40.2187805176	30.2210159302
150.811262425	1009.25976562	40.2187805176	30.2210159302
150.811262425	1009.25976562	40.2187805176	30.2210159302
150.811262425	1009.25976562	40.2187805176	30.2210159302
150.811262426	1009.25976562	40.2187805176	30.2210159302
150.811262426	1009.25976562	40.2187805176	30.2210159302
150.811262426	1009.25976562	40.2187805176	30.2210159302
150.811262426	1009.25976562	40.2187805176	30.2210159302
150.811262426	1009.25976562	40.2187805176	30.2210159302
150.811262427	1009.25976562	40.2187805176	30.2210159302
150.811262427	1009.26586914	40.2187805176	30.2210159302
150.811262427	1009.26586914	40.2187805176	30.2210159302
150.811262428	1009.26586914	40.2187805176	30.2210159302
150.811262428	1009.26586914	40.2187805176	30.2210159302
150.811262428	1009.26586914	40.2187805176	30.2210159302
150.811262428	1009.26586914	40.2187805176	30.2210159302
150.811262428	1009.26586914	40.2187805176	30.2210159302
150.811262429	1009.26586914	40.2187805176	30.2210159302
150.811262429	1009.26586914	40.2187805176	30.2210159302
150.811262429	1009.26586914	40.2187805176	30.2210159302
150.811262429	1009.26586914	40.2187805176	30.2210159302
150.81126243	1009.26586914	40.2187805176	30.2210159302
150.81126243	1009.26586914	40.2187805176	30.2210159302
150.81126243	1009.26586914	40.2187805176	30.2210159302
150.81126243	1009.26586914	40.2187805176	30.4746379852
150.811262431	1009.26586914	36.5104980469	30.4746379852
150.811262431	1009.26586914	36.5104980469	30.4746379852
150.811262431	1009.26586914	36.5104980469	30.4746379852
150.811262431	1009.26586914	36.5104980469	30.4746379852
150.811262432	1009.26586914	36.5104980469	30.4746379852
150.811262432	1009.26586914	36.5104980469	30.4746379852
150.811262432	1009.26586914	36.5104980469	30.4746379852
150.811262432	1009.26586914	36.5104980469	30.4746379852
150.811262433	1009.26586914	36.5104980469	30.4746379852
150.811262433	1009.26586914	36.5104980469	30.4746379852
150.811262433	1009.26586914	36.5104980469	30.4746379852
150.811262434	1009.26586914	36.5104980469	30.4746379852
150.811262434	1009.26586914	36.5104980469	30.4746379852
150.811262434	1009.26586914	36.5104980469	30.4746379852
150.811262434	1009.26586914	36.5104980469	30.4746379852
150.811262434	1009.26586914	36.5104980469	30.4746379852
150.811262435	1009.26586914	36.5104980469	30.4746379852
150.811262435	1009.26855469	36.5104980469	30.4746379852
150.811262435	1009.26855469	36.5104980469	30.4746379852
150.811262435	1009.26855469	36.5104980469	30.4746379852
150.811262436	1009.26855469	36.5104980469	30.4746379852
150.811262436	1009.26855469	36.5104980469	30.4746379852
150.811262436	1009.26855469	36.5104980469	30.4746379852
150.811262436	1009.26855469	36.5104980469	30.4746379852
150.811262437	1009.26855469	36.5104980469	30.4746379852
150.811262437	1009.26855469	36.5104980469	30.4746379852
150.811262437	1009.26855469	36.5104980469	30.4746379852
150.811262437	1009.26855469	36.5104980469	30.4746379852
150.811262437	1009.26855469	36.5104980469	30.4746379852
150.811262438	1009.26855469	36.5104980469	30.4746379852
150.811262438	1009.26855469	36.5104980469	30.4746379852
150.811262438	1009.26855469	36.5104980469	30.2572460175
150.811262438	1009.26855469	37.5971260071	30.2572460175
150.811262439	1009.26855469	37.5971260071	30.2572460175
150.811262439	1009.26416016	37.5971260071	30.2572460175
150.811262439	1009.26416016	37.5971260071	30.2572460175
150.81126244	1009.26416016	37.5971260071	30.2572460175
150.81126244	1009.26416016	37.5971260071	30.2572460175
150.81126244	1009.26416016	37.5971260071	30.2572460175
150.81126244	1009.26416016	37.5971260071	30.2572460175
150.81126244	1009.26416016	37.5971260071	30.2572460175
150.811262441	1009.26416016	37.5971260071	30.2572460175
150.811262441	1009.26416016	37.5971260071	30.2572460175
150.811262442	1009.26416016	37.5971260071	30.2572460175
150.811262442	1009.26416016	37.5971260071	30.2572460175
150.811262442	1009.26416016	37.5971260071	30.2572460175
150.811262442	1009.26416016	37.5971260071	30.2572460175
150.811262442	1009.26416016	37.5971260071	30.2572460175
150.811262443	1009.26416016	37.5971260071	30.2572460175
150.811262443	1009.26416016	37.5971260071	30.2572460175
150.811262443	1009.26513672	37.5971260071	30.2572460175
150.811262443	1009.26513672	37.5971260071	30.2572460175
150.811262444	1009.26513672	37.5971260071	30.2572460175
150.811262444	1009.26513672	37.5971260071	30.2572460175
150.811262444	1009.26513672	37.5971260071	30.2572460175
150.811262444	1009.26513672	37.5971260071	30.2572460175
150.811262445	1009.26513672	37.5971260071	30.2572460175
150.811262445	1009.26513672	37.5971260071	30.2572460175
150.811262445	1009.26513672	37.5971260071	30.2572460175
150.811262445	1009.26513672	37.5971260071	30.2572460175
150.811262445	1009.26513672	37.5971260071	30.2572460175
150.811262446	1009.26513672	37.5971260071	30.2572460175
150.811262446	1009.26513672	37.5971260071	30.2572460175
150.811262446	1009.26513672	37.5971260071	30.2934780121
150.811262447	1009.26513672	37.3712921143	30.2934780121
150.811262447	1009.26513672	37.3712921143	30.2934780121
150.811262447	1009.26635742	37.3712921143	30.2934780121
150.811262447	1009.26635742	37.3712921143	30.2934780121
150.811262448	1009.26635742	37.3712921143	30.2934780121
150.811262448	1009.26635742	37.3712921143	30.2934780121
150.811262448	1009.26635742	37.3712921143	30.2934780121
150.811262448	1009.26635742	37.3712921143	30.2934780121
150.811262449	1009.26635742	37.3712921143	30.2934780121
150.811262449	1009.26635742	37.3712921143	30.2934780121
150.811262449	1009.26635742	37.3712921143	30.2934780121
150.811262449	1009.26635742	37.3712921143	30.2934780121
150.811262449	1009.26635742	37.3712921143	30.2934780121
150.81126245	1009.26635742	37.3712921143	30.2934780121
150.81126245	1009.26635742	37.3712921143	30.2934780121
150.81126245	1009.26635742	37.3712921143	30.2934780121
150.81126245	1009.26635742	37.3712921143	30.2934780121
150.811262451	1009.26635742	37.3712921143	30.2934780121
150.811262451	1009.26635742	37.3712921143	30.2934780121
150.811262451	1009.26635742	37.3712921143	30.2934780121
150.811262451	1009.26953125	37.3712921143	30.2934780121
150.811262452	1009.26953125	37.3712921143	30.2934780121
150.811262452	1009.26953125	37.3712921143	30.2934780121
150.811262452	1009.26953125	37.3712921143	30.2934780121
150.811262452	1009.26953125	37.3712921143	30.2934780121
150.811262452	1009.26953125	37.3712921143	30.2934780121
150.811262453	1009.26953125	37.3712921143	30.2934780121
150.811262453	1009.26953125	37.3712921143	30.2934780121
150.811262453	1009.26953125	37.3712921143	30.2934780121
150.811262453	1009.26953125	37.3712921143	30.2934780121
150.811262454	1009.26953125	37.3712921143	30.2934780121
150.811262454	1009.26953125	37.3712921143	30.2934780121
150.811262454	1009.26953125	37.3712921143	30.1666679382
150.811262454	1009.26953125	41.406867981	30.1666679382
150.811262455	1009.26953125	41.406867981	30.1666679382
150.811262455	1009.26953125	41.406867981	30.1666679382
150.811262455	1009.26953125	41.406867981	30.1666679382
150.811262456	1009.26953125	41.406867981	30.1666679382
150.811262456	1009.26953125	41.406867981	30.1666679382
150.811262456	1009.26953125	41.406867981	30.1666679382
150.811262456	1009.26953125	41.406867981	30.1666679382
150.811262456	1009.26953125	41.406867981	30.1666679382
150.811262457	1009.26953125	41.406867981	30.1666679382
150.811262457	1009.26953125	41.406867981	30.1666679382
150.811262457	1009.26953125	41.406867981	30.1666679382
150.811262457	1009.26953125	41.406867981	30.1666679382
150.811262458	1009.26953125	41.406867981	30.1666679382
150.811262458	1009.26953125	41.406867981	30.1666679382
150.811262458	1009.26953125	41.406867981	30.1666679382
150.811262458	1009.26953125	41.406867981	30.1666679382
150.811262458	1009.26953125	41.406867981	30.1666679382
150.811262459	1009.26953125	41.406867981	30.1666679382
150.811262459	1009.26953125	41.406867981	30.1666679382
150.811262459	1009.26953125	41.406867981	30.1666679382
150.811262459	1009.265625	41.406867981	30.1666679382
150.81126246	1009.265625	41.406867981	30.1666679382
150.81126246	1009.265625	41.406867981	30.1666679382
150.81126246	1009.265625	41.406867981	30.1666679382
150.81126246	1009.265625	41.406867981	30.1666679382
150.811262461	1009.265625	41.406867981	30.1666679382
150.811262461	1009.265625	41.406867981	30.1666679382
150.811262461	1009.265625	41.406867981	30.1666679382
150.811262461	1009.265625	41.406867981	30.1666679382
150.811262461	1009.265625	41.406867981	30.1666679382
150.811262462	1009.265625	41.406867981	30.1666679382
150.811262462	1009.265625	41.406867981	30.2934780121
150.811262462	1009.265625	38.0127944946	30.2934780121
150.811262462	1009.265625	38.0127944946	30.2934780121
150.811262463	1009.265625	38.0127944946	30.2934780121
150.811262463	1009.265625	38.0127944946	30.2934780121
150.811262463	1009.265625	38.0127944946	30.2934780121
150.811262463	1009.26464844	38.0127944946	30.2934780121
150.811262464	1009.26464844	38.0127944946	30.2934780121
150.811262464	1009.26464844	38.0127944946	30.2934780121
150.811262464	1009.26464844	38.0127944946	30.2934780121
150.811262464	1009.26464844	38.0127944946	30.2934780121
150.811262465	1009.26464844	38.0127944946	30.2934780121
150.811262465	1009.26464844	38.0127944946	30.2934780121
150.811262465	1009.26464844	38.0127944946	30.2934780121
150.811262465	1009.26464844	38.0127944946	30.2934780121
150.811262466	1009.26464844	38.0127944946	30.2934780121
150.811262466	1009.26464844	38.0127944946	30.2934780121
150.811262466	1009.26464844	38.0127944946	30.2934780121
150.811262466	1009.26464844	38.0127944946	30.2934780121
150.811262466	1009.26464844	38.0127944946	30.2934780121
150.811262467	1009.26464844	38.0127944946	30.2934780121
150.811262467	1009.26464844	38.0127944946	30.2934780121
150.811262467	1009.26464844	38.0127944946	30.2934780121
150.811262467	1009.26586914	38.0127944946	30.2934780121
150.811262468	1009.26586914	38.0127944946	30.2934780121
150.811262468	1009.26586914	38.0127944946	30.2934780121
150.811262468	1009.26586914	38.0127944946	30.2934780121
150.811262468	1009.26586914	38.0127944946	30.2934780121
150.811262469	1009.26586914	38.0127944946	30.2934780121
150.811262469	1009.26586914	38.0127944946	30.2934780121
150.811262469	1009.26586914	38.0127944946	30.2934780121
150.811262469	1009.26586914	38.0127944946	30.2934780121
150.81126247	1009.26586914	38.0127944946	30.2934780121
150.81126247	1009.26586914	38.0127944946	30.1666679382
150.81126247	1009.26586914	37.4138412476	30.1666679382
150.81126247	1009.26586914	37.4138412476	30.1666679382
150.811262471	1009.26586914	37.4138412476	30.1666679382
150.811262471	1009.26586914	37.4138412476	30.1666679382
150.811262471	1009.26586914	37.4138412476	30.1666679382
150.811262471	1009.26293945	37.4138412476	30.1666679382
150.811262472	1009.26293945	37.4138412476	30.1666679382
150.811262472	1009.26293945	37.4138412476	30.1666679382
150.811262472	1009.26293945	37.4138412476	30.1666679382
150.811262472	1009.26293945	37.4138412476	30.1666679382
150.811262473	1009.26293945	37.4138412476	30.1666679382
150.811262473	1009.26293945	37.4138412476	30.1666679382
150.811262473	1009.26293945	37.4138412476	30.1666679382
150.811262473	1009.26293945	37.4138412476	30.1666679382
150.811262473	1009.26293945	37.4138412476	30.1666679382
150.811262474	1009.26293945	37.4138412476	30.1666679382
150.811262474	1009.26293945	37.4138412476	30.1666679382
150.811262474	1009.26293945	37.4138412476	30.1666679382
150.811262474	1009.26293945	37.4138412476	30.1666679382
150.811262475	1009.26293945	37.4138412476	30.1666679382
150.811262475	1009.26293945	37.4138412476	30.1666679382
150.811262475	1009.26293945	37.4138412476	30.1666679382
150.811262475	1009.26293945	37.4138412476	30.1666679382
150.811262475	1009.25976562	37.4138412476	30.1666679382
150.811262476	1009.25976562	37.4138412476	30.1666679382
150.811262476	1009.25976562	37.4138412476	30.1666679382
150.811262476	1009.25976562	37.4138412476	30.1666679382
150.811262477	1009.25976562	37.4138412476	30.1666679382
150.811262477	1009.25976562	37.4138412476	30.1666679382
150.811262477	1009.25976562	37.4138412476	30.1666679382
150.811262477	1009.25976562	37.4138412476	30.1666679382
150.811262477	1009.25976562	37.4138412476	30.1666679382
150.811262478	1009.25976562	37.4138412476	30.2391319275
150.811262478	1009.25976562	39.816204071	30.2391319275
150.811262478	1009.25976562	39.816204071	30.2391319275
150.811262478	1009.25976562	39.816204071	30.2391319275
150.811262479	1009.25976562	39.816204071	30.2391319275
150.811262479	1009.25976562	39.816204071	30.2391319275
150.811262479	1009.25976562	39.816204071	30.2391319275
150.811262479	1009.2590332	39.816204071	30.2391319275
150.81126248	1009.2590332	39.816204071	30.2391319275
150.81126248	1009.2590332	39.816204071	30.2391319275
150.81126248	1009.2590332	39.816204071	30.2391319275
150.81126248	1009.2590332	39.816204071	30.2391319275
150.811262481	1009.2590332	39.816204071	30.2391319275
150.811262481	1009.2590332	39.816204071	30.2391319275
150.811262481	1009.2590332	39.816204071	30.2391319275
150.811262481	1009.2590332	39.816204071	30.2391319275
150.811262482	1009.2590332	39.816204071	30.2391319275
150.811262482	1009.2590332	39.816204071	30.2391319275
150.811262482	1009.2590332	39.816204071	30.2391319275
150.811262482	1009.2590332	39.816204071	30.2391319275
150.811262482	1009.2590332	39.816204071	30.2391319275
150.811262483	1009.2590332	39.816204071	30.2391319275
150.811262483	1009.2590332	39.816204071	30.2391319275
150.811262483	1009.2590332	39.816204071	30.2391319275
150.811262483	1009.2590332	39.816204071	30.2391319275
150.811262484	1009.2565918	39.816204071	30.2391319275
150.811262484	1009.2565918	39.816204071	30.2391319275
150.811262484	1009.2565918	39.816204071	30.2391319275
150.811262484	1009.2565918	39.816204071	30.2391319275
150.811262485	1009.2565918	39.816204071	30.2391319275
150.811262485	1009.2565918	39.816204071	30.2391319275
150.811262485	1009.2565918	39.816204071	30.2391319275
150.811262485	1009.2565918	39.816204071	30.2391319275
150.811262486	1009.2565918	39.816204071	30.1666679382
150.811262486	1009.2565918	39.816204071	30.1666679382
150.811262486	1009.2565918	40.8570098877	30.1666679382
150.811262486	1009.2565918	40.8570098877	30.1666679382
150.811262487	1009.2565918	40.8570098877	30.1666679382
150.811262487	1009.2565918	40.8570098877	30.1666679382
150.811262487	1009.2565918	40.8570098877	30.1666679382
150.811262487	1009.2565918	40.8570098877	30.1666679382
150.811262487	1009.26049805	40.8570098877	30.1666679382
150.811262488	1009.26049805	40.8570098877	30.1666679382
150.811262488	1009.26049805	40.8570098877	30.1666679382
150.811262488	1009.26049805	40.8570098877	30.1666679382
150.811262489	1009.26049805	40.8570098877	30.1666679382
150.811262489	1009.26049805	40.8570098877	30.1666679382
150.811262489	1009.26049805	40.8570098877	30.1666679382
150.811262489	1009.26049805	40.8570098877	30.1666679382
150.811262489	1009.26049805	40.8570098877	30.1666679382
150.81126249	1009.26049805	40.8570098877	30.1666679382
150.81126249	1009.26049805	40.8570098877	30.1666679382
150.81126249	1009.26049805	40.8570098877	30.1666679382
150.81126249	1009.26049805	40.8570098877	30.1666679382
150.811262491	1009.26049805	40.8570098877	30.1666679382
150.811262491	1009.26049805	40.8570098877	30.1666679382
150.811262491	1009.26049805	40.8570098877	30.1666679382
150.811262491	1009.26049805	40.8570098877	30.1666679382
150.811262491	1009.26049805	40.8570098877	30.1666679382
150.811262492	1009.26391602	40.8570098877	30.1666679382
150.811262492	1009.26391602	40.8570098877	30.1666679382
150.811262492	1009.26391602	40.8570098877	30.1666679382
150.811262493	1009.26391602	40.8570098877	30.1666679382
150.811262493	1009.26391602	40.8570098877	30.1666679382
150.811262493	1009.26391602	40.8570098877	30.1666679382
150.811262493	1009.26391602	40.8570098877	30.1666679382
150.811262493	1009.26391602	40.8570098877	30.1666679382
150.811262494	1009.26391602	40.8570098877	30.2391319275
150.811262494	1009.26391602	40.8013687134	30.2391319275
150.811262494	1009.26391602	40.8013687134	30.2391319275
150.811262494	1009.26391602	40.8013687134	30.2391319275
150.811262495	1009.26391602	40.8013687134	30.2391319275
150.811262495	1009.26391602	40.8013687134	30.2391319275
150.811262495	1009.26391602	40.8013687134	30.2391319275
150.811262495	1009.26391602	40.8013687134	30.2391319275
150.811262496	1009.26538086	40.8013687134	30.2391319275
150.811262496	1009.26538086	40.8013687134	30.2391319275
150.811262496	1009.26538086	40.8013687134	30.2391319275
150.811262496	1009.26538086	40.8013687134	30.2391319275
150.811262497	1009.26538086	40.8013687134	30.2391319275
150.811262497	1009.26538086	40.8013687134	30.2391319275
150.811262497	1009.26538086	40.8013687134	30.2391319275
150.811262497	1009.26538086	40.8013687134	30.2391319275
150.811262498	1009.26538086	40.8013687134	30.2391319275
150.811262498	1009.26538086	40.8013687134	30.2391319275
150.811262498	1009.26538086	40.8013687134	30.2391319275
150.811262498	1009.26538086	40.8013687134	30.2391319275
150.811262498	1009.26538086	40.8013687134	30.2391319275
150.811262499	1009.26538086	40.8013687134	30.2391319275
150.811262499	1009.26538086	40.8013687134	30.2391319275
150.811262499	1009.26538086	40.8013687134	30.2391319275
150.811262499	1009.26538086	40.8013687134	30.2391319275
150.8112625	1009.26538086	40.8013687134	30.2391319275
150.8112625	1009.26147461	40.8013687134	30.2391319275
150.8112625	1009.26147461	40.8013687134	30.2391319275
150.8112625	1009.26147461	40.8013687134	30.2391319275
150.811262501	1009.26147461	40.8013687134	30.2391319275
150.811262501	1009.26147461	40.8013687134	30.2391319275
150.811262501	1009.26147461	40.8013687134	30.2391319275
150.811262501	1009.26147461	40.8013687134	30.2391319275
150.811262501	1009.26147461	40.8013687134	30.2753620148
150.811262502	1009.26147461	37.7935066223	30.2753620148
150.811262502	1009.26147461	37.7935066223	30.2753620148
150.811262502	1009.26147461	37.7935066223	30.2753620148
150.811262503	1009.26147461	37.7935066223	30.2753620148
150.811262503	1009.26147461	37.7935066223	30.2753620148
150.811262503	1009.26147461	37.7935066223	30.2753620148
150.811262503	1009.26147461	37.7935066223	30.2753620148
150.811262503	1009.26147461	37.7935066223	30.2753620148
150.811262504	1009.26245117	37.7935066223	30.2753620148
150.811262504	1009.26245117	37.7935066223	30.2753620148
150.811262504	1009.26245117	37.7935066223	30.2753620148
150.811262505	1009.26245117	37.7935066223	30.2753620148
150.811262505	1009.26245117	37.7935066223	30.2753620148
150.811262505	1009.26245117	37.7935066223	30.2753620148
150.811262505	1009.26245117	37.7935066223	30.2753620148
150.811262505	1009.26245117	37.7935066223	30.2753620148
150.811262506	1009.26245117	37.7935066223	30.2753620148
150.811262506	1009.26245117	37.7935066223	30.2753620148
150.811262506	1009.26245117	37.7935066223	30.2753620148
150.811262506	1009.26245117	37.7935066223	30.2753620148
150.811262507	1009.26245117	37.7935066223	30.2753620148
150.811262507	1009.26245117	37.7935066223	30.2753620148
150.811262507	1009.26245117	37.7935066223	30.2753620148
150.811262507	1009.26245117	37.7935066223	30.2753620148
150.811262507	1009.26245117	37.7935066223	30.2753620148
150.811262508	1009.26245117	37.7935066223	30.2753620148
150.811262508	1009.26464844	37.7935066223	30.2753620148
150.811262508	1009.26464844	37.7935066223	30.2753620148
150.811262509	1009.26464844	37.7935066223	30.2753620148
150.811262509	1009.26464844	37.7935066223	30.2753620148
150.811262509	1009.26464844	37.7935066223	30.2753620148
150.811262509	1009.26464844	37.7935066223	30.2753620148
150.811262509	1009.26464844	37.7935066223	30.402173996
150.81126251	1009.26464844	37.9964294434	30.402173996
150.81126251	1009.26464844	37.9964294434	30.402173996
150.81126251	1009.26464844	37.9964294434	30.402173996
150.81126251	1009.26464844	37.9964294434	30.402173996
150.811262511	1009.26464844	37.9964294434	30.402173996
150.811262511	1009.26464844	37.9964294434	30.402173996
150.811262511	1009.26464844	37.9964294434	30.402173996
150.811262511	1009.26464844	37.9964294434	30.402173996
150.811262512	1009.26464844	37.9964294434	30.402173996
150.811262512	1009.26538086	37.9964294434	30.402173996
150.811262512	1009.26538086	37.9964294434	30.402173996
150.811262512	1009.26538086	37.9964294434	30.402173996
150.811262513	1009.26538086	37.9964294434	30.402173996
150.811262513	1009.26538086	37.9964294434	30.402173996
150.811262513	1009.26538086	37.9964294434	30.402173996
150.811262513	1009.26538086	37.9964294434	30.402173996
150.811262514	1009.26538086	37.9964294434	30.402173996
150.811262514	1009.26538086	37.9964294434	30.402173996
150.811262514	1009.26538086	37.9964294434	30.402173996
150.811262514	1009.26538086	37.9964294434	30.402173996
150.811262514	1009.26538086	37.9964294434	30.402173996
150.811262515	1009.26538086	37.9964294434	30.402173996
150.811262515	1009.26538086	37.9964294434	30.402173996
150.811262515	1009.26538086	37.9964294434	30.402173996
150.811262515	1009.26538086	37.9964294434	30.402173996
150.811262516	1009.26538086	37.9964294434	30.402173996
150.811262516	1009.26538086	37.9964294434	30.402173996
150.811262516	1009.265625	37.9964294434	30.402173996
150.811262516	1009.265625	37.9964294434	30.402173996
150.811262517	1009.265625	37.9964294434	30.402173996
150.811262517	1009.265625	37.9964294434	30.402173996
150.811262517	1009.265625	37.9964294434	30.402173996
150.811262517	1009.265625	37.9964294434	30.2572460175
150.811262518	1009.265625	35.6693458557	30.2572460175
150.811262518	1009.265625	35.6693458557	30.2572460175
150.811262518	1009.265625	35.6693458557	30.2572460175
150.811262518	1009.265625	35.6693458557	30.2572460175
150.811262519	1009.265625	35.6693458557	30.2572460175
150.811262519	1009.265625	35.6693458557	30.2572460175
150.811262519	1009.265625	35.6693458557	30.2572460175
150.811262519	1009.265625	35.6693458557	30.2572460175
150.811262519	1009.265625	35.6693458557	30.2572460175
150.81126252	1009.265625	35.6693458557	30.2572460175
150.81126252	1009.26733398	35.6693458557	30.2572460175
150.81126252	1009.26733398	35.6693458557	30.2572460175
150.811262521	1009.26733398	35.6693458557	30.2572460175
150.811262521	1009.26733398	35.6693458557	30.2572460175
150.811262521	1009.26733398	35.6693458557	30.2572460175
150.811262521	1009.26733398	35.6693458557	30.2572460175
150.811262521	1009.26733398	35.6693458557	30.2572460175
150.811262522	1009.26733398	35.6693458557	30.2572460175
150.811262522	1009.26733398	35.6693458557	30.2572460175
150.811262522	1009.26733398	35.6693458557	30.2572460175
150.811262522	1009.26733398	35.6693458557	30.2572460175
150.811262523	1009.26733398	35.6693458557	30.2572460175
150.811262523	1009.26733398	35.6693458557	30.2572460175
150.811262523	1009.26733398	35.6693458557	30.2572460175
150.811262523	1009.26733398	35.6693458557	30.2572460175
150.811262523	1009.26733398	35.6693458557	30.2572460175
150.811262524	1009.26733398	35.6693458557	30.2572460175
150.811262524	1009.26733398	35.6693458557	30.2572460175
150.811262524	1009.26879883	35.6693458557	30.2572460175
150.811262524	1009.26879883	35.6693458557	30.2572460175
150.811262525	1009.26879883	35.6693458557	30.2572460175
150.811262525	1009.26879883	35.6693458557	30.2572460175
150.811262525	1009.26879883	35.6693458557	30.2572460175
150.811262525	1009.26879883	40.6442680359	30.2572460175
150.811262526	1009.26879883	40.6442680359	30.2572460175
150.811262526	1009.26879883	40.6442680359	30.2572460175
150.811262526	1009.26879883	40.6442680359	30.2572460175
150.811262526	1009.26879883	40.6442680359	30.2572460175
150.811262527	1009.26879883	40.6442680359	30.2572460175
150.811262527	1009.26879883	40.6442680359	30.2572460175
150.811262527	1009.26879883	40.6442680359	30.2572460175
150.811262527	1009.26879883	40.6442680359	30.2572460175
150.811262528	1009.26879883	40.6442680359	30.2572460175
150.811262528	1009.26879883	40.6442680359	30.2572460175
150.811262528	1009.26538086	40.6442680359	30.2572460175
150.811262528	1009.26538086	40.6442680359	30.2572460175
150.811262529	1009.26538086	40.6442680359	30.2572460175
150.811262529	1009.26538086	40.6442680359	30.2572460175
150.811262529	1009.26538086	40.6442680359	30.2572460175
150.811262529	1009.26538086	40.6442680359	30.2572460175
150.811262529	1009.26538086	40.6442680359	30.2572460175
150.81126253	1009.26538086	40.6442680359	30.2572460175
150.81126253	1009.26538086	40.6442680359	30.2572460175
150.81126253	1009.26538086	40.6442680359	30.2572460175
150.81126253	1009.26538086	40.6442680359	30.2572460175
150.811262531	1009.26538086	40.6442680359	30.2572460175
150.811262531	1009.26538086	40.6442680359	30.2572460175
150.811262531	1009.26538086	40.6442680359	30.2572460175
150.811262531	1009.26538086	40.6442680359	30.2572460175
150.811262532	1009.26538086	40.6442680359	30.2572460175
150.811262532	1009.26538086	40.6442680359	30.2572460175
150.811262532	1009.26538086	40.6442680359	30.2572460175
150.811262532	1009.27001953	40.6442680359	30.2572460175
150.811262533	1009.27001953	40.6442680359	30.2572460175
