2.64125128398	1400
time	pressure	humidity	temperature
150.811261516	1006.87280273	35.1270599365	33.287940979
150.811261516	1006.87280273	35.1270599365	33.287940979
150.811261517	1006.87280273	35.1270599365	33.287940979
150.811261517	1006.87280273	35.1270599365	33.287940979
150.811261517	1006.87280273	35.1270599365	33.287940979
150.811261517	1006.87280273	35.1270599365	33.287940979
150.811261518	1006.87280273	35.1270599365	33.287940979
150.811261518	1006.87280273	35.1270599365	33.287940979
150.811261518	1006.87402344	35.1270599365	33.287940979
150.811261518	1006.87402344	35.1270599365	33.287940979
150.811261519	1006.87402344	35.1270599365	33.287940979
150.811261519	1006.87402344	35.1270599365	33.287940979
150.811261519	1006.87402344	35.1270599365	33.287940979
150.811261519	1006.87402344	35.1270599365	33.287940979
150.811261519	1006.87402344	35.1270599365	33.287940979
150.81126152	1006.87402344	35.1270599365	33.287940979
150.81126152	1006.87402344	35.1270599365	33.3240814209
150.81126152	1006.87402344	33.2798347473	33.3240814209
150.811261521	1006.87402344	33.2798347473	33.3240814209
150.811261521	1006.87402344	33.2798347473	33.3240814209
150.811261521	1006.87402344	33.2798347473	33.3240814209
150.811261521	1006.87402344	33.2798347473	33.3240814209
150.811261521	1006.87402344	33.2798347473	33.3240814209
150.811261522	1006.87402344	33.2798347473	33.3240814209
150.811261522	1006.87402344	33.2798347473	33.3240814209
150.811261522	1006.87011719	33.2798347473	33.3240814209
150.811261522	1006.87011719	33.2798347473	33.3240814209
150.811261523	1006.87011719	33.2798347473	33.3240814209
150.811261523	1006.87011719	33.2798347473	33.3240814209
150.811261523	1006.87011719	33.2798347473	33.3240814209
150.811261523	1006.87011719	33.2798347473	33.3240814209
150.811261524	1006.87011719	33.2798347473	33.3240814209
150.811261524	1006.87011719	33.2798347473	33.3240814209
150.811261524	1006.87011719	33.2798347473	33.3240814209
150.811261524	1006.87011719	33.2798347473	33.3240814209
150.811261524	1006.87011719	33.2798347473	33.3240814209
150.811261525	1006.87011719	33.2798347473	33.3240814209
150.811261525	1006.87011719	33.2798347473	33.3240814209
150.811261525	1006.87011719	33.2798347473	33.3240814209
150.811261525	1006.87011719	33.2798347473	33.3240814209
150.811261526	1006.87011719	33.2798347473	33.3240814209
150.811261526	1006.87426758	33.2798347473	33.3240814209
150.811261526	1006.87426758	33.2798347473	33.3240814209
150.811261526	1006.87426758	33.2798347473	33.3240814209
150.811261527	1006.87426758	33.2798347473	33.3240814209
150.811261527	1006.87426758	33.2798347473	33.3240814209
150.811261527	1006.87426758	33.2798347473	33.3240814209
150.811261527	1006.87426758	33.2798347473	33.3240814209
150.811261528	1006.87426758	33.2798347473	33.3240814209
150.811261528	1006.87426758	33.2798347473	33.3240814209
150.811261528	1006.87426758	33.2798347473	33.3240814209
150.811261528	1006.87426758	34.5805244446	33.3240814209
150.811261529	1006.87426758	34.5805244446	33.3240814209
150.811261529	1006.87426758	34.5805244446	33.3240814209
150.811261529	1006.87426758	34.5805244446	33.3240814209
150.811261529	1006.87426758	34.5805244446	33.3240814209
150.81126153	1006.87426758	34.5805244446	33.3240814209
150.81126153	1006.87426758	34.5805244446	33.3240814209
150.81126153	1006.87329102	34.5805244446	33.3240814209
150.81126153	1006.87329102	34.5805244446	33.3240814209
150.811261531	1006.87329102	34.5805244446	33.3240814209
150.811261531	1006.87329102	34.5805244446	33.3240814209
150.811261531	1006.87329102	34.5805244446	33.3240814209
150.811261531	1006.87329102	34.5805244446	33.3240814209
150.811261531	1006.87329102	34.5805244446	33.3240814209
150.811261532	1006.87329102	34.5805244446	33.3240814209
150.811261532	1006.87329102	34.5805244446	33.3240814209
150.811261532	1006.87329102	34.5805244446	33.3240814209
150.811261532	1006.87329102	34.5805244446	33.3240814209
150.811261533	1006.87329102	34.5805244446	33.3240814209
150.811261533	1006.87329102	34.5805244446	33.3240814209
150.811261533	1006.87329102	34.5805244446	33.3240814209
150.811261533	1006.87329102	34.5805244446	33.3240814209
150.811261533	1006.87329102	34.5805244446	33.3240814209
150.811261534	1006.87329102	34.5805244446	33.3240814209
150.811261534	1006.87573242	34.5805244446	33.3240814209
150.811261534	1006.87573242	34.5805244446	33.3240814209
150.811261535	1006.87573242	34.5805244446	33.3240814209
150.811261535	1006.87573242	34.5805244446	33.3240814209
150.811261535	1006.87573242	34.5805244446	33.3240814209
150.811261535	1006.87573242	34.5805244446	33.3240814209
150.811261535	1006.87573242	34.5805244446	33.3240814209
150.811261536	1006.87573242	34.5805244446	33.3240814209
150.811261536	1006.87573242	34.5805244446	33.3240814209
150.811261536	1006.87573242	34.5805244446	33.3240814209
150.811261536	1006.87573242	34.5805244446	33.2698745728
150.811261537	1006.87573242	37.2796134949	33.2698745728
150.811261537	1006.87573242	37.2796134949	33.2698745728
150.811261537	1006.87573242	37.2796134949	33.2698745728
150.811261537	1006.87573242	37.2796134949	33.2698745728
150.811261538	1006.87573242	37.2796134949	33.2698745728
150.811261538	1006.87255859	37.2796134949	33.2698745728
150.811261538	1006.87255859	37.2796134949	33.2698745728
150.811261538	1006.87255859	37.2796134949	33.2698745728
150.811261539	1006.87255859	37.2796134949	33.2698745728
150.811261539	1006.87255859	37.2796134949	33.2698745728
150.811261539	1006.87255859	37.2796134949	33.2698745728
150.811261539	1006.87255859	37.2796134949	33.2698745728
150.81126154	1006.87255859	37.2796134949	33.2698745728
150.81126154	1006.87255859	37.2796134949	33.2698745728
150.81126154	1006.87255859	37.2796134949	33.2698745728
150.81126154	1006.87255859	37.2796134949	33.2698745728
150.81126154	1006.87255859	37.2796134949	33.2698745728
150.811261541	1006.87255859	37.2796134949	33.2698745728
150.811261541	1006.87255859	37.2796134949	33.2698745728
150.811261541	1006.87255859	37.2796134949	33.2698745728
150.811261541	1006.87255859	37.2796134949	33.2698745728
150.811261542	1006.87255859	37.2796134949	33.2698745728
150.811261542	1006.86791992	37.2796134949	33.2698745728
150.811261542	1006.86791992	37.2796134949	33.2698745728
150.811261542	1006.86791992	37.2796134949	33.2698745728
150.811261543	1006.86791992	37.2796134949	33.2698745728
150.811261543	1006.86791992	37.2796134949	33.2698745728
150.811261543	1006.86791992	37.2796134949	33.2698745728
150.811261543	1006.86791992	37.2796134949	33.2698745728
150.811261543	1006.86791992	37.2796134949	33.2698745728
150.811261544	1006.86791992	37.2796134949	33.2698745728
150.811261544	1006.86791992	37.2796134949	33.2698745728
150.811261544	1006.86791992	37.2796134949	33.2698745728
150.811261544	1006.86791992	37.2796134949	33.287940979
150.811261545	1006.86791992	36.7788772583	33.287940979
150.811261545	1006.86791992	36.7788772583	33.287940979
150.811261545	1006.86791992	36.7788772583	33.287940979
150.811261545	1006.86791992	36.7788772583	33.287940979
150.811261546	1006.87280273	36.7788772583	33.287940979
150.811261546	1006.87280273	36.7788772583	33.287940979
150.811261546	1006.87280273	36.7788772583	33.287940979
150.811261547	1006.87280273	36.7788772583	33.287940979
150.811261547	1006.87280273	36.7788772583	33.287940979
150.811261547	1006.87280273	36.7788772583	33.287940979
150.811261547	1006.87280273	36.7788772583	33.287940979
150.811261547	1006.87280273	36.7788772583	33.287940979
150.811261548	1006.87280273	36.7788772583	33.287940979
150.811261548	1006.87280273	36.7788772583	33.287940979
150.811261548	1006.87280273	36.7788772583	33.287940979
150.811261548	1006.87280273	36.7788772583	33.287940979
150.811261548	1006.87280273	36.7788772583	33.287940979
150.811261549	1006.87280273	36.7788772583	33.287940979
150.811261549	1006.87280273	36.7788772583	33.287940979
150.811261549	1006.87280273	36.7788772583	33.287940979
150.811261549	1006.87280273	36.7788772583	33.287940979
150.81126155	1006.86889648	36.7788772583	33.287940979
150.81126155	1006.86889648	36.7788772583	33.287940979
150.81126155	1006.86889648	36.7788772583	33.287940979
150.81126155	1006.86889648	36.7788772583	33.287940979
150.811261551	1006.86889648	36.7788772583	33.287940979
150.811261551	1006.86889648	36.7788772583	33.287940979
150.811261551	1006.86889648	36.7788772583	33.287940979
150.811261551	1006.86889648	36.7788772583	33.287940979
150.811261552	1006.86889648	36.7788772583	33.287940979
150.811261552	1006.86889648	36.7788772583	33.287940979
150.811261552	1006.86889648	36.7788772583	33.287940979
150.811261552	1006.86889648	36.7788772583	33.287940979
150.811261552	1006.86889648	36.7788772583	33.287940979
150.811261553	1006.86889648	36.7788772583	33.3060112
150.811261553	1006.86889648	35.2827758789	33.3060112
150.811261553	1006.86889648	35.2827758789	33.3060112
150.811261554	1006.86889648	35.2827758789	33.3060112
150.811261554	1006.86914062	35.2827758789	33.3060112
150.811261554	1006.86914062	35.2827758789	33.3060112
150.811261554	1006.86914062	35.2827758789	33.3060112
150.811261555	1006.86914062	35.2827758789	33.3060112
150.811261555	1006.86914062	35.2827758789	33.3060112
150.811261555	1006.86914062	35.2827758789	33.3060112
150.811261555	1006.86914062	35.2827758789	33.3060112
150.811261555	1006.86914062	35.2827758789	33.3060112
150.811261556	1006.86914062	35.2827758789	33.3060112
150.811261556	1006.86914062	35.2827758789	33.3060112
150.811261556	1006.86914062	35.2827758789	33.3060112
150.811261556	1006.86914062	35.2827758789	33.3060112
150.811261557	1006.86914062	35.2827758789	33.3060112
150.811261557	1006.86914062	35.2827758789	33.3060112
150.811261557	1006.86914062	35.2827758789	33.3060112
150.811261557	1006.86914062	35.2827758789	33.3060112
150.811261557	1006.86914062	35.2827758789	33.3060112
150.811261558	1006.86694336	35.2827758789	33.3060112
150.811261558	1006.86694336	35.2827758789	33.3060112
150.811261558	1006.86694336	35.2827758789	33.3060112
150.811261559	1006.86694336	35.2827758789	33.3060112
150.811261559	1006.86694336	35.2827758789	33.3060112
150.811261559	1006.86694336	35.2827758789	33.3060112
150.811261559	1006.86694336	35.2827758789	33.3060112
150.811261559	1006.86694336	35.2827758789	33.3060112
150.81126156	1006.86694336	35.2827758789	33.3060112
150.81126156	1006.86694336	35.2827758789	33.3060112
150.81126156	1006.86694336	35.2827758789	33.3060112
150.81126156	1006.86694336	35.2827758789	33.3060112
150.811261561	1006.86694336	35.2827758789	33.3060112
150.811261561	1006.86694336	35.2827758789	33.287940979
150.811261561	1006.86694336	38.2688713074	33.287940979
150.811261561	1006.86694336	38.2688713074	33.287940979
150.811261562	1006.86181641	38.2688713074	33.287940979
150.811261562	1006.86181641	38.2688713074	33.287940979
150.811261562	1006.86181641	38.2688713074	33.287940979
150.811261562	1006.86181641	38.2688713074	33.287940979
150.811261563	1006.86181641	38.2688713074	33.287940979
150.811261563	1006.86181641	38.2688713074	33.287940979
150.811261563	1006.86181641	38.2688713074	33.287940979
150.811261563	1006.86181641	38.2688713074	33.287940979
150.811261564	1006.86181641	38.2688713074	33.287940979
150.811261564	1006.86181641	38.2688713074	33.287940979
150.811261564	1006.86181641	38.2688713074	33.287940979
150.811261564	1006.86181641	38.2688713074	33.287940979
150.811261564	1006.86181641	38.2688713074	33.287940979
150.811261565	1006.86181641	38.2688713074	33.287940979
150.811261565	1006.86181641	38.2688713074	33.287940979
150.811261565	1006.86181641	38.2688713074	33.287940979
150.811261565	1006.86181641	38.2688713074	33.287940979
150.811261566	1006.86181641	38.2688713074	33.287940979
150.811261566	1006.86181641	38.2688713074	33.287940979
150.811261566	1006.86181641	38.2688713074	33.287940979
150.811261566	1006.86181641	38.2688713074	33.287940979
150.811261567	1006.86181641	38.2688713074	33.287940979
150.811261567	1006.86181641	38.2688713074	33.287940979
150.811261567	1006.86181641	38.2688713074	33.287940979
150.811261567	1006.86181641	38.2688713074	33.287940979
150.811261567	1006.86181641	38.2688713074	33.287940979
150.811261568	1006.86181641	38.2688713074	33.287940979
150.811261568	1006.86181641	38.2688713074	33.287940979
150.811261568	1006.86181641	38.2688713074	33.287940979
150.811261568	1006.86181641	38.2688713074	33.287940979
150.811261569	1006.86181641	38.2688713074	33.287940979
150.811261569	1006.86181641	38.2688713074	33.3240814209
150.811261569	1006.86181641	33.3378448486	33.3240814209
150.811261569	1006.86108398	33.3378448486	33.3240814209
150.81126157	1006.86108398	33.3378448486	33.3240814209
150.81126157	1006.86108398	33.3378448486	33.3240814209
150.81126157	1006.86108398	33.3378448486	33.3240814209
150.81126157	1006.86108398	33.3378448486	33.3240814209
150.811261571	1006.86108398	33.3378448486	33.3240814209
150.811261571	1006.86108398	33.3378448486	33.3240814209
150.811261571	1006.86108398	33.3378448486	33.3240814209
150.811261571	1006.86108398	33.3378448486	33.3240814209
150.811261572	1006.86108398	33.3378448486	33.3240814209
150.811261572	1006.86108398	33.3378448486	33.3240814209
150.811261572	1006.86108398	33.3378448486	33.3240814209
150.811261572	1006.86108398	33.3378448486	33.3240814209
150.811261572	1006.86108398	33.3378448486	33.3240814209
150.811261573	1006.86108398	33.3378448486	33.3240814209
150.811261573	1006.86108398	33.3378448486	33.3240814209
150.811261573	1006.86108398	33.3378448486	33.3240814209
150.811261573	1006.85913086	33.3378448486	33.3240814209
150.811261574	1006.85913086	33.3378448486	33.3240814209
150.811261574	1006.85913086	33.3378448486	33.3240814209
150.811261574	1006.85913086	33.3378448486	33.3240814209
150.811261574	1006.85913086	33.3378448486	33.3240814209
150.811261575	1006.85913086	33.3378448486	33.3240814209
150.811261575	1006.85913086	33.3378448486	33.3240814209
150.811261575	1006.85913086	33.3378448486	33.3240814209
150.811261575	1006.85913086	33.3378448486	33.3240814209
150.811261576	1006.85913086	33.3378448486	33.3240814209
150.811261576	1006.85913086	33.3378448486	33.3240814209
150.811261576	1006.85913086	33.3378448486	33.3240814209
150.811261576	1006.85913086	33.3378448486	33.3240814209
150.811261576	1006.85913086	33.3378448486	33.3240814209
150.811261577	1006.85913086	33.3378448486	33.3240814209
150.811261577	1006.85913086	33.3378448486	33.3240814209
150.811261577	1006.85913086	33.3378448486	33.3602142334
150.811261577	1006.8684082	34.974395752	33.3602142334
150.811261578	1006.8684082	34.974395752	33.3602142334
150.811261578	1006.8684082	34.974395752	33.3602142334
150.811261578	1006.8684082	34.974395752	33.3602142334
150.811261579	1006.8684082	34.974395752	33.3602142334
150.811261579	1006.8684082	34.974395752	33.3602142334
150.811261579	1006.8684082	34.974395752	33.3602142334
150.811261579	1006.8684082	34.974395752	33.3602142334
150.811261579	1006.8684082	34.974395752	33.3602142334
150.81126158	1006.8684082	34.974395752	33.3602142334
150.81126158	1006.8684082	34.974395752	33.3602142334
150.81126158	1006.8684082	34.974395752	33.3602142334
150.81126158	1006.8684082	34.974395752	33.3602142334
150.811261581	1006.8684082	34.974395752	33.3602142334
150.811261581	1006.8684082	34.974395752	33.3602142334
150.811261581	1006.8684082	34.974395752	33.3602142334
150.811261581	1006.8684082	34.974395752	33.3602142334
150.811261581	1006.87182617	34.974395752	33.3602142334
150.811261582	1006.87182617	34.974395752	33.3602142334
150.811261582	1006.87182617	34.974395752	33.3602142334
150.811261582	1006.87182617	34.974395752	33.3602142334
150.811261583	1006.87182617	34.974395752	33.3602142334
150.811261583	1006.87182617	34.974395752	33.3602142334
150.811261583	1006.87182617	34.974395752	33.3602142334
150.811261583	1006.87182617	34.974395752	33.3602142334
150.811261583	1006.87182617	34.974395752	33.3602142334
150.811261584	1006.87182617	34.974395752	33.3602142334
150.811261584	1006.87182617	34.974395752	33.3602142334
150.811261584	1006.87182617	34.974395752	33.3602142334
150.811261584	1006.87182617	34.974395752	33.3602142334
150.811261585	1006.87182617	34.974395752	33.3602142334
150.811261585	1006.87182617	34.974395752	33.3602142334
150.811261585	1006.87182617	34.974395752	33.3602142334
150.811261585	1006.87182617	34.974395752	33.2698745728
150.811261585	1006.87939453	38.571144104	33.2698745728
150.811261586	1006.87939453	38.571144104	33.2698745728
150.811261586	1006.87939453	38.571144104	33.2698745728
150.811261586	1006.87939453	38.571144104	33.2698745728
150.811261587	1006.87939453	38.571144104	33.2698745728
150.811261587	1006.87939453	38.571144104	33.2698745728
150.811261587	1006.87939453	38.571144104	33.2698745728
150.811261587	1006.87939453	38.571144104	33.2698745728
150.811261588	1006.87939453	38.571144104	33.2698745728
150.811261588	1006.87939453	38.571144104	33.2698745728
150.811261588	1006.87939453	38.571144104	33.2698745728
150.811261588	1006.87939453	38.571144104	33.2698745728
150.811261588	1006.87939453	38.571144104	33.2698745728
150.811261589	1006.87939453	38.571144104	33.2698745728
150.811261589	1006.87939453	38.571144104	33.2698745728
150.811261589	1006.87939453	38.571144104	33.2698745728
150.811261589	1006.87719727	38.571144104	33.2698745728
150.81126159	1006.87719727	38.571144104	33.2698745728
150.81126159	1006.87719727	38.571144104	33.2698745728
150.81126159	1006.87719727	38.571144104	33.2698745728
150.81126159	1006.87719727	38.571144104	33.2698745728
150.811261591	1006.87719727	38.571144104	33.2698745728
150.811261591	1006.87719727	38.571144104	33.2698745728
150.811261591	1006.87719727	38.571144104	33.2698745728
150.811261591	1006.87719727	38.571144104	33.2698745728
150.811261591	1006.87719727	38.571144104	33.2698745728
150.811261592	1006.87719727	38.571144104	33.2698745728
150.811261592	1006.87719727	38.571144104	33.2698745728
150.811261592	1006.87719727	38.571144104	33.2698745728
150.811261592	1006.87719727	38.571144104	33.2698745728
150.811261593	1006.87719727	38.571144104	33.2698745728
150.811261593	1006.87719727	38.571144104	33.2698745728
150.811261593	1006.87719727	38.571144104	33.2698745728
150.811261593	1006.88232422	38.571144104	33.1976013184
150.811261594	1006.88232422	34.9652366638	33.1976013184
150.811261594	1006.88232422	34.9652366638	33.1976013184
150.811261594	1006.88232422	34.9652366638	33.1976013184
150.811261594	1006.88232422	34.9652366638	33.1976013184
150.811261595	1006.88232422	34.9652366638	33.1976013184
150.811261595	1006.88232422	34.9652366638	33.1976013184
150.811261595	1006.88232422	34.9652366638	33.1976013184
150.811261595	1006.88232422	34.9652366638	33.1976013184
150.811261596	1006.88232422	34.9652366638	33.1976013184
150.811261596	1006.88232422	34.9652366638	33.1976013184
150.811261596	1006.88232422	34.9652366638	33.1976013184
150.811261596	1006.88232422	34.9652366638	33.1976013184
150.811261596	1006.88232422	34.9652366638	33.1976013184
150.811261597	1006.88232422	34.9652366638	33.1976013184
150.811261597	1006.88232422	34.9652366638	33.1976013184
150.811261597	1006.88525391	34.9652366638	33.1976013184
150.811261598	1006.88525391	34.9652366638	33.1976013184
150.811261598	1006.88525391	34.9652366638	33.1976013184
150.811261598	1006.88525391	34.9652366638	33.1976013184
150.811261598	1006.88525391	34.9652366638	33.1976013184
150.811261598	1006.88525391	34.9652366638	33.1976013184
150.811261599	1006.88525391	34.9652366638	33.1976013184
150.811261599	1006.88525391	34.9652366638	33.1976013184
150.811261599	1006.88525391	34.9652366638	33.1976013184
150.811261599	1006.88525391	34.9652366638	33.1976013184
150.8112616	1006.88525391	34.9652366638	33.1976013184
150.8112616	1006.88525391	34.9652366638	33.1976013184
150.8112616	1006.88525391	34.9652366638	33.1976013184
150.8112616	1006.88525391	34.9652366638	33.1976013184
150.8112616	1006.88525391	34.9652366638	33.1976013184
150.811261601	1006.88525391	34.9652366638	33.1976013184
150.811261601	1006.88525391	34.9652366638	33.1976013184
150.811261601	1006.8828125	34.9652366638	33.1976013184
150.811261602	1006.8828125	34.9652366638	33.3060112
150.811261602	1006.8828125	38.4734382629	33.3060112
150.811261602	1006.8828125	38.4734382629	33.3060112
150.811261602	1006.8828125	38.4734382629	33.3060112
150.811261603	1006.8828125	38.4734382629	33.3060112
150.811261603	1006.8828125	38.4734382629	33.3060112
150.811261603	1006.8828125	38.4734382629	33.3060112
150.811261603	1006.8828125	38.4734382629	33.3060112
150.811261603	1006.8828125	38.4734382629	33.3060112
150.811261604	1006.8828125	38.4734382629	33.3060112
150.811261604	1006.8828125	38.4734382629	33.3060112
150.811261604	1006.8828125	38.4734382629	33.3060112
150.811261604	1006.8828125	38.4734382629	33.3060112
150.811261605	1006.8828125	38.4734382629	33.3060112
150.811261605	1006.8828125	38.4734382629	33.3060112
150.811261605	1006.8828125	38.4734382629	33.3060112
150.811261605	1006.88598633	38.4734382629	33.3060112
150.811261606	1006.88598633	38.4734382629	33.3060112
150.811261606	1006.88598633	38.4734382629	33.3060112
150.811261606	1006.88598633	38.4734382629	33.3060112
150.811261606	1006.88598633	38.4734382629	33.3060112
150.811261607	1006.88598633	38.4734382629	33.3060112
150.811261607	1006.88598633	38.4734382629	33.3060112
150.811261607	1006.88598633	38.4734382629	33.3060112
150.811261607	1006.88598633	38.4734382629	33.3060112
150.811261607	1006.88598633	38.4734382629	33.3060112
150.811261608	1006.88598633	38.4734382629	33.3060112
150.811261608	1006.88598633	38.4734382629	33.3060112
150.811261608	1006.88598633	38.4734382629	33.3060112
150.811261608	1006.88598633	38.4734382629	33.3060112
150.811261609	1006.88598633	38.4734382629	33.3060112
150.811261609	1006.88598633	38.4734382629	33.3060112
150.811261609	1006.88598633	38.4734382629	33.3060112
150.811261609	1006.88110352	38.4734382629	33.3060112
150.81126161	1006.88110352	38.4734382629	33.3963546753
150.81126161	1006.88110352	34.9988212585	33.3963546753
150.81126161	1006.88110352	34.9988212585	33.3963546753
150.81126161	1006.88110352	34.9988212585	33.3963546753
150.811261611	1006.88110352	34.9988212585	33.3963546753
150.811261611	1006.88110352	34.9988212585	33.3963546753
150.811261611	1006.88110352	34.9988212585	33.3963546753
150.811261611	1006.88110352	34.9988212585	33.3963546753
150.811261612	1006.88110352	34.9988212585	33.3963546753
150.811261612	1006.88110352	34.9988212585	33.3963546753
150.811261612	1006.88110352	34.9988212585	33.3963546753
150.811261612	1006.88110352	34.9988212585	33.3963546753
150.811261612	1006.88110352	34.9988212585	33.3963546753
150.811261613	1006.88110352	34.9988212585	33.3963546753
150.811261613	1006.88110352	34.9988212585	33.3963546753
150.811261613	1006.88305664	34.9988212585	33.3963546753
150.811261613	1006.88305664	34.9988212585	33.3963546753
150.811261614	1006.88305664	34.9988212585	33.3963546753
150.811261614	1006.88305664	34.9988212585	33.3963546753
150.811261614	1006.88305664	34.9988212585	33.3963546753
150.811261614	1006.88305664	34.9988212585	33.3963546753
150.811261615	1006.88305664	34.9988212585	33.3963546753
150.811261615	1006.88305664	34.9988212585	33.3963546753
150.811261615	1006.88305664	34.9988212585	33.3963546753
150.811261615	1006.88305664	34.9988212585	33.3963546753
150.811261615	1006.88305664	34.9988212585	33.3963546753
150.811261616	1006.88305664	34.9988212585	33.3963546753
150.811261616	1006.88305664	34.9988212585	33.3963546753
150.811261616	1006.88305664	34.9988212585	33.3963546753
150.811261616	1006.88305664	34.9988212585	33.3963546753
150.811261617	1006.88305664	34.9988212585	33.3963546753
150.811261617	1006.88305664	34.9988212585	33.3963546753
150.811261617	1006.88208008	34.9988212585	33.3963546753
150.811261617	1006.88208008	34.9988212585	33.3963546753
150.811261618	1006.88208008	34.9988212585	33.3963546753
150.811261618	1006.88208008	34.9988212585	33.3240814209
150.811261618	1006.88208008	37.068939209	33.3240814209
150.811261618	1006.88208008	37.068939209	33.3240814209
150.811261619	1006.88208008	37.068939209	33.3240814209
150.811261619	1006.88208008	37.068939209	33.3240814209
150.811261619	1006.88208008	37.068939209	33.3240814209
150.811261619	1006.88208008	37.068939209	33.3240814209
150.81126162	1006.88208008	37.068939209	33.3240814209
150.81126162	1006.88208008	37.068939209	33.3240814209
150.81126162	1006.88208008	37.068939209	33.3240814209
150.81126162	1006.88208008	37.068939209	33.3240814209
150.81126162	1006.88208008	37.068939209	33.3240814209
150.811261621	1006.88208008	37.068939209	33.3240814209
150.811261621	1006.88427734	37.068939209	33.3240814209
150.811261621	1006.88427734	37.068939209	33.3240814209
150.811261622	1006.88427734	37.068939209	33.3240814209
150.811261622	1006.88427734	37.068939209	33.3240814209
150.811261622	1006.88427734	37.068939209	33.3240814209
150.811261622	1006.88427734	37.068939209	33.3240814209
150.811261622	1006.88427734	37.068939209	33.3240814209
150.811261623	1006.88427734	37.068939209	33.3240814209
150.811261623	1006.88427734	37.068939209	33.3240814209
150.811261623	1006.88427734	37.068939209	33.3240814209
150.811261623	1006.88427734	37.068939209	33.3240814209
150.811261624	1006.88427734	37.068939209	33.3240814209
150.811261624	1006.88427734	37.068939209	33.3240814209
150.811261624	1006.88427734	37.068939209	33.3240814209
150.811261624	1006.88427734	37.068939209	33.3240814209
150.811261624	1006.88427734	37.068939209	33.3240814209
150.811261625	1006.88427734	37.068939209	33.3240814209
150.811261625	1006.88793945	37.068939209	33.3240814209
150.811261625	1006.88793945	37.068939209	33.3240814209
150.811261626	1006.88793945	37.068939209	33.3240814209
150.811261626	1006.88793945	37.068939209	33.3240814209
150.811261626	1006.88793945	37.068939209	33.3782844543
150.811261626	1006.88793945	37.8933181763	33.3782844543
150.811261627	1006.88793945	37.8933181763	33.3782844543
150.811261627	1006.88793945	37.8933181763	33.3782844543
150.811261627	1006.88793945	37.8933181763	33.3782844543
150.811261627	1006.88793945	37.8933181763	33.3782844543
150.811261627	1006.88793945	37.8933181763	33.3782844543
150.811261628	1006.88793945	37.8933181763	33.3782844543
150.811261628	1006.88793945	37.8933181763	33.3782844543
150.811261628	1006.88793945	37.8933181763	33.3782844543
150.811261628	1006.88793945	37.8933181763	33.3782844543
150.811261629	1006.88793945	37.8933181763	33.3782844543
150.811261629	1006.88867188	37.8933181763	33.3782844543
150.811261629	1006.88867188	37.8933181763	33.3782844543
150.811261629	1006.88867188	37.8933181763	33.3782844543
150.81126163	1006.88867188	37.8933181763	33.3782844543
150.81126163	1006.88867188	37.8933181763	33.3782844543
150.81126163	1006.88867188	37.8933181763	33.3782844543
150.81126163	1006.88867188	37.8933181763	33.3782844543
150.811261631	1006.88867188	37.8933181763	33.3782844543
150.811261631	1006.88867188	37.8933181763	33.3782844543
150.811261631	1006.88867188	37.8933181763	33.3782844543
150.811261631	1006.88867188	37.8933181763	33.3782844543
150.811261631	1006.88867188	37.8933181763	33.3782844543
150.811261632	1006.88867188	37.8933181763	33.3782844543
150.811261632	1006.88867188	37.8933181763	33.3782844543
150.811261632	1006.88867188	37.8933181763	33.3782844543
150.811261632	1006.88867188	37.8933181763	33.3782844543
150.811261633	1006.88867188	37.8933181763	33.3782844543
150.811261633	1006.88964844	37.8933181763	33.3782844543
150.811261633	1006.88964844	37.8933181763	33.3782844543
150.811261633	1006.88964844	37.8933181763	33.3782844543
150.811261634	1006.88964844	37.8933181763	33.3782844543
150.811261634	1006.88964844	37.8933181763	33.3782844543
150.811261634	1006.88964844	37.8933181763	33.3782844543
150.811261634	1006.88964844	37.8933181763	33.5047607422
150.811261635	1006.88964844	33.7530899048	33.5047607422
150.811261635	1006.88964844	33.7530899048	33.5047607422
150.811261635	1006.88964844	33.7530899048	33.5047607422
150.811261635	1006.88964844	33.7530899048	33.5047607422
150.811261636	1006.88964844	33.7530899048	33.5047607422
150.811261636	1006.88964844	33.7530899048	33.5047607422
150.811261636	1006.88964844	33.7530899048	33.5047607422
150.811261636	1006.88964844	33.7530899048	33.5047607422
150.811261636	1006.88964844	33.7530899048	33.5047607422
150.811261637	1006.88964844	33.7530899048	33.5047607422
150.811261637	1006.88989258	33.7530899048	33.5047607422
150.811261637	1006.88989258	33.7530899048	33.5047607422
150.811261637	1006.88989258	33.7530899048	33.5047607422
150.811261638	1006.88989258	33.7530899048	33.5047607422
150.811261638	1006.88989258	33.7530899048	33.5047607422
150.811261638	1006.88989258	33.7530899048	33.5047607422
150.811261638	1006.88989258	33.7530899048	33.5047607422
150.811261639	1006.88989258	33.7530899048	33.5047607422
150.811261639	1006.88989258	33.7530899048	33.5047607422
150.811261639	1006.88989258	33.7530899048	33.5047607422
150.811261639	1006.88989258	33.7530899048	33.5047607422
150.811261639	1006.88989258	33.7530899048	33.5047607422
150.81126164	1006.88989258	33.7530899048	33.5047607422
150.81126164	1006.88989258	33.7530899048	33.5047607422
150.81126164	1006.88989258	33.7530899048	33.5047607422
150.81126164	1006.88989258	33.7530899048	33.5047607422
150.811261641	1006.88989258	33.7530899048	33.5047607422
150.811261641	1006.88500977	33.7530899048	33.5047607422
150.811261641	1006.88500977	33.7530899048	33.5047607422
150.811261641	1006.88500977	33.7530899048	33.5047607422
150.811261642	1006.88500977	33.7530899048	33.5047607422
150.811261642	1006.88500977	33.7530899048	33.5047607422
150.811261642	1006.88500977	33.7530899048	33.5047607422
150.811261642	1006.88500977	33.7530899048	33.2518081665
150.811261643	1006.88500977	32.8432159424	33.2518081665
150.811261643	1006.88500977	32.8432159424	33.2518081665
150.811261643	1006.88500977	32.8432159424	33.2518081665
150.811261643	1006.88500977	32.8432159424	33.2518081665
150.811261644	1006.88500977	32.8432159424	33.2518081665
150.811261644	1006.88500977	32.8432159424	33.2518081665
150.811261644	1006.88500977	32.8432159424	33.2518081665
150.811261644	1006.88500977	32.8432159424	33.2518081665
150.811261645	1006.88500977	32.8432159424	33.2518081665
150.811261645	1006.88745117	32.8432159424	33.2518081665
150.811261645	1006.88745117	32.8432159424	33.2518081665
150.811261645	1006.88745117	32.8432159424	33.2518081665
150.811261646	1006.88745117	32.8432159424	33.2518081665
150.811261646	1006.88745117	32.8432159424	33.2518081665
150.811261646	1006.88745117	32.8432159424	33.2518081665
150.811261646	1006.88745117	32.8432159424	33.2518081665
150.811261646	1006.88745117	32.8432159424	33.2518081665
150.811261647	1006.88745117	32.8432159424	33.2518081665
150.811261647	1006.88745117	32.8432159424	33.2518081665
150.811261647	1006.88745117	32.8432159424	33.2518081665
150.811261647	1006.88745117	32.8432159424	33.2518081665
150.811261648	1006.88745117	32.8432159424	33.2518081665
150.811261648	1006.88745117	32.8432159424	33.2518081665
150.811261648	1006.88745117	32.8432159424	33.2518081665
150.811261648	1006.88745117	32.8432159424	33.2518081665
150.811261648	1006.88745117	32.8432159424	33.2518081665
150.811261649	1006.89282227	32.8432159424	33.2518081665
150.811261649	1006.89282227	32.8432159424	33.2518081665
150.811261649	1006.89282227	32.8432159424	33.2518081665
150.81126165	1006.89282227	32.8432159424	33.2518081665
150.81126165	1006.89282227	32.8432159424	33.2518081665
150.81126165	1006.89282227	32.8432159424	33.2518081665
150.81126165	1006.89282227	32.8432159424	33.2518081665
150.81126165	1006.89282227	32.8432159424	33.1976013184
150.811261651	1006.89282227	36.5040817261	33.1976013184
150.811261651	1006.89282227	36.5040817261	33.1976013184
150.811261651	1006.89282227	36.5040817261	33.1976013184
150.811261651	1006.89282227	36.5040817261	33.1976013184
150.811261652	1006.89282227	36.5040817261	33.1976013184
150.811261652	1006.89282227	36.5040817261	33.1976013184
150.811261652	1006.89282227	36.5040817261	33.1976013184
150.811261652	1006.89282227	36.5040817261	33.1976013184
150.811261653	1006.88598633	36.5040817261	33.1976013184
150.811261653	1006.88598633	36.5040817261	33.1976013184
150.811261653	1006.88598633	36.5040817261	33.1976013184
150.811261653	1006.88598633	36.5040817261	33.1976013184
150.811261654	1006.88598633	36.5040817261	33.1976013184
150.811261654	1006.88598633	36.5040817261	33.1976013184
150.811261654	1006.88598633	36.5040817261	33.1976013184
150.811261654	1006.88598633	36.5040817261	33.1976013184
150.811261655	1006.88598633	36.5040817261	33.1976013184
150.811261655	1006.88598633	36.5040817261	33.1976013184
150.811261655	1006.88598633	36.5040817261	33.1976013184
150.811261655	1006.88598633	36.5040817261	33.1976013184
150.811261655	1006.88598633	36.5040817261	33.1976013184
150.811261656	1006.88598633	36.5040817261	33.1976013184
150.811261656	1006.88598633	36.5040817261	33.1976013184
150.811261656	1006.88598633	36.5040817261	33.1976013184
150.811261656	1006.88598633	36.5040817261	33.1976013184
150.811261657	1006.88232422	36.5040817261	33.1976013184
150.811261657	1006.88232422	36.5040817261	33.1976013184
150.811261657	1006.88232422	36.5040817261	33.1976013184
150.811261657	1006.88232422	36.5040817261	33.1976013184
150.811261658	1006.88232422	36.5040817261	33.1976013184
150.811261658	1006.88232422	36.5040817261	33.1976013184
150.811261658	1006.88232422	36.5040817261	33.1976013184
150.811261658	1006.88232422	36.5040817261	33.1976013184
150.811261658	1006.88232422	36.5040817261	33.1976013184
150.811261659	1006.88232422	36.5040817261	33.2518081665
150.811261659	1006.88232422	38.0581970215	33.2518081665
150.811261659	1006.88232422	38.0581970215	33.2518081665
150.81126166	1006.88232422	38.0581970215	33.2518081665
150.81126166	1006.88232422	38.0581970215	33.2518081665
150.81126166	1006.88232422	38.0581970215	33.2518081665
150.81126166	1006.88232422	38.0581970215	33.2518081665
150.81126166	1006.88232422	38.0581970215	33.2518081665
150.811261661	1006.87646484	38.0581970215	33.2518081665
150.811261661	1006.87646484	38.0581970215	33.2518081665
150.811261661	1006.87646484	38.0581970215	33.2518081665
150.811261661	1006.87646484	38.0581970215	33.2518081665
150.811261662	1006.87646484	38.0581970215	33.2518081665
150.811261662	1006.87646484	38.0581970215	33.2518081665
150.811261662	1006.87646484	38.0581970215	33.2518081665
150.811261662	1006.87646484	38.0581970215	33.2518081665
150.811261663	1006.87646484	38.0581970215	33.2518081665
150.811261663	1006.87646484	38.0581970215	33.2518081665
150.811261663	1006.87646484	38.0581970215	33.2518081665
150.811261663	1006.87646484	38.0581970215	33.2518081665
150.811261663	1006.87646484	38.0581970215	33.2518081665
150.811261664	1006.87646484	38.0581970215	33.2518081665
150.811261664	1006.87646484	38.0581970215	33.2518081665
150.811261664	1006.87646484	38.0581970215	33.2518081665
150.811261664	1006.87646484	38.0581970215	33.2518081665
150.811261665	1006.87597656	38.0581970215	33.2518081665
150.811261665	1006.87597656	38.0581970215	33.2518081665
150.811261665	1006.87597656	38.0581970215	33.2518081665
150.811261665	1006.87597656	38.0581970215	33.2518081665
150.811261666	1006.87597656	38.0581970215	33.2518081665
150.811261666	1006.87597656	38.0581970215	33.2518081665
150.811261666	1006.87597656	38.0581970215	33.2518081665
150.811261666	1006.87597656	38.0581970215	33.2518081665
150.811261667	1006.87597656	38.0581970215	33.2518081665
150.811261667	1006.87597656	38.0581970215	33.3963546753
150.811261667	1006.87597656	38.5039710999	33.3963546753
150.811261667	1006.87597656	38.5039710999	33.3963546753
150.811261668	1006.87597656	38.5039710999	33.3963546753
150.811261668	1006.87597656	38.5039710999	33.3963546753
150.811261668	1006.87597656	38.5039710999	33.3963546753
150.811261668	1006.87597656	38.5039710999	33.3963546753
150.811261669	1006.87963867	38.5039710999	33.3963546753
150.811261669	1006.87963867	38.5039710999	33.3963546753
150.811261669	1006.87963867	38.5039710999	33.3963546753
150.811261669	1006.87963867	38.5039710999	33.3963546753
150.81126167	1006.87963867	38.5039710999	33.3963546753
150.81126167	1006.87963867	38.5039710999	33.3963546753
150.81126167	1006.87963867	38.5039710999	33.3963546753
150.81126167	1006.87963867	38.5039710999	33.3963546753
150.81126167	1006.87963867	38.5039710999	33.3963546753
150.811261671	1006.87963867	38.5039710999	33.3963546753
150.811261671	1006.87963867	38.5039710999	33.3963546753
150.811261671	1006.87963867	38.5039710999	33.3963546753
150.811261671	1006.87963867	38.5039710999	33.3963546753
150.811261672	1006.87963867	38.5039710999	33.3963546753
150.811261672	1006.87963867	38.5039710999	33.3963546753
150.811261672	1006.87963867	38.5039710999	33.3963546753
150.811261672	1006.87963867	38.5039710999	33.3963546753
150.811261672	1006.87524414	38.5039710999	33.3963546753
150.811261673	1006.87524414	38.5039710999	33.3963546753
150.811261673	1006.87524414	38.5039710999	33.3963546753
150.811261673	1006.87524414	38.5039710999	33.3963546753
150.811261674	1006.87524414	38.5039710999	33.3963546753
150.811261674	1006.87524414	38.5039710999	33.3963546753
150.811261674	1006.87524414	38.5039710999	33.3963546753
150.811261674	1006.87524414	38.5039710999	33.3963546753
150.811261674	1006.87524414	38.5039710999	33.3963546753
150.811261675	1006.87524414	38.5039710999	33.3963546753
150.811261675	1006.87524414	38.5039710999	33.3963546753
150.811261675	1006.87524414	38.5039710999	33.3602142334
150.811261675	1006.87524414	37.6979103088	33.3602142334
150.811261676	1006.87524414	37.6979103088	33.3602142334
150.811261676	1006.87524414	37.6979103088	33.3602142334
150.811261676	1006.87524414	37.6979103088	33.3602142334
150.811261676	1006.87475586	37.6979103088	33.3602142334
150.811261677	1006.87475586	37.6979103088	33.3602142334
150.811261677	1006.87475586	37.6979103088	33.3602142334
150.811261677	1006.87475586	37.6979103088	33.3602142334
150.811261677	1006.87475586	37.6979103088	33.3602142334
150.811261678	1006.87475586	37.6979103088	33.3602142334
150.811261678	1006.87475586	37.6979103088	33.3602142334
150.811261678	1006.87475586	37.6979103088	33.3602142334
150.811261678	1006.87475586	37.6979103088	33.3602142334
150.811261679	1006.87475586	37.6979103088	33.3602142334
150.811261679	1006.87475586	37.6979103088	33.3602142334
150.811261679	1006.87475586	37.6979103088	33.3602142334
150.811261679	1006.87475586	37.6979103088	33.3602142334
150.811261679	1006.87475586	37.6979103088	33.3602142334
150.81126168	1006.87475586	37.6979103088	33.3602142334
150.81126168	1006.87475586	37.6979103088	33.3602142334
150.81126168	1006.87475586	37.6979103088	33.3602142334
150.81126168	1006.8659668	37.6979103088	33.3602142334
150.811261681	1006.8659668	37.6979103088	33.3602142334
150.811261681	1006.8659668	37.6979103088	33.3602142334
150.811261681	1006.8659668	37.6979103088	33.3602142334
150.811261681	1006.8659668	37.6979103088	33.3602142334
150.811261682	1006.8659668	37.6979103088	33.3602142334
150.811261682	1006.8659668	37.6979103088	33.3602142334
150.811261682	1006.8659668	37.6979103088	33.3602142334
150.811261682	1006.8659668	37.6979103088	33.3602142334
150.811262751	1008.04394531	39.1670913696	32.953250885
150.811262754	1008.04394531	39.1670913696	32.953250885
150.811262754	1008.04394531	39.1670913696	32.953250885
150.811262754	1008.04394531	39.1670913696	32.953250885
150.811262754	1008.04394531	39.1670913696	32.953250885
150.811262754	1008.04394531	39.1670913696	32.953250885
150.811262755	1008.04394531	39.1670913696	32.953250885
150.811262755	1008.04394531	39.1670913696	32.953250885
150.811262755	1008.04394531	39.1670913696	32.953250885
150.811262755	1008.04394531	39.1670913696	32.953250885
150.811262755	1008.04394531	39.1670913696	32.953250885
150.811262755	1008.04394531	39.1670913696	33.0080413818
150.811262755	1008.04394531	39.1670913696	33.0080413818
150.811262756	1008.04394531	37.3572120667	33.0080413818
150.811262756	1008.04394531	37.3572120667	33.0080413818
150.811262756	1008.04394531	37.3572120667	33.0080413818
150.811262756	1008.04199219	37.3572120667	33.0080413818
150.811262756	1008.04199219	37.3572120667	33.0080413818
150.811262756	1008.04199219	37.3572120667	33.0080413818
150.811262757	1008.04199219	37.3572120667	33.0080413818
150.811262757	1008.04199219	37.3572120667	33.0080413818
150.811262757	1008.04199219	37.3572120667	33.0080413818
150.811262757	1008.04199219	37.3572120667	33.0080413818
150.811262757	1008.04199219	37.3572120667	33.0080413818
150.811262757	1008.04199219	37.3572120667	33.0080413818
150.811262757	1008.04199219	37.3572120667	33.0080413818
150.811262758	1008.04199219	37.3572120667	33.0080413818
150.811262758	1008.04199219	37.3572120667	33.0080413818
150.811262758	1008.04199219	37.3572120667	33.0080413818
150.811262758	1008.04199219	37.3572120667	33.0080413818
150.811262758	1008.04199219	37.3572120667	33.0080413818
150.811262758	1008.04199219	37.3572120667	33.0080413818
150.811262758	1008.04199219	37.3572120667	33.0080413818
150.811262759	1008.04199219	37.3572120667	33.0080413818
150.811262759	1008.04199219	37.3572120667	33.0080413818
150.811262759	1008.04199219	37.3572120667	33.0080413818
150.811262759	1008.04199219	37.3572120667	33.0080413818
150.811262759	1008.04199219	37.3572120667	33.0080413818
150.811262759	1008.04199219	37.3572120667	33.0080413818
150.81126276	1008.04199219	37.3572120667	33.0080413818
150.81126276	1008.04199219	37.3572120667	33.0080413818
150.81126276	1008.04199219	37.3572120667	33.0080413818
150.81126276	1008.04199219	37.3572120667	33.0080413818
150.81126276	1008.0390625	37.3572120667	33.0080413818
150.81126276	1008.0390625	37.3572120667	33.0080413818
150.811262761	1008.0390625	37.3572120667	33.0080413818
150.811262761	1008.0390625	37.3572120667	33.0080413818
150.811262761	1008.0390625	37.3572120667	33.0080413818
150.811262761	1008.0390625	37.3572120667	33.0080413818
150.811262761	1008.0390625	37.3572120667	33.0080413818
150.811262761	1008.0390625	37.3572120667	33.0080413818
150.811262761	1008.0390625	37.3572120667	33.0080413818
150.811262762	1008.0390625	37.3572120667	33.0080413818
150.811262762	1008.0390625	37.3572120667	33.0080413818
150.811262762	1008.0390625	37.3572120667	33.0080413818
150.811262762	1008.0390625	37.3572120667	33.0080413818
150.811262762	1008.0390625	37.3572120667	33.0080413818
150.811262762	1008.0390625	37.3572120667	33.0080413818
150.811262762	1008.0390625	37.3572120667	33.0080413818
150.811262762	1008.0390625	37.3572120667	33.0080413818
150.811262763	1008.0390625	37.3572120667	33.0080413818
150.811262763	1008.0390625	37.3572120667	33.0080413818
150.811262763	1008.0390625	37.3572120667	33.0080413818
150.811262763	1008.0390625	37.3572120667	33.0080413818
150.811262763	1008.0390625	37.3572120667	33.0080413818
150.811262763	1008.0390625	37.3572120667	33.0080413818
150.811262764	1008.0390625	37.3572120667	33.0080413818
150.811262764	1008.0390625	38.3177833557	33.0080413818
150.811262764	1008.0390625	38.3177833557	33.0080413818
150.811262764	1008.0390625	38.3177833557	33.0080413818
150.811262764	1008.0390625	38.3177833557	33.0080413818
150.811262764	1008.0378418	38.3177833557	33.0080413818
150.811262765	1008.0378418	38.3177833557	33.0080413818
150.811262765	1008.0378418	38.3177833557	33.0080413818
150.811262765	1008.0378418	38.3177833557	33.0080413818
150.811262765	1008.0378418	38.3177833557	33.0080413818
150.811262765	1008.0378418	38.3177833557	33.0080413818
150.811262765	1008.0378418	38.3177833557	33.0080413818
150.811262765	1008.0378418	38.3177833557	33.0080413818
150.811262766	1008.0378418	38.3177833557	33.0080413818
150.811262766	1008.0378418	38.3177833557	33.0080413818
150.811262766	1008.0378418	38.3177833557	33.0080413818
150.811262766	1008.0378418	38.3177833557	33.0080413818
150.811262766	1008.0378418	38.3177833557	33.0080413818
150.811262766	1008.0378418	38.3177833557	33.0080413818
150.811262766	1008.0378418	38.3177833557	33.0080413818
150.811262766	1008.0378418	38.3177833557	33.0080413818
150.811262767	1008.0378418	38.3177833557	33.0080413818
150.811262767	1008.0378418	38.3177833557	33.0080413818
150.811262767	1008.0378418	38.3177833557	33.0080413818
150.811262767	1008.0378418	38.3177833557	33.0080413818
150.811262767	1008.0378418	38.3177833557	33.0080413818
150.811262767	1008.0378418	38.3177833557	33.0080413818
150.811262767	1008.0378418	38.3177833557	33.0080413818
150.811262768	1008.0378418	38.3177833557	33.0080413818
150.811262768	1008.0378418	38.3177833557	33.0080413818
150.811262768	1008.0378418	38.3177833557	33.0080413818
150.811262768	1008.0378418	38.3177833557	33.0080413818
150.811262768	1008.0378418	38.3177833557	33.0080413818
150.811262768	1008.03735352	38.3177833557	33.0080413818
150.811262769	1008.03735352	38.3177833557	33.0080413818
150.811262769	1008.03735352	38.3177833557	33.0080413818
150.811262769	1008.03735352	38.3177833557	33.0080413818
150.811262769	1008.03735352	38.3177833557	33.0080413818
150.811262769	1008.03735352	38.3177833557	33.0080413818
150.81126277	1008.03735352	38.3177833557	33.0080413818
150.81126277	1008.03735352	38.3177833557	33.0080413818
150.81126277	1008.03735352	38.3177833557	33.0080413818
150.81126277	1008.03735352	38.3177833557	33.0080413818
150.81126277	1008.03735352	38.3177833557	33.0080413818
150.81126277	1008.03735352	38.3177833557	33.0080413818
150.81126277	1008.03735352	38.3177833557	33.0080413818
150.811262771	1008.03735352	38.3177833557	33.0080413818
150.811262771	1008.03735352	38.3177833557	33.0080413818
150.811262771	1008.03735352	38.3177833557	33.0080413818
150.811262771	1008.03735352	38.3177833557	33.0080413818
150.811262771	1008.03735352	38.3177833557	33.0080413818
150.811262771	1008.03735352	38.3177833557	33.0080413818
150.811262771	1008.03735352	38.3177833557	32.9897766113
150.811262772	1008.03735352	38.3177833557	32.9897766113
150.811262772	1008.03735352	37.0345497131	32.9897766113
150.811262772	1008.03735352	37.0345497131	32.9897766113
150.811262772	1008.03735352	37.0345497131	32.9897766113
150.811262772	1008.03735352	37.0345497131	32.9897766113
150.811262772	1008.04199219	37.0345497131	32.9897766113
150.811262773	1008.04199219	37.0345497131	32.9897766113
150.811262773	1008.04199219	37.0345497131	32.9897766113
150.811262773	1008.04199219	37.0345497131	32.9897766113
150.811262773	1008.04199219	37.0345497131	32.9897766113
150.811262773	1008.04199219	37.0345497131	32.9897766113
150.811262773	1008.04199219	37.0345497131	32.9897766113
150.811262773	1008.04199219	37.0345497131	32.9897766113
150.811262774	1008.04199219	37.0345497131	32.9897766113
150.811262774	1008.04199219	37.0345497131	32.9897766113
150.811262774	1008.04199219	37.0345497131	32.9897766113
150.811262774	1008.04199219	37.0345497131	32.9897766113
150.811262774	1008.04199219	37.0345497131	32.9897766113
150.811262774	1008.04199219	37.0345497131	32.9897766113
150.811262774	1008.04199219	37.0345497131	32.9897766113
150.811262775	1008.04199219	37.0345497131	32.9897766113
150.811262775	1008.04199219	37.0345497131	32.9897766113
150.811262775	1008.04199219	37.0345497131	32.9897766113
150.811262775	1008.04199219	37.0345497131	32.9897766113
150.811262775	1008.04199219	37.0345497131	32.9897766113
150.811262775	1008.04199219	37.0345497131	32.9897766113
150.811262775	1008.04199219	37.0345497131	32.9897766113
150.811262776	1008.04199219	37.0345497131	32.9897766113
150.811262776	1008.04199219	37.0345497131	32.9897766113
150.811262776	1008.04199219	37.0345497131	32.9897766113
150.811262776	1008.04199219	37.0345497131	32.9897766113
150.811262776	1008.04199219	37.0345497131	32.9897766113
150.811262776	1008.04199219	37.0345497131	32.9897766113
150.811262776	1008.04492188	37.0345497131	32.9897766113
150.811262777	1008.04492188	37.0345497131	32.9897766113
150.811262777	1008.04492188	37.0345497131	32.9897766113
150.811262777	1008.04492188	37.0345497131	32.9897766113
150.811262777	1008.04492188	37.0345497131	32.9897766113
150.811262777	1008.04492188	37.0345497131	32.9897766113
150.811262777	1008.04492188	37.0345497131	32.9897766113
150.811262778	1008.04492188	37.0345497131	32.9897766113
150.811262778	1008.04492188	37.0345497131	32.9897766113
150.811262778	1008.04492188	37.0345497131	32.9897766113
150.811262778	1008.04492188	37.0345497131	32.9897766113
150.811262778	1008.04492188	37.0345497131	32.9897766113
150.811262778	1008.04492188	37.0345497131	32.9897766113
150.811262778	1008.04492188	37.0345497131	32.9897766113
150.811262779	1008.04492188	37.0345497131	32.9897766113
150.811262779	1008.04492188	37.0345497131	32.9897766113
150.811262779	1008.04492188	37.0345497131	32.9897766113
150.811262779	1008.04492188	37.0345497131	32.9897766113
150.811262779	1008.04492188	37.0345497131	32.9897766113
150.811262779	1008.04492188	37.0345497131	32.9897766113
150.811262779	1008.04492188	37.0345497131	32.9897766113
150.811262779	1008.04492188	37.0345497131	32.9715156555
150.81126278	1008.04492188	37.0345497131	32.9715156555
150.81126278	1008.04492188	40.0942802429	32.9715156555
150.81126278	1008.04492188	40.0942802429	32.9715156555
150.81126278	1008.04492188	40.0942802429	32.9715156555
150.81126278	1008.04492188	40.0942802429	32.9715156555
150.81126278	1008.04492188	40.0942802429	32.9715156555
150.811262781	1008.03979492	40.0942802429	32.9715156555
150.811262781	1008.03979492	40.0942802429	32.9715156555
150.811262781	1008.03979492	40.0942802429	32.9715156555
150.811262781	1008.03979492	40.0942802429	32.9715156555
150.811262781	1008.03979492	40.0942802429	32.9715156555
150.811262781	1008.03979492	40.0942802429	32.9715156555
150.811262781	1008.03979492	40.0942802429	32.9715156555
150.811262782	1008.03979492	40.0942802429	32.9715156555
150.811262782	1008.03979492	40.0942802429	32.9715156555
150.811262782	1008.03979492	40.0942802429	32.9715156555
150.811262782	1008.03979492	40.0942802429	32.9715156555
150.811262782	1008.03979492	40.0942802429	32.9715156555
150.811262782	1008.03979492	40.0942802429	32.9715156555
150.811262782	1008.03979492	40.0942802429	32.9715156555
150.811262783	1008.03979492	40.0942802429	32.9715156555
150.811262783	1008.03979492	40.0942802429	32.9715156555
150.811262783	1008.03979492	40.0942802429	32.9715156555
150.811262783	1008.03979492	40.0942802429	32.9715156555
150.811262783	1008.03979492	40.0942802429	32.9715156555
150.811262783	1008.03979492	40.0942802429	32.9715156555
150.811262783	1008.03979492	40.0942802429	32.9715156555
150.811262784	1008.03979492	40.0942802429	32.9715156555
150.811262784	1008.03979492	40.0942802429	32.9715156555
150.811262784	1008.03979492	40.0942802429	32.9715156555
150.811262784	1008.03979492	40.0942802429	32.9715156555
150.811262784	1008.03979492	40.0942802429	32.9715156555
150.811262784	1008.03979492	40.0942802429	32.9715156555
150.811262784	1008.03979492	40.0942802429	32.9715156555
150.811262784	1008.03979492	40.0942802429	32.9715156555
150.811262785	1008.03540039	40.0942802429	32.9715156555
150.811262785	1008.03540039	40.0942802429	32.9715156555
150.811262785	1008.03540039	40.0942802429	32.9715156555
150.811262785	1008.03540039	40.0942802429	32.9715156555
150.811262785	1008.03540039	40.0942802429	32.9715156555
150.811262785	1008.03540039	40.0942802429	32.9715156555
150.811262786	1008.03540039	40.0942802429	32.9715156555
150.811262786	1008.03540039	40.0942802429	32.9715156555
150.811262786	1008.03540039	40.0942802429	32.9715156555
150.811262786	1008.03540039	40.0942802429	32.9715156555
150.811262786	1008.03540039	40.0942802429	32.9715156555
150.811262786	1008.03540039	40.0942802429	32.9715156555
150.811262786	1008.03540039	40.0942802429	32.9715156555
150.811262786	1008.03540039	40.0942802429	32.9715156555
150.811262787	1008.03540039	40.0942802429	32.9715156555
150.811262787	1008.03540039	40.0942802429	32.9715156555
150.811262787	1008.03540039	40.0942802429	32.9715156555
150.811262787	1008.03540039	40.0942802429	32.9715156555
150.811262787	1008.03540039	40.0942802429	32.9715156555
150.811262787	1008.03540039	40.0942802429	32.9715156555
150.811262787	1008.03540039	40.0942802429	32.9715156555
150.811262788	1008.03540039	40.0942802429	33.0993652344
150.811262788	1008.03540039	39.3896179199	33.0993652344
150.811262788	1008.03540039	39.3896179199	33.0993652344
150.811262788	1008.03540039	39.3896179199	33.0993652344
150.811262788	1008.03540039	39.3896179199	33.0993652344
150.811262788	1008.03540039	39.3896179199	33.0993652344
150.811262788	1008.03540039	39.3896179199	33.0993652344
150.811262789	1008.03662109	39.3896179199	33.0993652344
150.811262789	1008.03662109	39.3896179199	33.0993652344
150.811262789	1008.03662109	39.3896179199	33.0993652344
150.811262789	1008.03662109	39.3896179199	33.0993652344
150.811262789	1008.03662109	39.3896179199	33.0993652344
150.811262789	1008.03662109	39.3896179199	33.0993652344
150.81126279	1008.03662109	39.3896179199	33.0993652344
150.81126279	1008.03662109	39.3896179199	33.0993652344
150.81126279	1008.03662109	39.3896179199	33.0993652344
150.81126279	1008.03662109	39.3896179199	33.0993652344
150.81126279	1008.03662109	39.3896179199	33.0993652344
150.81126279	1008.03662109	39.3896179199	33.0993652344
150.81126279	1008.03662109	39.3896179199	33.0993652344
150.811262791	1008.03662109	39.3896179199	33.0993652344
150.811262791	1008.03662109	39.3896179199	33.0993652344
150.811262791	1008.03662109	39.3896179199	33.0993652344
150.811262791	1008.03662109	39.3896179199	33.0993652344
150.811262791	1008.03662109	39.3896179199	33.0993652344
150.811262791	1008.03662109	39.3896179199	33.0993652344
150.811262791	1008.03662109	39.3896179199	33.0993652344
150.811262791	1008.03662109	39.3896179199	33.0993652344
150.811262792	1008.03662109	39.3896179199	33.0993652344
150.811262792	1008.03662109	39.3896179199	33.0993652344
150.811262792	1008.03662109	39.3896179199	33.0993652344
150.811262792	1008.03662109	39.3896179199	33.0993652344
150.811262792	1008.03662109	39.3896179199	33.0993652344
150.811262792	1008.03662109	39.3896179199	33.0993652344
150.811262792	1008.03662109	39.3896179199	33.0993652344
150.811262793	1008.03662109	39.3896179199	33.0993652344
150.811262793	1008.03613281	39.3896179199	33.0993652344
150.811262793	1008.03613281	39.3896179199	33.0993652344
150.811262793	1008.03613281	39.3896179199	33.0993652344
150.811262793	1008.03613281	39.3896179199	33.0993652344
150.811262793	1008.03613281	39.3896179199	33.0993652344
150.811262793	1008.03613281	39.3896179199	33.0993652344
150.811262794	1008.03613281	39.3896179199	33.0993652344
150.811262794	1008.03613281	39.3896179199	33.0993652344
150.811262794	1008.03613281	39.3896179199	33.0993652344
150.811262794	1008.03613281	39.3896179199	33.0993652344
150.811262794	1008.03613281	39.3896179199	33.0993652344
150.811262794	1008.03613281	39.3896179199	33.0993652344
150.811262794	1008.03613281	39.3896179199	33.0993652344
150.811262795	1008.03613281	39.3896179199	33.0993652344
150.811262795	1008.03613281	39.3896179199	33.0993652344
150.811262795	1008.03613281	39.3896179199	33.0993652344
150.811262795	1008.03613281	39.3896179199	33.0993652344
150.811262795	1008.03613281	39.3896179199	33.0993652344
150.811262795	1008.03613281	39.3896179199	33.0993652344
150.811262795	1008.03613281	39.3896179199	33.0993652344
150.811262796	1008.03613281	39.3896179199	32.8436660767
150.811262796	1008.03613281	39.3896179199	32.8436660767
150.811262796	1008.03613281	37.6279525757	32.8436660767
150.811262796	1008.03613281	37.6279525757	32.8436660767
150.811262796	1008.03613281	37.6279525757	32.8436660767
150.811262796	1008.03613281	37.6279525757	32.8436660767
150.811262796	1008.03613281	37.6279525757	32.8436660767
150.811262797	1008.03613281	37.6279525757	32.8436660767
150.811262797	1008.03613281	37.6279525757	32.8436660767
150.811262797	1008.03173828	37.6279525757	32.8436660767
150.811262797	1008.03173828	37.6279525757	32.8436660767
150.811262797	1008.03173828	37.6279525757	32.8436660767
150.811262797	1008.03173828	37.6279525757	32.8436660767
150.811262798	1008.03173828	37.6279525757	32.8436660767
150.811262798	1008.03173828	37.6279525757	32.8436660767
150.811262798	1008.03173828	37.6279525757	32.8436660767
150.811262798	1008.03173828	37.6279525757	32.8436660767
150.811262798	1008.03173828	37.6279525757	32.8436660767
150.811262798	1008.03173828	37.6279525757	32.8436660767
150.811262798	1008.03173828	37.6279525757	32.8436660767
150.811262798	1008.03173828	37.6279525757	32.8436660767
150.811262799	1008.03173828	37.6279525757	32.8436660767
150.811262799	1008.03173828	37.6279525757	32.8436660767
150.811262799	1008.03173828	37.6279525757	32.8436660767
150.811262799	1008.03173828	37.6279525757	32.8436660767
150.811262799	1008.03173828	37.6279525757	32.8436660767
150.811262799	1008.03173828	37.6279525757	32.8436660767
150.811262799	1008.03173828	37.6279525757	32.8436660767
150.8112628	1008.03173828	37.6279525757	32.8436660767
150.8112628	1008.03173828	37.6279525757	32.8436660767
150.8112628	1008.03173828	37.6279525757	32.8436660767
150.8112628	1008.03173828	37.6279525757	32.8436660767
150.8112628	1008.03173828	37.6279525757	32.8436660767
150.8112628	1008.03173828	37.6279525757	32.8436660767
150.8112628	1008.03173828	37.6279525757	32.8436660767
150.811262801	1008.03173828	37.6279525757	32.8436660767
150.811262801	1008.03173828	37.6279525757	32.8436660767
150.811262801	1008.03173828	37.6279525757	32.8436660767
150.811262801	1008.03076172	37.6279525757	32.8436660767
150.811262801	1008.03076172	37.6279525757	32.8436660767
150.811262801	1008.03076172	37.6279525757	32.8436660767
150.811262801	1008.03076172	37.6279525757	32.8436660767
150.811262802	1008.03076172	37.6279525757	32.8436660767
150.811262802	1008.03076172	37.6279525757	32.8436660767
150.811262802	1008.03076172	37.6279525757	32.8436660767
150.811262802	1008.03076172	37.6279525757	32.8436660767
150.811262802	1008.03076172	37.6279525757	32.8436660767
150.811262802	1008.03076172	37.6279525757	32.8436660767
150.811262802	1008.03076172	37.6279525757	32.8436660767
150.811262803	1008.03076172	37.6279525757	32.8436660767
150.811262803	1008.03076172	37.6279525757	32.8436660767
150.811262803	1008.03076172	37.6279525757	32.8436660767
150.811262803	1008.03076172	37.6279525757	32.8436660767
150.811262803	1008.03076172	37.6279525757	32.8436660767
150.811262803	1008.03076172	37.6279525757	32.8436660767
150.811262803	1008.03076172	37.6279525757	32.8436660767
150.811262803	1008.03076172	37.6279525757	32.8436660767
150.811262804	1008.03076172	37.6279525757	32.9349861145
150.811262804	1008.03076172	37.6279525757	32.9349861145
150.811262804	1008.03076172	38.5291824341	32.9349861145
150.811262804	1008.03076172	38.5291824341	32.9349861145
150.811262804	1008.03076172	38.5291824341	32.9349861145
150.811262804	1008.03076172	38.5291824341	32.9349861145
150.811262805	1008.03076172	38.5291824341	32.9349861145
150.811262805	1008.03076172	38.5291824341	32.9349861145
150.811262805	1008.03076172	38.5291824341	32.9349861145
150.811262805	1008.0300293	38.5291824341	32.9349861145
150.811262805	1008.0300293	38.5291824341	32.9349861145
150.811262805	1008.0300293	38.5291824341	32.9349861145
150.811262805	1008.0300293	38.5291824341	32.9349861145
150.811262806	1008.0300293	38.5291824341	32.9349861145
150.811262806	1008.0300293	38.5291824341	32.9349861145
150.811262806	1008.0300293	38.5291824341	32.9349861145
150.811262806	1008.0300293	38.5291824341	32.9349861145
150.811262806	1008.0300293	38.5291824341	32.9349861145
150.811262806	1008.0300293	38.5291824341	32.9349861145
150.811262806	1008.0300293	38.5291824341	32.9349861145
150.811262807	1008.0300293	38.5291824341	32.9349861145
150.811262807	1008.0300293	38.5291824341	32.9349861145
150.811262807	1008.0300293	38.5291824341	32.9349861145
150.811262807	1008.0300293	38.5291824341	32.9349861145
150.811262807	1008.0300293	38.5291824341	32.9349861145
150.811262807	1008.0300293	38.5291824341	32.9349861145
150.811262807	1008.0300293	38.5291824341	32.9349861145
150.811262808	1008.0300293	38.5291824341	32.9349861145
150.811262808	1008.0300293	38.5291824341	32.9349861145
150.811262808	1008.0300293	38.5291824341	32.9349861145
150.811262808	1008.0300293	38.5291824341	32.9349861145
150.811262808	1008.0300293	38.5291824341	32.9349861145
150.811262808	1008.0300293	38.5291824341	32.9349861145
150.811262808	1008.0300293	38.5291824341	32.9349861145
150.811262808	1008.0300293	38.5291824341	32.9349861145
150.811262809	1008.0300293	38.5291824341	32.9349861145
150.811262809	1008.0300293	38.5291824341	32.9349861145
150.811262809	1008.0300293	38.5291824341	32.9349861145
150.811262809	1008.03051758	38.5291824341	32.9349861145
150.811262809	1008.03051758	38.5291824341	32.9349861145
150.811262809	1008.03051758	38.5291824341	32.9349861145
150.81126281	1008.03051758	38.5291824341	32.9349861145
150.81126281	1008.03051758	38.5291824341	32.9349861145
150.81126281	1008.03051758	38.5291824341	32.9349861145
150.81126281	1008.03051758	38.5291824341	32.9349861145
150.81126281	1008.03051758	38.5291824341	32.9349861145
150.81126281	1008.03051758	38.5291824341	32.9349861145
150.81126281	1008.03051758	38.5291824341	32.9349861145
150.811262811	1008.03051758	38.5291824341	32.9349861145
150.811262811	1008.03051758	38.5291824341	32.9349861145
150.811262811	1008.03051758	38.5291824341	32.9349861145
150.811262811	1008.03051758	38.5291824341	32.9349861145
150.811262811	1008.03051758	38.5291824341	32.9349861145
150.811262811	1008.03051758	38.5291824341	32.9349861145
150.811262811	1008.03051758	38.5291824341	32.9349861145
150.811262811	1008.03051758	38.5291824341	32.9349861145
150.811262812	1008.03051758	38.5291824341	33.0080413818
150.811262812	1008.03051758	38.5291824341	33.0080413818
150.811262812	1008.03051758	39.14112854	33.0080413818
150.811262812	1008.03051758	39.14112854	33.0080413818
150.811262812	1008.03051758	39.14112854	33.0080413818
150.811262812	1008.03051758	39.14112854	33.0080413818
150.811262813	1008.03051758	39.14112854	33.0080413818
150.811262813	1008.03051758	39.14112854	33.0080413818
150.811262813	1008.03051758	39.14112854	33.0080413818
150.811262813	1008.03051758	39.14112854	33.0080413818
150.811262813	1008.03344727	39.14112854	33.0080413818
150.811262813	1008.03344727	39.14112854	33.0080413818
150.811262813	1008.03344727	39.14112854	33.0080413818
150.811262814	1008.03344727	39.14112854	33.0080413818
150.811262814	1008.03344727	39.14112854	33.0080413818
150.811262814	1008.03344727	39.14112854	33.0080413818
150.811262814	1008.03344727	39.14112854	33.0080413818
150.811262814	1008.03344727	39.14112854	33.0080413818
150.811262814	1008.03344727	39.14112854	33.0080413818
150.811262814	1008.03344727	39.14112854	33.0080413818
150.811262815	1008.03344727	39.14112854	33.0080413818
150.811262815	1008.03344727	39.14112854	33.0080413818
150.811262815	1008.03344727	39.14112854	33.0080413818
150.811262815	1008.03344727	39.14112854	33.0080413818
150.811262815	1008.03344727	39.14112854	33.0080413818
150.811262815	1008.03344727	39.14112854	33.0080413818
150.811262815	1008.03344727	39.14112854	33.0080413818
150.811262815	1008.03344727	39.14112854	33.0080413818
150.811262816	1008.03344727	39.14112854	33.0080413818
150.811262816	1008.03344727	39.14112854	33.0080413818
150.811262816	1008.03344727	39.14112854	33.0080413818
150.811262816	1008.03344727	39.14112854	33.0080413818
150.811262816	1008.03344727	39.14112854	33.0080413818
150.811262816	1008.03344727	39.14112854	33.0080413818
150.811262816	1008.03344727	39.14112854	33.0080413818
150.811262817	1008.03344727	39.14112854	33.0080413818
150.811262817	1008.03344727	39.14112854	33.0080413818
150.811262817	1008.03344727	39.14112854	33.0080413818
150.811262817	1008.03344727	39.14112854	33.0080413818
150.811262817	1008.03417969	39.14112854	33.0080413818
150.811262817	1008.03417969	39.14112854	33.0080413818
150.811262818	1008.03417969	39.14112854	33.0080413818
150.811262818	1008.03417969	39.14112854	33.0080413818
150.811262818	1008.03417969	39.14112854	33.0080413818
150.811262818	1008.03417969	39.14112854	33.0080413818
150.811262818	1008.03417969	39.14112854	33.0080413818
150.811262818	1008.03417969	39.14112854	33.0080413818
150.811262818	1008.03417969	39.14112854	33.0080413818
150.811262818	1008.03417969	39.14112854	33.0080413818
150.811262819	1008.03417969	39.14112854	33.0080413818
150.811262819	1008.03417969	39.14112854	33.0080413818
150.811262819	1008.03417969	39.14112854	33.0080413818
150.811262819	1008.03417969	39.14112854	33.0080413818
150.811262819	1008.03417969	39.14112854	33.0080413818
150.811262819	1008.03417969	39.14112854	33.0080413818
150.811262819	1008.03417969	39.14112854	33.0080413818
150.81126282	1008.03417969	39.14112854	33.0080413818
150.81126282	1008.03417969	39.14112854	32.9897766113
150.81126282	1008.03417969	39.14112854	32.9897766113
150.81126282	1008.03417969	39.0261573792	32.9897766113
150.81126282	1008.03417969	39.0261573792	32.9897766113
150.81126282	1008.03417969	39.0261573792	32.9897766113
150.81126282	1008.03417969	39.0261573792	32.9897766113
150.811262821	1008.03417969	39.0261573792	32.9897766113
150.811262821	1008.03417969	39.0261573792	32.9897766113
150.811262821	1008.03417969	39.0261573792	32.9897766113
150.811262821	1008.03417969	39.0261573792	32.9897766113
150.811262821	1008.03417969	39.0261573792	32.9897766113
150.811262821	1008.03100586	39.0261573792	32.9897766113
150.811262822	1008.03100586	39.0261573792	32.9897766113
150.811262822	1008.03100586	39.0261573792	32.9897766113
150.811262822	1008.03100586	39.0261573792	32.9897766113
150.811262822	1008.03100586	39.0261573792	32.9897766113
150.811262822	1008.03100586	39.0261573792	32.9897766113
150.811262822	1008.03100586	39.0261573792	32.9897766113
150.811262822	1008.03100586	39.0261573792	32.9897766113
150.811262823	1008.03100586	39.0261573792	32.9897766113
150.811262823	1008.03100586	39.0261573792	32.9897766113
150.811262823	1008.03100586	39.0261573792	32.9897766113
150.811262823	1008.03100586	39.0261573792	32.9897766113
150.811262823	1008.03100586	39.0261573792	32.9897766113
150.811262823	1008.03100586	39.0261573792	32.9897766113
150.811262823	1008.03100586	39.0261573792	32.9897766113
150.811262823	1008.03100586	39.0261573792	32.9897766113
150.811262824	1008.03100586	39.0261573792	32.9897766113
150.811262824	1008.03100586	39.0261573792	32.9897766113
150.811262824	1008.03100586	39.0261573792	32.9897766113
150.811262824	1008.03100586	39.0261573792	32.9897766113
150.811262824	1008.03100586	39.0261573792	32.9897766113
150.811262824	1008.03100586	39.0261573792	32.9897766113
150.811262824	1008.03100586	39.0261573792	32.9897766113
150.811262825	1008.03100586	39.0261573792	32.9897766113
150.811262825	1008.03100586	39.0261573792	32.9897766113
150.811262825	1008.03100586	39.0261573792	32.9897766113
150.811262825	1008.03100586	39.0261573792	32.9897766113
150.811262825	1008.03100586	39.0261573792	32.9897766113
150.811262825	1008.03100586	39.0261573792	32.9897766113
150.811262825	1008.03466797	39.0261573792	32.9897766113
150.811262826	1008.03466797	39.0261573792	32.9897766113
150.811262826	1008.03466797	39.0261573792	32.9897766113
150.811262826	1008.03466797	39.0261573792	32.9897766113
150.811262826	1008.03466797	39.0261573792	32.9897766113
150.811262826	1008.03466797	39.0261573792	32.9897766113
150.811262826	1008.03466797	39.0261573792	32.9897766113
150.811262826	1008.03466797	39.0261573792	32.9897766113
150.811262827	1008.03466797	39.0261573792	32.9897766113
150.811262827	1008.03466797	39.0261573792	32.9897766113
150.811262827	1008.03466797	39.0261573792	32.9897766113
150.811262827	1008.03466797	39.0261573792	32.9897766113
150.811262827	1008.03466797	39.0261573792	32.9897766113
150.811262827	1008.03466797	39.0261573792	32.9897766113
150.811262827	1008.03466797	39.0261573792	32.9897766113
150.811262828	1008.03466797	39.0261573792	32.9897766113
150.811262828	1008.03466797	39.0261573792	32.9897766113
150.811262828	1008.03466797	39.0261573792	32.9349861145
150.811262828	1008.03466797	39.0261573792	32.9349861145
150.811262828	1008.03466797	39.0929145813	32.9349861145
150.811262828	1008.03466797	39.0929145813	32.9349861145
150.811262828	1008.03466797	39.0929145813	32.9349861145
150.811262829	1008.03466797	39.0929145813	32.9349861145
150.811262829	1008.03466797	39.0929145813	32.9349861145
150.811262829	1008.03466797	39.0929145813	32.9349861145
150.811262829	1008.03466797	39.0929145813	32.9349861145
150.811262829	1008.03466797	39.0929145813	32.9349861145
150.811262829	1008.03466797	39.0929145813	32.9349861145
150.811262829	1008.03540039	39.0929145813	32.9349861145
150.81126283	1008.03540039	39.0929145813	32.9349861145
150.81126283	1008.03540039	39.0929145813	32.9349861145
150.81126283	1008.03540039	39.0929145813	32.9349861145
150.81126283	1008.03540039	39.0929145813	32.9349861145
150.81126283	1008.03540039	39.0929145813	32.9349861145
150.81126283	1008.03540039	39.0929145813	32.9349861145
150.81126283	1008.03540039	39.0929145813	32.9349861145
150.811262831	1008.03540039	39.0929145813	32.9349861145
150.811262831	1008.03540039	39.0929145813	32.9349861145
150.811262831	1008.03540039	39.0929145813	32.9349861145
150.811262831	1008.03540039	39.0929145813	32.9349861145
150.811262831	1008.03540039	39.0929145813	32.9349861145
150.811262831	1008.03540039	39.0929145813	32.9349861145
150.811262831	1008.03540039	39.0929145813	32.9349861145
150.811262832	1008.03540039	39.0929145813	32.9349861145
150.811262832	1008.03540039	39.0929145813	32.9349861145
150.811262832	1008.03540039	39.0929145813	32.9349861145
150.811262832	1008.03540039	39.0929145813	32.9349861145
150.811262832	1008.03540039	39.0929145813	32.9349861145
150.811262832	1008.03540039	39.0929145813	32.9349861145
150.811262832	1008.03540039	39.0929145813	32.9349861145
150.811262833	1008.03540039	39.0929145813	32.9349861145
150.811262833	1008.03540039	39.0929145813	32.9349861145
150.811262833	1008.03540039	39.0929145813	32.9349861145
150.811262833	1008.03540039	39.0929145813	32.9349861145
150.811262833	1008.03540039	39.0929145813	32.9349861145
150.811262833	1008.03540039	39.0929145813	32.9349861145
150.811262833	1008.03540039	39.0929145813	32.9349861145
150.811262833	1008.04125977	39.0929145813	32.9349861145
150.811262834	1008.04125977	39.0929145813	32.9349861145
150.811262834	1008.04125977	39.0929145813	32.9349861145
150.811262834	1008.04125977	39.0929145813	32.9349861145
150.811262834	1008.04125977	39.0929145813	32.9349861145
150.811262834	1008.04125977	39.0929145813	32.9349861145
150.811262834	1008.04125977	39.0929145813	32.9349861145
150.811262835	1008.04125977	39.0929145813	32.9349861145
150.811262835	1008.04125977	39.0929145813	32.9349861145
150.811262835	1008.04125977	39.0929145813	32.9349861145
150.811262835	1008.04125977	39.0929145813	32.9349861145
150.811262835	1008.04125977	39.0929145813	32.9349861145
150.811262835	1008.04125977	39.0929145813	32.9349861145
150.811262835	1008.04125977	39.0929145813	32.9349861145
150.811262835	1008.04125977	39.0929145813	32.9349861145
150.811262836	1008.04125977	39.0929145813	32.9349861145
150.811262836	1008.04125977	39.0929145813	33.0445709229
150.811262836	1008.04125977	39.0929145813	33.0445709229
150.811262836	1008.04125977	39.6603546143	33.0445709229
150.811262836	1008.04125977	39.6603546143	33.0445709229
150.811262836	1008.04125977	39.6603546143	33.0445709229
150.811262837	1008.04125977	39.6603546143	33.0445709229
150.811262837	1008.04125977	39.6603546143	33.0445709229
150.811262837	1008.04125977	39.6603546143	33.0445709229
150.811262837	1008.04125977	39.6603546143	33.0445709229
150.811262837	1008.04125977	39.6603546143	33.0445709229
150.811262837	1008.04125977	39.6603546143	33.0445709229
150.811262837	1008.04125977	39.6603546143	33.0445709229
150.811262838	1008.04443359	39.6603546143	33.0445709229
150.811262838	1008.04443359	39.6603546143	33.0445709229
150.811262838	1008.04443359	39.6603546143	33.0445709229
150.811262838	1008.04443359	39.6603546143	33.0445709229
150.811262838	1008.04443359	39.6603546143	33.0445709229
150.811262838	1008.04443359	39.6603546143	33.0445709229
150.811262838	1008.04443359	39.6603546143	33.0445709229
150.811262839	1008.04443359	39.6603546143	33.0445709229
150.811262839	1008.04443359	39.6603546143	33.0445709229
150.811262839	1008.04443359	39.6603546143	33.0445709229
150.811262839	1008.04443359	39.6603546143	33.0445709229
150.811262839	1008.04443359	39.6603546143	33.0445709229
150.811262839	1008.04443359	39.6603546143	33.0445709229
150.811262839	1008.04443359	39.6603546143	33.0445709229
150.81126284	1008.04443359	39.6603546143	33.0445709229
150.81126284	1008.04443359	39.6603546143	33.0445709229
150.81126284	1008.04443359	39.6603546143	33.0445709229
150.81126284	1008.04443359	39.6603546143	33.0445709229
150.81126284	1008.04443359	39.6603546143	33.0445709229
150.81126284	1008.04443359	39.6603546143	33.0445709229
150.81126284	1008.04443359	39.6603546143	33.0445709229
150.81126284	1008.04443359	39.6603546143	33.0445709229
150.811262841	1008.04443359	39.6603546143	33.0445709229
150.811262841	1008.04443359	39.6603546143	33.0445709229
150.811262841	1008.04443359	39.6603546143	33.0445709229
150.811262841	1008.04443359	39.6603546143	33.0445709229
150.811262841	1008.04443359	39.6603546143	33.0445709229
150.811262841	1008.04443359	39.6603546143	33.0445709229
150.811262841	1008.04443359	39.6603546143	33.0445709229
150.811262842	1008.04394531	39.6603546143	33.0445709229
150.811262842	1008.04394531	39.6603546143	33.0445709229
150.811262842	1008.04394531	39.6603546143	33.0445709229
150.811262842	1008.04394531	39.6603546143	33.0445709229
150.811262842	1008.04394531	39.6603546143	33.0445709229
150.811262842	1008.04394531	39.6603546143	33.0445709229
150.811262843	1008.04394531	39.6603546143	33.0445709229
150.811262843	1008.04394531	39.6603546143	33.0445709229
150.811262843	1008.04394531	39.6603546143	33.0445709229
150.811262843	1008.04394531	39.6603546143	33.0445709229
150.811262843	1008.04394531	39.6603546143	33.0445709229
150.811262843	1008.04394531	39.6603546143	33.0445709229
150.811262843	1008.04394531	39.6603546143	33.0445709229
150.811262843	1008.04394531	39.6603546143	33.0445709229
150.811262844	1008.04394531	39.6603546143	33.0445709229
150.811262844	1008.04394531	39.6603546143	33.0445709229
150.811262844	1008.04394531	39.6603546143	33.0811004639
150.811262844	1008.04394531	39.6603546143	33.0811004639
150.811262844	1008.04394531	38.777671814	33.0811004639
150.811262844	1008.04394531	38.777671814	33.0811004639
150.811262845	1008.04394531	38.777671814	33.0811004639
150.811262845	1008.04394531	38.777671814	33.0811004639
150.811262845	1008.04394531	38.777671814	33.0811004639
150.811262845	1008.04394531	38.777671814	33.0811004639
150.811262845	1008.04394531	38.777671814	33.0811004639
150.811262845	1008.04394531	38.777671814	33.0811004639
150.811262845	1008.04394531	38.777671814	33.0811004639
150.811262845	1008.04394531	38.777671814	33.0811004639
150.811262846	1008.04394531	38.777671814	33.0811004639
150.811262846	1008.04248047	38.777671814	33.0811004639
150.811262846	1008.04248047	38.777671814	33.0811004639
150.811262846	1008.04248047	38.777671814	33.0811004639
150.811262846	1008.04248047	38.777671814	33.0811004639
150.811262846	1008.04248047	38.777671814	33.0811004639
150.811262847	1008.04248047	38.777671814	33.0811004639
150.811262847	1008.04248047	38.777671814	33.0811004639
150.811262847	1008.04248047	38.777671814	33.0811004639
150.811262847	1008.04248047	38.777671814	33.0811004639
150.811262847	1008.04248047	38.777671814	33.0811004639
150.811262847	1008.04248047	38.777671814	33.0811004639
150.811262847	1008.04248047	38.777671814	33.0811004639
150.811262847	1008.04248047	38.777671814	33.0811004639
150.811262848	1008.04248047	38.777671814	33.0811004639
150.811262848	1008.04248047	38.777671814	33.0811004639
150.811262848	1008.04248047	38.777671814	33.0811004639
150.811262848	1008.04248047	38.777671814	33.0811004639
150.811262848	1008.04248047	38.777671814	33.0811004639
150.811262848	1008.04248047	38.777671814	33.0811004639
150.811262848	1008.04248047	38.777671814	33.0811004639
150.811262849	1008.04248047	38.777671814	33.0811004639
150.811262849	1008.04248047	38.777671814	33.0811004639
150.811262849	1008.04248047	38.777671814	33.0811004639
150.811262849	1008.04248047	38.777671814	33.0811004639
150.811262849	1008.04248047	38.777671814	33.0811004639
150.811262849	1008.04248047	38.777671814	33.0811004639
150.811262849	1008.04248047	38.777671814	33.0811004639
150.81126285	1008.04248047	38.777671814	33.0811004639
150.81126285	1008.04248047	38.777671814	33.0811004639
150.81126285	1008.05029297	38.777671814	33.0811004639
150.81126285	1008.05029297	38.777671814	33.0811004639
150.81126285	1008.05029297	38.777671814	33.0811004639
150.81126285	1008.05029297	38.777671814	33.0811004639
150.81126285	1008.05029297	38.777671814	33.0811004639
150.811262851	1008.05029297	38.777671814	33.0811004639
150.811262851	1008.05029297	38.777671814	33.0811004639
150.811262851	1008.05029297	38.777671814	33.0811004639
150.811262851	1008.05029297	38.777671814	33.0811004639
150.811262851	1008.05029297	38.777671814	33.0811004639
150.811262851	1008.05029297	38.777671814	33.0811004639
150.811262851	1008.05029297	38.777671814	33.0811004639
150.811262852	1008.05029297	38.777671814	33.0811004639
150.811262852	1008.05029297	38.777671814	33.0811004639
150.811262852	1008.05029297	38.777671814	33.0811004639
150.811262852	1008.05029297	38.777671814	32.9349861145
150.811262852	1008.05029297	38.777671814	32.9349861145
150.811262852	1008.05029297	38.3771209717	32.9349861145
150.811262852	1008.05029297	38.3771209717	32.9349861145
150.811262853	1008.05029297	38.3771209717	32.9349861145
150.811262853	1008.05029297	38.3771209717	32.9349861145
150.811262853	1008.05029297	38.3771209717	32.9349861145
150.811262853	1008.05029297	38.3771209717	32.9349861145
150.811262853	1008.05029297	38.3771209717	32.9349861145
150.811262853	1008.05029297	38.3771209717	32.9349861145
150.811262853	1008.05029297	38.3771209717	32.9349861145
150.811262854	1008.05029297	38.3771209717	32.9349861145
150.811262854	1008.05029297	38.3771209717	32.9349861145
150.811262854	1008.04858398	38.3771209717	32.9349861145
150.811262854	1008.04858398	38.3771209717	32.9349861145
150.811262854	1008.04858398	38.3771209717	32.9349861145
150.811262854	1008.04858398	38.3771209717	32.9349861145
