2.66100943659	1400
time	pressure	humidity	temperature
150.811245186	1008.28198242	39.0483665466	30.9200973511
150.811245187	1008.27832031	39.0483665466	30.9200973511
150.811245187	1008.27832031	39.0483665466	30.9200973511
150.811245187	1008.27832031	39.0483665466	30.9200973511
150.811245188	1008.27832031	39.0483665466	30.9200973511
150.811245188	1008.27832031	39.0483665466	30.9200973511
150.811245188	1008.27832031	39.0483665466	30.9200973511
150.811245188	1008.27832031	39.0483665466	30.9200973511
150.811245188	1008.27832031	39.0483665466	30.8666648865
150.811245189	1008.27832031	41.9101409912	30.8666648865
150.811245189	1008.27832031	41.9101409912	30.8666648865
150.811245189	1008.27832031	41.9101409912	30.8666648865
150.811245189	1008.27832031	41.9101409912	30.8666648865
150.81124519	1008.27832031	41.9101409912	30.8666648865
150.81124519	1008.27832031	41.9101409912	30.8666648865
150.81124519	1008.27832031	41.9101409912	30.8666648865
150.81124519	1008.27832031	41.9101409912	30.8666648865
150.811245191	1008.27832031	41.9101409912	30.8666648865
150.811245191	1008.27832031	41.9101409912	30.8666648865
150.811245191	1008.27832031	41.9101409912	30.8666648865
150.811245191	1008.27832031	41.9101409912	30.8666648865
150.811245192	1008.27832031	41.9101409912	30.8666648865
150.811245192	1008.27832031	41.9101409912	30.8666648865
150.811245192	1008.27832031	41.9101409912	30.8666648865
150.811245192	1008.27832031	41.9101409912	30.8666648865
150.811245193	1008.27832031	41.9101409912	30.8666648865
150.811245193	1008.27832031	41.9101409912	30.8666648865
150.811245193	1008.27832031	41.9101409912	30.8666648865
150.811245193	1008.27832031	41.9101409912	30.8666648865
150.811245193	1008.27832031	41.9101409912	30.8666648865
150.811245194	1008.27832031	41.9101409912	30.8666648865
150.811245194	1008.27832031	41.9101409912	30.8666648865
150.811245194	1008.27832031	41.9101409912	30.8666648865
150.811245194	1008.27832031	41.9101409912	30.8666648865
150.811245195	1008.27832031	41.9101409912	30.8666648865
150.811245195	1008.27856445	41.9101409912	30.8666648865
150.811245195	1008.27856445	41.9101409912	30.8666648865
150.811245195	1008.27856445	41.9101409912	30.8666648865
150.811245196	1008.27856445	41.9101409912	30.8666648865
150.811245196	1008.27856445	41.9101409912	30.8666648865
150.811245196	1008.27856445	41.9101409912	30.8666648865
150.811245196	1008.27856445	41.9101409912	30.759803772
150.811245197	1008.27856445	39.1365737915	30.759803772
150.811245197	1008.27856445	39.1365737915	30.759803772
150.811245197	1008.27856445	39.1365737915	30.759803772
150.811245197	1008.27856445	39.1365737915	30.759803772
150.811245198	1008.27856445	39.1365737915	30.759803772
150.811245198	1008.27856445	39.1365737915	30.759803772
150.811245198	1008.27856445	39.1365737915	30.759803772
150.811245198	1008.27856445	39.1365737915	30.759803772
150.811245199	1008.27856445	39.1365737915	30.759803772
150.811245199	1008.27514648	39.1365737915	30.759803772
150.811245199	1008.27514648	39.1365737915	30.759803772
150.8112452	1008.27514648	39.1365737915	30.759803772
150.8112452	1008.27514648	39.1365737915	30.759803772
150.8112452	1008.27514648	39.1365737915	30.759803772
150.8112452	1008.27514648	39.1365737915	30.759803772
150.8112452	1008.27514648	39.1365737915	30.759803772
150.811245201	1008.27514648	39.1365737915	30.759803772
150.811245201	1008.27514648	39.1365737915	30.759803772
150.811245201	1008.27514648	39.1365737915	30.759803772
150.811245201	1008.27514648	39.1365737915	30.759803772
150.811245202	1008.27514648	39.1365737915	30.759803772
150.811245202	1008.27514648	39.1365737915	30.759803772
150.811245202	1008.27514648	39.1365737915	30.759803772
150.811245202	1008.27514648	39.1365737915	30.759803772
150.811245202	1008.27514648	39.1365737915	30.759803772
150.811245203	1008.27514648	39.1365737915	30.759803772
150.811245203	1008.27832031	39.1365737915	30.759803772
150.811245203	1008.27832031	39.1365737915	30.759803772
150.811245203	1008.27832031	39.1365737915	30.759803772
150.811245204	1008.27832031	39.1365737915	30.759803772
150.811245204	1008.27832031	39.1365737915	30.759803772
150.811245204	1008.27832031	39.1365737915	31.0269603729
150.811245204	1008.27832031	41.2110328674	31.0269603729
150.811245205	1008.27832031	41.2110328674	31.0269603729
150.811245205	1008.27832031	41.2110328674	31.0269603729
150.811245205	1008.27832031	41.2110328674	31.0269603729
150.811245205	1008.27832031	41.2110328674	31.0269603729
150.811245206	1008.27832031	41.2110328674	31.0269603729
150.811245206	1008.27832031	41.2110328674	31.0269603729
150.811245206	1008.27832031	41.2110328674	31.0269603729
150.811245206	1008.27832031	41.2110328674	31.0269603729
150.811245207	1008.27832031	41.2110328674	31.0269603729
150.811245207	1008.27832031	41.2110328674	31.0269603729
150.811245207	1008.27612305	41.2110328674	31.0269603729
150.811245207	1008.27612305	41.2110328674	31.0269603729
150.811245208	1008.27612305	41.2110328674	31.0269603729
150.811245208	1008.27612305	41.2110328674	31.0269603729
150.811245208	1008.27612305	41.2110328674	31.0269603729
150.811245208	1008.27612305	41.2110328674	31.0269603729
150.811245209	1008.27612305	41.2110328674	31.0269603729
150.811245209	1008.27612305	41.2110328674	31.0269603729
150.811245209	1008.27612305	41.2110328674	31.0269603729
150.811245209	1008.27612305	41.2110328674	31.0269603729
150.811245209	1008.27612305	41.2110328674	31.0269603729
150.81124521	1008.27612305	41.2110328674	31.0269603729
150.81124521	1008.27612305	41.2110328674	31.0269603729
150.81124521	1008.27612305	41.2110328674	31.0269603729
150.81124521	1008.27612305	41.2110328674	31.0269603729
150.811245211	1008.27612305	41.2110328674	31.0269603729
150.811245211	1008.27612305	41.2110328674	31.0269603729
150.811245211	1008.27612305	41.2110328674	31.0269603729
150.811245211	1008.27539062	41.2110328674	31.0269603729
150.811245212	1008.27539062	41.2110328674	31.0269603729
150.811245212	1008.27539062	41.2110328674	31.0269603729
150.811245212	1008.27539062	41.2110328674	30.7419929504
150.811245212	1008.27539062	42.4655075073	30.7419929504
150.811245213	1008.27539062	42.4655075073	30.7419929504
150.811245213	1008.27539062	42.4655075073	30.7419929504
150.811245213	1008.27539062	42.4655075073	30.7419929504
150.811245213	1008.27539062	42.4655075073	30.7419929504
150.811245214	1008.27539062	42.4655075073	30.7419929504
150.811245214	1008.27539062	42.4655075073	30.7419929504
150.811245214	1008.27539062	42.4655075073	30.7419929504
150.811245214	1008.27539062	42.4655075073	30.7419929504
150.811245214	1008.27539062	42.4655075073	30.7419929504
150.811245215	1008.27539062	42.4655075073	30.7419929504
150.811245215	1008.27539062	42.4655075073	30.7419929504
150.811245215	1008.27539062	42.4655075073	30.7419929504
150.811245215	1008.27661133	42.4655075073	30.7419929504
150.811245216	1008.27661133	42.4655075073	30.7419929504
150.811245216	1008.27661133	42.4655075073	30.7419929504
150.811245216	1008.27661133	42.4655075073	30.7419929504
150.811245216	1008.27661133	42.4655075073	30.7419929504
150.811245217	1008.27661133	42.4655075073	30.7419929504
150.811245217	1008.27661133	42.4655075073	30.7419929504
150.811245217	1008.27661133	42.4655075073	30.7419929504
150.811245217	1008.27661133	42.4655075073	30.7419929504
150.811245217	1008.27661133	42.4655075073	30.7419929504
150.811245218	1008.27661133	42.4655075073	30.7419929504
150.811245218	1008.27661133	42.4655075073	30.7419929504
150.811245218	1008.27661133	42.4655075073	30.7419929504
150.811245218	1008.27661133	42.4655075073	30.7419929504
150.811245219	1008.27661133	42.4655075073	30.7419929504
150.811245219	1008.27661133	42.4655075073	30.7419929504
150.811245219	1008.27661133	42.4655075073	30.7419929504
150.811245219	1008.27661133	42.4655075073	30.7419929504
150.811245219	1008.2734375	42.4655075073	30.7419929504
150.81124522	1008.2734375	42.4655075073	30.795425415
150.81124522	1008.2734375	41.0150184631	30.795425415
150.811245221	1008.2734375	41.0150184631	30.795425415
150.811245221	1008.2734375	41.0150184631	30.795425415
150.811245221	1008.2734375	41.0150184631	30.795425415
150.811245221	1008.2734375	41.0150184631	30.795425415
150.811245221	1008.2734375	41.0150184631	30.795425415
150.811245222	1008.2734375	41.0150184631	30.795425415
150.811245222	1008.2734375	41.0150184631	30.795425415
150.811245222	1008.2734375	41.0150184631	30.795425415
150.811245222	1008.2734375	41.0150184631	30.795425415
150.811245223	1008.2734375	41.0150184631	30.795425415
150.811245223	1008.2734375	41.0150184631	30.795425415
150.811245223	1008.2734375	41.0150184631	30.795425415
150.811245223	1008.2734375	41.0150184631	30.795425415
150.811245223	1008.2734375	41.0150184631	30.795425415
150.811245224	1008.27563477	41.0150184631	30.795425415
150.811245224	1008.27563477	41.0150184631	30.795425415
150.811245224	1008.27563477	41.0150184631	30.795425415
150.811245224	1008.27563477	41.0150184631	30.795425415
150.811245225	1008.27563477	41.0150184631	30.795425415
150.811245225	1008.27563477	41.0150184631	30.795425415
150.811245225	1008.27563477	41.0150184631	30.795425415
150.811245225	1008.27563477	41.0150184631	30.795425415
150.811245226	1008.27563477	41.0150184631	30.795425415
150.811245226	1008.27563477	41.0150184631	30.795425415
150.811245226	1008.27563477	41.0150184631	30.795425415
150.811245226	1008.27563477	41.0150184631	30.795425415
150.811245226	1008.27563477	41.0150184631	30.795425415
150.811245227	1008.27563477	41.0150184631	30.795425415
150.811245227	1008.27563477	41.0150184631	30.795425415
150.811245227	1008.27563477	41.0150184631	30.795425415
150.811245227	1008.27563477	41.0150184631	30.795425415
150.811245228	1008.27563477	41.0150184631	30.8310451508
150.811245228	1008.27563477	39.1790428162	30.8310451508
150.811245228	1008.27563477	39.1790428162	30.8310451508
150.811245229	1008.27563477	39.1790428162	30.8310451508
150.811245229	1008.27563477	39.1790428162	30.8310451508
150.811245229	1008.27563477	39.1790428162	30.8310451508
150.811245229	1008.27563477	39.1790428162	30.8310451508
150.811245229	1008.27563477	39.1790428162	30.8310451508
150.81124523	1008.27563477	39.1790428162	30.8310451508
150.81124523	1008.27563477	39.1790428162	30.8310451508
150.81124523	1008.27563477	39.1790428162	30.8310451508
150.81124523	1008.27563477	39.1790428162	30.8310451508
150.811245231	1008.27563477	39.1790428162	30.8310451508
150.811245231	1008.27563477	39.1790428162	30.8310451508
150.811245231	1008.27563477	39.1790428162	30.8310451508
150.811245231	1008.27563477	39.1790428162	30.8310451508
150.811245231	1008.27563477	39.1790428162	30.8310451508
150.811245232	1008.2734375	39.1790428162	30.8310451508
150.811245232	1008.2734375	39.1790428162	30.8310451508
150.811245232	1008.2734375	39.1790428162	30.8310451508
150.811245233	1008.2734375	39.1790428162	30.8310451508
150.811245233	1008.2734375	39.1790428162	30.8310451508
150.811245233	1008.2734375	39.1790428162	30.8310451508
150.811245233	1008.2734375	39.1790428162	30.8310451508
150.811245233	1008.2734375	39.1790428162	30.8310451508
150.811245234	1008.2734375	39.1790428162	30.8310451508
150.811245234	1008.2734375	39.1790428162	30.8310451508
150.811245234	1008.2734375	39.1790428162	30.8310451508
150.811245234	1008.2734375	39.1790428162	30.8310451508
150.811245235	1008.2734375	39.1790428162	30.8310451508
150.811245235	1008.2734375	39.1790428162	30.8310451508
150.811245235	1008.2734375	39.1790428162	30.8310451508
150.811245235	1008.2734375	39.1790428162	30.8310451508
150.811245235	1008.2734375	39.1790428162	30.8310451508
150.811245236	1008.2734375	39.1790428162	30.8132362366
150.811245236	1008.27294922	41.8350028992	30.8132362366
150.811245236	1008.27294922	41.8350028992	30.8132362366
150.811245237	1008.27294922	41.8350028992	30.8132362366
150.811245237	1008.27294922	41.8350028992	30.8132362366
150.811245237	1008.27294922	41.8350028992	30.8132362366
150.811245237	1008.27294922	41.8350028992	30.8132362366
150.811245238	1008.27294922	41.8350028992	30.8132362366
150.811245238	1008.27294922	41.8350028992	30.8132362366
150.811245238	1008.27294922	41.8350028992	30.8132362366
150.811245238	1008.27294922	41.8350028992	30.8132362366
150.811245238	1008.27294922	41.8350028992	30.8132362366
150.811245239	1008.27294922	41.8350028992	30.8132362366
150.811245239	1008.27294922	41.8350028992	30.8132362366
150.811245239	1008.27294922	41.8350028992	30.8132362366
150.811245239	1008.27294922	41.8350028992	30.8132362366
150.81124524	1008.27294922	41.8350028992	30.8132362366
150.81124524	1008.27294922	41.8350028992	30.8132362366
150.81124524	1008.27026367	41.8350028992	30.8132362366
150.81124524	1008.27026367	41.8350028992	30.8132362366
150.811245241	1008.27026367	41.8350028992	30.8132362366
150.811245241	1008.27026367	41.8350028992	30.8132362366
150.811245241	1008.27026367	41.8350028992	30.8132362366
150.811245241	1008.27026367	41.8350028992	30.8132362366
150.811245242	1008.27026367	41.8350028992	30.8132362366
150.811245242	1008.27026367	41.8350028992	30.8132362366
150.811245242	1008.27026367	41.8350028992	30.8132362366
150.811245242	1008.27026367	41.8350028992	30.8132362366
150.811245242	1008.27026367	41.8350028992	30.8132362366
150.811245243	1008.27026367	41.8350028992	30.8132362366
150.811245243	1008.27026367	41.8350028992	30.8132362366
150.811245243	1008.27026367	41.8350028992	30.8132362366
150.811245243	1008.27026367	41.8350028992	30.8132362366
150.811245244	1008.27026367	41.8350028992	30.8310451508
150.811245244	1008.27026367	39.9238891602	30.8310451508
150.811245244	1008.26708984	39.9238891602	30.8310451508
150.811245245	1008.26708984	39.9238891602	30.8310451508
150.811245245	1008.26708984	39.9238891602	30.8310451508
150.811245245	1008.26708984	39.9238891602	30.8310451508
150.811245245	1008.26708984	39.9238891602	30.8310451508
150.811245245	1008.26708984	39.9238891602	30.8310451508
150.811245246	1008.26708984	39.9238891602	30.8310451508
150.811245246	1008.26708984	39.9238891602	30.8310451508
150.811245246	1008.26708984	39.9238891602	30.8310451508
150.811245246	1008.26708984	39.9238891602	30.8310451508
150.811245247	1008.26708984	39.9238891602	30.8310451508
150.811245247	1008.26708984	39.9238891602	30.8310451508
150.811245247	1008.26708984	39.9238891602	30.8310451508
150.811245247	1008.26708984	39.9238891602	30.8310451508
150.811245247	1008.26708984	39.9238891602	30.8310451508
150.811245248	1008.26708984	39.9238891602	30.8310451508
150.811245248	1008.26708984	39.9238891602	30.8310451508
150.811245248	1008.26928711	39.9238891602	30.8310451508
150.811245248	1008.26928711	39.9238891602	30.8310451508
150.811245249	1008.26928711	39.9238891602	30.8310451508
150.811245249	1008.26928711	39.9238891602	30.8310451508
150.811245249	1008.26928711	39.9238891602	30.8310451508
150.811245249	1008.26928711	39.9238891602	30.8310451508
150.81124525	1008.26928711	39.9238891602	30.8310451508
150.81124525	1008.26928711	39.9238891602	30.8310451508
150.81124525	1008.26928711	39.9238891602	30.8310451508
150.81124525	1008.26928711	39.9238891602	30.8310451508
150.81124525	1008.26928711	39.9238891602	30.8310451508
150.811245251	1008.26928711	39.9238891602	30.8310451508
150.811245251	1008.26928711	39.9238891602	30.8310451508
150.811245251	1008.26928711	39.9238891602	30.8310451508
150.811245251	1008.26928711	39.9238891602	30.9022865295
150.811245252	1008.26928711	41.763130188	30.9022865295
150.811245252	1008.26928711	41.763130188	30.9022865295
150.811245252	1008.26879883	41.763130188	30.9022865295
150.811245253	1008.26879883	41.763130188	30.9022865295
150.811245253	1008.26879883	41.763130188	30.9022865295
150.811245253	1008.26879883	41.763130188	30.9022865295
150.811245253	1008.26879883	41.763130188	30.9022865295
150.811245254	1008.26879883	41.763130188	30.9022865295
150.811245254	1008.26879883	41.763130188	30.9022865295
150.811245254	1008.26879883	41.763130188	30.9022865295
150.811245254	1008.26879883	41.763130188	30.9022865295
150.811245254	1008.26879883	41.763130188	30.9022865295
150.811245255	1008.26879883	41.763130188	30.9022865295
150.811245255	1008.26879883	41.763130188	30.9022865295
150.811245255	1008.26879883	41.763130188	30.9022865295
150.811245255	1008.26879883	41.763130188	30.9022865295
150.811245256	1008.26879883	41.763130188	30.9022865295
150.811245256	1008.26879883	41.763130188	30.9022865295
150.811245256	1008.26879883	41.763130188	30.9022865295
150.811245256	1008.26879883	41.763130188	30.9022865295
150.811245256	1008.26904297	41.763130188	30.9022865295
150.811245257	1008.26904297	41.763130188	30.9022865295
150.811245257	1008.26904297	41.763130188	30.9022865295
150.811245257	1008.26904297	41.763130188	30.9022865295
150.811245257	1008.26904297	41.763130188	30.9022865295
150.811245258	1008.26904297	41.763130188	30.9022865295
150.811245258	1008.26904297	41.763130188	30.9022865295
150.811245258	1008.26904297	41.763130188	30.9022865295
150.811245258	1008.26904297	41.763130188	30.9022865295
150.811245259	1008.26904297	41.763130188	30.9022865295
150.811245259	1008.26904297	41.763130188	30.9022865295
150.811245259	1008.26904297	41.763130188	30.9022865295
150.811245259	1008.26904297	41.763130188	30.7419929504
150.81124526	1008.26904297	39.0908355713	30.7419929504
150.81124526	1008.26904297	39.0908355713	30.7419929504
150.81124526	1008.26904297	39.0908355713	30.7419929504
150.81124526	1008.26904297	39.0908355713	30.7419929504
150.811245261	1008.27612305	39.0908355713	30.7419929504
150.811245261	1008.27612305	39.0908355713	30.7419929504
150.811245261	1008.27612305	39.0908355713	30.7419929504
150.811245261	1008.27612305	39.0908355713	30.7419929504
150.811245262	1008.27612305	39.0908355713	30.7419929504
150.811245262	1008.27612305	39.0908355713	30.7419929504
150.811245262	1008.27612305	39.0908355713	30.7419929504
150.811245262	1008.27612305	39.0908355713	30.7419929504
150.811245262	1008.27612305	39.0908355713	30.7419929504
150.811245263	1008.27612305	39.0908355713	30.7419929504
150.811245263	1008.27612305	39.0908355713	30.7419929504
150.811245263	1008.27612305	39.0908355713	30.7419929504
150.811245263	1008.27612305	39.0908355713	30.7419929504
150.811245264	1008.27612305	39.0908355713	30.7419929504
150.811245264	1008.27612305	39.0908355713	30.7419929504
150.811245264	1008.27612305	39.0908355713	30.7419929504
150.811245264	1008.27612305	39.0908355713	30.7419929504
150.811245264	1008.27612305	39.0908355713	30.7419929504
150.811245265	1008.27612305	39.0908355713	30.7419929504
150.811245265	1008.27612305	39.0908355713	30.7419929504
150.811245265	1008.27612305	39.0908355713	30.7419929504
150.811245266	1008.27612305	39.0908355713	30.7419929504
150.811245266	1008.27612305	39.0908355713	30.7419929504
150.811245266	1008.27612305	39.0908355713	30.7419929504
150.811245266	1008.27612305	39.0908355713	30.7419929504
150.811245266	1008.27612305	39.0908355713	30.7419929504
150.811245267	1008.27612305	39.0908355713	30.7419929504
150.811245267	1008.27612305	39.0908355713	30.7419929504
150.811245267	1008.27612305	39.0908355713	30.8132362366
150.811245268	1008.27612305	42.3936386108	30.8132362366
150.811245268	1008.27612305	42.3936386108	30.8132362366
150.811245268	1008.27612305	42.3936386108	30.8132362366
150.811245268	1008.27612305	42.3936386108	30.8132362366
150.811245268	1008.27612305	42.3936386108	30.8132362366
150.811245269	1008.27490234	42.3936386108	30.8132362366
150.811245269	1008.27490234	42.3936386108	30.8132362366
150.811245269	1008.27490234	42.3936386108	30.8132362366
150.811245269	1008.27490234	42.3936386108	30.8132362366
150.81124527	1008.27490234	42.3936386108	30.8132362366
150.81124527	1008.27490234	42.3936386108	30.8132362366
150.81124527	1008.27490234	42.3936386108	30.8132362366
150.81124527	1008.27490234	42.3936386108	30.8132362366
150.811245271	1008.27490234	42.3936386108	30.8132362366
150.811245271	1008.27490234	42.3936386108	30.8132362366
150.811245271	1008.27490234	42.3936386108	30.8132362366
150.811245271	1008.27490234	42.3936386108	30.8132362366
150.811245271	1008.27490234	42.3936386108	30.8132362366
150.811245272	1008.27490234	42.3936386108	30.8132362366
150.811245272	1008.27490234	42.3936386108	30.8132362366
150.811245272	1008.27490234	42.3936386108	30.8132362366
150.811245272	1008.27490234	42.3936386108	30.8132362366
150.811245273	1008.27490234	42.3936386108	30.8132362366
150.811245273	1008.27270508	42.3936386108	30.8132362366
150.811245273	1008.27270508	42.3936386108	30.8132362366
150.811245273	1008.27270508	42.3936386108	30.8132362366
150.811245274	1008.27270508	42.3936386108	30.8132362366
150.811245274	1008.27270508	42.3936386108	30.8132362366
150.811245274	1008.27270508	42.3936386108	30.8132362366
150.811245274	1008.27270508	42.3936386108	30.8132362366
150.811245275	1008.27270508	42.3936386108	30.8132362366
150.811245275	1008.27270508	42.3936386108	30.8132362366
150.811245275	1008.27270508	42.3936386108	30.8132362366
150.811245275	1008.27270508	39.0908355713	30.8132362366
150.811245276	1008.27270508	39.0908355713	30.8132362366
150.811245276	1008.27270508	39.0908355713	30.8132362366
150.811245276	1008.27270508	39.0908355713	30.8132362366
150.811245276	1008.27270508	39.0908355713	30.8132362366
150.811245276	1008.27270508	39.0908355713	30.8132362366
150.811245277	1008.27270508	39.0908355713	30.8132362366
150.811245277	1008.27539062	39.0908355713	30.8132362366
150.811245277	1008.27539062	39.0908355713	30.8132362366
150.811245278	1008.27539062	39.0908355713	30.8132362366
150.811245278	1008.27539062	39.0908355713	30.8132362366
150.811245278	1008.27539062	39.0908355713	30.8132362366
150.811245278	1008.27539062	39.0908355713	30.8132362366
150.811245278	1008.27539062	39.0908355713	30.8132362366
150.811245279	1008.27539062	39.0908355713	30.8132362366
150.811245279	1008.27539062	39.0908355713	30.8132362366
150.811245279	1008.27539062	39.0908355713	30.8132362366
150.811245279	1008.27539062	39.0908355713	30.8132362366
150.81124528	1008.27539062	39.0908355713	30.8132362366
150.81124528	1008.27539062	39.0908355713	30.8132362366
150.81124528	1008.27539062	39.0908355713	30.8132362366
150.81124528	1008.27539062	39.0908355713	30.8132362366
150.81124528	1008.27539062	39.0908355713	30.8132362366
150.811245281	1008.27539062	39.0908355713	30.8132362366
150.811245281	1008.27539062	39.0908355713	30.8132362366
150.811245281	1008.28198242	39.0908355713	30.8132362366
150.811245281	1008.28198242	39.0908355713	30.8132362366
150.811245282	1008.28198242	39.0908355713	30.8132362366
150.811245282	1008.28198242	39.0908355713	30.8132362366
150.811245282	1008.28198242	39.0908355713	30.8132362366
150.811245282	1008.28198242	39.0908355713	30.8132362366
150.811245283	1008.28198242	39.0908355713	30.8132362366
150.811245283	1008.28198242	39.0908355713	30.8666648865
150.811245283	1008.28198242	38.5714035034	30.8666648865
150.811245283	1008.28198242	38.5714035034	30.8666648865
150.811245284	1008.28198242	38.5714035034	30.8666648865
150.811245284	1008.28198242	38.5714035034	30.8666648865
150.811245284	1008.28198242	38.5714035034	30.8666648865
150.811245284	1008.28198242	38.5714035034	30.8666648865
150.811245285	1008.28198242	38.5714035034	30.8666648865
150.811245285	1008.28198242	38.5714035034	30.8666648865
150.811245285	1008.28198242	38.5714035034	30.8666648865
150.811245285	1008.2890625	38.5714035034	30.8666648865
150.811245286	1008.2890625	38.5714035034	30.8666648865
150.811245286	1008.2890625	38.5714035034	30.8666648865
150.811245286	1008.2890625	38.5714035034	30.8666648865
150.811245286	1008.2890625	38.5714035034	30.8666648865
150.811245287	1008.2890625	38.5714035034	30.8666648865
150.811245287	1008.2890625	38.5714035034	30.8666648865
150.811245287	1008.2890625	38.5714035034	30.8666648865
150.811245287	1008.2890625	38.5714035034	30.8666648865
150.811245287	1008.2890625	38.5714035034	30.8666648865
150.811245288	1008.2890625	38.5714035034	30.8666648865
150.811245288	1008.2890625	38.5714035034	30.8666648865
150.811245288	1008.2890625	38.5714035034	30.8666648865
150.811245288	1008.2890625	38.5714035034	30.8666648865
150.811245289	1008.2890625	38.5714035034	30.8666648865
150.811245289	1008.2890625	38.5714035034	30.8666648865
150.811245289	1008.2890625	38.5714035034	30.8666648865
150.811245289	1008.29541016	38.5714035034	30.8666648865
150.81124529	1008.29541016	38.5714035034	30.8666648865
150.81124529	1008.29541016	38.5714035034	30.8666648865
150.81124529	1008.29541016	38.5714035034	30.8666648865
150.81124529	1008.29541016	38.5714035034	30.8666648865
150.81124529	1008.29541016	38.5714035034	30.8666648865
150.811245291	1008.29541016	38.5714035034	30.8132362366
150.811245291	1008.29541016	39.7050056458	30.8132362366
150.811245291	1008.29541016	39.7050056458	30.8132362366
150.811245292	1008.29541016	39.7050056458	30.8132362366
150.811245292	1008.29541016	39.7050056458	30.8132362366
150.811245292	1008.29541016	39.7050056458	30.8132362366
150.811245292	1008.29541016	39.7050056458	30.8132362366
150.811245292	1008.29541016	39.7050056458	30.8132362366
150.811245293	1008.29541016	39.7050056458	30.8132362366
150.811245293	1008.29541016	39.7050056458	30.8132362366
150.811245293	1008.29541016	39.7050056458	30.8132362366
150.811245293	1008.29736328	39.7050056458	30.8132362366
150.811245294	1008.29736328	39.7050056458	30.8132362366
150.811245294	1008.29736328	39.7050056458	30.8132362366
150.811245294	1008.29736328	39.7050056458	30.8132362366
150.811245294	1008.29736328	39.7050056458	30.8132362366
150.811245295	1008.29736328	39.7050056458	30.8132362366
150.811245295	1008.29736328	39.7050056458	30.8132362366
150.811245295	1008.29736328	39.7050056458	30.8132362366
150.811245295	1008.29736328	39.7050056458	30.8132362366
150.811245295	1008.29736328	39.7050056458	30.8132362366
150.811245296	1008.29736328	39.7050056458	30.8132362366
150.811245296	1008.29736328	39.7050056458	30.8132362366
150.811245296	1008.29736328	39.7050056458	30.8132362366
150.811245296	1008.29736328	39.7050056458	30.8132362366
150.811245297	1008.29736328	39.7050056458	30.8132362366
150.811245297	1008.29736328	39.7050056458	30.8132362366
150.811245297	1008.29736328	39.7050056458	30.8132362366
150.811245297	1008.29736328	39.7050056458	30.8132362366
150.811245297	1008.29907227	39.7050056458	30.8132362366
150.811245298	1008.29907227	39.7050056458	30.8132362366
150.811245298	1008.29907227	39.7050056458	30.8132362366
150.811245298	1008.29907227	39.7050056458	30.8132362366
150.811245299	1008.29907227	39.7050056458	30.795425415
150.811245299	1008.29907227	40.8876113892	30.795425415
150.811245299	1008.29907227	40.8876113892	30.795425415
150.811245299	1008.29907227	40.8876113892	30.795425415
150.8112453	1008.29907227	40.8876113892	30.795425415
150.8112453	1008.29907227	40.8876113892	30.795425415
150.8112453	1008.29907227	40.8876113892	30.795425415
150.8112453	1008.29907227	40.8876113892	30.795425415
150.8112453	1008.29907227	40.8876113892	30.795425415
150.811245301	1008.29907227	40.8876113892	30.795425415
150.811245301	1008.29907227	40.8876113892	30.795425415
150.811245301	1008.29907227	40.8876113892	30.795425415
150.811245301	1008.29907227	40.8876113892	30.795425415
150.811245302	1008.30029297	40.8876113892	30.795425415
150.811245302	1008.30029297	40.8876113892	30.795425415
150.811245302	1008.30029297	40.8876113892	30.795425415
150.811245302	1008.30029297	40.8876113892	30.795425415
150.811245303	1008.30029297	40.8876113892	30.795425415
150.811245303	1008.30029297	40.8876113892	30.795425415
150.811245303	1008.30029297	40.8876113892	30.795425415
150.811245303	1008.30029297	40.8876113892	30.795425415
150.811245304	1008.30029297	40.8876113892	30.795425415
150.811245304	1008.30029297	40.8876113892	30.795425415
150.811245304	1008.30029297	40.8876113892	30.795425415
150.811245304	1008.30029297	40.8876113892	30.795425415
150.811245304	1008.30029297	40.8876113892	30.795425415
150.811245305	1008.30029297	40.8876113892	30.795425415
150.811245305	1008.30029297	40.8876113892	30.795425415
150.811245305	1008.30029297	40.8876113892	30.795425415
150.811245305	1008.30029297	40.8876113892	30.795425415
150.811245306	1008.30029297	40.8876113892	30.795425415
150.811245306	1008.29711914	40.8876113892	30.795425415
150.811245306	1008.29711914	40.8876113892	30.8132362366
150.811245307	1008.29711914	40.8876113892	30.8132362366
150.811245307	1008.29711914	41.8807373047	30.8132362366
150.811245307	1008.29711914	41.8807373047	30.8132362366
150.811245307	1008.29711914	41.8807373047	30.8132362366
150.811245307	1008.29711914	41.8807373047	30.8132362366
150.811245308	1008.29711914	41.8807373047	30.8132362366
150.811245308	1008.29711914	41.8807373047	30.8132362366
150.811245308	1008.29711914	41.8807373047	30.8132362366
150.811245308	1008.29711914	41.8807373047	30.8132362366
150.811245309	1008.29711914	41.8807373047	30.8132362366
150.811245309	1008.29711914	41.8807373047	30.8132362366
150.811245309	1008.29711914	41.8807373047	30.8132362366
150.811245309	1008.29711914	41.8807373047	30.8132362366
150.811245309	1008.29711914	41.8807373047	30.8132362366
150.81124531	1008.29711914	41.8807373047	30.8132362366
150.81124531	1008.29931641	41.8807373047	30.8132362366
150.81124531	1008.29931641	41.8807373047	30.8132362366
150.811245311	1008.29931641	41.8807373047	30.8132362366
150.811245311	1008.29931641	41.8807373047	30.8132362366
150.811245311	1008.29931641	41.8807373047	30.8132362366
150.811245311	1008.29931641	41.8807373047	30.8132362366
150.811245311	1008.29931641	41.8807373047	30.8132362366
150.811245312	1008.29931641	41.8807373047	30.8132362366
150.811245312	1008.29931641	41.8807373047	30.8132362366
150.811245312	1008.29931641	41.8807373047	30.8132362366
150.811245312	1008.29931641	41.8807373047	30.8132362366
150.811245313	1008.29931641	41.8807373047	30.8132362366
150.811245313	1008.29931641	41.8807373047	30.8132362366
150.811245313	1008.29931641	41.8807373047	30.8132362366
150.811245313	1008.29931641	41.8807373047	30.8132362366
150.811245313	1008.29931641	41.8807373047	30.8132362366
150.811245314	1008.29931641	41.8807373047	30.8132362366
150.811245314	1008.29956055	41.8807373047	30.7776145935
150.811245314	1008.29956055	41.8807373047	30.7776145935
150.811245315	1008.29956055	37.3789978027	30.7776145935
150.811245315	1008.29956055	37.3789978027	30.7776145935
150.811245315	1008.29956055	37.3789978027	30.7776145935
150.811245315	1008.29956055	37.3789978027	30.7776145935
150.811245316	1008.29956055	37.3789978027	30.7776145935
150.811245316	1008.29956055	37.3789978027	30.7776145935
150.811245316	1008.29956055	37.3789978027	30.7776145935
150.811245316	1008.29956055	37.3789978027	30.7776145935
150.811245316	1008.29956055	37.3789978027	30.7776145935
150.811245317	1008.29956055	37.3789978027	30.7776145935
150.811245317	1008.29956055	37.3789978027	30.7776145935
150.811245317	1008.29956055	37.3789978027	30.7776145935
150.811245317	1008.29956055	37.3789978027	30.7776145935
150.811245318	1008.29956055	37.3789978027	30.7776145935
150.811245318	1008.29956055	37.3789978027	30.7776145935
150.811245318	1008.296875	37.3789978027	30.7776145935
150.811245318	1008.296875	37.3789978027	30.7776145935
150.811245319	1008.296875	37.3789978027	30.7776145935
150.811245319	1008.296875	37.3789978027	30.7776145935
150.811245319	1008.296875	37.3789978027	30.7776145935
150.811245319	1008.296875	37.3789978027	30.7776145935
150.81124532	1008.296875	37.3789978027	30.7776145935
150.81124532	1008.296875	37.3789978027	30.7776145935
150.81124532	1008.296875	37.3789978027	30.7776145935
150.81124532	1008.296875	37.3789978027	30.7776145935
150.81124532	1008.296875	37.3789978027	30.7776145935
150.811245321	1008.296875	37.3789978027	30.7776145935
150.811245321	1008.296875	37.3789978027	30.7776145935
150.811245321	1008.296875	37.3789978027	30.7776145935
150.811245321	1008.296875	37.3789978027	30.7776145935
150.811245322	1008.296875	37.3789978027	30.7776145935
150.811245322	1008.296875	37.3789978027	30.7776145935
150.811245322	1008.296875	37.3789978027	30.759803772
150.811245322	1008.29638672	39.7017402649	30.759803772
150.811245323	1008.29638672	39.7017402649	30.759803772
150.811245323	1008.29638672	39.7017402649	30.759803772
150.811245323	1008.29638672	39.7017402649	30.759803772
150.811245323	1008.29638672	39.7017402649	30.759803772
150.811245324	1008.29638672	39.7017402649	30.759803772
150.811245324	1008.29638672	39.7017402649	30.759803772
150.811245324	1008.29638672	39.7017402649	30.759803772
150.811245324	1008.29638672	39.7017402649	30.759803772
150.811245325	1008.29638672	39.7017402649	30.759803772
150.811245325	1008.29638672	39.7017402649	30.759803772
150.811245325	1008.29638672	39.7017402649	30.759803772
150.811245325	1008.29638672	39.7017402649	30.759803772
150.811245325	1008.29638672	39.7017402649	30.759803772
150.811245326	1008.29638672	39.7017402649	30.759803772
150.811245326	1008.29638672	39.7017402649	30.759803772
150.811245326	1008.29638672	39.7017402649	30.759803772
150.811245326	1008.29663086	39.7017402649	30.759803772
150.811245327	1008.29663086	39.7017402649	30.759803772
150.811245327	1008.29663086	39.7017402649	30.759803772
150.811245327	1008.29663086	39.7017402649	30.759803772
150.811245327	1008.29663086	39.7017402649	30.759803772
150.811245328	1008.29663086	39.7017402649	30.759803772
150.811245328	1008.29663086	39.7017402649	30.759803772
150.811245328	1008.29663086	39.7017402649	30.759803772
150.811245328	1008.29663086	39.7017402649	30.759803772
150.811245328	1008.29663086	39.7017402649	30.759803772
150.811245329	1008.29663086	39.7017402649	30.759803772
150.811245329	1008.29663086	39.7017402649	30.759803772
150.811245329	1008.29663086	39.7017402649	30.759803772
150.811245329	1008.29663086	39.7017402649	30.759803772
150.81124533	1008.29663086	39.7017402649	30.759803772
150.81124533	1008.29663086	39.7017402649	30.7241821289
150.81124533	1008.29663086	41.2894363403	30.7241821289
150.81124533	1008.2956543	41.2894363403	30.7241821289
150.811245331	1008.2956543	41.2894363403	30.7241821289
150.811245331	1008.2956543	41.2894363403	30.7241821289
150.811245331	1008.2956543	41.2894363403	30.7241821289
150.811245332	1008.2956543	41.2894363403	30.7241821289
150.811245332	1008.2956543	41.2894363403	30.7241821289
150.811245332	1008.2956543	41.2894363403	30.7241821289
150.811245332	1008.2956543	41.2894363403	30.7241821289
150.811245332	1008.2956543	41.2894363403	30.7241821289
150.811245333	1008.2956543	41.2894363403	30.7241821289
150.811245333	1008.2956543	41.2894363403	30.7241821289
150.811245333	1008.2956543	41.2894363403	30.7241821289
150.811245333	1008.2956543	41.2894363403	30.7241821289
150.811245334	1008.2956543	41.2894363403	30.7241821289
150.811245334	1008.2956543	41.2894363403	30.7241821289
150.811245334	1008.2956543	41.2894363403	30.7241821289
150.811245334	1008.2956543	41.2894363403	30.7241821289
150.811245334	1008.29199219	41.2894363403	30.7241821289
150.811245335	1008.29199219	41.2894363403	30.7241821289
150.811245335	1008.29199219	41.2894363403	30.7241821289
150.811245335	1008.29199219	41.2894363403	30.7241821289
150.811245335	1008.29199219	41.2894363403	30.7241821289
150.811245336	1008.29199219	41.2894363403	30.7241821289
150.811245336	1008.29199219	41.2894363403	30.7241821289
150.811245336	1008.29199219	41.2894363403	30.7241821289
150.811245336	1008.29199219	41.2894363403	30.7241821289
150.811245337	1008.29199219	41.2894363403	30.7241821289
150.811245337	1008.29199219	41.2894363403	30.7241821289
150.811245337	1008.29199219	41.2894363403	30.7241821289
150.811245337	1008.29199219	41.2894363403	30.7241821289
150.811245337	1008.29199219	41.2894363403	30.7241821289
150.811245338	1008.29199219	41.2894363403	30.8310451508
150.811245338	1008.29199219	38.7576141357	30.8310451508
150.811245338	1008.29199219	38.7576141357	30.8310451508
150.811245339	1008.296875	38.7576141357	30.8310451508
150.811245339	1008.296875	38.7576141357	30.8310451508
150.811245339	1008.296875	38.7576141357	30.8310451508
150.811245339	1008.296875	38.7576141357	30.8310451508
150.81124534	1008.296875	38.7576141357	30.8310451508
150.81124534	1008.296875	38.7576141357	30.8310451508
150.81124534	1008.296875	38.7576141357	30.8310451508
150.81124534	1008.296875	38.7576141357	30.8310451508
150.81124534	1008.296875	38.7576141357	30.8310451508
150.811245341	1008.296875	38.7576141357	30.8310451508
150.811245341	1008.296875	38.7576141357	30.8310451508
150.811245341	1008.296875	38.7576141357	30.8310451508
150.811245341	1008.296875	38.7576141357	30.8310451508
150.811245342	1008.296875	38.7576141357	30.8310451508
150.811245342	1008.296875	38.7576141357	30.8310451508
150.811245342	1008.296875	38.7576141357	30.8310451508
150.811245342	1008.296875	38.7576141357	30.8310451508
150.811245342	1008.296875	38.7576141357	30.8310451508
150.811245343	1008.30151367	38.7576141357	30.8310451508
150.811245343	1008.30151367	38.7576141357	30.8310451508
150.811245343	1008.30151367	38.7576141357	30.8310451508
150.811245344	1008.30151367	38.7576141357	30.8310451508
150.811245344	1008.30151367	38.7576141357	30.8310451508
150.811245344	1008.30151367	38.7576141357	30.8310451508
150.811245344	1008.30151367	38.7576141357	30.8310451508
150.811245344	1008.30151367	38.7576141357	30.8310451508
150.811245345	1008.30151367	38.7576141357	30.8310451508
150.811245345	1008.30151367	38.7576141357	30.8310451508
150.811245345	1008.30151367	38.7576141357	30.8310451508
150.811245345	1008.30151367	38.7576141357	30.8310451508
150.811245346	1008.30151367	38.7576141357	30.8310451508
150.811245346	1008.30151367	38.1728477478	30.8310451508
150.811245346	1008.30151367	38.1728477478	30.8310451508
150.811245346	1008.30151367	38.1728477478	30.8310451508
150.811245347	1008.30151367	38.1728477478	30.8310451508
150.811245347	1008.29882812	38.1728477478	30.8310451508
150.811245347	1008.29882812	38.1728477478	30.8310451508
150.811245347	1008.29882812	38.1728477478	30.8310451508
150.811245348	1008.29882812	38.1728477478	30.8310451508
150.811245348	1008.29882812	38.1728477478	30.8310451508
150.811245348	1008.29882812	38.1728477478	30.8310451508
150.811245348	1008.29882812	38.1728477478	30.8310451508
150.811245349	1008.29882812	38.1728477478	30.8310451508
150.811245349	1008.29882812	38.1728477478	30.8310451508
150.811245349	1008.29882812	38.1728477478	30.8310451508
150.811245349	1008.29882812	38.1728477478	30.8310451508
150.811245349	1008.29882812	38.1728477478	30.8310451508
150.81124535	1008.29882812	38.1728477478	30.8310451508
150.81124535	1008.29882812	38.1728477478	30.8310451508
150.81124535	1008.29882812	38.1728477478	30.8310451508
150.81124535	1008.29882812	38.1728477478	30.8310451508
150.811245351	1008.29882812	38.1728477478	30.8310451508
150.811245351	1008.29882812	38.1728477478	30.8310451508
150.811245351	1008.30004883	38.1728477478	30.8310451508
150.811245351	1008.30004883	38.1728477478	30.8310451508
150.811245352	1008.30004883	38.1728477478	30.8310451508
150.811245352	1008.30004883	38.1728477478	30.8310451508
150.811245352	1008.30004883	38.1728477478	30.8310451508
150.811245352	1008.30004883	38.1728477478	30.8310451508
150.811245353	1008.30004883	38.1728477478	30.8310451508
150.811245353	1008.30004883	38.1728477478	30.8310451508
150.811245353	1008.30004883	38.1728477478	30.8310451508
150.811246235	1009.14501953	39.1525344849	31.16381073
150.811246237	1009.14501953	39.1525344849	31.16381073
150.811246237	1009.14501953	39.1525344849	31.16381073
150.811246237	1009.14501953	39.1525344849	31.16381073
150.811246238	1009.1472168	39.1525344849	31.16381073
150.811246238	1009.1472168	39.1525344849	31.16381073
150.811246238	1009.1472168	39.1525344849	31.16381073
150.811246238	1009.1472168	39.1525344849	31.16381073
150.811246238	1009.1472168	39.1525344849	31.16381073
150.811246238	1009.1472168	39.1525344849	31.16381073
150.811246238	1009.1472168	39.1525344849	31.16381073
150.811246239	1009.1472168	39.1525344849	31.16381073
150.811246239	1009.1472168	39.1525344849	31.16381073
150.811246239	1009.1472168	39.1525344849	31.16381073
150.811246239	1009.1472168	39.1525344849	31.16381073
150.811246239	1009.1472168	39.1525344849	31.16381073
150.811246239	1009.1472168	39.1525344849	31.16381073
150.811246239	1009.1472168	39.1525344849	31.16381073
150.81124624	1009.1472168	39.1525344849	31.16381073
150.81124624	1009.1472168	39.1525344849	31.16381073
150.81124624	1009.1472168	39.1525344849	31.16381073
150.81124624	1009.1472168	39.1525344849	31.16381073
150.81124624	1009.1472168	39.1525344849	31.16381073
150.81124624	1009.1472168	39.1525344849	31.16381073
150.81124624	1009.1472168	39.1525344849	31.16381073
150.81124624	1009.1472168	39.1525344849	31.16381073
150.811246241	1009.1472168	39.1525344849	31.16381073
150.811246241	1009.1472168	39.1525344849	31.16381073
150.811246241	1009.1472168	39.1525344849	31.16381073
150.811246241	1009.1472168	39.1525344849	31.16381073
150.811246241	1009.1472168	39.1525344849	31.16381073
150.811246241	1009.1472168	39.1525344849	31.16381073
150.811246241	1009.1472168	39.1525344849	31.16381073
150.811246242	1009.14746094	39.1525344849	31.16381073
150.811246242	1009.14746094	39.1525344849	31.16381073
150.811246242	1009.14746094	39.1525344849	31.16381073
150.811246242	1009.14746094	39.1525344849	31.16381073
150.811246242	1009.14746094	39.1525344849	31.16381073
150.811246242	1009.14746094	39.1525344849	31.16381073
150.811246243	1009.14746094	39.1525344849	31.16381073
150.811246243	1009.14746094	39.1525344849	31.16381073
150.811246243	1009.14746094	39.1525344849	31.16381073
150.811246243	1009.14746094	39.1525344849	31.16381073
150.811246243	1009.14746094	39.1525344849	31.16381073
150.811246243	1009.14746094	39.1525344849	31.16381073
150.811246243	1009.14746094	39.1525344849	31.2920036316
150.811246244	1009.14746094	39.1525344849	31.2920036316
150.811246244	1009.14746094	37.721031189	31.2920036316
150.811246244	1009.14746094	37.721031189	31.2920036316
150.811246244	1009.14746094	37.721031189	31.2920036316
150.811246244	1009.14746094	37.721031189	31.2920036316
150.811246244	1009.14746094	37.721031189	31.2920036316
150.811246244	1009.14746094	37.721031189	31.2920036316
150.811246245	1009.14746094	37.721031189	31.2920036316
150.811246245	1009.14746094	37.721031189	31.2920036316
150.811246245	1009.14746094	37.721031189	31.2920036316
150.811246245	1009.14746094	37.721031189	31.2920036316
150.811246245	1009.14746094	37.721031189	31.2920036316
150.811246245	1009.14746094	37.721031189	31.2920036316
150.811246245	1009.14746094	37.721031189	31.2920036316
150.811246245	1009.14746094	37.721031189	31.2920036316
150.811246246	1009.14746094	37.721031189	31.2920036316
150.811246246	1009.14599609	37.721031189	31.2920036316
150.811246246	1009.14599609	37.721031189	31.2920036316
150.811246246	1009.14599609	37.721031189	31.2920036316
150.811246246	1009.14599609	37.721031189	31.2920036316
150.811246246	1009.14599609	37.721031189	31.2920036316
150.811246247	1009.14599609	37.721031189	31.2920036316
150.811246247	1009.14599609	37.721031189	31.2920036316
150.811246247	1009.14599609	37.721031189	31.2920036316
150.811246247	1009.14599609	37.721031189	31.2920036316
150.811246247	1009.14599609	37.721031189	31.2920036316
150.811246247	1009.14599609	37.721031189	31.2920036316
150.811246247	1009.14599609	37.721031189	31.2920036316
150.811246247	1009.14599609	37.721031189	31.2920036316
150.811246248	1009.14599609	37.721031189	31.2920036316
150.811246248	1009.14599609	37.721031189	31.2920036316
150.811246248	1009.14599609	37.721031189	31.2920036316
150.811246248	1009.14599609	37.721031189	31.2920036316
150.811246248	1009.14599609	37.721031189	31.2920036316
150.811246248	1009.14599609	37.721031189	31.2920036316
150.811246248	1009.14599609	37.721031189	31.2920036316
150.811246249	1009.14599609	37.721031189	31.2920036316
150.811246249	1009.14599609	37.721031189	31.2920036316
150.811246249	1009.14599609	37.721031189	31.2920036316
150.811246249	1009.14599609	37.721031189	31.2920036316
150.811246249	1009.14599609	37.721031189	31.2920036316
150.811246249	1009.14599609	37.721031189	31.2920036316
150.811246249	1009.14599609	37.721031189	31.2920036316
150.81124625	1009.14599609	37.721031189	31.2920036316
150.81124625	1009.14599609	37.721031189	31.2920036316
150.81124625	1009.14794922	37.721031189	31.2920036316
150.81124625	1009.14794922	37.721031189	31.2920036316
150.81124625	1009.14794922	37.721031189	31.2920036316
150.81124625	1009.14794922	37.721031189	31.2920036316
150.81124625	1009.14794922	37.721031189	31.2920036316
150.811246251	1009.14794922	37.721031189	31.2920036316
150.811246251	1009.14794922	37.721031189	31.2920036316
150.811246251	1009.14794922	37.721031189	31.2920036316
150.811246251	1009.14794922	37.721031189	31.2920036316
150.811246251	1009.14794922	37.721031189	31.2920036316
150.811246251	1009.14794922	37.721031189	31.2920036316
150.811246251	1009.14794922	37.721031189	31.2370624542
150.811246252	1009.14794922	37.4888916016	31.2370624542
150.811246252	1009.14794922	37.4888916016	31.2370624542
150.811246252	1009.14794922	37.4888916016	31.2370624542
150.811246252	1009.14794922	37.4888916016	31.2370624542
150.811246252	1009.14794922	37.4888916016	31.2370624542
150.811246252	1009.14794922	37.4888916016	31.2370624542
150.811246252	1009.14794922	37.4888916016	31.2370624542
150.811246253	1009.14794922	37.4888916016	31.2370624542
150.811246253	1009.14794922	37.4888916016	31.2370624542
150.811246253	1009.14794922	37.4888916016	31.2370624542
150.811246253	1009.14794922	37.4888916016	31.2370624542
150.811246253	1009.14794922	37.4888916016	31.2370624542
150.811246253	1009.14794922	37.4888916016	31.2370624542
150.811246253	1009.14794922	37.4888916016	31.2370624542
150.811246254	1009.14794922	37.4888916016	31.2370624542
150.811246254	1009.14794922	37.4888916016	31.2370624542
150.811246254	1009.14648438	37.4888916016	31.2370624542
150.811246254	1009.14648438	37.4888916016	31.2370624542
150.811246254	1009.14648438	37.4888916016	31.2370624542
150.811246254	1009.14648438	37.4888916016	31.2370624542
150.811246255	1009.14648438	37.4888916016	31.2370624542
150.811246255	1009.14648438	37.4888916016	31.2370624542
150.811246255	1009.14648438	37.4888916016	31.2370624542
150.811246255	1009.14648438	37.4888916016	31.2370624542
150.811246256	1009.14648438	37.4888916016	31.2370624542
150.811246256	1009.14648438	37.4888916016	31.2370624542
150.811246256	1009.14648438	37.4888916016	31.2370624542
150.811246256	1009.14648438	37.4888916016	31.2370624542
150.811246256	1009.14648438	37.4888916016	31.2370624542
150.811246257	1009.14648438	37.4888916016	31.2370624542
150.811246257	1009.14648438	37.4888916016	31.2370624542
150.811246257	1009.14648438	37.4888916016	31.2370624542
150.811246257	1009.14648438	37.4888916016	31.2370624542
150.811246258	1009.14648438	37.4888916016	31.2370624542
150.811246258	1009.14648438	37.4888916016	31.2370624542
150.811246258	1009.14477539	37.4888916016	31.2370624542
150.811246259	1009.14477539	37.4888916016	31.2370624542
150.811246259	1009.14477539	37.4888916016	31.2370624542
150.811246259	1009.14477539	37.4888916016	31.2370624542
150.811246259	1009.14477539	37.4888916016	31.2370624542
150.81124626	1009.14477539	36.162902832	31.2370624542
150.81124626	1009.14477539	36.162902832	31.2370624542
150.81124626	1009.14477539	36.162902832	31.2370624542
150.81124626	1009.14477539	36.162902832	31.2370624542
150.811246261	1009.14477539	36.162902832	31.2370624542
150.811246261	1009.14477539	36.162902832	31.2370624542
150.811246261	1009.14477539	36.162902832	31.2370624542
150.811246261	1009.14477539	36.162902832	31.2370624542
150.811246262	1009.14477539	36.162902832	31.2370624542
150.811246262	1009.14477539	36.162902832	31.2370624542
150.811246262	1009.14135742	36.162902832	31.2370624542
150.811246263	1009.14135742	36.162902832	31.2370624542
150.811246263	1009.14135742	36.162902832	31.2370624542
150.811246263	1009.14135742	36.162902832	31.2370624542
150.811246263	1009.14135742	36.162902832	31.2370624542
150.811246263	1009.14135742	36.162902832	31.2370624542
150.811246264	1009.14135742	36.162902832	31.2370624542
150.811246264	1009.14135742	36.162902832	31.2370624542
150.811246264	1009.14135742	36.162902832	31.2370624542
150.811246264	1009.14135742	36.162902832	31.2370624542
150.811246265	1009.14135742	36.162902832	31.2370624542
150.811246265	1009.14135742	36.162902832	31.2370624542
150.811246265	1009.14135742	36.162902832	31.2370624542
150.811246265	1009.14135742	36.162902832	31.2370624542
150.811246265	1009.14135742	36.162902832	31.2370624542
150.811246265	1009.14135742	36.162902832	31.2370624542
150.811246265	1009.14135742	36.162902832	31.2370624542
150.811246265	1009.14135742	36.162902832	31.2370624542
150.811246266	1009.14135742	36.162902832	31.2370624542
150.811246266	1009.14135742	36.162902832	31.2370624542
150.811246266	1009.14135742	36.162902832	31.2370624542
150.811246266	1009.14013672	36.162902832	31.2370624542
150.811246266	1009.14013672	36.162902832	31.2370624542
150.811246266	1009.14013672	36.162902832	31.2370624542
150.811246267	1009.14013672	36.162902832	31.2370624542
150.811246267	1009.14013672	36.162902832	31.2370624542
150.811246267	1009.14013672	36.162902832	31.2370624542
150.811246267	1009.14013672	36.162902832	31.2370624542
150.811246267	1009.14013672	36.162902832	31.2370624542
150.811246267	1009.14013672	36.162902832	31.2370624542
150.811246267	1009.14013672	36.162902832	31.2004356384
150.811246268	1009.14013672	36.162902832	31.2004356384
150.811246268	1009.14013672	37.7737884521	31.2004356384
150.811246268	1009.14013672	37.7737884521	31.2004356384
150.811246268	1009.14013672	37.7737884521	31.2004356384
150.811246268	1009.14013672	37.7737884521	31.2004356384
150.811246268	1009.14013672	37.7737884521	31.2004356384
150.811246269	1009.14013672	37.7737884521	31.2004356384
150.811246269	1009.14013672	37.7737884521	31.2004356384
150.811246269	1009.14013672	37.7737884521	31.2004356384
150.811246269	1009.14013672	37.7737884521	31.2004356384
150.811246269	1009.14013672	37.7737884521	31.2004356384
150.811246269	1009.14013672	37.7737884521	31.2004356384
150.811246269	1009.14013672	37.7737884521	31.2004356384
150.81124627	1009.14013672	37.7737884521	31.2004356384
150.81124627	1009.14013672	37.7737884521	31.2004356384
150.81124627	1009.14013672	37.7737884521	31.2004356384
150.81124627	1009.14013672	37.7737884521	31.2004356384
150.81124627	1009.1394043	37.7737884521	31.2004356384
150.81124627	1009.1394043	37.7737884521	31.2004356384
150.811246271	1009.1394043	37.7737884521	31.2004356384
150.811246271	1009.1394043	37.7737884521	31.2004356384
150.811246271	1009.1394043	37.7737884521	31.2004356384
150.811246271	1009.1394043	37.7737884521	31.2004356384
150.811246271	1009.1394043	37.7737884521	31.2004356384
150.811246271	1009.1394043	37.7737884521	31.2004356384
150.811246271	1009.1394043	37.7737884521	31.2004356384
150.811246272	1009.1394043	37.7737884521	31.2004356384
150.811246272	1009.1394043	37.7737884521	31.2004356384
150.811246272	1009.1394043	37.7737884521	31.2004356384
150.811246272	1009.1394043	37.7737884521	31.2004356384
150.811246272	1009.1394043	37.7737884521	31.2004356384
150.811246272	1009.1394043	37.7737884521	31.2004356384
150.811246272	1009.1394043	37.7737884521	31.2004356384
150.811246273	1009.1394043	37.7737884521	31.2004356384
150.811246273	1009.1394043	37.7737884521	31.2004356384
150.811246273	1009.1394043	37.7737884521	31.2004356384
150.811246273	1009.1394043	37.7737884521	31.2004356384
150.811246273	1009.1394043	37.7737884521	31.2004356384
150.811246273	1009.1394043	37.7737884521	31.2004356384
150.811246273	1009.1394043	37.7737884521	31.2004356384
150.811246274	1009.1394043	37.7737884521	31.2004356384
150.811246274	1009.1394043	37.7737884521	31.2004356384
150.811246274	1009.1394043	37.7737884521	31.2004356384
150.811246274	1009.1394043	37.7737884521	31.2004356384
150.811246274	1009.1394043	37.7737884521	31.2004356384
150.811246274	1009.140625	37.7737884521	31.2004356384
150.811246274	1009.140625	37.7737884521	31.2004356384
150.811246275	1009.140625	37.7737884521	31.2004356384
150.811246275	1009.140625	37.7737884521	31.2004356384
150.811246275	1009.140625	37.7737884521	31.2004356384
150.811246275	1009.140625	37.7737884521	31.2004356384
150.811246275	1009.140625	37.7737884521	31.2004356384
150.811246275	1009.140625	37.7737884521	31.2004356384
150.811246275	1009.140625	37.7737884521	31.2004356384
150.811246276	1009.140625	37.7737884521	31.2920036316
150.811246276	1009.140625	38.2908172607	31.2920036316
150.811246276	1009.140625	38.2908172607	31.2920036316
150.811246276	1009.140625	38.2908172607	31.2920036316
150.811246276	1009.140625	38.2908172607	31.2920036316
150.811246276	1009.140625	38.2908172607	31.2920036316
150.811246277	1009.140625	38.2908172607	31.2920036316
150.811246277	1009.140625	38.2908172607	31.2920036316
150.811246277	1009.140625	38.2908172607	31.2920036316
150.811246277	1009.140625	38.2908172607	31.2920036316
150.811246277	1009.140625	38.2908172607	31.2920036316
150.811246277	1009.140625	38.2908172607	31.2920036316
150.811246277	1009.140625	38.2908172607	31.2920036316
150.811246277	1009.140625	38.2908172607	31.2920036316
150.811246278	1009.140625	38.2908172607	31.2920036316
150.811246278	1009.140625	38.2908172607	31.2920036316
150.811246278	1009.140625	38.2908172607	31.2920036316
150.811246278	1009.140625	38.2908172607	31.2920036316
150.811246278	1009.140625	38.2908172607	31.2920036316
150.811246278	1009.14257812	38.2908172607	31.2920036316
150.811246279	1009.14257812	38.2908172607	31.2920036316
150.811246279	1009.14257812	38.2908172607	31.2920036316
150.811246279	1009.14257812	38.2908172607	31.2920036316
150.811246279	1009.14257812	38.2908172607	31.2920036316
150.811246279	1009.14257812	38.2908172607	31.2920036316
150.811246279	1009.14257812	38.2908172607	31.2920036316
150.811246279	1009.14257812	38.2908172607	31.2920036316
150.811246279	1009.14257812	38.2908172607	31.2920036316
150.81124628	1009.14257812	38.2908172607	31.2920036316
150.81124628	1009.14257812	38.2908172607	31.2920036316
150.81124628	1009.14257812	38.2908172607	31.2920036316
150.81124628	1009.14257812	38.2908172607	31.2920036316
150.81124628	1009.14257812	38.2908172607	31.2920036316
150.81124628	1009.14257812	38.2908172607	31.2920036316
150.81124628	1009.14257812	38.2908172607	31.2920036316
150.811246281	1009.14257812	38.2908172607	31.2920036316
150.811246281	1009.14257812	38.2908172607	31.2920036316
150.811246281	1009.14257812	38.2908172607	31.2920036316
150.811246281	1009.14257812	38.2908172607	31.2920036316
150.811246281	1009.14257812	38.2908172607	31.2920036316
150.811246281	1009.14257812	38.2908172607	31.2920036316
150.811246281	1009.14257812	38.2908172607	31.2920036316
150.811246282	1009.14257812	38.2908172607	31.2920036316
150.811246282	1009.14257812	38.2908172607	31.2920036316
150.811246282	1009.14257812	38.2908172607	31.2920036316
150.811246282	1009.14257812	38.2908172607	31.2920036316
150.811246282	1009.14257812	38.2908172607	31.2920036316
150.811246282	1009.14257812	38.2908172607	31.2920036316
150.811246282	1009.14111328	38.2908172607	31.2920036316
150.811246283	1009.14111328	38.2908172607	31.2920036316
150.811246283	1009.14111328	38.2908172607	31.2920036316
150.811246283	1009.14111328	38.2908172607	31.2920036316
150.811246283	1009.14111328	38.2908172607	31.2920036316
150.811246283	1009.14111328	38.2908172607	31.2920036316
150.811246283	1009.14111328	38.2908172607	31.2920036316
150.811246283	1009.14111328	38.2908172607	31.2920036316
150.811246284	1009.14111328	38.2908172607	31.3103141785
150.811246284	1009.14111328	38.2908172607	31.3103141785
150.811246284	1009.14111328	39.7785987854	31.3103141785
150.811246284	1009.14111328	39.7785987854	31.3103141785
150.811246284	1009.14111328	39.7785987854	31.3103141785
150.811246284	1009.14111328	39.7785987854	31.3103141785
150.811246284	1009.14111328	39.7785987854	31.3103141785
150.811246285	1009.14111328	39.7785987854	31.3103141785
150.811246285	1009.14111328	39.7785987854	31.3103141785
150.811246285	1009.14111328	39.7785987854	31.3103141785
150.811246285	1009.14111328	39.7785987854	31.3103141785
150.811246285	1009.14111328	39.7785987854	31.3103141785
150.811246285	1009.14111328	39.7785987854	31.3103141785
150.811246285	1009.14111328	39.7785987854	31.3103141785
150.811246286	1009.14111328	39.7785987854	31.3103141785
150.811246286	1009.14111328	39.7785987854	31.3103141785
150.811246286	1009.14111328	39.7785987854	31.3103141785
150.811246286	1009.14111328	39.7785987854	31.3103141785
150.811246286	1009.14111328	39.7785987854	31.3103141785
150.811246286	1009.14111328	39.7785987854	31.3103141785
150.811246286	1009.13989258	39.7785987854	31.3103141785
150.811246287	1009.13989258	39.7785987854	31.3103141785
150.811246287	1009.13989258	39.7785987854	31.3103141785
150.811246287	1009.13989258	39.7785987854	31.3103141785
150.811246287	1009.13989258	39.7785987854	31.3103141785
150.811246287	1009.13989258	39.7785987854	31.3103141785
150.811246287	1009.13989258	39.7785987854	31.3103141785
150.811246287	1009.13989258	39.7785987854	31.3103141785
150.811246288	1009.13989258	39.7785987854	31.3103141785
150.811246288	1009.13989258	39.7785987854	31.3103141785
150.811246288	1009.13989258	39.7785987854	31.3103141785
150.811246288	1009.13989258	39.7785987854	31.3103141785
150.811246288	1009.13989258	39.7785987854	31.3103141785
150.811246288	1009.13989258	39.7785987854	31.3103141785
150.811246288	1009.13989258	39.7785987854	31.3103141785
150.811246289	1009.13989258	39.7785987854	31.3103141785
150.811246289	1009.13989258	39.7785987854	31.3103141785
150.811246289	1009.13989258	39.7785987854	31.3103141785
150.811246289	1009.13989258	39.7785987854	31.3103141785
150.811246289	1009.13989258	39.7785987854	31.3103141785
150.811246289	1009.13989258	39.7785987854	31.3103141785
150.811246289	1009.13989258	39.7785987854	31.3103141785
150.81124629	1009.13989258	39.7785987854	31.3103141785
150.81124629	1009.13989258	39.7785987854	31.3103141785
150.81124629	1009.13989258	39.7785987854	31.3103141785
150.81124629	1009.13989258	39.7785987854	31.3103141785
150.81124629	1009.13989258	39.7785987854	31.3103141785
150.81124629	1009.13989258	39.7785987854	31.3103141785
150.81124629	1009.13989258	39.7785987854	31.3103141785
150.81124629	1009.13452148	39.7785987854	31.3103141785
150.811246291	1009.13452148	39.7785987854	31.3103141785
150.811246291	1009.13452148	39.7785987854	31.3103141785
150.811246291	1009.13452148	39.7785987854	31.3103141785
150.811246291	1009.13452148	39.7785987854	31.3103141785
150.811246291	1009.13452148	39.7785987854	31.3103141785
150.811246291	1009.13452148	39.7785987854	31.3103141785
150.811246292	1009.13452148	39.7785987854	31.1821231842
150.811246292	1009.13452148	39.7785987854	31.1821231842
150.811246292	1009.13452148	38.8922615051	31.1821231842
150.811246292	1009.13452148	38.8922615051	31.1821231842
150.811246292	1009.13452148	38.8922615051	31.1821231842
150.811246292	1009.13452148	38.8922615051	31.1821231842
150.811246292	1009.13452148	38.8922615051	31.1821231842
150.811246293	1009.13452148	38.8922615051	31.1821231842
150.811246293	1009.13452148	38.8922615051	31.1821231842
150.811246293	1009.13452148	38.8922615051	31.1821231842
150.811246293	1009.13452148	38.8922615051	31.1821231842
150.811246293	1009.13452148	38.8922615051	31.1821231842
150.811246293	1009.13452148	38.8922615051	31.1821231842
150.811246293	1009.13452148	38.8922615051	31.1821231842
150.811246294	1009.13452148	38.8922615051	31.1821231842
150.811246294	1009.13452148	38.8922615051	31.1821231842
150.811246294	1009.13452148	38.8922615051	31.1821231842
150.811246294	1009.13452148	38.8922615051	31.1821231842
150.811246294	1009.13452148	38.8922615051	31.1821231842
150.811246294	1009.13452148	38.8922615051	31.1821231842
150.811246294	1009.13452148	38.8922615051	31.1821231842
150.811246295	1009.13330078	38.8922615051	31.1821231842
150.811246295	1009.13330078	38.8922615051	31.1821231842
150.811246295	1009.13330078	38.8922615051	31.1821231842
150.811246295	1009.13330078	38.8922615051	31.1821231842
150.811246295	1009.13330078	38.8922615051	31.1821231842
150.811246295	1009.13330078	38.8922615051	31.1821231842
150.811246295	1009.13330078	38.8922615051	31.1821231842
150.811246296	1009.13330078	38.8922615051	31.1821231842
150.811246296	1009.13330078	38.8922615051	31.1821231842
150.811246296	1009.13330078	38.8922615051	31.1821231842
150.811246296	1009.13330078	38.8922615051	31.1821231842
150.811246296	1009.13330078	38.8922615051	31.1821231842
150.811246296	1009.13330078	38.8922615051	31.1821231842
150.811246296	1009.13330078	38.8922615051	31.1821231842
150.811246297	1009.13330078	38.8922615051	31.1821231842
150.811246297	1009.13330078	38.8922615051	31.1821231842
150.811246297	1009.13330078	38.8922615051	31.1821231842
150.811246297	1009.13330078	38.8922615051	31.1821231842
150.811246297	1009.13330078	38.8922615051	31.1821231842
150.811246297	1009.13330078	38.8922615051	31.1821231842
150.811246297	1009.13330078	38.8922615051	31.1821231842
150.811246298	1009.13330078	38.8922615051	31.1821231842
150.811246298	1009.13330078	38.8922615051	31.1821231842
150.811246298	1009.13330078	38.8922615051	31.1821231842
150.811246298	1009.13330078	38.8922615051	31.1821231842
150.811246298	1009.13330078	38.8922615051	31.1821231842
150.811246298	1009.13330078	38.8922615051	31.1821231842
150.811246298	1009.13330078	38.8922615051	31.1821231842
150.811246298	1009.13330078	38.8922615051	31.1821231842
150.811246299	1009.12646484	38.8922615051	31.1821231842
150.811246299	1009.12646484	38.8922615051	31.1821231842
150.811246299	1009.12646484	38.8922615051	31.1821231842
150.811246299	1009.12646484	38.8922615051	31.1821231842
150.811246299	1009.12646484	38.8922615051	31.1821231842
150.811246299	1009.12646484	38.8922615051	31.1821231842
150.8112463	1009.12646484	38.8922615051	31.1821231842
150.8112463	1009.12646484	38.8922615051	31.27368927
150.8112463	1009.12646484	38.8922615051	31.27368927
150.8112463	1009.12646484	36.8698616028	31.27368927
150.8112463	1009.12646484	36.8698616028	31.27368927
150.8112463	1009.12646484	36.8698616028	31.27368927
150.8112463	1009.12646484	36.8698616028	31.27368927
150.811246301	1009.12646484	36.8698616028	31.27368927
150.811246301	1009.12646484	36.8698616028	31.27368927
150.811246301	1009.12646484	36.8698616028	31.27368927
150.811246301	1009.12646484	36.8698616028	31.27368927
150.811246301	1009.12646484	36.8698616028	31.27368927
150.811246301	1009.12646484	36.8698616028	31.27368927
150.811246301	1009.12646484	36.8698616028	31.27368927
150.811246302	1009.12646484	36.8698616028	31.27368927
150.811246302	1009.12646484	36.8698616028	31.27368927
150.811246302	1009.12646484	36.8698616028	31.27368927
150.811246302	1009.12646484	36.8698616028	31.27368927
150.811246302	1009.12646484	36.8698616028	31.27368927
150.811246302	1009.12646484	36.8698616028	31.27368927
150.811246302	1009.12646484	36.8698616028	31.27368927
150.811246303	1009.12646484	36.8698616028	31.27368927
150.811246303	1009.12646484	36.8698616028	31.27368927
150.811246303	1009.13208008	36.8698616028	31.27368927
150.811246303	1009.13208008	36.8698616028	31.27368927
150.811246303	1009.13208008	36.8698616028	31.27368927
150.811246303	1009.13208008	36.8698616028	31.27368927
150.811246303	1009.13208008	36.8698616028	31.27368927
150.811246304	1009.13208008	36.8698616028	31.27368927
150.811246304	1009.13208008	36.8698616028	31.27368927
150.811246304	1009.13208008	36.8698616028	31.27368927
150.811246304	1009.13208008	36.8698616028	31.27368927
150.811246304	1009.13208008	36.8698616028	31.27368927
150.811246304	1009.13208008	36.8698616028	31.27368927
150.811246304	1009.13208008	36.8698616028	31.27368927
150.811246305	1009.13208008	36.8698616028	31.27368927
150.811246305	1009.13208008	36.8698616028	31.27368927
150.811246305	1009.13208008	36.8698616028	31.27368927
150.811246305	1009.13208008	36.8698616028	31.27368927
150.811246305	1009.13208008	36.8698616028	31.27368927
150.811246305	1009.13208008	36.8698616028	31.27368927
150.811246305	1009.13208008	36.8698616028	31.27368927
150.811246306	1009.13208008	36.8698616028	31.27368927
150.811246306	1009.13208008	36.8698616028	31.27368927
150.811246306	1009.13208008	36.8698616028	31.27368927
150.811246306	1009.13208008	36.8698616028	31.27368927
150.811246306	1009.13208008	36.8698616028	31.27368927
150.811246306	1009.13208008	36.8698616028	31.27368927
150.811246306	1009.13208008	36.8698616028	31.27368927
150.811246306	1009.13208008	36.8698616028	31.27368927
150.811246307	1009.13208008	36.8698616028	31.27368927
150.811246307	1009.13208008	36.8698616028	31.27368927
150.811246307	1009.12988281	36.8698616028	31.27368927
150.811246307	1009.12988281	36.8698616028	31.27368927
150.811246307	1009.12988281	36.8698616028	31.27368927
150.811246307	1009.12988281	36.8698616028	31.27368927
150.811246308	1009.12988281	36.8698616028	31.27368927
150.811246308	1009.12988281	36.8698616028	31.2553749084
150.811246308	1009.12988281	36.8698616028	31.2553749084
150.811246308	1009.12988281	39.3108100891	31.2553749084
150.811246308	1009.12988281	39.3108100891	31.2553749084
150.811246308	1009.12988281	39.3108100891	31.2553749084
150.811246308	1009.12988281	39.3108100891	31.2553749084
150.811246309	1009.12988281	39.3108100891	31.2553749084
150.811246309	1009.12988281	39.3108100891	31.2553749084
150.811246309	1009.12988281	39.3108100891	31.2553749084
150.811246309	1009.12988281	39.3108100891	31.2553749084
150.811246309	1009.12988281	39.3108100891	31.2553749084
150.811246309	1009.12988281	39.3108100891	31.2553749084
150.811246309	1009.12988281	39.3108100891	31.2553749084
150.81124631	1009.12988281	39.3108100891	31.2553749084
150.81124631	1009.12988281	39.3108100891	31.2553749084
150.81124631	1009.12988281	39.3108100891	31.2553749084
150.81124631	1009.12988281	39.3108100891	31.2553749084
150.81124631	1009.12988281	39.3108100891	31.2553749084
150.81124631	1009.12988281	39.3108100891	31.2553749084
150.81124631	1009.12988281	39.3108100891	31.2553749084
150.811246311	1009.12988281	39.3108100891	31.2553749084
150.811246311	1009.12988281	39.3108100891	31.2553749084
150.811246311	1009.12988281	39.3108100891	31.2553749084
150.811246311	1009.13085938	39.3108100891	31.2553749084
150.811246311	1009.13085938	39.3108100891	31.2553749084
150.811246311	1009.13085938	39.3108100891	31.2553749084
150.811246311	1009.13085938	39.3108100891	31.2553749084
150.811246312	1009.13085938	39.3108100891	31.2553749084
150.811246312	1009.13085938	39.3108100891	31.2553749084
150.811246312	1009.13085938	39.3108100891	31.2553749084
150.811246312	1009.13085938	39.3108100891	31.2553749084
150.811246312	1009.13085938	39.3108100891	31.2553749084
150.811246312	1009.13085938	39.3108100891	31.2553749084
150.811246312	1009.13085938	39.3108100891	31.2553749084
150.811246313	1009.13085938	39.3108100891	31.2553749084
150.811246313	1009.13085938	39.3108100891	31.2553749084
150.811246313	1009.13085938	39.3108100891	31.2553749084
150.811246313	1009.13085938	39.3108100891	31.2553749084
150.811246313	1009.13085938	39.3108100891	31.2553749084
150.811246313	1009.13085938	39.3108100891	31.2553749084
150.811246313	1009.13085938	39.3108100891	31.2553749084
150.811246313	1009.13085938	39.3108100891	31.2553749084
150.811246314	1009.13085938	39.3108100891	31.2553749084
150.811246314	1009.13085938	39.3108100891	31.2553749084
150.811246314	1009.13085938	39.3108100891	31.2553749084
150.811246314	1009.13085938	39.3108100891	31.2553749084
150.811246314	1009.13085938	39.3108100891	31.2553749084
150.811246314	1009.13085938	39.3108100891	31.2553749084
150.811246314	1009.13085938	39.3108100891	31.2553749084
150.811246315	1009.13085938	39.3108100891	31.2553749084
150.811246315	1009.13085938	39.3108100891	31.2553749084
150.811246315	1009.13085938	39.3108100891	31.2553749084
150.811246315	1009.12841797	39.3108100891	31.2553749084
150.811246315	1009.12841797	39.3108100891	31.2553749084
150.811246315	1009.12841797	39.3108100891	31.2553749084
150.811246316	1009.12841797	39.3108100891	31.2553749084
150.811246316	1009.12841797	39.3108100891	31.2553749084
150.811246316	1009.12841797	39.3108100891	31.2553749084
150.811246316	1009.12841797	39.3108100891	31.2553749084
150.811246316	1009.12841797	40.0494270325	31.2553749084
150.811246316	1009.12841797	40.0494270325	31.2553749084
150.811246316	1009.12841797	40.0494270325	31.2553749084
150.811246317	1009.12841797	40.0494270325	31.2553749084
150.811246317	1009.12841797	40.0494270325	31.2553749084
150.811246317	1009.12841797	40.0494270325	31.2553749084
150.811246317	1009.12841797	40.0494270325	31.2553749084
150.811246317	1009.12841797	40.0494270325	31.2553749084
150.811246317	1009.12841797	40.0494270325	31.2553749084
150.811246317	1009.12841797	40.0494270325	31.2553749084
150.811246318	1009.12841797	40.0494270325	31.2553749084
150.811246318	1009.12841797	40.0494270325	31.2553749084
150.811246318	1009.12841797	40.0494270325	31.2553749084
150.811246318	1009.12841797	40.0494270325	31.2553749084
150.811246318	1009.12841797	40.0494270325	31.2553749084
150.811246318	1009.12841797	40.0494270325	31.2553749084
150.811246318	1009.12841797	40.0494270325	31.2553749084
150.811246318	1009.12841797	40.0494270325	31.2553749084
150.811246319	1009.12841797	40.0494270325	31.2553749084
150.811246319	1009.12841797	40.0494270325	31.2553749084
150.811246319	1009.12841797	40.0494270325	31.2553749084
150.811246319	1009.12475586	40.0494270325	31.2553749084
150.811246319	1009.12475586	40.0494270325	31.2553749084
150.811246319	1009.12475586	40.0494270325	31.2553749084
150.81124632	1009.12475586	40.0494270325	31.2553749084
150.81124632	1009.12475586	40.0494270325	31.2553749084
150.81124632	1009.12475586	40.0494270325	31.2553749084
150.81124632	1009.12475586	40.0494270325	31.2553749084
150.81124632	1009.12475586	40.0494270325	31.2553749084
150.81124632	1009.12475586	40.0494270325	31.2553749084
150.81124632	1009.12475586	40.0494270325	31.2553749084
150.811246321	1009.12475586	40.0494270325	31.2553749084
150.811246321	1009.12475586	40.0494270325	31.2553749084
150.811246321	1009.12475586	40.0494270325	31.2553749084
150.811246321	1009.12475586	40.0494270325	31.2553749084
150.811246321	1009.12475586	40.0494270325	31.2553749084
150.811246321	1009.12475586	40.0494270325	31.2553749084
150.811246321	1009.12475586	40.0494270325	31.2553749084
150.811246321	1009.12475586	40.0494270325	31.2553749084
150.811246322	1009.12475586	40.0494270325	31.2553749084
150.811246322	1009.12475586	40.0494270325	31.2553749084
150.811246322	1009.12475586	40.0494270325	31.2553749084
150.811246322	1009.12475586	40.0494270325	31.2553749084
150.811246322	1009.12475586	40.0494270325	31.2553749084
150.811246322	1009.12475586	40.0494270325	31.2553749084
150.811246322	1009.12475586	40.0494270325	31.2553749084
150.811246323	1009.12475586	40.0494270325	31.2553749084
150.811246323	1009.12475586	40.0494270325	31.2553749084
150.811246323	1009.12475586	40.0494270325	31.2553749084
150.811246323	1009.12475586	40.0494270325	31.2553749084
150.811246323	1009.12255859	40.0494270325	31.2553749084
150.811246323	1009.12255859	40.0494270325	31.2553749084
150.811246324	1009.12255859	40.0494270325	31.2553749084
150.811246324	1009.12255859	40.0494270325	31.2553749084
150.811246324	1009.12255859	40.0494270325	31.1821231842
150.811246324	1009.12255859	40.0494270325	31.1821231842
150.811246324	1009.12255859	38.5088844299	31.1821231842
150.811246324	1009.12255859	38.5088844299	31.1821231842
150.811246324	1009.12255859	38.5088844299	31.1821231842
150.811246325	1009.12255859	38.5088844299	31.1821231842
150.811246325	1009.12255859	38.5088844299	31.1821231842
150.811246325	1009.12255859	38.5088844299	31.1821231842
150.811246325	1009.12255859	38.5088844299	31.1821231842
150.811246325	1009.12255859	38.5088844299	31.1821231842
150.811246325	1009.12255859	38.5088844299	31.1821231842
150.811246325	1009.12255859	38.5088844299	31.1821231842
150.811246326	1009.12255859	38.5088844299	31.1821231842
150.811246326	1009.12255859	38.5088844299	31.1821231842
150.811246326	1009.12255859	38.5088844299	31.1821231842
150.811246326	1009.12255859	38.5088844299	31.1821231842
150.811246326	1009.12255859	38.5088844299	31.1821231842
150.811246326	1009.12255859	38.5088844299	31.1821231842
150.811246326	1009.12255859	38.5088844299	31.1821231842
150.811246326	1009.12255859	38.5088844299	31.1821231842
150.811246327	1009.12255859	38.5088844299	31.1821231842
150.811246327	1009.12255859	38.5088844299	31.1821231842
150.811246327	1009.12255859	38.5088844299	31.1821231842
150.811246327	1009.12255859	38.5088844299	31.1821231842
150.811246327	1009.12084961	38.5088844299	31.1821231842
150.811246327	1009.12084961	38.5088844299	31.1821231842
150.811246328	1009.12084961	38.5088844299	31.1821231842
150.811246328	1009.12084961	38.5088844299	31.1821231842
150.811246328	1009.12084961	38.5088844299	31.1821231842
150.811246328	1009.12084961	38.5088844299	31.1821231842
150.811246328	1009.12084961	38.5088844299	31.1821231842
150.811246328	1009.12084961	38.5088844299	31.1821231842
150.811246328	1009.12084961	38.5088844299	31.1821231842
150.811246329	1009.12084961	38.5088844299	31.1821231842
150.811246329	1009.12084961	38.5088844299	31.1821231842
150.811246329	1009.12084961	38.5088844299	31.1821231842
150.811246329	1009.12084961	38.5088844299	31.1821231842
150.811246329	1009.12084961	38.5088844299	31.1821231842
150.811246329	1009.12084961	38.5088844299	31.1821231842
150.811246329	1009.12084961	38.5088844299	31.1821231842
150.811246329	1009.12084961	38.5088844299	31.1821231842
150.81124633	1009.12084961	38.5088844299	31.1821231842
150.81124633	1009.12084961	38.5088844299	31.1821231842
150.81124633	1009.12084961	38.5088844299	31.1821231842
150.81124633	1009.12084961	38.5088844299	31.1821231842
150.81124633	1009.12084961	38.5088844299	31.1821231842
150.81124633	1009.12084961	38.5088844299	31.1821231842
150.81124633	1009.12084961	38.5088844299	31.1821231842
150.811246331	1009.12084961	38.5088844299	31.1821231842
150.811246331	1009.12084961	38.5088844299	31.1821231842
150.811246331	1009.12084961	38.5088844299	31.1821231842
150.811246331	1009.12084961	38.5088844299	31.1821231842
150.811246331	1009.12084961	38.5088844299	31.1821231842
150.811246331	1009.11694336	38.5088844299	31.1821231842
150.811246331	1009.11694336	38.5088844299	31.1821231842
150.811246332	1009.11694336	38.5088844299	31.1821231842
150.811246332	1009.11694336	38.5088844299	31.1821231842
150.811246332	1009.11694336	38.5088844299	31.2004356384
150.811246332	1009.11694336	38.5088844299	31.2004356384
150.811246332	1009.11694336	38.8430213928	31.2004356384
150.811246332	1009.11694336	38.8430213928	31.2004356384
150.811246333	1009.11694336	38.8430213928	31.2004356384
150.811246333	1009.11694336	38.8430213928	31.2004356384
150.811246333	1009.11694336	38.8430213928	31.2004356384
150.811246333	1009.11694336	38.8430213928	31.2004356384
150.811246333	1009.11694336	38.8430213928	31.2004356384
150.811246333	1009.11694336	38.8430213928	31.2004356384
150.811246333	1009.11694336	38.8430213928	31.2004356384
150.811246334	1009.11694336	38.8430213928	31.2004356384
150.811246334	1009.11694336	38.8430213928	31.2004356384
150.811246334	1009.11694336	38.8430213928	31.2004356384
150.811246334	1009.11694336	38.8430213928	31.2004356384
150.811246334	1009.11694336	38.8430213928	31.2004356384
150.811246334	1009.11694336	38.8430213928	31.2004356384
150.811246334	1009.11694336	38.8430213928	31.2004356384
150.811246334	1009.11694336	38.8430213928	31.2004356384
150.811246335	1009.11694336	38.8430213928	31.2004356384
150.811246335	1009.11694336	38.8430213928	31.2004356384
150.811246335	1009.11694336	38.8430213928	31.2004356384
150.811246335	1009.11694336	38.8430213928	31.2004356384
150.811246335	1009.11450195	38.8430213928	31.2004356384
150.811246336	1009.11450195	38.8430213928	31.2004356384
150.811246336	1009.11450195	38.8430213928	31.2004356384
150.811246336	1009.11450195	38.8430213928	31.2004356384
150.811246336	1009.11450195	38.8430213928	31.2004356384
150.811246337	1009.11450195	38.8430213928	31.2004356384
150.811246337	1009.11450195	38.8430213928	31.2004356384
150.811246337	1009.11450195	38.8430213928	31.2004356384
150.811246337	1009.11450195	38.8430213928	31.2004356384
150.811246337	1009.11450195	38.8430213928	31.2004356384
150.811246338	1009.11450195	38.8430213928	31.2004356384
150.811246338	1009.11450195	38.8430213928	31.2004356384
150.811246338	1009.11450195	38.8430213928	31.2004356384
150.811246338	1009.11450195	38.8430213928	31.2004356384
150.811246339	1009.11450195	38.8430213928	31.2004356384
150.811246339	1009.11450195	38.8430213928	31.2004356384
150.811246339	1009.11450195	38.8430213928	31.2004356384
150.811246339	1009.11450195	38.8430213928	31.2004356384
150.811246339	1009.11645508	38.8430213928	31.2004356384
150.81124634	1009.11645508	38.8430213928	31.21875
150.81124634	1009.11645508	39.9896316528	31.21875
150.811246341	1009.11645508	39.9896316528	31.21875
150.811246341	1009.11645508	39.9896316528	31.21875
150.811246341	1009.11645508	39.9896316528	31.21875
150.811246341	1009.11645508	39.9896316528	31.21875
150.811246341	1009.11645508	39.9896316528	31.21875
150.811246342	1009.11645508	39.9896316528	31.21875
150.811246342	1009.11645508	39.9896316528	31.21875
150.811246342	1009.11645508	39.9896316528	31.21875
150.811246342	1009.11645508	39.9896316528	31.21875
150.811246343	1009.11645508	39.9896316528	31.21875
150.811246343	1009.11645508	39.9896316528	31.21875
150.811246343	1009.11645508	39.9896316528	31.21875
150.811246343	1009.11645508	39.9896316528	31.21875
150.811246343	1009.11401367	39.9896316528	31.21875
150.811246344	1009.11401367	39.9896316528	31.21875
150.811246344	1009.11401367	39.9896316528	31.21875
150.811246344	1009.11401367	39.9896316528	31.21875
150.811246344	1009.11401367	39.9896316528	31.21875
150.811246345	1009.11401367	39.9896316528	31.21875
150.811246345	1009.11401367	39.9896316528	31.21875
150.811246345	1009.11401367	39.9896316528	31.21875
150.811246345	1009.11401367	39.9896316528	31.21875
150.811246346	1009.11401367	39.9896316528	31.21875
