2.66100943659	1400
time	pressure	humidity	temperature
150.811245238	1006.95263672	35.8232040405	33.3240814209
150.811245238	1006.95263672	35.8232040405	33.3060112
150.811245239	1006.95263672	33.6248512268	33.3060112
150.811245239	1006.95263672	33.6248512268	33.3060112
150.811245239	1006.95263672	33.6248512268	33.3060112
150.811245239	1006.95117188	33.6248512268	33.3060112
150.81124524	1006.95117188	33.6248512268	33.3060112
150.81124524	1006.95117188	33.6248512268	33.3060112
150.81124524	1006.95117188	33.6248512268	33.3060112
150.81124524	1006.95117188	33.6248512268	33.3060112
150.811245241	1006.95117188	33.6248512268	33.3060112
150.811245241	1006.95117188	33.6248512268	33.3060112
150.811245241	1006.95117188	33.6248512268	33.3060112
150.811245241	1006.95117188	33.6248512268	33.3060112
150.811245241	1006.95117188	33.6248512268	33.3060112
150.811245242	1006.95117188	33.6248512268	33.3060112
150.811245242	1006.95117188	33.6248512268	33.3060112
150.811245242	1006.95117188	33.6248512268	33.3060112
150.811245242	1006.95117188	33.6248512268	33.3060112
150.811245243	1006.95117188	33.6248512268	33.3060112
150.811245243	1006.95117188	33.6248512268	33.3060112
150.811245243	1006.95117188	33.6248512268	33.3060112
150.811245243	1006.94628906	33.6248512268	33.3060112
150.811245244	1006.94628906	33.6248512268	33.3060112
150.811245244	1006.94628906	33.6248512268	33.3060112
150.811245244	1006.94628906	33.6248512268	33.3060112
150.811245244	1006.94628906	33.6248512268	33.3060112
150.811245245	1006.94628906	33.6248512268	33.3060112
150.811245245	1006.94628906	33.6248512268	33.3060112
150.811245245	1006.94628906	33.6248512268	33.3060112
150.811245245	1006.94628906	33.6248512268	33.3060112
150.811245245	1006.94628906	33.6248512268	33.3060112
150.811245246	1006.94628906	33.6248512268	33.3060112
150.811245246	1006.94628906	33.6248512268	33.3060112
150.811245246	1006.94628906	33.6248512268	33.3060112
150.811245246	1006.94628906	33.6248512268	33.2698745728
150.811245247	1006.94628906	38.1925392151	33.2698745728
150.811245247	1006.94628906	38.1925392151	33.2698745728
150.811245247	1006.94799805	38.1925392151	33.2698745728
150.811245248	1006.94799805	38.1925392151	33.2698745728
150.811245248	1006.94799805	38.1925392151	33.2698745728
150.811245248	1006.94799805	38.1925392151	33.2698745728
150.811245248	1006.94799805	38.1925392151	33.2698745728
150.811245248	1006.94799805	38.1925392151	33.2698745728
150.811245249	1006.94799805	38.1925392151	33.2698745728
150.811245249	1006.94799805	38.1925392151	33.2698745728
150.811245249	1006.94799805	38.1925392151	33.2698745728
150.811245249	1006.94799805	38.1925392151	33.2698745728
150.81124525	1006.94799805	38.1925392151	33.2698745728
150.81124525	1006.94799805	38.1925392151	33.2698745728
150.81124525	1006.94799805	38.1925392151	33.2698745728
150.81124525	1006.94799805	38.1925392151	33.2698745728
150.81124525	1006.94799805	38.1925392151	33.2698745728
150.811245251	1006.94799805	38.1925392151	33.2698745728
150.811245251	1006.94799805	38.1925392151	33.2698745728
150.811245251	1006.95214844	38.1925392151	33.2698745728
150.811245251	1006.95214844	38.1925392151	33.2698745728
150.811245252	1006.95214844	38.1925392151	33.2698745728
150.811245252	1006.95214844	38.1925392151	33.2698745728
150.811245252	1006.95214844	38.1925392151	33.2698745728
150.811245252	1006.95214844	38.1925392151	33.2698745728
150.811245253	1006.95214844	38.1925392151	33.2698745728
150.811245253	1006.95214844	38.1925392151	33.2698745728
150.811245253	1006.95214844	38.1925392151	33.2698745728
150.811245253	1006.95214844	38.1925392151	33.2698745728
150.811245253	1006.95214844	38.1925392151	33.2698745728
150.811245254	1006.95214844	38.1925392151	33.2698745728
150.811245254	1006.95214844	38.1925392151	33.2698745728
150.811245254	1006.95214844	38.1925392151	33.2698745728
150.811245254	1006.95214844	38.1925392151	33.2698745728
150.811245255	1006.95214844	38.1925392151	33.2698745728
150.811245255	1006.95214844	34.8064651489	33.2698745728
150.811245255	1006.95410156	34.8064651489	33.2698745728
150.811245256	1006.95410156	34.8064651489	33.2698745728
150.811245256	1006.95410156	34.8064651489	33.2698745728
150.811245256	1006.95410156	34.8064651489	33.2698745728
150.811245256	1006.95410156	34.8064651489	33.2698745728
150.811245256	1006.95410156	34.8064651489	33.2698745728
150.811245257	1006.95410156	34.8064651489	33.2698745728
150.811245257	1006.95410156	34.8064651489	33.2698745728
150.811245257	1006.95410156	34.8064651489	33.2698745728
150.811245257	1006.95410156	34.8064651489	33.2698745728
150.811245258	1006.95410156	34.8064651489	33.2698745728
150.811245258	1006.95410156	34.8064651489	33.2698745728
150.811245258	1006.95410156	34.8064651489	33.2698745728
150.811245258	1006.95410156	34.8064651489	33.2698745728
150.811245258	1006.95410156	34.8064651489	33.2698745728
150.811245259	1006.95410156	34.8064651489	33.2698745728
150.811245259	1006.95410156	34.8064651489	33.2698745728
150.811245259	1006.94897461	34.8064651489	33.2698745728
150.81124526	1006.94897461	34.8064651489	33.2698745728
150.81124526	1006.94897461	34.8064651489	33.2698745728
150.81124526	1006.94897461	34.8064651489	33.2698745728
150.81124526	1006.94897461	34.8064651489	33.2698745728
150.81124526	1006.94897461	34.8064651489	33.2698745728
150.811245261	1006.94897461	34.8064651489	33.2698745728
150.811245261	1006.94897461	34.8064651489	33.2698745728
150.811245261	1006.94897461	34.8064651489	33.2698745728
150.811245261	1006.94897461	34.8064651489	33.2698745728
150.811245262	1006.94897461	34.8064651489	33.2698745728
150.811245262	1006.94897461	34.8064651489	33.2698745728
150.811245262	1006.94897461	34.8064651489	33.2698745728
150.811245262	1006.94897461	34.8064651489	33.2698745728
150.811245262	1006.94897461	34.8064651489	33.2698745728
150.811245263	1006.94897461	34.8064651489	33.3602142334
150.811245263	1006.94921875	35.9972381592	33.3602142334
150.811245263	1006.94921875	35.9972381592	33.3602142334
150.811245264	1006.94921875	35.9972381592	33.3602142334
150.811245264	1006.94921875	35.9972381592	33.3602142334
150.811245264	1006.94921875	35.9972381592	33.3602142334
150.811245264	1006.94921875	35.9972381592	33.3602142334
150.811245265	1006.94921875	35.9972381592	33.3602142334
150.811245265	1006.94921875	35.9972381592	33.3602142334
150.811245265	1006.94921875	35.9972381592	33.3602142334
150.811245265	1006.94921875	35.9972381592	33.3602142334
150.811245265	1006.94921875	35.9972381592	33.3602142334
150.811245266	1006.94921875	35.9972381592	33.3602142334
150.811245266	1006.94921875	35.9972381592	33.3602142334
150.811245266	1006.94921875	35.9972381592	33.3602142334
150.811245266	1006.94921875	35.9972381592	33.3602142334
150.811245267	1006.94921875	35.9972381592	33.3602142334
150.811245267	1006.94921875	35.9972381592	33.3602142334
150.811245267	1006.94799805	35.9972381592	33.3602142334
150.811245267	1006.94799805	35.9972381592	33.3602142334
150.811245268	1006.94799805	35.9972381592	33.3602142334
150.811245268	1006.94799805	35.9972381592	33.3602142334
150.811245268	1006.94799805	35.9972381592	33.3602142334
150.811245268	1006.94799805	35.9972381592	33.3602142334
150.811245269	1006.94799805	35.9972381592	33.3602142334
150.811245269	1006.94799805	35.9972381592	33.3602142334
150.811245269	1006.94799805	35.9972381592	33.3602142334
150.811245269	1006.94799805	35.9972381592	33.3602142334
150.811245269	1006.94799805	35.9972381592	33.3602142334
150.81124527	1006.94799805	35.9972381592	33.3602142334
150.81124527	1006.94799805	35.9972381592	33.3602142334
150.81124527	1006.94799805	35.9972381592	33.3602142334
150.81124527	1006.94799805	35.9972381592	33.3602142334
150.811245271	1006.94799805	35.9972381592	33.3602142334
150.811245271	1006.94799805	35.9972381592	33.2337379456
150.811245271	1006.94799805	35.252243042	33.2337379456
150.811245272	1006.94799805	35.252243042	33.2337379456
150.811245272	1006.94799805	35.252243042	33.2337379456
150.811245272	1006.94799805	35.252243042	33.2337379456
150.811245272	1006.94799805	35.252243042	33.2337379456
150.811245272	1006.94799805	35.252243042	33.2337379456
150.811245273	1006.94799805	35.252243042	33.2337379456
150.811245273	1006.94799805	35.252243042	33.2337379456
150.811245273	1006.94799805	35.252243042	33.2337379456
150.811245273	1006.94799805	35.252243042	33.2337379456
150.811245274	1006.94799805	35.252243042	33.2337379456
150.811245274	1006.94799805	35.252243042	33.2337379456
150.811245274	1006.94799805	35.252243042	33.2337379456
150.811245274	1006.94799805	35.252243042	33.2337379456
150.811245274	1006.94799805	35.252243042	33.2337379456
150.811245275	1006.94799805	35.252243042	33.2337379456
150.811245275	1006.9519043	35.252243042	33.2337379456
150.811245275	1006.9519043	35.252243042	33.2337379456
150.811245275	1006.9519043	35.252243042	33.2337379456
150.811245276	1006.9519043	35.252243042	33.2337379456
150.811245276	1006.9519043	35.252243042	33.2337379456
150.811245276	1006.9519043	35.252243042	33.2337379456
150.811245276	1006.9519043	35.252243042	33.2337379456
150.811245277	1006.9519043	35.252243042	33.2337379456
150.811245277	1006.9519043	35.252243042	33.2337379456
150.811245277	1006.9519043	35.252243042	33.2337379456
150.811245277	1006.9519043	35.252243042	33.2337379456
150.811245277	1006.9519043	35.252243042	33.2337379456
150.811245278	1006.9519043	35.252243042	33.2337379456
150.811245278	1006.9519043	35.252243042	33.2337379456
150.811245278	1006.9519043	35.252243042	33.2337379456
150.811245278	1006.9519043	35.252243042	33.2337379456
150.811245279	1006.9519043	35.252243042	33.2337379456
150.811245279	1006.95239258	35.252243042	33.287940979
150.811245279	1006.95239258	36.9376449585	33.287940979
150.81124528	1006.95239258	36.9376449585	33.287940979
150.81124528	1006.95239258	36.9376449585	33.287940979
150.81124528	1006.95239258	36.9376449585	33.287940979
150.81124528	1006.95239258	36.9376449585	33.287940979
150.81124528	1006.95239258	36.9376449585	33.287940979
150.811245281	1006.95239258	36.9376449585	33.287940979
150.811245281	1006.95239258	36.9376449585	33.287940979
150.811245281	1006.95239258	36.9376449585	33.287940979
150.811245281	1006.95239258	36.9376449585	33.287940979
150.811245282	1006.95239258	36.9376449585	33.287940979
150.811245282	1006.95239258	36.9376449585	33.287940979
150.811245282	1006.95239258	36.9376449585	33.287940979
150.811245282	1006.95239258	36.9376449585	33.287940979
150.811245282	1006.95239258	36.9376449585	33.287940979
150.811245283	1006.95239258	36.9376449585	33.287940979
150.811245283	1006.94726562	36.9376449585	33.287940979
150.811245283	1006.94726562	36.9376449585	33.287940979
150.811245284	1006.94726562	36.9376449585	33.287940979
150.811245284	1006.94726562	36.9376449585	33.287940979
150.811245284	1006.94726562	36.9376449585	33.287940979
150.811245284	1006.94726562	36.9376449585	33.287940979
150.811245284	1006.94726562	36.9376449585	33.287940979
150.811245285	1006.94726562	36.9376449585	33.287940979
150.811245285	1006.94726562	36.9376449585	33.287940979
150.811245285	1006.94726562	36.9376449585	33.287940979
150.811245285	1006.94726562	36.9376449585	33.287940979
150.811245286	1006.94726562	36.9376449585	33.287940979
150.811245286	1006.94726562	36.9376449585	33.287940979
150.811245286	1006.94726562	36.9376449585	33.287940979
150.811245286	1006.94726562	36.9376449585	33.287940979
150.811245286	1006.94726562	36.9376449585	33.287940979
150.811245287	1006.94726562	36.9376449585	33.287940979
150.811245287	1006.94140625	36.9376449585	33.1976013184
150.811245287	1006.94140625	36.9376449585	33.1976013184
150.811245288	1006.94140625	39.0016555786	33.1976013184
150.811245288	1006.94140625	39.0016555786	33.1976013184
150.811245288	1006.94140625	39.0016555786	33.1976013184
150.811245288	1006.94140625	39.0016555786	33.1976013184
150.811245289	1006.94140625	39.0016555786	33.1976013184
150.811245289	1006.94140625	39.0016555786	33.1976013184
150.811245289	1006.94140625	39.0016555786	33.1976013184
150.811245289	1006.94140625	39.0016555786	33.1976013184
150.811245289	1006.94140625	39.0016555786	33.1976013184
150.81124529	1006.94140625	39.0016555786	33.1976013184
150.81124529	1006.94140625	39.0016555786	33.1976013184
150.81124529	1006.94140625	39.0016555786	33.1976013184
150.81124529	1006.94140625	39.0016555786	33.1976013184
150.811245291	1006.94140625	39.0016555786	33.1976013184
150.811245291	1006.9440918	39.0016555786	33.1976013184
150.811245291	1006.9440918	39.0016555786	33.1976013184
150.811245291	1006.9440918	39.0016555786	33.1976013184
150.811245292	1006.9440918	39.0016555786	33.1976013184
150.811245292	1006.9440918	39.0016555786	33.1976013184
150.811245292	1006.9440918	39.0016555786	33.1976013184
150.811245292	1006.9440918	39.0016555786	33.1976013184
150.811245292	1006.9440918	39.0016555786	33.1976013184
150.811245293	1006.9440918	39.0016555786	33.1976013184
150.811245293	1006.9440918	39.0016555786	33.1976013184
150.811245293	1006.9440918	39.0016555786	33.1976013184
150.811245293	1006.9440918	39.0016555786	33.1976013184
150.811245294	1006.9440918	39.0016555786	33.1976013184
150.811245294	1006.9440918	39.0016555786	33.1976013184
150.811245294	1006.9440918	39.0016555786	33.1976013184
150.811245294	1006.9440918	39.0016555786	33.1976013184
150.811245294	1006.9440918	39.0016555786	33.1976013184
150.811245295	1006.94335938	39.0016555786	33.1976013184
150.811245295	1006.94335938	39.0016555786	33.1976013184
150.811245295	1006.94335938	39.0016555786	33.3602142334
150.811245296	1006.94335938	33.5973739624	33.3602142334
150.811245296	1006.94335938	33.5973739624	33.3602142334
150.811245296	1006.94335938	33.5973739624	33.3602142334
150.811245296	1006.94335938	33.5973739624	33.3602142334
150.811245297	1006.94335938	33.5973739624	33.3602142334
150.811245297	1006.94335938	33.5973739624	33.3602142334
150.811245297	1006.94335938	33.5973739624	33.3602142334
150.811245297	1006.94335938	33.5973739624	33.3602142334
150.811245297	1006.94335938	33.5973739624	33.3602142334
150.811245298	1006.94335938	33.5973739624	33.3602142334
150.811245298	1006.94335938	33.5973739624	33.3602142334
150.811245298	1006.94335938	33.5973739624	33.3602142334
150.811245298	1006.94335938	33.5973739624	33.3602142334
150.811245299	1006.94335938	33.5973739624	33.3602142334
150.811245299	1006.94335938	33.5973739624	33.3602142334
150.811245299	1006.94335938	33.5973739624	33.3602142334
150.811245299	1006.94335938	33.5973739624	33.3602142334
150.8112453	1006.94335938	33.5973739624	33.3602142334
150.8112453	1006.94335938	33.5973739624	33.3602142334
150.8112453	1006.94335938	33.5973739624	33.3602142334
150.8112453	1006.94335938	33.5973739624	33.3602142334
150.811245301	1006.94335938	33.5973739624	33.3602142334
150.811245301	1006.94335938	33.5973739624	33.3602142334
150.811245301	1006.94335938	33.5973739624	33.3602142334
150.811245301	1006.94335938	33.5973739624	33.3602142334
150.811245301	1006.94335938	33.5973739624	33.3602142334
150.811245302	1006.94335938	33.5973739624	33.3602142334
150.811245302	1006.94335938	33.5973739624	33.3602142334
150.811245302	1006.94335938	33.5973739624	33.3602142334
150.811245302	1006.94335938	33.5973739624	33.3602142334
150.811245302	1006.94335938	33.5973739624	33.3602142334
150.811245303	1006.94238281	33.5973739624	33.3602142334
150.811245303	1006.94238281	33.5973739624	33.3602142334
150.811245303	1006.94238281	33.5973739624	33.2518081665
150.811245304	1006.94238281	33.5973739624	33.2518081665
150.811245304	1006.94238281	37.7559204102	33.2518081665
150.811245304	1006.94238281	37.7559204102	33.2518081665
150.811245304	1006.94238281	37.7559204102	33.2518081665
150.811245305	1006.94238281	37.7559204102	33.2518081665
150.811245305	1006.94238281	37.7559204102	33.2518081665
150.811245305	1006.94238281	37.7559204102	33.2518081665
150.811245305	1006.94238281	37.7559204102	33.2518081665
150.811245306	1006.94238281	37.7559204102	33.2518081665
150.811245306	1006.94238281	37.7559204102	33.2518081665
150.811245306	1006.94238281	37.7559204102	33.2518081665
150.811245306	1006.94238281	37.7559204102	33.2518081665
150.811245306	1006.94238281	37.7559204102	33.2518081665
150.811245307	1006.94702148	37.7559204102	33.2518081665
150.811245307	1006.94702148	37.7559204102	33.2518081665
150.811245307	1006.94702148	37.7559204102	33.2518081665
150.811245307	1006.94702148	37.7559204102	33.2518081665
150.811245308	1006.94702148	37.7559204102	33.2518081665
150.811245308	1006.94702148	37.7559204102	33.2518081665
150.811245308	1006.94702148	37.7559204102	33.2518081665
150.811245308	1006.94702148	37.7559204102	33.2518081665
150.811245309	1006.94702148	37.7559204102	33.2518081665
150.811245309	1006.94702148	37.7559204102	33.2518081665
150.811245309	1006.94702148	37.7559204102	33.2518081665
150.811245309	1006.94702148	37.7559204102	33.2518081665
150.811245309	1006.94702148	37.7559204102	33.2518081665
150.81124531	1006.94702148	37.7559204102	33.2518081665
150.81124531	1006.94702148	37.7559204102	33.2518081665
150.81124531	1006.94702148	37.7559204102	33.2518081665
150.81124531	1006.94702148	37.7559204102	33.2518081665
150.811245311	1006.94287109	37.7559204102	33.2518081665
150.811245311	1006.94287109	37.7559204102	33.2518081665
150.811245311	1006.94287109	37.7559204102	33.2518081665
150.811245311	1006.94287109	37.7559204102	33.2518081665
150.811245312	1006.94287109	37.7559204102	33.2156677246
150.811245312	1006.94287109	37.6704292297	33.2156677246
150.811245312	1006.94287109	37.6704292297	33.2156677246
150.811245312	1006.94287109	37.6704292297	33.2156677246
150.811245313	1006.94287109	37.6704292297	33.2156677246
150.811245313	1006.94287109	37.6704292297	33.2156677246
150.811245313	1006.94287109	37.6704292297	33.2156677246
150.811245313	1006.94287109	37.6704292297	33.2156677246
150.811245314	1006.94287109	37.6704292297	33.2156677246
150.811245314	1006.94287109	37.6704292297	33.2156677246
150.811245314	1006.94287109	37.6704292297	33.2156677246
150.811245314	1006.94287109	37.6704292297	33.2156677246
150.811245314	1006.94091797	37.6704292297	33.2156677246
150.811245315	1006.94091797	37.6704292297	33.2156677246
150.811245315	1006.94091797	37.6704292297	33.2156677246
150.811245315	1006.94091797	37.6704292297	33.2156677246
150.811245316	1006.94091797	37.6704292297	33.2156677246
150.811245316	1006.94091797	37.6704292297	33.2156677246
150.811245316	1006.94091797	37.6704292297	33.2156677246
150.811245316	1006.94091797	37.6704292297	33.2156677246
150.811245316	1006.94091797	37.6704292297	33.2156677246
150.811245317	1006.94091797	37.6704292297	33.2156677246
150.811245317	1006.94091797	37.6704292297	33.2156677246
150.811245317	1006.94091797	37.6704292297	33.2156677246
150.811245317	1006.94091797	37.6704292297	33.2156677246
150.811245318	1006.94091797	37.6704292297	33.2156677246
150.811245318	1006.94091797	37.6704292297	33.2156677246
150.811245318	1006.94091797	37.6704292297	33.2156677246
150.811245318	1006.94091797	37.6704292297	33.2156677246
150.811245318	1006.94360352	37.6704292297	33.2156677246
150.811245319	1006.94360352	37.6704292297	33.2156677246
150.811245319	1006.94360352	37.6704292297	33.2156677246
150.811245319	1006.94360352	37.6704292297	33.2156677246
150.811245319	1006.94360352	37.6704292297	33.2156677246
150.81124532	1006.94360352	37.6704292297	33.2698745728
150.81124532	1006.94360352	35.2797241211	33.2698745728
150.81124532	1006.94360352	35.2797241211	33.2698745728
150.811245321	1006.94360352	35.2797241211	33.2698745728
150.811245321	1006.94360352	35.2797241211	33.2698745728
150.811245321	1006.94360352	35.2797241211	33.2698745728
150.811245321	1006.94360352	35.2797241211	33.2698745728
150.811245321	1006.94360352	35.2797241211	33.2698745728
150.811245322	1006.94360352	35.2797241211	33.2698745728
150.811245322	1006.94360352	35.2797241211	33.2698745728
150.811245322	1006.94360352	35.2797241211	33.2698745728
150.811245322	1006.94360352	35.2797241211	33.2698745728
150.811245323	1006.94335938	35.2797241211	33.2698745728
150.811245323	1006.94335938	35.2797241211	33.2698745728
150.811245323	1006.94335938	35.2797241211	33.2698745728
150.811245323	1006.94335938	35.2797241211	33.2698745728
150.811245324	1006.94335938	35.2797241211	33.2698745728
150.811245324	1006.94335938	35.2797241211	33.2698745728
150.811245324	1006.94335938	35.2797241211	33.2698745728
150.811245324	1006.94335938	35.2797241211	33.2698745728
150.811245324	1006.94335938	35.2797241211	33.2698745728
150.811245325	1006.94335938	35.2797241211	33.2698745728
150.811245325	1006.94335938	35.2797241211	33.2698745728
150.811245325	1006.94335938	35.2797241211	33.2698745728
150.811245325	1006.94335938	35.2797241211	33.2698745728
150.811245326	1006.94335938	35.2797241211	33.2698745728
150.811245326	1006.94335938	35.2797241211	33.2698745728
150.811245326	1006.94335938	35.2797241211	33.2698745728
150.811245326	1006.94335938	35.2797241211	33.2698745728
150.811245326	1006.93896484	35.2797241211	33.2698745728
150.811245327	1006.93896484	35.2797241211	33.2698745728
150.811245327	1006.93896484	35.2797241211	33.2698745728
150.811245327	1006.93896484	35.2797241211	33.2698745728
150.811245328	1006.93896484	35.2797241211	33.2698745728
150.811245328	1006.93896484	35.2797241211	33.2698745728
150.811245328	1006.93896484	35.2797241211	33.287940979
150.811245328	1006.93896484	35.8415222168	33.287940979
150.811245329	1006.93896484	35.8415222168	33.287940979
150.811245329	1006.93896484	35.8415222168	33.287940979
150.811245329	1006.93896484	35.8415222168	33.287940979
150.811245329	1006.93896484	35.8415222168	33.287940979
150.811245329	1006.93896484	35.8415222168	33.287940979
150.81124533	1006.93896484	35.8415222168	33.287940979
150.81124533	1006.93896484	35.8415222168	33.287940979
150.81124533	1006.93896484	35.8415222168	33.287940979
150.81124533	1006.93774414	35.8415222168	33.287940979
150.811245331	1006.93774414	35.8415222168	33.287940979
150.811245331	1006.93774414	35.8415222168	33.287940979
150.811245331	1006.93774414	35.8415222168	33.287940979
150.811245331	1006.93774414	35.8415222168	33.287940979
150.811245332	1006.93774414	35.8415222168	33.287940979
150.811245332	1006.93774414	35.8415222168	33.287940979
150.811245332	1006.93774414	35.8415222168	33.287940979
150.811245332	1006.93774414	35.8415222168	33.287940979
150.811245333	1006.93774414	35.8415222168	33.287940979
150.811245333	1006.93774414	35.8415222168	33.287940979
150.811245333	1006.93774414	35.8415222168	33.287940979
150.811245333	1006.93774414	35.8415222168	33.287940979
150.811245333	1006.93774414	35.8415222168	33.287940979
150.811245334	1006.93774414	35.8415222168	33.287940979
150.811245334	1006.93774414	35.8415222168	33.287940979
150.811245334	1006.93774414	35.8415222168	33.287940979
150.811245334	1006.9375	35.8415222168	33.287940979
150.811245335	1006.9375	35.8415222168	33.287940979
150.811245335	1006.9375	35.8415222168	33.287940979
150.811245335	1006.9375	35.8415222168	33.287940979
150.811245335	1006.9375	35.8415222168	33.287940979
150.811245336	1006.9375	35.8415222168	33.287940979
150.811245336	1006.9375	35.8415222168	33.287940979
150.811245336	1006.9375	35.8415222168	33.2518081665
150.811245336	1006.9375	34.5683135986	33.2518081665
150.811245337	1006.9375	34.5683135986	33.2518081665
150.811245337	1006.9375	34.5683135986	33.2518081665
150.811245337	1006.9375	34.5683135986	33.2518081665
150.811245337	1006.9375	34.5683135986	33.2518081665
150.811245338	1006.9375	34.5683135986	33.2518081665
150.811245338	1006.9375	34.5683135986	33.2518081665
150.811245338	1006.9375	34.5683135986	33.2518081665
150.811245338	1006.9375	34.5683135986	33.2518081665
150.811245339	1006.9375	34.5683135986	33.2518081665
150.811245339	1006.9375	34.5683135986	33.2518081665
150.811245339	1006.9375	34.5683135986	33.2518081665
150.811245339	1006.9375	34.5683135986	33.2518081665
150.811245339	1006.9375	34.5683135986	33.2518081665
150.81124534	1006.9375	34.5683135986	33.2518081665
150.81124534	1006.9375	34.5683135986	33.2518081665
150.81124534	1006.9375	34.5683135986	33.2518081665
150.81124534	1006.9375	34.5683135986	33.2518081665
150.811245341	1006.9375	34.5683135986	33.2518081665
150.811245341	1006.9375	34.5683135986	33.2518081665
150.811245341	1006.9375	34.5683135986	33.2518081665
150.811245341	1006.9375	34.5683135986	33.2518081665
150.811245341	1006.9375	34.5683135986	33.2518081665
150.811245342	1006.9375	34.5683135986	33.2518081665
150.811245342	1006.9375	34.5683135986	33.2518081665
150.811245342	1006.93554688	34.5683135986	33.2518081665
150.811245343	1006.93554688	34.5683135986	33.2518081665
150.811245343	1006.93554688	34.5683135986	33.2518081665
150.811245343	1006.93554688	34.5683135986	33.2518081665
150.811245343	1006.93554688	34.5683135986	33.2518081665
150.811245343	1006.93554688	34.5683135986	33.2518081665
150.811245344	1006.93554688	34.5683135986	33.2518081665
150.811245344	1006.93554688	34.5683135986	33.2518081665
150.811245344	1006.93554688	34.5683135986	33.2518081665
150.811245344	1006.93554688	34.5683135986	33.3421478271
150.811245345	1006.93554688	37.1941223145	33.3421478271
150.811245345	1006.93554688	37.1941223145	33.3421478271
150.811245345	1006.93554688	37.1941223145	33.3421478271
150.811245345	1006.93554688	37.1941223145	33.3421478271
150.811245346	1006.93554688	37.1941223145	33.3421478271
150.811245346	1006.93554688	37.1941223145	33.3421478271
150.811245346	1006.93554688	37.1941223145	33.3421478271
150.811245346	1006.93212891	37.1941223145	33.3421478271
150.811245347	1006.93212891	37.1941223145	33.3421478271
150.811245347	1006.93212891	37.1941223145	33.3421478271
150.811245347	1006.93212891	37.1941223145	33.3421478271
150.811245347	1006.93212891	37.1941223145	33.3421478271
150.811245348	1006.93212891	37.1941223145	33.3421478271
150.811245348	1006.93212891	37.1941223145	33.3421478271
150.811245348	1006.93212891	37.1941223145	33.3421478271
150.811245348	1006.93212891	37.1941223145	33.3421478271
150.811245348	1006.93212891	37.1941223145	33.3421478271
150.811245349	1006.93212891	37.1941223145	33.3421478271
150.811245349	1006.93212891	37.1941223145	33.3421478271
150.811245349	1006.93212891	37.1941223145	33.3421478271
150.811245349	1006.93212891	37.1941223145	33.3421478271
150.81124535	1006.93212891	37.1941223145	33.3421478271
150.81124535	1006.93212891	37.1941223145	33.3421478271
150.81124535	1006.93212891	37.1941223145	33.3421478271
150.81124535	1006.93212891	37.1941223145	33.3421478271
150.811245351	1006.93212891	37.1941223145	33.3421478271
150.811245351	1006.93212891	37.1941223145	33.3421478271
150.811245351	1006.93212891	37.1941223145	33.3421478271
150.811245351	1006.93212891	37.1941223145	33.3421478271
150.811245351	1006.93212891	37.1941223145	33.3421478271
150.811245352	1006.93212891	37.1941223145	33.3421478271
150.811245352	1006.93212891	37.1941223145	33.3421478271
150.811245352	1006.93212891	37.1941223145	33.3421478271
150.811245352	1006.93212891	37.1941223145	33.2337379456
150.811245353	1006.93212891	37.7253875732	33.2337379456
150.811245353	1006.93212891	37.7253875732	33.2337379456
150.811245353	1006.93212891	37.7253875732	33.2337379456
150.811245353	1006.93212891	37.7253875732	33.2337379456
150.811245354	1006.93212891	37.7253875732	33.2337379456
150.811245354	1006.93212891	37.7253875732	33.2337379456
150.811245354	1006.93139648	37.7253875732	33.2337379456
150.811245355	1006.93139648	37.7253875732	33.2337379456
150.811245355	1006.93139648	37.7253875732	33.2337379456
150.811245355	1006.93139648	37.7253875732	33.2337379456
150.811245355	1006.93139648	37.7253875732	33.2337379456
150.811245355	1006.93139648	37.7253875732	33.2337379456
150.811245356	1006.93139648	37.7253875732	33.2337379456
150.811245356	1006.93139648	37.7253875732	33.2337379456
150.811245356	1006.93139648	37.7253875732	33.2337379456
150.811245356	1006.93139648	37.7253875732	33.2337379456
150.811245356	1006.93139648	37.7253875732	33.2337379456
150.811245357	1006.93139648	37.7253875732	33.2337379456
150.811245357	1006.93139648	37.7253875732	33.2337379456
150.811245357	1006.93139648	37.7253875732	33.2337379456
150.811245357	1006.93139648	37.7253875732	33.2337379456
150.811245358	1006.93139648	37.7253875732	33.2337379456
150.811245358	1006.93139648	37.7253875732	33.2337379456
150.811245358	1006.92724609	37.7253875732	33.2337379456
150.811245358	1006.92724609	37.7253875732	33.2337379456
150.811245359	1006.92724609	37.7253875732	33.2337379456
150.811245359	1006.92724609	37.7253875732	33.2337379456
150.811245359	1006.92724609	37.7253875732	33.2337379456
150.811245359	1006.92724609	37.7253875732	33.2337379456
150.81124536	1006.92724609	37.7253875732	33.2337379456
150.81124536	1006.92724609	37.7253875732	33.2337379456
150.81124536	1006.92724609	37.7253875732	33.2337379456
150.81124536	1006.92724609	37.7253875732	33.2337379456
150.81124536	1006.92724609	37.7253875732	33.2156677246
150.811245361	1006.92724609	37.7253875732	33.2156677246
150.811245361	1006.92724609	39.4199523926	33.2156677246
150.811245361	1006.92724609	39.4199523926	33.2156677246
150.811245361	1006.92724609	39.4199523926	33.2156677246
150.811245362	1006.92724609	39.4199523926	33.2156677246
150.811245362	1006.92504883	39.4199523926	33.2156677246
150.811245362	1006.92504883	39.4199523926	33.2156677246
150.811245363	1006.92504883	39.4199523926	33.2156677246
150.811245363	1006.92504883	39.4199523926	33.2156677246
150.811245363	1006.92504883	39.4199523926	33.2156677246
150.811245363	1006.92504883	39.4199523926	33.2156677246
150.811245363	1006.92504883	39.4199523926	33.2156677246
150.811245364	1006.92504883	39.4199523926	33.2156677246
150.811245364	1006.92504883	39.4199523926	33.2156677246
150.811245364	1006.92504883	39.4199523926	33.2156677246
150.811245364	1006.92504883	39.4199523926	33.2156677246
150.811245365	1006.92504883	39.4199523926	33.2156677246
150.811245365	1006.92504883	39.4199523926	33.2156677246
150.811245365	1006.92504883	39.4199523926	33.2156677246
150.811245365	1006.92504883	39.4199523926	33.2156677246
150.811245365	1006.92504883	39.4199523926	33.2156677246
150.811245366	1006.92504883	39.4199523926	33.2156677246
150.811245366	1006.92504883	39.4199523926	33.2156677246
150.811245366	1006.92675781	39.4199523926	33.2156677246
150.811245367	1006.92675781	39.4199523926	33.2156677246
150.811245367	1006.92675781	39.4199523926	33.2156677246
150.811245367	1006.92675781	39.4199523926	33.2156677246
150.811245367	1006.92675781	39.4199523926	33.2156677246
150.811245367	1006.92675781	39.4199523926	33.2156677246
150.811245368	1006.92675781	39.4199523926	33.2156677246
150.811245368	1006.92675781	39.4199523926	33.2156677246
150.811245368	1006.92675781	39.4199523926	33.2156677246
150.811245368	1006.92675781	39.4199523926	33.2156677246
150.811245369	1006.92675781	39.4199523926	33.2156677246
150.811245369	1006.92675781	39.4199523926	33.3060112
150.811245369	1006.92675781	38.1284217834	33.3060112
150.811245369	1006.92675781	38.1284217834	33.3060112
150.81124537	1006.92675781	38.1284217834	33.3060112
150.81124537	1006.92675781	38.1284217834	33.3060112
150.81124537	1006.92602539	38.1284217834	33.3060112
150.81124537	1006.92602539	38.1284217834	33.3060112
150.811245371	1006.92602539	38.1284217834	33.3060112
150.811245371	1006.92602539	38.1284217834	33.3060112
150.811245371	1006.92602539	38.1284217834	33.3060112
150.811245371	1006.92602539	38.1284217834	33.3060112
150.811245372	1006.92602539	38.1284217834	33.3060112
150.811245372	1006.92602539	38.1284217834	33.3060112
150.811245372	1006.92602539	38.1284217834	33.3060112
150.811245372	1006.92602539	38.1284217834	33.3060112
150.811245372	1006.92602539	38.1284217834	33.3060112
150.811245373	1006.92602539	38.1284217834	33.3060112
150.811245373	1006.92602539	38.1284217834	33.3060112
150.811245373	1006.92602539	38.1284217834	33.3060112
150.811245373	1006.92602539	38.1284217834	33.3060112
150.811245374	1006.92602539	38.1284217834	33.3060112
150.811245374	1006.92602539	38.1284217834	33.3060112
150.811245374	1006.92553711	38.1284217834	33.3060112
150.811245374	1006.92553711	38.1284217834	33.3060112
150.811245375	1006.92553711	38.1284217834	33.3060112
150.811245375	1006.92553711	38.1284217834	33.3060112
150.811245375	1006.92553711	38.1284217834	33.3060112
150.811245375	1006.92553711	38.1284217834	33.3060112
150.811245375	1006.92553711	38.1284217834	33.3060112
150.811245376	1006.92553711	38.1284217834	33.3060112
150.811245376	1006.92553711	38.1284217834	33.3060112
150.811245376	1006.92553711	38.1284217834	33.3060112
150.811245376	1006.92553711	38.1284217834	33.3060112
150.811245377	1006.92553711	38.1284217834	33.3060112
150.811245377	1006.92553711	38.1284217834	33.3421478271
150.811245377	1006.92553711	38.1284217834	33.3421478271
150.811245377	1006.92553711	33.2889938354	33.3421478271
150.811245378	1006.92553711	33.2889938354	33.3421478271
150.811245378	1006.92529297	33.2889938354	33.3421478271
150.811245378	1006.92529297	33.2889938354	33.3421478271
150.811245378	1006.92529297	33.2889938354	33.3421478271
150.811245379	1006.92529297	33.2889938354	33.3421478271
150.811245379	1006.92529297	33.2889938354	33.3421478271
150.811245379	1006.92529297	33.2889938354	33.3421478271
150.811245379	1006.92529297	33.2889938354	33.3421478271
150.81124538	1006.92529297	33.2889938354	33.3421478271
150.81124538	1006.92529297	33.2889938354	33.3421478271
150.81124538	1006.92529297	33.2889938354	33.3421478271
150.81124538	1006.92529297	33.2889938354	33.3421478271
150.81124538	1006.92529297	33.2889938354	33.3421478271
150.811245381	1006.92529297	33.2889938354	33.3421478271
150.811245381	1006.92529297	33.2889938354	33.3421478271
150.811245381	1006.92529297	33.2889938354	33.3421478271
150.811245381	1006.92529297	33.2889938354	33.3421478271
150.811245382	1006.92529297	33.2889938354	33.3421478271
150.811245382	1006.92895508	33.2889938354	33.3421478271
150.811245382	1006.92895508	33.2889938354	33.3421478271
150.811245382	1006.92895508	33.2889938354	33.3421478271
150.811245383	1006.92895508	33.2889938354	33.3421478271
150.811245383	1006.92895508	33.2889938354	33.3421478271
150.811245383	1006.92895508	33.2889938354	33.3421478271
150.811245383	1006.92895508	33.2889938354	33.3421478271
150.811245384	1006.92895508	33.2889938354	33.3421478271
150.811245384	1006.92895508	33.2889938354	33.3421478271
150.811245384	1006.92895508	33.2889938354	33.3421478271
150.811245384	1006.92895508	33.2889938354	33.3421478271
150.811245384	1006.92895508	33.2889938354	33.3421478271
150.811245385	1006.92895508	33.2889938354	33.3421478271
150.811245385	1006.92895508	33.2889938354	33.3421478271
150.811245385	1006.92895508	33.2889938354	33.287940979
150.811245385	1006.92895508	34.1805458069	33.287940979
150.811245386	1006.92895508	34.1805458069	33.287940979
150.811245386	1006.93408203	34.1805458069	33.287940979
150.811245386	1006.93408203	34.1805458069	33.287940979
150.811245387	1006.93408203	34.1805458069	33.287940979
150.811245387	1006.93408203	34.1805458069	33.287940979
150.811245387	1006.93408203	34.1805458069	33.287940979
150.811245387	1006.93408203	34.1805458069	33.287940979
150.811245387	1006.93408203	34.1805458069	33.287940979
150.811245388	1006.93408203	34.1805458069	33.287940979
150.811245388	1006.93408203	34.1805458069	33.287940979
150.811245388	1006.93408203	34.1805458069	33.287940979
150.811245388	1006.93408203	34.1805458069	33.287940979
150.811245389	1006.93408203	34.1805458069	33.287940979
150.811245389	1006.93408203	34.1805458069	33.287940979
150.811245389	1006.93408203	34.1805458069	33.287940979
150.811245389	1006.93408203	34.1805458069	33.287940979
150.811245389	1006.93408203	34.1805458069	33.287940979
150.81124539	1006.93408203	34.1805458069	33.287940979
150.81124539	1006.93505859	34.1805458069	33.287940979
150.81124539	1006.93505859	34.1805458069	33.287940979
150.81124539	1006.93505859	34.1805458069	33.287940979
150.811245391	1006.93505859	34.1805458069	33.287940979
150.811245391	1006.93505859	34.1805458069	33.287940979
150.811245391	1006.93505859	34.1805458069	33.287940979
150.811245391	1006.93505859	34.1805458069	33.287940979
150.811245392	1006.93505859	34.1805458069	33.287940979
150.811245392	1006.93505859	34.1805458069	33.287940979
150.811245392	1006.93505859	34.1805458069	33.287940979
150.811245392	1006.93505859	34.1805458069	33.287940979
150.811245392	1006.93505859	34.1805458069	33.287940979
150.811245393	1006.93505859	34.1805458069	33.287940979
150.811245393	1006.93505859	34.1805458069	33.287940979
150.811245393	1006.93505859	34.1805458069	33.2156677246
150.811245393	1006.93505859	32.7882575989	33.2156677246
150.811245394	1006.93579102	32.7882575989	33.2156677246
150.811245394	1006.93579102	32.7882575989	33.2156677246
150.811245394	1006.93579102	32.7882575989	33.2156677246
150.811245395	1006.93579102	32.7882575989	33.2156677246
150.811245395	1006.93579102	32.7882575989	33.2156677246
150.811245395	1006.93579102	32.7882575989	33.2156677246
150.811245395	1006.93579102	32.7882575989	33.2156677246
150.811245395	1006.93579102	32.7882575989	33.2156677246
150.811245396	1006.93579102	32.7882575989	33.2156677246
150.811245396	1006.93579102	32.7882575989	33.2156677246
150.811245396	1006.93579102	32.7882575989	33.2156677246
150.811245396	1006.93579102	32.7882575989	33.2156677246
150.811245397	1006.93579102	32.7882575989	33.2156677246
150.811245397	1006.93579102	32.7882575989	33.2156677246
150.811245397	1006.93579102	32.7882575989	33.2156677246
150.811245397	1006.93579102	32.7882575989	33.2156677246
150.811245397	1006.93579102	32.7882575989	33.2156677246
150.811245398	1006.93237305	32.7882575989	33.2156677246
150.811245398	1006.93237305	32.7882575989	33.2156677246
150.811245398	1006.93237305	32.7882575989	33.2156677246
150.811245399	1006.93237305	32.7882575989	33.2156677246
150.811245399	1006.93237305	32.7882575989	33.2156677246
150.811245399	1006.93237305	32.7882575989	33.2156677246
150.811245399	1006.93237305	32.7882575989	33.2156677246
150.811245399	1006.93237305	32.7882575989	33.2156677246
150.8112454	1006.93237305	32.7882575989	33.2156677246
150.8112454	1006.93237305	32.7882575989	33.2156677246
150.8112454	1006.93237305	32.7882575989	33.2156677246
150.8112454	1006.93237305	32.7882575989	33.2156677246
150.8112454	1006.93237305	32.7882575989	33.2156677246
150.811245401	1006.93237305	32.7882575989	33.2156677246
150.811245401	1006.93237305	32.7882575989	33.2156677246
150.811245401	1006.93237305	32.7882575989	33.2156677246
150.811245401	1006.93237305	32.7882575989	33.3421478271
150.811245402	1006.93481445	37.4444885254	33.3421478271
150.811245402	1006.93481445	37.4444885254	33.3421478271
150.811245402	1006.93481445	37.4444885254	33.3421478271
150.811245403	1006.93481445	37.4444885254	33.3421478271
150.811245403	1006.93481445	37.4444885254	33.3421478271
150.811245403	1006.93481445	37.4444885254	33.3421478271
150.811245403	1006.93481445	37.4444885254	33.3421478271
150.811245403	1006.93481445	37.4444885254	33.3421478271
150.811245404	1006.93481445	37.4444885254	33.3421478271
150.811245404	1006.93481445	37.4444885254	33.3421478271
150.811246721	1008.14453125	37.8245162964	32.953250885
150.811246725	1008.14453125	37.8245162964	32.953250885
150.811246725	1008.14453125	37.8245162964	32.953250885
150.811246725	1008.14453125	37.8245162964	32.953250885
150.811246725	1008.14453125	37.8245162964	32.953250885
150.811246725	1008.14453125	37.8245162964	32.953250885
150.811246725	1008.14453125	37.8245162964	32.953250885
150.811246725	1008.14453125	37.8245162964	32.953250885
150.811246726	1008.14453125	37.8245162964	32.953250885
150.811246726	1008.14453125	37.8245162964	32.953250885
150.811246726	1008.14453125	37.8245162964	32.953250885
150.811246726	1008.14453125	37.8245162964	32.953250885
150.811246726	1008.14453125	37.8245162964	32.953250885
150.811246726	1008.14428711	37.8245162964	32.953250885
150.811246727	1008.14428711	37.8245162964	33.0080413818
150.811246727	1008.14428711	36.5190315247	33.0080413818
150.811246727	1008.14428711	36.5190315247	33.0080413818
150.811246727	1008.14428711	36.5190315247	33.0080413818
150.811246727	1008.14428711	36.5190315247	33.0080413818
150.811246727	1008.14428711	36.5190315247	33.0080413818
150.811246727	1008.14428711	36.5190315247	33.0080413818
150.811246728	1008.14428711	36.5190315247	33.0080413818
150.811246728	1008.14428711	36.5190315247	33.0080413818
150.811246728	1008.14428711	36.5190315247	33.0080413818
150.811246728	1008.14428711	36.5190315247	33.0080413818
150.811246728	1008.14428711	36.5190315247	33.0080413818
150.811246728	1008.14428711	36.5190315247	33.0080413818
150.811246728	1008.14428711	36.5190315247	33.0080413818
150.811246729	1008.14428711	36.5190315247	33.0080413818
150.811246729	1008.14428711	36.5190315247	33.0080413818
150.811246729	1008.14428711	36.5190315247	33.0080413818
150.811246729	1008.14428711	36.5190315247	33.0080413818
150.811246729	1008.14428711	36.5190315247	33.0080413818
150.811246729	1008.14428711	36.5190315247	33.0080413818
150.811246729	1008.14428711	36.5190315247	33.0080413818
150.81124673	1008.14428711	36.5190315247	33.0080413818
150.81124673	1008.14428711	36.5190315247	33.0080413818
150.81124673	1008.14428711	36.5190315247	33.0080413818
150.81124673	1008.14428711	36.5190315247	33.0080413818
150.81124673	1008.14428711	36.5190315247	33.0080413818
150.81124673	1008.14428711	36.5190315247	33.0080413818
150.81124673	1008.14428711	36.5190315247	33.0080413818
150.81124673	1008.1394043	36.5190315247	33.0080413818
150.811246731	1008.1394043	36.5190315247	33.0080413818
150.811246731	1008.1394043	36.5190315247	33.0080413818
150.811246731	1008.1394043	36.5190315247	33.0080413818
150.811246731	1008.1394043	36.5190315247	33.0080413818
150.811246731	1008.1394043	36.5190315247	33.0080413818
150.811246731	1008.1394043	36.5190315247	33.0080413818
150.811246732	1008.1394043	36.5190315247	33.0080413818
150.811246732	1008.1394043	36.5190315247	33.0080413818
150.811246732	1008.1394043	36.5190315247	33.0080413818
150.811246732	1008.1394043	36.5190315247	33.0080413818
150.811246732	1008.1394043	36.5190315247	33.0080413818
150.811246732	1008.1394043	36.5190315247	33.0080413818
150.811246732	1008.1394043	36.5190315247	33.0080413818
150.811246732	1008.1394043	36.5190315247	33.0080413818
150.811246733	1008.1394043	36.5190315247	33.0080413818
150.811246733	1008.1394043	36.5190315247	33.0080413818
150.811246733	1008.1394043	36.5190315247	33.0080413818
150.811246733	1008.1394043	36.5190315247	33.0080413818
150.811246733	1008.1394043	36.5190315247	33.0080413818
150.811246733	1008.1394043	36.5190315247	33.0080413818
150.811246733	1008.1394043	36.5190315247	33.0080413818
150.811246734	1008.1394043	36.5190315247	33.0080413818
150.811246734	1008.1394043	36.5190315247	33.0080413818
150.811246734	1008.1394043	36.5190315247	33.0080413818
150.811246734	1008.1394043	36.5190315247	33.0080413818
150.811246734	1008.1394043	36.5190315247	33.0080413818
150.811246734	1008.1394043	36.5190315247	33.0080413818
150.811246734	1008.1394043	36.5190315247	33.0080413818
150.811246735	1008.14355469	36.5190315247	33.0993652344
150.811246735	1008.14355469	39.0113220215	33.0993652344
150.811246735	1008.14355469	39.0113220215	33.0993652344
150.811246735	1008.14355469	39.0113220215	33.0993652344
150.811246735	1008.14355469	39.0113220215	33.0993652344
150.811246735	1008.14355469	39.0113220215	33.0993652344
150.811246736	1008.14355469	39.0113220215	33.0993652344
150.811246736	1008.14355469	39.0113220215	33.0993652344
150.811246736	1008.14355469	39.0113220215	33.0993652344
150.811246736	1008.14355469	39.0113220215	33.0993652344
150.811246736	1008.14355469	39.0113220215	33.0993652344
150.811246736	1008.14355469	39.0113220215	33.0993652344
150.811246736	1008.14355469	39.0113220215	33.0993652344
150.811246737	1008.14355469	39.0113220215	33.0993652344
150.811246737	1008.14355469	39.0113220215	33.0993652344
150.811246737	1008.14355469	39.0113220215	33.0993652344
150.811246737	1008.14355469	39.0113220215	33.0993652344
150.811246737	1008.14355469	39.0113220215	33.0993652344
150.811246737	1008.14355469	39.0113220215	33.0993652344
150.811246737	1008.14355469	39.0113220215	33.0993652344
150.811246737	1008.14355469	39.0113220215	33.0993652344
150.811246738	1008.14355469	39.0113220215	33.0993652344
150.811246738	1008.14355469	39.0113220215	33.0993652344
150.811246738	1008.14355469	39.0113220215	33.0993652344
150.811246738	1008.14355469	39.0113220215	33.0993652344
150.811246738	1008.14355469	39.0113220215	33.0993652344
150.811246738	1008.14355469	39.0113220215	33.0993652344
150.811246738	1008.14355469	39.0113220215	33.0993652344
150.811246739	1008.13867188	39.0113220215	33.0993652344
150.811246739	1008.13867188	39.0113220215	33.0993652344
150.811246739	1008.13867188	39.0113220215	33.0993652344
150.811246739	1008.13867188	39.0113220215	33.0993652344
150.811246739	1008.13867188	39.0113220215	33.0993652344
150.811246739	1008.13867188	39.0113220215	33.0993652344
150.81124674	1008.13867188	39.0113220215	33.0993652344
150.81124674	1008.13867188	39.0113220215	33.0993652344
150.81124674	1008.13867188	39.0113220215	33.0993652344
150.81124674	1008.13867188	39.0113220215	33.0993652344
150.81124674	1008.13867188	39.0113220215	33.0993652344
150.81124674	1008.13867188	39.0113220215	33.0993652344
150.81124674	1008.13867188	39.0113220215	33.0993652344
150.81124674	1008.13867188	39.0113220215	33.0993652344
150.811246741	1008.13867188	39.0113220215	33.0993652344
150.811246741	1008.13867188	39.0113220215	33.0993652344
150.811246741	1008.13867188	39.0113220215	33.0993652344
150.811246741	1008.13867188	39.0113220215	33.0993652344
150.811246741	1008.13867188	39.0113220215	33.0993652344
150.811246741	1008.13867188	39.0113220215	33.0993652344
150.811246741	1008.13867188	39.0113220215	33.0993652344
150.811246742	1008.13867188	39.0113220215	33.0993652344
150.811246742	1008.13867188	39.0113220215	33.0993652344
150.811246742	1008.13867188	39.0113220215	33.0993652344
150.811246742	1008.13867188	39.0113220215	33.0993652344
150.811246742	1008.13867188	39.0113220215	33.0993652344
150.811246742	1008.13867188	39.0113220215	33.0993652344
150.811246742	1008.13867188	39.0113220215	33.0993652344
150.811246742	1008.13867188	39.0113220215	33.0993652344
150.811246743	1008.13696289	39.0113220215	32.9897766113
150.811246743	1008.13696289	39.842086792	32.9897766113
150.811246743	1008.13696289	39.842086792	32.9897766113
150.811246743	1008.13696289	39.842086792	32.9897766113
150.811246743	1008.13696289	39.842086792	32.9897766113
150.811246744	1008.13696289	39.842086792	32.9897766113
150.811246744	1008.13696289	39.842086792	32.9897766113
150.811246744	1008.13696289	39.842086792	32.9897766113
150.811246744	1008.13696289	39.842086792	32.9897766113
150.811246744	1008.13696289	39.842086792	32.9897766113
150.811246744	1008.13696289	39.842086792	32.9897766113
150.811246744	1008.13696289	39.842086792	32.9897766113
150.811246744	1008.13696289	39.842086792	32.9897766113
150.811246745	1008.13696289	39.842086792	32.9897766113
150.811246745	1008.13696289	39.842086792	32.9897766113
150.811246745	1008.13696289	39.842086792	32.9897766113
150.811246745	1008.13696289	39.842086792	32.9897766113
150.811246745	1008.13696289	39.842086792	32.9897766113
150.811246745	1008.13696289	39.842086792	32.9897766113
150.811246745	1008.13696289	39.842086792	32.9897766113
150.811246746	1008.13696289	39.842086792	32.9897766113
150.811246746	1008.13696289	39.842086792	32.9897766113
150.811246746	1008.13696289	39.842086792	32.9897766113
150.811246746	1008.13696289	39.842086792	32.9897766113
150.811246746	1008.13696289	39.842086792	32.9897766113
150.811246746	1008.13696289	39.842086792	32.9897766113
150.811246746	1008.13696289	39.842086792	32.9897766113
150.811246747	1008.13696289	39.842086792	32.9897766113
150.811246747	1008.13916016	39.842086792	32.9897766113
150.811246747	1008.13916016	39.842086792	32.9897766113
150.811246747	1008.13916016	39.842086792	32.9897766113
150.811246747	1008.13916016	39.842086792	32.9897766113
150.811246747	1008.13916016	39.842086792	32.9897766113
150.811246747	1008.13916016	39.842086792	32.9897766113
150.811246748	1008.13916016	39.842086792	32.9897766113
150.811246748	1008.13916016	39.842086792	32.9897766113
150.811246748	1008.13916016	39.842086792	32.9897766113
150.811246748	1008.13916016	39.842086792	32.9897766113
150.811246748	1008.13916016	39.842086792	32.9897766113
150.811246748	1008.13916016	39.842086792	32.9897766113
150.811246748	1008.13916016	39.842086792	32.9897766113
150.811246749	1008.13916016	39.842086792	32.9897766113
150.811246749	1008.13916016	39.842086792	32.9897766113
150.811246749	1008.13916016	39.842086792	32.9897766113
150.811246749	1008.13916016	39.842086792	32.9897766113
150.811246749	1008.13916016	39.842086792	32.9897766113
150.811246749	1008.13916016	39.842086792	32.9897766113
150.811246749	1008.13916016	39.842086792	32.9897766113
150.811246749	1008.13916016	39.842086792	32.9897766113
150.81124675	1008.13916016	39.842086792	32.9897766113
150.81124675	1008.13916016	39.842086792	32.9897766113
150.81124675	1008.13916016	39.842086792	32.9897766113
150.81124675	1008.13916016	39.842086792	32.9897766113
150.81124675	1008.13916016	39.842086792	32.9897766113
150.81124675	1008.13916016	39.842086792	32.9897766113
150.81124675	1008.13916016	39.842086792	32.9897766113
150.811246751	1008.13916016	39.842086792	33.0811004639
150.811246751	1008.13623047	39.6195602417	33.0811004639
150.811246751	1008.13623047	39.6195602417	33.0811004639
150.811246751	1008.13623047	39.6195602417	33.0811004639
150.811246751	1008.13623047	39.6195602417	33.0811004639
150.811246751	1008.13623047	39.6195602417	33.0811004639
150.811246752	1008.13623047	39.6195602417	33.0811004639
150.811246752	1008.13623047	39.6195602417	33.0811004639
150.811246752	1008.13623047	39.6195602417	33.0811004639
150.811246752	1008.13623047	39.6195602417	33.0811004639
150.811246752	1008.13623047	39.6195602417	33.0811004639
150.811246752	1008.13623047	39.6195602417	33.0811004639
150.811246752	1008.13623047	39.6195602417	33.0811004639
150.811246753	1008.13623047	39.6195602417	33.0811004639
150.811246753	1008.13623047	39.6195602417	33.0811004639
150.811246753	1008.13623047	39.6195602417	33.0811004639
150.811246753	1008.13623047	39.6195602417	33.0811004639
150.811246753	1008.13623047	39.6195602417	33.0811004639
150.811246753	1008.13623047	39.6195602417	33.0811004639
150.811246753	1008.13623047	39.6195602417	33.0811004639
150.811246754	1008.13623047	39.6195602417	33.0811004639
150.811246754	1008.13623047	39.6195602417	33.0811004639
150.811246754	1008.13623047	39.6195602417	33.0811004639
150.811246754	1008.13623047	39.6195602417	33.0811004639
150.811246754	1008.13623047	39.6195602417	33.0811004639
150.811246754	1008.13623047	39.6195602417	33.0811004639
150.811246754	1008.13623047	39.6195602417	33.0811004639
150.811246754	1008.13623047	39.6195602417	33.0811004639
150.811246755	1008.13623047	39.6195602417	33.0811004639
150.811246755	1008.13623047	39.6195602417	33.0811004639
150.811246755	1008.13354492	39.6195602417	33.0811004639
150.811246755	1008.13354492	39.6195602417	33.0811004639
150.811246755	1008.13354492	39.6195602417	33.0811004639
150.811246755	1008.13354492	39.6195602417	33.0811004639
150.811246756	1008.13354492	39.6195602417	33.0811004639
150.811246756	1008.13354492	39.6195602417	33.0811004639
150.811246756	1008.13354492	39.6195602417	33.0811004639
150.811246756	1008.13354492	39.6195602417	33.0811004639
150.811246756	1008.13354492	39.6195602417	33.0811004639
150.811246756	1008.13354492	39.6195602417	33.0811004639
150.811246756	1008.13354492	39.6195602417	33.0811004639
150.811246756	1008.13354492	39.6195602417	33.0811004639
150.811246757	1008.13354492	39.6195602417	33.0811004639
150.811246757	1008.13354492	39.6195602417	33.0811004639
150.811246757	1008.13354492	39.6195602417	33.0811004639
150.811246757	1008.13354492	39.6195602417	33.0811004639
150.811246757	1008.13354492	39.6195602417	33.0811004639
150.811246758	1008.13354492	39.6195602417	33.0811004639
150.811246758	1008.13354492	39.6195602417	33.0811004639
150.811246758	1008.13354492	39.6195602417	33.0811004639
150.811246758	1008.13354492	39.6195602417	33.0811004639
150.811246758	1008.13354492	39.6195602417	33.0811004639
150.811246758	1008.13354492	39.6195602417	33.0811004639
150.811246758	1008.13354492	39.6195602417	33.0811004639
150.811246759	1008.13354492	39.6195602417	33.0811004639
150.811246759	1008.13354492	39.6195602417	33.0993652344
150.811246759	1008.13427734	38.0915489197	33.0993652344
150.811246759	1008.13427734	38.0915489197	33.0993652344
150.811246759	1008.13427734	38.0915489197	33.0993652344
150.811246759	1008.13427734	38.0915489197	33.0993652344
150.81124676	1008.13427734	38.0915489197	33.0993652344
150.81124676	1008.13427734	38.0915489197	33.0993652344
150.81124676	1008.13427734	38.0915489197	33.0993652344
150.81124676	1008.13427734	38.0915489197	33.0993652344
150.81124676	1008.13427734	38.0915489197	33.0993652344
150.81124676	1008.13427734	38.0915489197	33.0993652344
150.81124676	1008.13427734	38.0915489197	33.0993652344
150.811246761	1008.13427734	38.0915489197	33.0993652344
150.811246761	1008.13427734	38.0915489197	33.0993652344
150.811246761	1008.13427734	38.0915489197	33.0993652344
150.811246761	1008.13427734	38.0915489197	33.0993652344
150.811246761	1008.13427734	38.0915489197	33.0993652344
150.811246761	1008.13427734	38.0915489197	33.0993652344
150.811246761	1008.13427734	38.0915489197	33.0993652344
150.811246761	1008.13427734	38.0915489197	33.0993652344
150.811246762	1008.13427734	38.0915489197	33.0993652344
150.811246762	1008.13427734	38.0915489197	33.0993652344
150.811246762	1008.13427734	38.0915489197	33.0993652344
150.811246762	1008.13427734	38.0915489197	33.0993652344
150.811246762	1008.13427734	38.0915489197	33.0993652344
150.811246762	1008.13427734	38.0915489197	33.0993652344
150.811246762	1008.13427734	38.0915489197	33.0993652344
150.811246763	1008.13427734	38.0915489197	33.0993652344
150.811246763	1008.13427734	38.0915489197	33.0993652344
150.811246763	1008.13427734	38.0915489197	33.0993652344
150.811246763	1008.13769531	38.0915489197	33.0993652344
150.811246763	1008.13769531	38.0915489197	33.0993652344
150.811246763	1008.13769531	38.0915489197	33.0993652344
150.811246763	1008.13769531	38.0915489197	33.0993652344
150.811246764	1008.13769531	38.0915489197	33.0993652344
150.811246764	1008.13769531	38.0915489197	33.0993652344
150.811246764	1008.13769531	38.0915489197	33.0993652344
150.811246764	1008.13769531	38.0915489197	33.0993652344
150.811246764	1008.13769531	38.0915489197	33.0993652344
150.811246764	1008.13769531	38.0915489197	33.0993652344
150.811246764	1008.13769531	38.0915489197	33.0993652344
150.811246765	1008.13769531	38.0915489197	33.0993652344
150.811246765	1008.13769531	38.0915489197	33.0993652344
150.811246765	1008.13769531	38.0915489197	33.0993652344
150.811246765	1008.13769531	38.0915489197	33.0993652344
150.811246765	1008.13769531	38.0915489197	33.0993652344
150.811246765	1008.13769531	38.0915489197	33.0993652344
150.811246765	1008.13769531	38.0915489197	33.0993652344
150.811246766	1008.13769531	38.0915489197	33.0993652344
150.811246766	1008.13769531	38.0915489197	33.0993652344
150.811246766	1008.13769531	38.0915489197	33.0993652344
150.811246766	1008.13769531	38.0915489197	33.0993652344
150.811246766	1008.13769531	38.0915489197	33.0993652344
150.811246766	1008.13769531	38.0915489197	33.0993652344
150.811246766	1008.13769531	38.0915489197	33.0993652344
150.811246766	1008.13769531	38.0915489197	33.0993652344
150.811246767	1008.13769531	38.0915489197	33.0993652344
150.811246767	1008.13769531	38.0915489197	33.0080413818
150.811246767	1008.13769531	38.0915489197	33.0080413818
150.811246767	1008.13647461	39.8940086365	33.0080413818
150.811246767	1008.13647461	39.8940086365	33.0080413818
150.811246768	1008.13647461	39.8940086365	33.0080413818
150.811246768	1008.13647461	39.8940086365	33.0080413818
150.811246768	1008.13647461	39.8940086365	33.0080413818
150.811246768	1008.13647461	39.8940086365	33.0080413818
150.811246768	1008.13647461	39.8940086365	33.0080413818
150.811246768	1008.13647461	39.8940086365	33.0080413818
150.811246768	1008.13647461	39.8940086365	33.0080413818
150.811246768	1008.13647461	39.8940086365	33.0080413818
150.811246769	1008.13647461	39.8940086365	33.0080413818
150.811246769	1008.13647461	39.8940086365	33.0080413818
150.811246769	1008.13647461	39.8940086365	33.0080413818
150.811246769	1008.13647461	39.8940086365	33.0080413818
150.811246769	1008.13647461	39.8940086365	33.0080413818
150.811246769	1008.13647461	39.8940086365	33.0080413818
150.811246769	1008.13647461	39.8940086365	33.0080413818
150.81124677	1008.13647461	39.8940086365	33.0080413818
150.81124677	1008.13647461	39.8940086365	33.0080413818
150.81124677	1008.13647461	39.8940086365	33.0080413818
150.81124677	1008.13647461	39.8940086365	33.0080413818
150.81124677	1008.13647461	39.8940086365	33.0080413818
150.81124677	1008.13647461	39.8940086365	33.0080413818
150.81124677	1008.13647461	39.8940086365	33.0080413818
150.811246771	1008.13647461	39.8940086365	33.0080413818
150.811246771	1008.13647461	39.8940086365	33.0080413818
150.811246771	1008.13647461	39.8940086365	33.0080413818
150.811246771	1008.13647461	39.8940086365	33.0080413818
150.811246771	1008.13427734	39.8940086365	33.0080413818
150.811246771	1008.13427734	39.8940086365	33.0080413818
150.811246771	1008.13427734	39.8940086365	33.0080413818
150.811246772	1008.13427734	39.8940086365	33.0080413818
150.811246772	1008.13427734	39.8940086365	33.0080413818
150.811246772	1008.13427734	39.8940086365	33.0080413818
150.811246772	1008.13427734	39.8940086365	33.0080413818
150.811246772	1008.13427734	39.8940086365	33.0080413818
150.811246772	1008.13427734	39.8940086365	33.0080413818
150.811246772	1008.13427734	39.8940086365	33.0080413818
150.811246773	1008.13427734	39.8940086365	33.0080413818
150.811246773	1008.13427734	39.8940086365	33.0080413818
150.811246773	1008.13427734	39.8940086365	33.0080413818
150.811246773	1008.13427734	39.8940086365	33.0080413818
150.811246773	1008.13427734	39.8940086365	33.0080413818
150.811246773	1008.13427734	39.8940086365	33.0080413818
150.811246773	1008.13427734	39.8940086365	33.0080413818
150.811246774	1008.13427734	39.8940086365	33.0080413818
150.811246774	1008.13427734	39.8940086365	33.0080413818
150.811246774	1008.13427734	39.8940086365	33.0080413818
150.811246774	1008.13427734	39.8940086365	33.0080413818
150.811246774	1008.13427734	39.8940086365	33.0080413818
150.811246774	1008.13427734	39.8940086365	33.0080413818
150.811246774	1008.13427734	39.8940086365	33.0080413818
150.811246774	1008.13427734	39.8940086365	33.0080413818
150.811246775	1008.13427734	39.8940086365	33.0080413818
150.811246775	1008.13427734	39.8940086365	33.0080413818
150.811246775	1008.13427734	39.8940086365	33.1176261902
150.811246775	1008.13427734	40.0794448853	33.1176261902
150.811246775	1008.13696289	40.0794448853	33.1176261902
150.811246775	1008.13696289	40.0794448853	33.1176261902
150.811246776	1008.13696289	40.0794448853	33.1176261902
150.811246776	1008.13696289	40.0794448853	33.1176261902
150.811246776	1008.13696289	40.0794448853	33.1176261902
150.811246776	1008.13696289	40.0794448853	33.1176261902
150.811246776	1008.13696289	40.0794448853	33.1176261902
150.811246776	1008.13696289	40.0794448853	33.1176261902
150.811246776	1008.13696289	40.0794448853	33.1176261902
150.811246777	1008.13696289	40.0794448853	33.1176261902
150.811246777	1008.13696289	40.0794448853	33.1176261902
150.811246777	1008.13696289	40.0794448853	33.1176261902
150.811246777	1008.13696289	40.0794448853	33.1176261902
150.811246777	1008.13696289	40.0794448853	33.1176261902
150.811246777	1008.13696289	40.0794448853	33.1176261902
150.811246777	1008.13696289	40.0794448853	33.1176261902
150.811246778	1008.13696289	40.0794448853	33.1176261902
150.811246778	1008.13696289	40.0794448853	33.1176261902
150.811246778	1008.13696289	40.0794448853	33.1176261902
150.811246778	1008.13696289	40.0794448853	33.1176261902
150.811246778	1008.13696289	40.0794448853	33.1176261902
150.811246778	1008.13696289	40.0794448853	33.1176261902
150.811246778	1008.13696289	40.0794448853	33.1176261902
150.811246778	1008.13696289	40.0794448853	33.1176261902
150.811246779	1008.13696289	40.0794448853	33.1176261902
150.811246779	1008.13696289	40.0794448853	33.1176261902
150.811246779	1008.13696289	40.0794448853	33.1176261902
150.811246779	1008.13696289	40.0794448853	33.1176261902
150.811246779	1008.13696289	40.0794448853	33.1176261902
150.811246779	1008.13891602	40.0794448853	33.1176261902
150.81124678	1008.13891602	40.0794448853	33.1176261902
150.81124678	1008.13891602	40.0794448853	33.1176261902
150.81124678	1008.13891602	40.0794448853	33.1176261902
150.81124678	1008.13891602	40.0794448853	33.1176261902
150.81124678	1008.13891602	40.0794448853	33.1176261902
150.81124678	1008.13891602	40.0794448853	33.1176261902
150.81124678	1008.13891602	40.0794448853	33.1176261902
150.811246781	1008.13891602	40.0794448853	33.1176261902
150.811246781	1008.13891602	40.0794448853	33.1176261902
150.811246781	1008.13891602	40.0794448853	33.1176261902
150.811246781	1008.13891602	40.0794448853	33.1176261902
150.811246781	1008.13891602	40.0794448853	33.1176261902
150.811246781	1008.13891602	40.0794448853	33.1176261902
150.811246781	1008.13891602	40.0794448853	33.1176261902
150.811246781	1008.13891602	40.0794448853	33.1176261902
150.811246782	1008.13891602	40.0794448853	33.1176261902
150.811246782	1008.13891602	40.0794448853	33.1176261902
150.811246782	1008.13891602	40.0794448853	33.1176261902
150.811246782	1008.13891602	40.0794448853	33.1176261902
150.811246782	1008.13891602	40.0794448853	33.1176261902
150.811246782	1008.13891602	40.0794448853	33.1176261902
150.811246782	1008.13891602	40.0794448853	33.1176261902
150.811246783	1008.13891602	40.0794448853	33.1176261902
150.811246783	1008.13891602	40.0794448853	33.1176261902
150.811246783	1008.13891602	40.0794448853	33.0263061523
150.811246783	1008.13891602	40.0794448853	33.0263061523
150.811246783	1008.13891602	40.9361724854	33.0263061523
150.811246783	1008.14233398	40.9361724854	33.0263061523
150.811246784	1008.14233398	40.9361724854	33.0263061523
150.811246784	1008.14233398	40.9361724854	33.0263061523
150.811246784	1008.14233398	40.9361724854	33.0263061523
150.811246784	1008.14233398	40.9361724854	33.0263061523
150.811246784	1008.14233398	40.9361724854	33.0263061523
150.811246784	1008.14233398	40.9361724854	33.0263061523
150.811246784	1008.14233398	40.9361724854	33.0263061523
150.811246785	1008.14233398	40.9361724854	33.0263061523
150.811246785	1008.14233398	40.9361724854	33.0263061523
150.811246785	1008.14233398	40.9361724854	33.0263061523
150.811246785	1008.14233398	40.9361724854	33.0263061523
150.811246785	1008.14233398	40.9361724854	33.0263061523
150.811246785	1008.14233398	40.9361724854	33.0263061523
150.811246785	1008.14233398	40.9361724854	33.0263061523
150.811246785	1008.14233398	40.9361724854	33.0263061523
150.811246786	1008.14233398	40.9361724854	33.0263061523
150.811246786	1008.14233398	40.9361724854	33.0263061523
150.811246786	1008.14233398	40.9361724854	33.0263061523
150.811246786	1008.14233398	40.9361724854	33.0263061523
150.811246786	1008.14233398	40.9361724854	33.0263061523
150.811246786	1008.14233398	40.9361724854	33.0263061523
150.811246786	1008.14233398	40.9361724854	33.0263061523
150.811246787	1008.14233398	40.9361724854	33.0263061523
150.811246787	1008.14233398	40.9361724854	33.0263061523
150.811246787	1008.14233398	40.9361724854	33.0263061523
150.811246787	1008.14233398	40.9361724854	33.0263061523
150.811246787	1008.14233398	40.9361724854	33.0263061523
150.811246787	1008.14233398	40.9361724854	33.0263061523
150.811246787	1008.14672852	40.9361724854	33.0263061523
150.811246788	1008.14672852	40.9361724854	33.0263061523
150.811246788	1008.14672852	40.9361724854	33.0263061523
150.811246788	1008.14672852	40.9361724854	33.0263061523
150.811246788	1008.14672852	40.9361724854	33.0263061523
150.811246788	1008.14672852	40.9361724854	33.0263061523
150.811246788	1008.14672852	40.9361724854	33.0263061523
150.811246788	1008.14672852	40.9361724854	33.0263061523
150.811246789	1008.14672852	40.9361724854	33.0263061523
150.811246789	1008.14672852	40.9361724854	33.0263061523
150.811246789	1008.14672852	40.9361724854	33.0263061523
150.811246789	1008.14672852	40.9361724854	33.0263061523
150.811246789	1008.14672852	40.9361724854	33.0263061523
150.811246789	1008.14672852	40.9361724854	33.0263061523
150.811246789	1008.14672852	40.9361724854	33.0263061523
150.81124679	1008.14672852	40.9361724854	33.0263061523
150.81124679	1008.14672852	40.9361724854	33.0263061523
150.81124679	1008.14672852	40.9361724854	33.0263061523
150.81124679	1008.14672852	40.9361724854	33.0263061523
150.81124679	1008.14672852	40.9361724854	33.0263061523
150.81124679	1008.14672852	40.9361724854	33.0263061523
150.81124679	1008.14672852	40.9361724854	33.0263061523
150.811246791	1008.14672852	40.9361724854	33.0263061523
150.811246791	1008.14672852	40.9361724854	33.0263061523
150.811246791	1008.14672852	40.9361724854	33.0263061523
150.811246791	1008.14672852	40.9361724854	33.0263061523
150.811246791	1008.14672852	40.9361724854	33.0263061523
150.811246791	1008.14672852	38.4105033875	33.0263061523
150.811246791	1008.15063477	38.4105033875	33.0263061523
150.811246792	1008.15063477	38.4105033875	33.0263061523
150.811246792	1008.15063477	38.4105033875	33.0263061523
150.811246792	1008.15063477	38.4105033875	33.0263061523
150.811246792	1008.15063477	38.4105033875	33.0263061523
150.811246792	1008.15063477	38.4105033875	33.0263061523
150.811246792	1008.15063477	38.4105033875	33.0263061523
150.811246793	1008.15063477	38.4105033875	33.0263061523
150.811246793	1008.15063477	38.4105033875	33.0263061523
150.811246793	1008.15063477	38.4105033875	33.0263061523
150.811246793	1008.15063477	38.4105033875	33.0263061523
150.811246793	1008.15063477	38.4105033875	33.0263061523
150.811246793	1008.15063477	38.4105033875	33.0263061523
150.811246793	1008.15063477	38.4105033875	33.0263061523
150.811246793	1008.15063477	38.4105033875	33.0263061523
150.811246794	1008.15063477	38.4105033875	33.0263061523
150.811246794	1008.15063477	38.4105033875	33.0263061523
150.811246794	1008.15063477	38.4105033875	33.0263061523
150.811246794	1008.15063477	38.4105033875	33.0263061523
150.811246794	1008.15063477	38.4105033875	33.0263061523
150.811246794	1008.15063477	38.4105033875	33.0263061523
150.811246794	1008.15063477	38.4105033875	33.0263061523
150.811246795	1008.15063477	38.4105033875	33.0263061523
150.811246795	1008.15063477	38.4105033875	33.0263061523
150.811246795	1008.15063477	38.4105033875	33.0263061523
150.811246795	1008.15063477	38.4105033875	33.0263061523
150.811246795	1008.15063477	38.4105033875	33.0263061523
150.811246795	1008.15063477	38.4105033875	33.0263061523
150.811246795	1008.15063477	38.4105033875	33.0263061523
150.811246796	1008.14672852	38.4105033875	33.0263061523
150.811246796	1008.14672852	38.4105033875	33.0263061523
150.811246796	1008.14672852	38.4105033875	33.0263061523
150.811246796	1008.14672852	38.4105033875	33.0263061523
150.811246796	1008.14672852	38.4105033875	33.0263061523
150.811246796	1008.14672852	38.4105033875	33.0263061523
150.811246796	1008.14672852	38.4105033875	33.0263061523
150.811246797	1008.14672852	38.4105033875	33.0263061523
150.811246797	1008.14672852	38.4105033875	33.0263061523
150.811246797	1008.14672852	38.4105033875	33.0263061523
150.811246797	1008.14672852	38.4105033875	33.0263061523
150.811246797	1008.14672852	38.4105033875	33.0263061523
150.811246797	1008.14672852	38.4105033875	33.0263061523
150.811246797	1008.14672852	38.4105033875	33.0263061523
150.811246798	1008.14672852	38.4105033875	33.0263061523
150.811246798	1008.14672852	38.4105033875	33.0263061523
150.811246798	1008.14672852	38.4105033875	33.0263061523
150.811246798	1008.14672852	38.4105033875	33.0263061523
150.811246798	1008.14672852	38.4105033875	33.0263061523
150.811246798	1008.14672852	38.4105033875	33.0263061523
150.811246798	1008.14672852	38.4105033875	33.0263061523
150.811246799	1008.14672852	38.4105033875	33.0263061523
150.811246799	1008.14672852	38.4105033875	33.0263061523
150.811246799	1008.14672852	38.4105033875	33.0263061523
150.811246799	1008.14672852	38.4105033875	33.0080413818
150.811246799	1008.14672852	38.4105033875	33.0080413818
150.811246799	1008.14672852	38.6552810669	33.0080413818
150.811246799	1008.14672852	38.6552810669	33.0080413818
150.8112468	1008.14892578	38.6552810669	33.0080413818
150.8112468	1008.14892578	38.6552810669	33.0080413818
150.8112468	1008.14892578	38.6552810669	33.0080413818
150.8112468	1008.14892578	38.6552810669	33.0080413818
150.8112468	1008.14892578	38.6552810669	33.0080413818
150.8112468	1008.14892578	38.6552810669	33.0080413818
150.8112468	1008.14892578	38.6552810669	33.0080413818
150.811246801	1008.14892578	38.6552810669	33.0080413818
150.811246801	1008.14892578	38.6552810669	33.0080413818
150.811246801	1008.14892578	38.6552810669	33.0080413818
150.811246801	1008.14892578	38.6552810669	33.0080413818
150.811246801	1008.14892578	38.6552810669	33.0080413818
150.811246801	1008.14892578	38.6552810669	33.0080413818
150.811246801	1008.14892578	38.6552810669	33.0080413818
150.811246802	1008.14892578	38.6552810669	33.0080413818
150.811246802	1008.14892578	38.6552810669	33.0080413818
150.811246802	1008.14892578	38.6552810669	33.0080413818
150.811246802	1008.14892578	38.6552810669	33.0080413818
150.811246802	1008.14892578	38.6552810669	33.0080413818
150.811246802	1008.14892578	38.6552810669	33.0080413818
150.811246802	1008.14892578	38.6552810669	33.0080413818
150.811246803	1008.14892578	38.6552810669	33.0080413818
150.811246803	1008.14892578	38.6552810669	33.0080413818
150.811246803	1008.14892578	38.6552810669	33.0080413818
150.811246803	1008.14892578	38.6552810669	33.0080413818
150.811246803	1008.14892578	38.6552810669	33.0080413818
150.811246803	1008.14892578	38.6552810669	33.0080413818
150.811246803	1008.14892578	38.6552810669	33.0080413818
150.811246803	1008.14892578	38.6552810669	33.0080413818
150.811246804	1008.14892578	38.6552810669	33.0080413818
150.811246804	1008.15429688	38.6552810669	33.0080413818
150.811246804	1008.15429688	38.6552810669	33.0080413818
150.811246804	1008.15429688	38.6552810669	33.0080413818
150.811246804	1008.15429688	38.6552810669	33.0080413818
150.811246804	1008.15429688	38.6552810669	33.0080413818
150.811246805	1008.15429688	38.6552810669	33.0080413818
150.811246805	1008.15429688	38.6552810669	33.0080413818
150.811246805	1008.15429688	38.6552810669	33.0080413818
150.811246805	1008.15429688	38.6552810669	33.0080413818
150.811246805	1008.15429688	38.6552810669	33.0080413818
150.811246805	1008.15429688	38.6552810669	33.0080413818
150.811246805	1008.15429688	38.6552810669	33.0080413818
150.811246806	1008.15429688	38.6552810669	33.0080413818
150.811246806	1008.15429688	38.6552810669	33.0080413818
150.811246806	1008.15429688	38.6552810669	33.0080413818
150.811246806	1008.15429688	38.6552810669	33.0080413818
150.811246806	1008.15429688	38.6552810669	33.0080413818
150.811246806	1008.15429688	38.6552810669	33.0080413818
150.811246806	1008.15429688	38.6552810669	33.0080413818
150.811246806	1008.15429688	38.6552810669	33.0080413818
150.811246807	1008.15429688	38.6552810669	33.0080413818
150.811246807	1008.15429688	38.6552810669	33.0080413818
150.811246807	1008.15429688	38.6552810669	33.0080413818
150.811246807	1008.15429688	38.6552810669	33.0080413818
150.811246807	1008.15429688	38.6552810669	33.0080413818
150.811246807	1008.15429688	38.5773963928	33.0080413818
150.811246808	1008.15429688	38.5773963928	33.0080413818
150.811246808	1008.15429688	38.5773963928	33.0080413818
150.811246808	1008.1574707	38.5773963928	33.0080413818
150.811246808	1008.1574707	38.5773963928	33.0080413818
150.811246808	1008.1574707	38.5773963928	33.0080413818
150.811246808	1008.1574707	38.5773963928	33.0080413818
150.811246808	1008.1574707	38.5773963928	33.0080413818
150.811246809	1008.1574707	38.5773963928	33.0080413818
150.811246809	1008.1574707	38.5773963928	33.0080413818
150.811246809	1008.1574707	38.5773963928	33.0080413818
150.811246809	1008.1574707	38.5773963928	33.0080413818
150.811246809	1008.1574707	38.5773963928	33.0080413818
150.811246809	1008.1574707	38.5773963928	33.0080413818
150.811246809	1008.1574707	38.5773963928	33.0080413818
150.81124681	1008.1574707	38.5773963928	33.0080413818
150.81124681	1008.1574707	38.5773963928	33.0080413818
150.81124681	1008.1574707	38.5773963928	33.0080413818
150.81124681	1008.1574707	38.5773963928	33.0080413818
150.81124681	1008.1574707	38.5773963928	33.0080413818
150.81124681	1008.1574707	38.5773963928	33.0080413818
150.81124681	1008.1574707	38.5773963928	33.0080413818
150.81124681	1008.1574707	38.5773963928	33.0080413818
150.811246811	1008.1574707	38.5773963928	33.0080413818
150.811246811	1008.1574707	38.5773963928	33.0080413818
150.811246811	1008.1574707	38.5773963928	33.0080413818
150.811246811	1008.1574707	38.5773963928	33.0080413818
150.811246811	1008.1574707	38.5773963928	33.0080413818
150.811246811	1008.1574707	38.5773963928	33.0080413818
150.811246811	1008.1574707	38.5773963928	33.0080413818
150.811246812	1008.1574707	38.5773963928	33.0080413818
150.811246812	1008.1574707	38.5773963928	33.0080413818
150.811246812	1008.1574707	38.5773963928	33.0080413818
150.811246812	1008.1574707	38.5773963928	33.0080413818
150.811246812	1008.1574707	38.5773963928	33.0080413818
150.811246812	1008.1574707	38.5773963928	33.0080413818
150.811246813	1008.1574707	38.5773963928	33.0080413818
150.811246813	1008.1574707	38.5773963928	33.0080413818
150.811246813	1008.1574707	38.5773963928	33.0080413818
150.811246813	1008.1574707	38.5773963928	33.0080413818
150.811246813	1008.1574707	38.5773963928	33.0080413818
150.811246813	1008.1574707	38.5773963928	33.0080413818
150.811246813	1008.1574707	38.5773963928	33.0080413818
150.811246813	1008.1574707	38.5773963928	33.0080413818
150.811246814	1008.1574707	38.5773963928	33.0080413818
150.811246814	1008.1574707	38.5773963928	33.0080413818
150.811246814	1008.1574707	38.5773963928	33.0080413818
150.811246814	1008.1574707	38.5773963928	33.0080413818
150.811246814	1008.1574707	38.5773963928	33.0080413818
150.811246814	1008.1574707	38.5773963928	33.0080413818
150.811246814	1008.1574707	38.5773963928	33.0080413818
150.811246815	1008.1574707	38.5773963928	33.0080413818
150.811246815	1008.1574707	38.5773963928	33.0080413818
150.811246815	1008.1574707	38.5773963928	33.0080413818
150.811246815	1008.1574707	38.5773963928	33.0080413818
150.811246815	1008.1574707	38.5773963928	32.953250885
150.811246815	1008.1574707	39.9533462524	32.953250885
150.811246815	1008.1574707	39.9533462524	32.953250885
150.811246816	1008.1574707	39.9533462524	32.953250885
150.811246816	1008.1574707	39.9533462524	32.953250885
150.811246816	1008.15698242	39.9533462524	32.953250885
150.811246816	1008.15698242	39.9533462524	32.953250885
150.811246816	1008.15698242	39.9533462524	32.953250885
150.811246816	1008.15698242	39.9533462524	32.953250885
150.811246817	1008.15698242	39.9533462524	32.953250885
150.811246817	1008.15698242	39.9533462524	32.953250885
150.811246817	1008.15698242	39.9533462524	32.953250885
150.811246817	1008.15698242	39.9533462524	32.953250885
150.811246817	1008.15698242	39.9533462524	32.953250885
150.811246817	1008.15698242	39.9533462524	32.953250885
150.811246817	1008.15698242	39.9533462524	32.953250885
150.811246818	1008.15698242	39.9533462524	32.953250885
150.811246818	1008.15698242	39.9533462524	32.953250885
150.811246818	1008.15698242	39.9533462524	32.953250885
150.811246818	1008.15698242	39.9533462524	32.953250885
150.811246818	1008.15698242	39.9533462524	32.953250885
150.811246818	1008.15698242	39.9533462524	32.953250885
150.811246818	1008.15698242	39.9533462524	32.953250885
150.811246818	1008.15698242	39.9533462524	32.953250885
150.811246819	1008.15698242	39.9533462524	32.953250885
150.811246819	1008.15698242	39.9533462524	32.953250885
150.811246819	1008.15698242	39.9533462524	32.953250885
150.811246819	1008.15698242	39.9533462524	32.953250885
150.811246819	1008.15698242	39.9533462524	32.953250885
150.811246819	1008.15698242	39.9533462524	32.953250885
150.811246819	1008.15698242	39.9533462524	32.953250885
150.81124682	1008.15698242	39.9533462524	32.953250885
150.81124682	1008.15698242	39.9533462524	32.953250885
150.81124682	1008.15698242	39.9533462524	32.953250885
150.81124682	1008.15356445	39.9533462524	32.953250885
150.81124682	1008.15356445	39.9533462524	32.953250885
150.81124682	1008.15356445	39.9533462524	32.953250885
150.81124682	1008.15356445	39.9533462524	32.953250885
150.811246821	1008.15356445	39.9533462524	32.953250885
150.811246821	1008.15356445	39.9533462524	32.953250885
150.811246821	1008.15356445	39.9533462524	32.953250885
150.811246821	1008.15356445	39.9533462524	32.953250885
150.811246821	1008.15356445	39.9533462524	32.953250885
150.811246821	1008.15356445	39.9533462524	32.953250885
150.811246821	1008.15356445	39.9533462524	32.953250885
150.811246822	1008.15356445	39.9533462524	32.953250885
150.811246822	1008.15356445	39.9533462524	32.953250885
150.811246822	1008.15356445	39.9533462524	32.953250885
150.811246822	1008.15356445	39.9533462524	32.953250885
150.811246822	1008.15356445	39.9533462524	32.953250885
150.811246822	1008.15356445	39.9533462524	32.953250885
150.811246822	1008.15356445	39.9533462524	32.953250885
150.811246823	1008.15356445	39.9533462524	32.953250885
150.811246823	1008.15356445	39.9533462524	32.953250885
150.811246823	1008.15356445	39.9533462524	32.953250885
150.811246823	1008.15356445	39.9533462524	32.953250885
150.811246823	1008.15356445	39.9533462524	32.9715156555
150.811246823	1008.15356445	39.9533462524	32.9715156555
150.811246823	1008.15356445	38.0989646912	32.9715156555
150.811246824	1008.15356445	38.0989646912	32.9715156555
150.811246824	1008.15356445	38.0989646912	32.9715156555
150.811246824	1008.15356445	38.0989646912	32.9715156555
150.811246824	1008.14746094	38.0989646912	32.9715156555
150.811246824	1008.14746094	38.0989646912	32.9715156555
