2.66100943659	1400
time	pressure	humidity	temperature
150.811245099	1007.91015625	40.0560646057	30.7689037323
150.8112451	1007.91015625	40.0560646057	30.7689037323
150.8112451	1007.91015625	40.0560646057	30.7689037323
150.811245101	1007.91015625	40.0560646057	30.7689037323
150.811245101	1007.91015625	40.0560646057	30.7689037323
150.811245101	1007.91015625	40.0560646057	30.7689037323
150.811245101	1007.91015625	40.0560646057	30.7689037323
150.811245102	1007.91015625	40.0560646057	30.7689037323
150.811245102	1007.91015625	40.0560646057	30.7689037323
150.811245102	1007.91015625	40.0560646057	30.7689037323
150.811245102	1007.91015625	40.0560646057	30.7689037323
150.811245102	1007.91015625	40.0560646057	30.7689037323
150.811245103	1007.91015625	40.0560646057	30.7689037323
150.811245103	1007.91015625	40.0560646057	30.7689037323
150.811245103	1007.91015625	40.0560646057	30.7689037323
150.811245103	1007.91015625	40.0560646057	30.7689037323
150.811245104	1007.90698242	40.0560646057	30.7689037323
150.811245104	1007.90698242	40.0560646057	30.7689037323
150.811245104	1007.90698242	40.0560646057	30.7689037323
150.811245104	1007.90698242	40.0560646057	30.7689037323
150.811245105	1007.90698242	40.0560646057	30.7689037323
150.811245105	1007.90698242	40.0560646057	30.7689037323
150.811245105	1007.90698242	40.0560646057	30.7689037323
150.811245105	1007.90698242	40.0560646057	30.7689037323
150.811245106	1007.90698242	40.0560646057	30.7689037323
150.811245106	1007.90698242	40.0560646057	30.7689037323
150.811245106	1007.90698242	40.0560646057	30.7689037323
150.811245106	1007.90698242	40.0560646057	30.7689037323
150.811245106	1007.90698242	40.0560646057	30.7689037323
150.811245107	1007.90698242	40.0560646057	30.7689037323
150.811245107	1007.90698242	40.0560646057	30.7132148743
150.811245107	1007.90698242	38.1352005005	30.7132148743
150.811245107	1007.90112305	38.1352005005	30.7132148743
150.811245108	1007.90112305	38.1352005005	30.7132148743
150.811245108	1007.90112305	38.1352005005	30.7132148743
150.811245108	1007.90112305	38.1352005005	30.7132148743
150.811245109	1007.90112305	38.1352005005	30.7132148743
150.811245109	1007.90112305	38.1352005005	30.7132148743
150.811245109	1007.90112305	38.1352005005	30.7132148743
150.811245109	1007.90112305	38.1352005005	30.7132148743
150.811245109	1007.90112305	38.1352005005	30.7132148743
150.81124511	1007.90112305	38.1352005005	30.7132148743
150.81124511	1007.90112305	38.1352005005	30.7132148743
150.81124511	1007.90112305	38.1352005005	30.7132148743
150.81124511	1007.90112305	38.1352005005	30.7132148743
150.811245111	1007.90112305	38.1352005005	30.7132148743
150.811245111	1007.90112305	38.1352005005	30.7132148743
150.811245111	1007.90112305	38.1352005005	30.7132148743
150.811245111	1007.90112305	38.1352005005	30.7132148743
150.811245111	1007.89819336	38.1352005005	30.7132148743
150.811245112	1007.89819336	38.1352005005	30.7132148743
150.811245112	1007.89819336	38.1352005005	30.7132148743
150.811245112	1007.89819336	38.1352005005	30.7132148743
150.811245113	1007.89819336	38.1352005005	30.7132148743
150.811245113	1007.89819336	38.1352005005	30.7132148743
150.811245113	1007.89819336	38.1352005005	30.7132148743
150.811245113	1007.89819336	38.1352005005	30.7132148743
150.811245113	1007.89819336	38.1352005005	30.7132148743
150.811245114	1007.89819336	38.1352005005	30.7132148743
150.811245114	1007.89819336	38.1352005005	30.7132148743
150.811245114	1007.89819336	38.1352005005	30.7132148743
150.811245114	1007.89819336	38.1352005005	30.7132148743
150.811245115	1007.89819336	38.1352005005	30.7132148743
150.811245115	1007.89819336	38.1352005005	30.7132148743
150.811245115	1007.89819336	38.1352005005	30.6204032898
150.811245115	1007.89624023	41.7336235046	30.6204032898
150.811245116	1007.89624023	41.7336235046	30.6204032898
150.811245116	1007.89624023	41.7336235046	30.6204032898
150.811245116	1007.89624023	41.7336235046	30.6204032898
150.811245116	1007.89624023	41.7336235046	30.6204032898
150.811245117	1007.89624023	41.7336235046	30.6204032898
150.811245117	1007.89624023	41.7336235046	30.6204032898
150.811245117	1007.89624023	41.7336235046	30.6204032898
150.811245117	1007.89624023	41.7336235046	30.6204032898
150.811245118	1007.89624023	41.7336235046	30.6204032898
150.811245118	1007.89624023	41.7336235046	30.6204032898
150.811245118	1007.89624023	41.7336235046	30.6204032898
150.811245118	1007.89624023	41.7336235046	30.6204032898
150.811245118	1007.89624023	41.7336235046	30.6204032898
150.811245119	1007.89624023	41.7336235046	30.6204032898
150.811245119	1007.89624023	41.7336235046	30.6204032898
150.811245119	1007.89624023	41.7336235046	30.6204032898
150.811245119	1007.89550781	41.7336235046	30.6204032898
150.81124512	1007.89550781	41.7336235046	30.6204032898
150.81124512	1007.89550781	41.7336235046	30.6204032898
150.81124512	1007.89550781	41.7336235046	30.6204032898
150.81124512	1007.89550781	41.7336235046	30.6204032898
150.811245121	1007.89550781	41.7336235046	30.6204032898
150.811245121	1007.89550781	41.7336235046	30.6204032898
150.811245121	1007.89550781	41.7336235046	30.6204032898
150.811245121	1007.89550781	41.7336235046	30.6204032898
150.811245121	1007.89550781	41.7336235046	30.6204032898
150.811245122	1007.89550781	41.7336235046	30.6204032898
150.811245122	1007.89550781	41.7336235046	30.6204032898
150.811245122	1007.89550781	41.7336235046	30.6204032898
150.811245122	1007.89550781	41.7336235046	30.6204032898
150.811245123	1007.89550781	41.7336235046	30.6204032898
150.811245123	1007.89550781	41.7336235046	30.6204032898
150.811245123	1007.89550781	41.7336235046	30.6204032898
150.811245123	1007.8972168	40.7123641968	30.6204032898
150.811245124	1007.8972168	40.7123641968	30.6204032898
150.811245124	1007.8972168	40.7123641968	30.6204032898
150.811245124	1007.8972168	40.7123641968	30.6204032898
150.811245125	1007.8972168	40.7123641968	30.6204032898
150.811245125	1007.8972168	40.7123641968	30.6204032898
150.811245125	1007.8972168	40.7123641968	30.6204032898
150.811245125	1007.8972168	40.7123641968	30.6204032898
150.811245125	1007.8972168	40.7123641968	30.6204032898
150.811245126	1007.8972168	40.7123641968	30.6204032898
150.811245126	1007.8972168	40.7123641968	30.6204032898
150.811245126	1007.8972168	40.7123641968	30.6204032898
150.811245126	1007.8972168	40.7123641968	30.6204032898
150.811245127	1007.8972168	40.7123641968	30.6204032898
150.811245127	1007.8972168	40.7123641968	30.6204032898
150.811245127	1007.8972168	40.7123641968	30.6204032898
150.811245127	1007.89916992	40.7123641968	30.6204032898
150.811245128	1007.89916992	40.7123641968	30.6204032898
150.811245128	1007.89916992	40.7123641968	30.6204032898
150.811245128	1007.89916992	40.7123641968	30.6204032898
150.811245128	1007.89916992	40.7123641968	30.6204032898
150.811245128	1007.89916992	40.7123641968	30.6204032898
150.811245129	1007.89916992	40.7123641968	30.6204032898
150.811245129	1007.89916992	40.7123641968	30.6204032898
150.811245129	1007.89916992	40.7123641968	30.6204032898
150.811245129	1007.89916992	40.7123641968	30.6204032898
150.81124513	1007.89916992	40.7123641968	30.6204032898
150.81124513	1007.89916992	40.7123641968	30.6204032898
150.81124513	1007.89916992	40.7123641968	30.6204032898
150.81124513	1007.89916992	40.7123641968	30.6204032898
150.81124513	1007.89916992	40.7123641968	30.6204032898
150.811245131	1007.89916992	40.7123641968	30.6204032898
150.811245131	1007.89916992	40.7123641968	30.6204032898
150.811245131	1007.89648438	40.7123641968	30.5832767487
150.811245132	1007.89648438	39.4029693604	30.5832767487
150.811245132	1007.89648438	39.4029693604	30.5832767487
150.811245132	1007.89648438	39.4029693604	30.5832767487
150.811245132	1007.89648438	39.4029693604	30.5832767487
150.811245133	1007.89648438	39.4029693604	30.5832767487
150.811245133	1007.89648438	39.4029693604	30.5832767487
150.811245133	1007.89648438	39.4029693604	30.5832767487
150.811245133	1007.89648438	39.4029693604	30.5832767487
150.811245134	1007.89648438	39.4029693604	30.5832767487
150.811245134	1007.89648438	39.4029693604	30.5832767487
150.811245134	1007.89648438	39.4029693604	30.5832767487
150.811245134	1007.89648438	39.4029693604	30.5832767487
150.811245134	1007.89648438	39.4029693604	30.5832767487
150.811245135	1007.89648438	39.4029693604	30.5832767487
150.811245135	1007.89648438	39.4029693604	30.5832767487
150.811245135	1007.89599609	39.4029693604	30.5832767487
150.811245135	1007.89599609	39.4029693604	30.5832767487
150.811245136	1007.89599609	39.4029693604	30.5832767487
150.811245136	1007.89599609	39.4029693604	30.5832767487
150.811245136	1007.89599609	39.4029693604	30.5832767487
150.811245136	1007.89599609	39.4029693604	30.5832767487
150.811245137	1007.89599609	39.4029693604	30.5832767487
150.811245137	1007.89599609	39.4029693604	30.5832767487
150.811245137	1007.89599609	39.4029693604	30.5832767487
150.811245137	1007.89599609	39.4029693604	30.5832767487
150.811245137	1007.89599609	39.4029693604	30.5832767487
150.811245138	1007.89599609	39.4029693604	30.5832767487
150.811245138	1007.89599609	39.4029693604	30.5832767487
150.811245138	1007.89599609	39.4029693604	30.5832767487
150.811245138	1007.89599609	39.4029693604	30.5832767487
150.811245139	1007.89599609	39.4029693604	30.5832767487
150.811245139	1007.89599609	39.4029693604	30.5832767487
150.811245139	1007.89770508	39.4029693604	30.5832767487
150.81124514	1007.89770508	40.766784668	30.5832767487
150.81124514	1007.89770508	40.766784668	30.5832767487
150.81124514	1007.89770508	40.766784668	30.5832767487
150.81124514	1007.89770508	40.766784668	30.5832767487
150.81124514	1007.89770508	40.766784668	30.5832767487
150.811245141	1007.89770508	40.766784668	30.5832767487
150.811245141	1007.89770508	40.766784668	30.5832767487
150.811245141	1007.89770508	40.766784668	30.5832767487
150.811245141	1007.89770508	40.766784668	30.5832767487
150.811245142	1007.89770508	40.766784668	30.5832767487
150.811245142	1007.89770508	40.766784668	30.5832767487
150.811245142	1007.89770508	40.766784668	30.5832767487
150.811245142	1007.89770508	40.766784668	30.5832767487
150.811245142	1007.89770508	40.766784668	30.5832767487
150.811245143	1007.89770508	40.766784668	30.5832767487
150.811245143	1007.89404297	40.766784668	30.5832767487
150.811245143	1007.89404297	40.766784668	30.5832767487
150.811245144	1007.89404297	40.766784668	30.5832767487
150.811245144	1007.89404297	40.766784668	30.5832767487
150.811245144	1007.89404297	40.766784668	30.5832767487
150.811245144	1007.89404297	40.766784668	30.5832767487
150.811245144	1007.89404297	40.766784668	30.5832767487
150.811245145	1007.89404297	40.766784668	30.5832767487
150.811245145	1007.89404297	40.766784668	30.5832767487
150.811245145	1007.89404297	40.766784668	30.5832767487
150.811245145	1007.89404297	40.766784668	30.5832767487
150.811245146	1007.89404297	40.766784668	30.5832767487
150.811245146	1007.89404297	40.766784668	30.5832767487
150.811245146	1007.89404297	40.766784668	30.5832767487
150.811245146	1007.89404297	40.766784668	30.5832767487
150.811245146	1007.89404297	40.766784668	30.5832767487
150.811245147	1007.89404297	40.766784668	30.5832767487
150.811245147	1007.89038086	40.766784668	30.5832767487
150.811245147	1007.89038086	40.766784668	30.6018409729
150.811245148	1007.89038086	40.766784668	30.6018409729
150.811245148	1007.89038086	41.0645217896	30.6018409729
150.811245148	1007.89038086	41.0645217896	30.6018409729
150.811245148	1007.89038086	41.0645217896	30.6018409729
150.811245149	1007.89038086	41.0645217896	30.6018409729
150.811245149	1007.89038086	41.0645217896	30.6018409729
150.811245149	1007.89038086	41.0645217896	30.6018409729
150.811245149	1007.89038086	41.0645217896	30.6018409729
150.811245149	1007.89038086	41.0645217896	30.6018409729
150.81124515	1007.89038086	41.0645217896	30.6018409729
150.81124515	1007.89038086	41.0645217896	30.6018409729
150.81124515	1007.89038086	41.0645217896	30.6018409729
150.81124515	1007.89038086	41.0645217896	30.6018409729
150.811245151	1007.89038086	41.0645217896	30.6018409729
150.811245151	1007.88891602	41.0645217896	30.6018409729
150.811245151	1007.88891602	41.0645217896	30.6018409729
150.811245151	1007.88891602	41.0645217896	30.6018409729
150.811245152	1007.88891602	41.0645217896	30.6018409729
150.811245152	1007.88891602	41.0645217896	30.6018409729
150.811245152	1007.88891602	41.0645217896	30.6018409729
150.811245152	1007.88891602	41.0645217896	30.6018409729
150.811245153	1007.88891602	41.0645217896	30.6018409729
150.811245153	1007.88891602	41.0645217896	30.6018409729
150.811245153	1007.88891602	41.0645217896	30.6018409729
150.811245153	1007.88891602	41.0645217896	30.6018409729
150.811245153	1007.88891602	41.0645217896	30.6018409729
150.811245154	1007.88891602	41.0645217896	30.6018409729
150.811245154	1007.88891602	41.0645217896	30.6018409729
150.811245154	1007.88891602	41.0645217896	30.6018409729
150.811245154	1007.88891602	41.0645217896	30.6018409729
150.811245155	1007.88891602	41.0645217896	30.6018409729
150.811245155	1007.89038086	41.0645217896	30.6018409729
150.811245155	1007.89038086	41.0645217896	30.6018409729
150.811245155	1007.89038086	41.0645217896	30.7132148743
150.811245156	1007.89038086	41.0645217896	30.7132148743
150.811245156	1007.89038086	40.6419296265	30.7132148743
150.811245156	1007.89038086	40.6419296265	30.7132148743
150.811245156	1007.89038086	40.6419296265	30.7132148743
150.811245157	1007.89038086	40.6419296265	30.7132148743
150.811245157	1007.89038086	40.6419296265	30.7132148743
150.811245157	1007.89038086	40.6419296265	30.7132148743
150.811245157	1007.89038086	40.6419296265	30.7132148743
150.811245158	1007.89038086	40.6419296265	30.7132148743
150.811245158	1007.89038086	40.6419296265	30.7132148743
150.811245158	1007.89038086	40.6419296265	30.7132148743
150.811245158	1007.89038086	40.6419296265	30.7132148743
150.811245158	1007.89038086	40.6419296265	30.7132148743
150.811245159	1007.89038086	40.6419296265	30.7132148743
150.811245159	1007.89038086	40.6419296265	30.7132148743
150.811245159	1007.89038086	40.6419296265	30.7132148743
150.811245159	1007.89038086	40.6419296265	30.7132148743
150.81124516	1007.89038086	40.6419296265	30.7132148743
150.81124516	1007.89038086	40.6419296265	30.7132148743
150.81124516	1007.89038086	40.6419296265	30.7132148743
150.81124516	1007.89038086	40.6419296265	30.7132148743
150.811245161	1007.89038086	40.6419296265	30.7132148743
150.811245161	1007.89038086	40.6419296265	30.7132148743
150.811245161	1007.89038086	40.6419296265	30.7132148743
150.811245161	1007.89038086	40.6419296265	30.7132148743
150.811245161	1007.89038086	40.6419296265	30.7132148743
150.811245162	1007.89038086	40.6419296265	30.7132148743
150.811245162	1007.89038086	40.6419296265	30.7132148743
150.811245162	1007.89038086	40.6419296265	30.7132148743
150.811245162	1007.89038086	40.6419296265	30.7132148743
150.811245163	1007.89550781	40.6419296265	30.7132148743
150.811245163	1007.89550781	40.6419296265	30.7132148743
150.811245163	1007.89550781	40.6419296265	30.7132148743
150.811245163	1007.89550781	40.6419296265	30.6575279236
150.811245164	1007.89550781	40.6419296265	30.6575279236
150.811245164	1007.89550781	40.1521072388	30.6575279236
150.811245164	1007.89550781	40.1521072388	30.6575279236
150.811245165	1007.89550781	40.1521072388	30.6575279236
150.811245165	1007.89550781	40.1521072388	30.6575279236
150.811245165	1007.89550781	40.1521072388	30.6575279236
150.811245165	1007.89550781	40.1521072388	30.6575279236
150.811245165	1007.89550781	40.1521072388	30.6575279236
150.811245166	1007.89550781	40.1521072388	30.6575279236
150.811245166	1007.89550781	40.1521072388	30.6575279236
150.811245166	1007.89550781	40.1521072388	30.6575279236
150.811245166	1007.89550781	40.1521072388	30.6575279236
150.811245167	1007.90087891	40.1521072388	30.6575279236
150.811245167	1007.90087891	40.1521072388	30.6575279236
150.811245167	1007.90087891	40.1521072388	30.6575279236
150.811245167	1007.90087891	40.1521072388	30.6575279236
150.811245168	1007.90087891	40.1521072388	30.6575279236
150.811245168	1007.90087891	40.1521072388	30.6575279236
150.811245168	1007.90087891	40.1521072388	30.6575279236
150.811245168	1007.90087891	40.1521072388	30.6575279236
150.811245168	1007.90087891	40.1521072388	30.6575279236
150.811245169	1007.90087891	40.1521072388	30.6575279236
150.811245169	1007.90087891	40.1521072388	30.6575279236
150.811245169	1007.90087891	40.1521072388	30.6575279236
150.811245169	1007.90087891	40.1521072388	30.6575279236
150.81124517	1007.90087891	40.1521072388	30.6575279236
150.81124517	1007.90087891	40.1521072388	30.6575279236
150.81124517	1007.90087891	40.1521072388	30.6575279236
150.81124517	1007.90087891	40.1521072388	30.6575279236
150.81124517	1007.90063477	40.1521072388	30.6575279236
150.811245171	1007.90063477	40.1521072388	30.6575279236
150.811245171	1007.90063477	40.1521072388	30.6575279236
150.811245171	1007.90063477	40.1521072388	30.6575279236
150.811245172	1007.90063477	40.1521072388	30.6575279236
150.811245172	1007.90063477	40.1521072388	30.6575279236
150.811245172	1007.90063477	40.7347717285	30.6575279236
150.811245172	1007.90063477	40.7347717285	30.6575279236
150.811245173	1007.90063477	40.7347717285	30.6575279236
150.811245173	1007.90063477	40.7347717285	30.6575279236
150.811245173	1007.90063477	40.7347717285	30.6575279236
150.811245173	1007.90063477	40.7347717285	30.6575279236
150.811245173	1007.90063477	40.7347717285	30.6575279236
150.811245174	1007.90063477	40.7347717285	30.6575279236
150.811245174	1007.90063477	40.7347717285	30.6575279236
150.811245174	1007.90063477	40.7347717285	30.6575279236
150.811245174	1007.90551758	40.7347717285	30.6575279236
150.811245175	1007.90551758	40.7347717285	30.6575279236
150.811245175	1007.90551758	40.7347717285	30.6575279236
150.811245175	1007.90551758	40.7347717285	30.6575279236
150.811245175	1007.90551758	40.7347717285	30.6575279236
150.811245176	1007.90551758	40.7347717285	30.6575279236
150.811245176	1007.90551758	40.7347717285	30.6575279236
150.811245176	1007.90551758	40.7347717285	30.6575279236
150.811245176	1007.90551758	40.7347717285	30.6575279236
150.811245177	1007.90551758	40.7347717285	30.6575279236
150.811245177	1007.90551758	40.7347717285	30.6575279236
150.811245177	1007.90551758	40.7347717285	30.6575279236
150.811245177	1007.90551758	40.7347717285	30.6575279236
150.811245177	1007.90551758	40.7347717285	30.6575279236
150.811245178	1007.90551758	40.7347717285	30.6575279236
150.811245178	1007.90551758	40.7347717285	30.6575279236
150.811245178	1007.90551758	40.7347717285	30.6575279236
150.811245178	1007.89697266	40.7347717285	30.6575279236
150.811245179	1007.89697266	40.7347717285	30.6575279236
150.811245179	1007.89697266	40.7347717285	30.6575279236
150.811245179	1007.89697266	40.7347717285	30.6575279236
150.811245179	1007.89697266	40.7347717285	30.6575279236
150.81124518	1007.89697266	40.7347717285	30.6575279236
150.81124518	1007.89697266	40.7347717285	30.6018409729
150.81124518	1007.89697266	38.9259567261	30.6018409729
150.81124518	1007.89697266	38.9259567261	30.6018409729
150.811245181	1007.89697266	38.9259567261	30.6018409729
150.811245181	1007.89697266	38.9259567261	30.6018409729
150.811245181	1007.89697266	38.9259567261	30.6018409729
150.811245181	1007.89697266	38.9259567261	30.6018409729
150.811245182	1007.89697266	38.9259567261	30.6018409729
150.811245182	1007.89697266	38.9259567261	30.6018409729
150.811245182	1007.89697266	38.9259567261	30.6018409729
150.811245182	1007.89770508	38.9259567261	30.6018409729
150.811245183	1007.89770508	38.9259567261	30.6018409729
150.811245183	1007.89770508	38.9259567261	30.6018409729
150.811245183	1007.89770508	38.9259567261	30.6018409729
150.811245183	1007.89770508	38.9259567261	30.6018409729
150.811245184	1007.89770508	38.9259567261	30.6018409729
150.811245184	1007.89770508	38.9259567261	30.6018409729
150.811245184	1007.89770508	38.9259567261	30.6018409729
150.811245184	1007.89770508	38.9259567261	30.6018409729
150.811245184	1007.89770508	38.9259567261	30.6018409729
150.811245185	1007.89770508	38.9259567261	30.6018409729
150.811245185	1007.89770508	38.9259567261	30.6018409729
150.811245185	1007.89770508	38.9259567261	30.6018409729
150.811245185	1007.89770508	38.9259567261	30.6018409729
150.811245186	1007.89770508	38.9259567261	30.6018409729
150.811245186	1007.89770508	38.9259567261	30.6018409729
150.811245186	1007.89770508	38.9259567261	30.6018409729
150.811245186	1007.89379883	38.9259567261	30.6018409729
150.811245187	1007.89379883	38.9259567261	30.6018409729
150.811245187	1007.89379883	38.9259567261	30.6018409729
150.811245187	1007.89379883	38.9259567261	30.6018409729
150.811245187	1007.89379883	38.9259567261	30.6018409729
150.811245187	1007.89379883	38.9259567261	30.6018409729
150.811245188	1007.89379883	38.9259567261	30.6018409729
150.811245188	1007.89379883	38.9259567261	30.6760902405
150.811245188	1007.89379883	39.4061737061	30.6760902405
150.811245189	1007.89379883	39.4061737061	30.6760902405
150.811245189	1007.89379883	39.4061737061	30.6760902405
150.811245189	1007.89379883	39.4061737061	30.6760902405
150.811245189	1007.89379883	39.4061737061	30.6760902405
150.811245189	1007.89379883	39.4061737061	30.6760902405
150.81124519	1007.89379883	39.4061737061	30.6760902405
150.81124519	1007.89379883	39.4061737061	30.6760902405
150.81124519	1007.89819336	39.4061737061	30.6760902405
150.811245191	1007.89819336	39.4061737061	30.6760902405
150.811245191	1007.89819336	39.4061737061	30.6760902405
150.811245191	1007.89819336	39.4061737061	30.6760902405
150.811245191	1007.89819336	39.4061737061	30.6760902405
150.811245191	1007.89819336	39.4061737061	30.6760902405
150.811245192	1007.89819336	39.4061737061	30.6760902405
150.811245192	1007.89819336	39.4061737061	30.6760902405
150.811245192	1007.89819336	39.4061737061	30.6760902405
150.811245192	1007.89819336	39.4061737061	30.6760902405
150.811245193	1007.89819336	39.4061737061	30.6760902405
150.811245193	1007.89819336	39.4061737061	30.6760902405
150.811245193	1007.89819336	39.4061737061	30.6760902405
150.811245193	1007.89819336	39.4061737061	30.6760902405
150.811245193	1007.89819336	39.4061737061	30.6760902405
150.811245194	1007.89819336	39.4061737061	30.6760902405
150.811245194	1007.89819336	39.4061737061	30.6760902405
150.811245194	1007.89990234	39.4061737061	30.6760902405
150.811245194	1007.89990234	39.4061737061	30.6760902405
150.811245195	1007.89990234	39.4061737061	30.6760902405
150.811245195	1007.89990234	39.4061737061	30.6760902405
150.811245195	1007.89990234	39.4061737061	30.6760902405
150.811245195	1007.89990234	39.4061737061	30.6760902405
150.811245196	1007.89990234	39.4061737061	30.6760902405
150.811245196	1007.89990234	39.4061737061	30.6760902405
150.811245196	1007.89990234	39.4061737061	30.6389656067
150.811245196	1007.89990234	40.2417488098	30.6389656067
150.811245197	1007.89990234	40.2417488098	30.6389656067
150.811245197	1007.89990234	40.2417488098	30.6389656067
150.811245197	1007.89990234	40.2417488098	30.6389656067
150.811245197	1007.89990234	40.2417488098	30.6389656067
150.811245198	1007.89990234	40.2417488098	30.6389656067
150.811245198	1007.89990234	40.2417488098	30.6389656067
150.811245198	1007.90234375	40.2417488098	30.6389656067
150.811245198	1007.90234375	40.2417488098	30.6389656067
150.811245199	1007.90234375	40.2417488098	30.6389656067
150.811245199	1007.90234375	40.2417488098	30.6389656067
150.811245199	1007.90234375	40.2417488098	30.6389656067
150.811245199	1007.90234375	40.2417488098	30.6389656067
150.811245199	1007.90234375	40.2417488098	30.6389656067
150.8112452	1007.90234375	40.2417488098	30.6389656067
150.8112452	1007.90234375	40.2417488098	30.6389656067
150.8112452	1007.90234375	40.2417488098	30.6389656067
150.8112452	1007.90234375	40.2417488098	30.6389656067
150.811245201	1007.90234375	40.2417488098	30.6389656067
150.811245201	1007.90234375	40.2417488098	30.6389656067
150.811245201	1007.90234375	40.2417488098	30.6389656067
150.811245201	1007.90234375	40.2417488098	30.6389656067
150.811245201	1007.90234375	40.2417488098	30.6389656067
150.811245202	1007.90234375	40.2417488098	30.6389656067
150.811245202	1007.8996582	40.2417488098	30.6389656067
150.811245202	1007.8996582	40.2417488098	30.6389656067
150.811245203	1007.8996582	40.2417488098	30.6389656067
150.811245203	1007.8996582	40.2417488098	30.6389656067
150.811245203	1007.8996582	40.2417488098	30.6389656067
150.811245203	1007.8996582	40.2417488098	30.6389656067
150.811245203	1007.8996582	40.2417488098	30.6389656067
150.811245204	1007.8996582	40.2417488098	30.6389656067
150.811245204	1007.8996582	40.2417488098	30.6389656067
150.811245204	1007.8996582	40.2417488098	30.7874679565
150.811245204	1007.8996582	40.3986206055	30.7874679565
150.811245205	1007.8996582	40.3986206055	30.7874679565
150.811245205	1007.8996582	40.3986206055	30.7874679565
150.811245205	1007.8996582	40.3986206055	30.7874679565
150.811245205	1007.8996582	40.3986206055	30.7874679565
150.811245206	1007.8996582	40.3986206055	30.7874679565
150.811245206	1007.89697266	40.3986206055	30.7874679565
150.811245206	1007.89697266	40.3986206055	30.7874679565
150.811245206	1007.89697266	40.3986206055	30.7874679565
150.811245207	1007.89697266	40.3986206055	30.7874679565
150.811245207	1007.89697266	40.3986206055	30.7874679565
150.811245207	1007.89697266	40.3986206055	30.7874679565
150.811245207	1007.89697266	40.3986206055	30.7874679565
150.811245208	1007.89697266	40.3986206055	30.7874679565
150.811245208	1007.89697266	40.3986206055	30.7874679565
150.811245208	1007.89697266	40.3986206055	30.7874679565
150.811245208	1007.89697266	40.3986206055	30.7874679565
150.811245208	1007.89697266	40.3986206055	30.7874679565
150.811245209	1007.89697266	40.3986206055	30.7874679565
150.811245209	1007.89697266	40.3986206055	30.7874679565
150.811245209	1007.89697266	40.3986206055	30.7874679565
150.811245209	1007.89697266	40.3986206055	30.7874679565
150.81124521	1007.89697266	40.3986206055	30.7874679565
150.81124521	1007.89868164	40.3986206055	30.7874679565
150.81124521	1007.89868164	40.3986206055	30.7874679565
150.81124521	1007.89868164	40.3986206055	30.7874679565
150.811245211	1007.89868164	40.3986206055	30.7874679565
150.811245211	1007.89868164	40.3986206055	30.7874679565
150.811245211	1007.89868164	40.3986206055	30.7874679565
150.811245211	1007.89868164	40.3986206055	30.7874679565
150.811245212	1007.89868164	40.3986206055	30.7874679565
150.811245212	1007.89868164	40.3986206055	30.7874679565
150.811245212	1007.89868164	40.3986206055	30.7874679565
150.811245212	1007.89868164	40.3986206055	30.6575279236
150.811245212	1007.89868164	41.8040542603	30.6575279236
150.811245213	1007.89868164	41.8040542603	30.6575279236
150.811245213	1007.89868164	41.8040542603	30.6575279236
150.811245213	1007.89868164	41.8040542603	30.6575279236
150.811245213	1007.89868164	41.8040542603	30.6575279236
150.811245214	1007.89868164	41.8040542603	30.6575279236
150.811245214	1007.89868164	41.8040542603	30.6575279236
150.811245214	1007.89868164	41.8040542603	30.6575279236
150.811245215	1007.89868164	41.8040542603	30.6575279236
150.811245215	1007.89868164	41.8040542603	30.6575279236
150.811245215	1007.89868164	41.8040542603	30.6575279236
150.811245215	1007.89868164	41.8040542603	30.6575279236
150.811245215	1007.89868164	41.8040542603	30.6575279236
150.811245216	1007.89868164	41.8040542603	30.6575279236
150.811245216	1007.89868164	41.8040542603	30.6575279236
150.811245216	1007.89868164	41.8040542603	30.6575279236
150.811245216	1007.89868164	41.8040542603	30.6575279236
150.811245217	1007.89868164	41.8040542603	30.6575279236
150.811245217	1007.89868164	41.8040542603	30.6575279236
150.811245217	1007.89868164	41.8040542603	30.6575279236
150.811245217	1007.89868164	41.8040542603	30.6575279236
150.811245217	1007.89868164	41.8040542603	30.6575279236
150.811245218	1007.90258789	41.8040542603	30.6575279236
150.811245218	1007.90258789	41.8040542603	30.6575279236
150.811245218	1007.90258789	41.8040542603	30.6575279236
150.811245218	1007.90258789	41.8040542603	30.6575279236
150.811245219	1007.90258789	41.8040542603	30.6575279236
150.811245219	1007.90258789	41.8040542603	30.6575279236
150.811245219	1007.90258789	41.8040542603	30.6575279236
150.811245219	1007.90258789	41.8040542603	30.6575279236
150.81124522	1007.90258789	41.8040542603	30.6575279236
150.81124522	1007.90258789	41.8040542603	30.6575279236
150.81124522	1007.90258789	41.8040542603	30.6575279236
150.81124522	1007.90258789	41.8040542603	30.6389656067
150.811245221	1007.90258789	41.7240180969	30.6389656067
150.811245221	1007.90258789	41.7240180969	30.6389656067
150.811245221	1007.90258789	41.7240180969	30.6389656067
150.811245221	1007.90258789	41.7240180969	30.6389656067
150.811245222	1007.89941406	41.7240180969	30.6389656067
150.811245222	1007.89941406	41.7240180969	30.6389656067
150.811245222	1007.89941406	41.7240180969	30.6389656067
150.811245222	1007.89941406	41.7240180969	30.6389656067
150.811245223	1007.89941406	41.7240180969	30.6389656067
150.811245223	1007.89941406	41.7240180969	30.6389656067
150.811245223	1007.89941406	41.7240180969	30.6389656067
150.811245223	1007.89941406	41.7240180969	30.6389656067
150.811245224	1007.89941406	41.7240180969	30.6389656067
150.811245224	1007.89941406	41.7240180969	30.6389656067
150.811245224	1007.89941406	41.7240180969	30.6389656067
150.811245224	1007.89941406	41.7240180969	30.6389656067
150.811245224	1007.89941406	41.7240180969	30.6389656067
150.811245225	1007.89941406	41.7240180969	30.6389656067
150.811245225	1007.89941406	41.7240180969	30.6389656067
150.811245225	1007.89941406	41.7240180969	30.6389656067
150.811245225	1007.89941406	41.7240180969	30.6389656067
150.811245225	1007.90185547	41.7240180969	30.6389656067
150.811245226	1007.90185547	41.7240180969	30.6389656067
150.811245226	1007.90185547	41.7240180969	30.6389656067
150.811245226	1007.90185547	41.7240180969	30.6389656067
150.811245227	1007.90185547	41.7240180969	30.6389656067
150.811245227	1007.90185547	41.7240180969	30.6389656067
150.811245227	1007.90185547	41.7240180969	30.6389656067
150.811245227	1007.90185547	41.7240180969	30.6389656067
150.811245227	1007.90185547	41.7240180969	30.6389656067
150.811245228	1007.90185547	41.7240180969	30.6389656067
150.811245228	1007.90185547	41.7240180969	30.6389656067
150.811245228	1007.90185547	41.7240180969	30.6389656067
150.811245228	1007.90185547	41.7240180969	30.6760902405
150.811245229	1007.90185547	41.5255279541	30.6760902405
150.811245229	1007.90185547	41.5255279541	30.6760902405
150.811245229	1007.90185547	41.5255279541	30.6760902405
150.811245229	1007.90429688	41.5255279541	30.6760902405
150.81124523	1007.90429688	41.5255279541	30.6760902405
150.81124523	1007.90429688	41.5255279541	30.6760902405
150.81124523	1007.90429688	41.5255279541	30.6760902405
150.81124523	1007.90429688	41.5255279541	30.6760902405
150.811245231	1007.90429688	41.5255279541	30.6760902405
150.811245231	1007.90429688	41.5255279541	30.6760902405
150.811245231	1007.90429688	41.5255279541	30.6760902405
150.811245231	1007.90429688	41.5255279541	30.6760902405
150.811245232	1007.90429688	41.5255279541	30.6760902405
150.811245232	1007.90429688	41.5255279541	30.6760902405
150.811245232	1007.90429688	41.5255279541	30.6760902405
150.811245232	1007.90429688	41.5255279541	30.6760902405
150.811245232	1007.90429688	41.5255279541	30.6760902405
150.811245233	1007.90429688	41.5255279541	30.6760902405
150.811245233	1007.90429688	41.5255279541	30.6760902405
150.811245233	1007.90429688	41.5255279541	30.6760902405
150.811245233	1007.90576172	41.5255279541	30.6760902405
150.811245234	1007.90576172	41.5255279541	30.6760902405
150.811245234	1007.90576172	41.5255279541	30.6760902405
150.811245234	1007.90576172	41.5255279541	30.6760902405
150.811245234	1007.90576172	41.5255279541	30.6760902405
150.811245235	1007.90576172	41.5255279541	30.6760902405
150.811245235	1007.90576172	41.5255279541	30.6760902405
150.811245235	1007.90576172	41.5255279541	30.6760902405
150.811245235	1007.90576172	41.5255279541	30.6760902405
150.811245236	1007.90576172	41.5255279541	30.6760902405
150.811245236	1007.90576172	41.5255279541	30.6760902405
150.811245236	1007.90576172	41.5255279541	30.6760902405
150.811245236	1007.90576172	41.5255279541	30.6760902405
150.811245236	1007.90576172	41.5255279541	30.7317771912
150.811245237	1007.90576172	37.7382202148	30.7317771912
150.811245237	1007.90576172	37.7382202148	30.7317771912
150.811245237	1007.90698242	37.7382202148	30.7317771912
150.811245238	1007.90698242	37.7382202148	30.7317771912
150.811245238	1007.90698242	37.7382202148	30.7317771912
150.811245238	1007.90698242	37.7382202148	30.7317771912
150.811245238	1007.90698242	37.7382202148	30.7317771912
150.811245239	1007.90698242	37.7382202148	30.7317771912
150.811245239	1007.90698242	37.7382202148	30.7317771912
150.811245239	1007.90698242	37.7382202148	30.7317771912
150.811245239	1007.90698242	37.7382202148	30.7317771912
150.811245239	1007.90698242	37.7382202148	30.7317771912
150.81124524	1007.90698242	37.7382202148	30.7317771912
150.81124524	1007.90698242	37.7382202148	30.7317771912
150.81124524	1007.90698242	37.7382202148	30.7317771912
150.81124524	1007.90698242	37.7382202148	30.7317771912
150.811245241	1007.90698242	37.7382202148	30.7317771912
150.811245241	1007.90698242	37.7382202148	30.7317771912
150.811245241	1007.90698242	37.7382202148	30.7317771912
150.811245241	1007.90795898	37.7382202148	30.7317771912
150.811245242	1007.90795898	37.7382202148	30.7317771912
150.811245242	1007.90795898	37.7382202148	30.7317771912
150.811245242	1007.90795898	37.7382202148	30.7317771912
150.811245242	1007.90795898	37.7382202148	30.7317771912
150.811245243	1007.90795898	37.7382202148	30.7317771912
150.811245243	1007.90795898	37.7382202148	30.7317771912
150.811245243	1007.90795898	37.7382202148	30.7317771912
150.811245243	1007.90795898	37.7382202148	30.7317771912
150.811245243	1007.90795898	37.7382202148	30.7317771912
150.811245244	1007.90795898	37.7382202148	30.7317771912
150.811245244	1007.90795898	37.7382202148	30.7317771912
150.811245244	1007.90795898	37.7382202148	30.7317771912
150.811245244	1007.90795898	37.7382202148	30.7317771912
150.811245245	1007.90795898	37.7382202148	30.7317771912
150.811245245	1007.90795898	41.3974723816	30.7317771912
150.811245245	1007.90698242	41.3974723816	30.7317771912
150.811245246	1007.90698242	41.3974723816	30.7317771912
150.811245246	1007.90698242	41.3974723816	30.7317771912
150.811245246	1007.90698242	41.3974723816	30.7317771912
150.811245246	1007.90698242	41.3974723816	30.7317771912
150.811245246	1007.90698242	41.3974723816	30.7317771912
150.811245247	1007.90698242	41.3974723816	30.7317771912
150.811245247	1007.90698242	41.3974723816	30.7317771912
150.811245247	1007.90698242	41.3974723816	30.7317771912
150.811245247	1007.90698242	41.3974723816	30.7317771912
150.811245248	1007.90698242	41.3974723816	30.7317771912
150.811245248	1007.90698242	41.3974723816	30.7317771912
150.811245248	1007.90698242	41.3974723816	30.7317771912
150.811245248	1007.90698242	41.3974723816	30.7317771912
150.811245248	1007.90698242	41.3974723816	30.7317771912
150.811245249	1007.90698242	41.3974723816	30.7317771912
150.811245249	1007.90698242	41.3974723816	30.7317771912
150.811245249	1007.90722656	41.3974723816	30.7317771912
150.81124525	1007.90722656	41.3974723816	30.7317771912
150.81124525	1007.90722656	41.3974723816	30.7317771912
150.81124525	1007.90722656	41.3974723816	30.7317771912
150.81124525	1007.90722656	41.3974723816	30.7317771912
150.81124525	1007.90722656	41.3974723816	30.7317771912
150.811245251	1007.90722656	41.3974723816	30.7317771912
150.811245251	1007.90722656	41.3974723816	30.7317771912
150.811245251	1007.90722656	41.3974723816	30.7317771912
150.811245251	1007.90722656	41.3974723816	30.7317771912
150.811245252	1007.90722656	41.3974723816	30.7317771912
150.811245252	1007.90722656	41.3974723816	30.7317771912
150.811245252	1007.90722656	41.3974723816	30.7317771912
150.811245252	1007.90722656	41.3974723816	30.7317771912
150.811245252	1007.90722656	41.3974723816	30.7317771912
150.811245253	1007.90722656	41.3974723816	30.7689037323
150.811245253	1007.90844727	39.082824707	30.7689037323
150.811245253	1007.90844727	39.082824707	30.7689037323
150.811245254	1007.90844727	39.082824707	30.7689037323
150.811245254	1007.90844727	39.082824707	30.7689037323
150.811245254	1007.90844727	39.082824707	30.7689037323
150.811245254	1007.90844727	39.082824707	30.7689037323
150.811245255	1007.90844727	39.082824707	30.7689037323
150.811245255	1007.90844727	39.082824707	30.7689037323
150.811245255	1007.90844727	39.082824707	30.7689037323
150.811245255	1007.90844727	39.082824707	30.7689037323
150.811245255	1007.90844727	39.082824707	30.7689037323
150.811245256	1007.90844727	39.082824707	30.7689037323
150.811245256	1007.90844727	39.082824707	30.7689037323
150.811245256	1007.90844727	39.082824707	30.7689037323
150.811245256	1007.90844727	39.082824707	30.7689037323
150.811245257	1007.90844727	39.082824707	30.7689037323
150.811245257	1007.91308594	39.082824707	30.7689037323
150.811245257	1007.91308594	39.082824707	30.7689037323
150.811245257	1007.91308594	39.082824707	30.7689037323
150.811245258	1007.91308594	39.082824707	30.7689037323
150.811245258	1007.91308594	39.082824707	30.7689037323
150.811245258	1007.91308594	39.082824707	30.7689037323
150.811245258	1007.91308594	39.082824707	30.7689037323
150.811245258	1007.91308594	39.082824707	30.7689037323
150.811245259	1007.91308594	39.082824707	30.7689037323
150.811245259	1007.91308594	39.082824707	30.7689037323
150.811245259	1007.91308594	39.082824707	30.7689037323
150.811245259	1007.91308594	39.082824707	30.7689037323
150.81124526	1007.91308594	39.082824707	30.7689037323
150.81124526	1007.91308594	39.082824707	30.7689037323
150.81124526	1007.91308594	39.082824707	30.7689037323
150.81124526	1007.91308594	39.082824707	30.7689037323
150.81124526	1007.91308594	39.082824707	30.7689037323
150.811245261	1007.90942383	39.082824707	30.6018409729
150.811245261	1007.90942383	43.0045967102	30.6018409729
150.811245262	1007.90942383	43.0045967102	30.6018409729
150.811245262	1007.90942383	43.0045967102	30.6018409729
150.811245262	1007.90942383	43.0045967102	30.6018409729
150.811245262	1007.90942383	43.0045967102	30.6018409729
150.811245262	1007.90942383	43.0045967102	30.6018409729
150.811245263	1007.90942383	43.0045967102	30.6018409729
150.811245263	1007.90942383	43.0045967102	30.6018409729
150.811245263	1007.90942383	43.0045967102	30.6018409729
150.811245263	1007.90942383	43.0045967102	30.6018409729
150.811245264	1007.90942383	43.0045967102	30.6018409729
150.811245264	1007.90942383	43.0045967102	30.6018409729
150.811245264	1007.90942383	43.0045967102	30.6018409729
150.811245264	1007.90942383	43.0045967102	30.6018409729
150.811245264	1007.90942383	43.0045967102	30.6018409729
150.811245265	1007.90942383	43.0045967102	30.6018409729
150.811245265	1007.90844727	43.0045967102	30.6018409729
150.811245265	1007.90844727	43.0045967102	30.6018409729
150.811245265	1007.90844727	43.0045967102	30.6018409729
150.811245266	1007.90844727	43.0045967102	30.6018409729
150.811245266	1007.90844727	43.0045967102	30.6018409729
150.811245266	1007.90844727	43.0045967102	30.6018409729
150.811245266	1007.90844727	43.0045967102	30.6018409729
150.811246019	1009.30175781	40.0584030151	30.2391319275
150.811246022	1009.30175781	40.0584030151	30.2391319275
150.811246022	1009.30371094	40.0584030151	30.2391319275
150.811246022	1009.30371094	40.0584030151	30.2391319275
150.811246023	1009.30371094	40.0584030151	30.2391319275
150.811246023	1009.30371094	40.0584030151	30.2391319275
150.811246023	1009.30371094	40.0584030151	30.2391319275
150.811246023	1009.30371094	40.0584030151	30.2391319275
150.811246023	1009.30371094	40.0584030151	30.2391319275
150.811246023	1009.30371094	40.0584030151	30.2391319275
150.811246023	1009.30371094	40.0584030151	30.2391319275
150.811246024	1009.30371094	40.0584030151	30.2391319275
150.811246024	1009.30371094	40.0584030151	30.2391319275
150.811246024	1009.30371094	40.0584030151	30.2391319275
150.811246024	1009.30371094	40.0584030151	30.2391319275
150.811246024	1009.30371094	40.0584030151	30.2391319275
150.811246024	1009.30371094	40.0584030151	30.2391319275
150.811246024	1009.30371094	40.0584030151	30.2391319275
150.811246024	1009.30371094	40.0584030151	30.2391319275
150.811246025	1009.30371094	40.0584030151	30.2391319275
150.811246025	1009.30371094	40.0584030151	30.2391319275
150.811246025	1009.30371094	40.0584030151	30.2391319275
150.811246025	1009.30371094	40.0584030151	30.2391319275
150.811246025	1009.30371094	40.0584030151	30.2391319275
150.811246025	1009.30371094	40.0584030151	30.2391319275
150.811246025	1009.30371094	40.0584030151	30.2391319275
150.811246026	1009.30371094	40.0584030151	30.2391319275
150.811246026	1009.30371094	40.0584030151	30.2391319275
150.811246026	1009.30371094	40.0584030151	30.2391319275
150.811246026	1009.30371094	40.0584030151	30.2391319275
150.811246026	1009.30371094	40.0584030151	30.2391319275
150.811246026	1009.30810547	40.0584030151	30.2391319275
150.811246026	1009.30810547	40.0584030151	30.2391319275
150.811246027	1009.30810547	40.0584030151	30.2391319275
150.811246027	1009.30810547	40.0584030151	30.2391319275
150.811246027	1009.30810547	40.0584030151	30.2391319275
150.811246027	1009.30810547	40.0584030151	30.2391319275
150.811246027	1009.30810547	40.0584030151	30.2391319275
150.811246027	1009.30810547	40.0584030151	30.2391319275
150.811246027	1009.30810547	40.0584030151	30.2028999329
150.811246028	1009.30810547	40.0584030151	30.2028999329
150.811246028	1009.30810547	39.0699653625	30.2028999329
150.811246028	1009.30810547	39.0699653625	30.2028999329
150.811246028	1009.30810547	39.0699653625	30.2028999329
150.811246028	1009.30810547	39.0699653625	30.2028999329
150.811246028	1009.30810547	39.0699653625	30.2028999329
150.811246029	1009.30810547	39.0699653625	30.2028999329
150.811246029	1009.30810547	39.0699653625	30.2028999329
150.811246029	1009.30810547	39.0699653625	30.2028999329
150.811246029	1009.30810547	39.0699653625	30.2028999329
150.811246029	1009.30810547	39.0699653625	30.2028999329
150.811246029	1009.30810547	39.0699653625	30.2028999329
150.811246029	1009.30810547	39.0699653625	30.2028999329
150.811246029	1009.30810547	39.0699653625	30.2028999329
150.81124603	1009.30810547	39.0699653625	30.2028999329
150.81124603	1009.30810547	39.0699653625	30.2028999329
150.81124603	1009.30810547	39.0699653625	30.2028999329
150.81124603	1009.30810547	39.0699653625	30.2028999329
150.81124603	1009.30810547	39.0699653625	30.2028999329
150.81124603	1009.31176758	39.0699653625	30.2028999329
150.811246031	1009.31176758	39.0699653625	30.2028999329
150.811246031	1009.31176758	39.0699653625	30.2028999329
150.811246031	1009.31176758	39.0699653625	30.2028999329
150.811246031	1009.31176758	39.0699653625	30.2028999329
150.811246031	1009.31176758	39.0699653625	30.2028999329
150.811246031	1009.31176758	39.0699653625	30.2028999329
150.811246031	1009.31176758	39.0699653625	30.2028999329
150.811246031	1009.31176758	39.0699653625	30.2028999329
150.811246032	1009.31176758	39.0699653625	30.2028999329
150.811246032	1009.31176758	39.0699653625	30.2028999329
150.811246032	1009.31176758	39.0699653625	30.2028999329
150.811246032	1009.31176758	39.0699653625	30.2028999329
150.811246032	1009.31176758	39.0699653625	30.2028999329
150.811246032	1009.31176758	39.0699653625	30.2028999329
150.811246032	1009.31176758	39.0699653625	30.2028999329
150.811246033	1009.31176758	39.0699653625	30.2028999329
150.811246033	1009.31176758	39.0699653625	30.2028999329
150.811246033	1009.31176758	39.0699653625	30.2028999329
150.811246033	1009.31176758	39.0699653625	30.2028999329
150.811246033	1009.31176758	39.0699653625	30.2028999329
150.811246033	1009.31176758	39.0699653625	30.2028999329
150.811246033	1009.31176758	39.0699653625	30.2028999329
150.811246034	1009.31176758	39.0699653625	30.2028999329
150.811246034	1009.31176758	39.0699653625	30.2028999329
150.811246034	1009.31176758	39.0699653625	30.2028999329
150.811246034	1009.31176758	39.0699653625	30.2028999329
150.811246034	1009.31176758	39.0699653625	30.2028999329
150.811246034	1009.31152344	39.0699653625	30.2028999329
150.811246034	1009.31152344	39.0699653625	30.2028999329
150.811246035	1009.31152344	39.0699653625	30.2028999329
150.811246035	1009.31152344	39.0699653625	30.2028999329
150.811246035	1009.31152344	39.0699653625	30.2028999329
150.811246035	1009.31152344	39.0699653625	30.2028999329
150.811246035	1009.31152344	39.0699653625	30.2028999329
150.811246035	1009.31152344	39.0699653625	30.2934780121
150.811246035	1009.31152344	39.0699653625	30.2934780121
150.811246036	1009.31152344	39.8554801941	30.2934780121
150.811246036	1009.31152344	39.8554801941	30.2934780121
150.811246036	1009.31152344	39.8554801941	30.2934780121
150.811246036	1009.31152344	39.8554801941	30.2934780121
150.811246036	1009.31152344	39.8554801941	30.2934780121
150.811246036	1009.31152344	39.8554801941	30.2934780121
150.811246036	1009.31152344	39.8554801941	30.2934780121
150.811246037	1009.31152344	39.8554801941	30.2934780121
150.811246037	1009.31152344	39.8554801941	30.2934780121
150.811246037	1009.31152344	39.8554801941	30.2934780121
150.811246037	1009.31152344	39.8554801941	30.2934780121
150.811246037	1009.31152344	39.8554801941	30.2934780121
150.811246037	1009.31152344	39.8554801941	30.2934780121
150.811246037	1009.31152344	39.8554801941	30.2934780121
150.811246038	1009.31152344	39.8554801941	30.2934780121
150.811246038	1009.31152344	39.8554801941	30.2934780121
150.811246038	1009.31152344	39.8554801941	30.2934780121
150.811246038	1009.31152344	39.8554801941	30.2934780121
150.811246038	1009.31152344	39.8554801941	30.2934780121
150.811246038	1009.31152344	39.8554801941	30.2934780121
150.811246038	1009.31201172	39.8554801941	30.2934780121
150.811246039	1009.31201172	39.8554801941	30.2934780121
150.811246039	1009.31201172	39.8554801941	30.2934780121
150.811246039	1009.31201172	39.8554801941	30.2934780121
150.811246039	1009.31201172	39.8554801941	30.2934780121
150.811246039	1009.31201172	39.8554801941	30.2934780121
150.811246039	1009.31201172	39.8554801941	30.2934780121
150.811246039	1009.31201172	39.8554801941	30.2934780121
150.81124604	1009.31201172	39.8554801941	30.2934780121
150.81124604	1009.31201172	39.8554801941	30.2934780121
150.81124604	1009.31201172	39.8554801941	30.2934780121
150.81124604	1009.31201172	39.8554801941	30.2934780121
150.81124604	1009.31201172	39.8554801941	30.2934780121
150.81124604	1009.31201172	39.8554801941	30.2934780121
150.81124604	1009.31201172	39.8554801941	30.2934780121
150.811246041	1009.31201172	39.8554801941	30.2934780121
150.811246041	1009.31201172	39.8554801941	30.2934780121
150.811246041	1009.31201172	39.8554801941	30.2934780121
150.811246041	1009.31201172	39.8554801941	30.2934780121
150.811246041	1009.31201172	39.8554801941	30.2934780121
150.811246041	1009.31201172	39.8554801941	30.2934780121
150.811246041	1009.31201172	39.8554801941	30.2934780121
150.811246041	1009.31201172	39.8554801941	30.2934780121
150.811246042	1009.31201172	39.8554801941	30.2934780121
150.811246042	1009.31201172	39.8554801941	30.2934780121
150.811246042	1009.31201172	39.8554801941	30.2934780121
150.811246042	1009.31201172	39.8554801941	30.2934780121
150.811246042	1009.31201172	39.8554801941	30.2934780121
150.811246042	1009.30932617	39.8554801941	30.2934780121
150.811246043	1009.30932617	39.8554801941	30.2934780121
150.811246043	1009.30932617	39.8554801941	30.2934780121
150.811246043	1009.30932617	39.8554801941	30.2934780121
150.811246043	1009.30932617	39.8554801941	30.2934780121
150.811246043	1009.30932617	39.8554801941	30.2934780121
150.811246043	1009.30932617	39.8554801941	30.1485519409
150.811246043	1009.30932617	39.8554801941	30.1485519409
150.811246044	1009.30932617	40.7620925903	30.1485519409
150.811246044	1009.30932617	40.7620925903	30.1485519409
150.811246044	1009.30932617	40.7620925903	30.1485519409
150.811246044	1009.30932617	40.7620925903	30.1485519409
150.811246044	1009.30932617	40.7620925903	30.1485519409
150.811246044	1009.30932617	40.7620925903	30.1485519409
150.811246044	1009.30932617	40.7620925903	30.1485519409
150.811246045	1009.30932617	40.7620925903	30.1485519409
150.811246045	1009.30932617	40.7620925903	30.1485519409
150.811246045	1009.30932617	40.7620925903	30.1485519409
150.811246045	1009.30932617	40.7620925903	30.1485519409
150.811246045	1009.30932617	40.7620925903	30.1485519409
150.811246045	1009.30932617	40.7620925903	30.1485519409
150.811246045	1009.30932617	40.7620925903	30.1485519409
150.811246046	1009.30932617	40.7620925903	30.1485519409
150.811246046	1009.30932617	40.7620925903	30.1485519409
150.811246046	1009.30932617	40.7620925903	30.1485519409
150.811246046	1009.30932617	40.7620925903	30.1485519409
150.811246046	1009.30932617	40.7620925903	30.1485519409
150.811246046	1009.30932617	40.7620925903	30.1485519409
150.811246046	1009.30932617	40.7620925903	30.1485519409
150.811246046	1009.31347656	40.7620925903	30.1485519409
150.811246047	1009.31347656	40.7620925903	30.1485519409
150.811246047	1009.31347656	40.7620925903	30.1485519409
150.811246047	1009.31347656	40.7620925903	30.1485519409
150.811246047	1009.31347656	40.7620925903	30.1485519409
150.811246047	1009.31347656	40.7620925903	30.1485519409
150.811246047	1009.31347656	40.7620925903	30.1485519409
150.811246048	1009.31347656	40.7620925903	30.1485519409
150.811246048	1009.31347656	40.7620925903	30.1485519409
150.811246048	1009.31347656	40.7620925903	30.1485519409
150.811246048	1009.31347656	40.7620925903	30.1485519409
150.811246048	1009.31347656	40.7620925903	30.1485519409
150.811246048	1009.31347656	40.7620925903	30.1485519409
150.811246048	1009.31347656	40.7620925903	30.1485519409
150.811246048	1009.31347656	40.7620925903	30.1485519409
150.811246049	1009.31347656	40.7620925903	30.1485519409
150.811246049	1009.31347656	40.7620925903	30.1485519409
150.811246049	1009.31347656	40.7620925903	30.1485519409
150.811246049	1009.31347656	40.7620925903	30.1485519409
150.811246049	1009.31347656	40.7620925903	30.1485519409
150.811246049	1009.31347656	40.7620925903	30.1485519409
150.811246049	1009.31347656	40.7620925903	30.1485519409
150.81124605	1009.31347656	40.7620925903	30.1485519409
150.81124605	1009.31347656	40.7620925903	30.1485519409
150.81124605	1009.31347656	40.7620925903	30.1485519409
150.81124605	1009.31347656	40.7620925903	30.1485519409
150.81124605	1009.31347656	40.7620925903	30.1485519409
150.81124605	1009.31347656	40.7620925903	30.1485519409
150.81124605	1009.31347656	40.7620925903	30.1485519409
150.811246051	1009.3190918	40.7620925903	30.1485519409
150.811246051	1009.3190918	40.7620925903	30.1485519409
150.811246051	1009.3190918	40.7620925903	30.1485519409
150.811246051	1009.3190918	40.7620925903	30.1485519409
150.811246051	1009.3190918	40.7620925903	30.1847839355
150.811246051	1009.3190918	40.899559021	30.1847839355
150.811246052	1009.3190918	40.899559021	30.1847839355
150.811246052	1009.3190918	40.899559021	30.1847839355
150.811246052	1009.3190918	40.899559021	30.1847839355
150.811246052	1009.3190918	40.899559021	30.1847839355
150.811246052	1009.3190918	40.899559021	30.1847839355
150.811246052	1009.3190918	40.899559021	30.1847839355
150.811246052	1009.3190918	40.899559021	30.1847839355
150.811246053	1009.3190918	40.899559021	30.1847839355
150.811246053	1009.3190918	40.899559021	30.1847839355
150.811246053	1009.3190918	40.899559021	30.1847839355
150.811246053	1009.3190918	40.899559021	30.1847839355
150.811246053	1009.3190918	40.899559021	30.1847839355
150.811246053	1009.3190918	40.899559021	30.1847839355
150.811246053	1009.3190918	40.899559021	30.1847839355
150.811246053	1009.3190918	40.899559021	30.1847839355
150.811246054	1009.3190918	40.899559021	30.1847839355
150.811246054	1009.3190918	40.899559021	30.1847839355
150.811246054	1009.3190918	40.899559021	30.1847839355
150.811246054	1009.3190918	40.899559021	30.1847839355
150.811246054	1009.3190918	40.899559021	30.1847839355
150.811246054	1009.3190918	40.899559021	30.1847839355
150.811246054	1009.3190918	40.899559021	30.1847839355
150.811246055	1009.32202148	40.899559021	30.1847839355
150.811246055	1009.32202148	40.899559021	30.1847839355
150.811246055	1009.32202148	40.899559021	30.1847839355
150.811246055	1009.32202148	40.899559021	30.1847839355
150.811246055	1009.32202148	40.899559021	30.1847839355
150.811246055	1009.32202148	40.899559021	30.1847839355
150.811246056	1009.32202148	40.899559021	30.1847839355
150.811246056	1009.32202148	40.899559021	30.1847839355
150.811246056	1009.32202148	40.899559021	30.1847839355
150.811246056	1009.32202148	40.899559021	30.1847839355
150.811246056	1009.32202148	40.899559021	30.1847839355
150.811246056	1009.32202148	40.899559021	30.1847839355
150.811246056	1009.32202148	40.899559021	30.1847839355
150.811246056	1009.32202148	40.899559021	30.1847839355
150.811246057	1009.32202148	40.899559021	30.1847839355
150.811246057	1009.32202148	40.899559021	30.1847839355
150.811246057	1009.32202148	40.899559021	30.1847839355
150.811246057	1009.32202148	40.899559021	30.1847839355
150.811246057	1009.32202148	40.899559021	30.1847839355
150.811246057	1009.32202148	40.899559021	30.1847839355
150.811246057	1009.32202148	40.899559021	30.1847839355
150.811246058	1009.32202148	40.899559021	30.1847839355
150.811246058	1009.32202148	40.899559021	30.1847839355
150.811246058	1009.32202148	40.899559021	30.1847839355
150.811246058	1009.32202148	40.899559021	30.1847839355
150.811246058	1009.32202148	40.899559021	30.1847839355
150.811246058	1009.32202148	40.899559021	30.1847839355
150.811246058	1009.32202148	40.899559021	30.1847839355
150.811246059	1009.32202148	40.899559021	30.1847839355
150.811246059	1009.32202148	40.899559021	30.1847839355
150.811246059	1009.32202148	40.899559021	30.1847839355
150.811246059	1009.32202148	40.899559021	30.2934780121
150.811246059	1009.32202148	40.899559021	30.2934780121
150.811246059	1009.32202148	40.4773445129	30.2934780121
150.81124606	1009.32202148	40.4773445129	30.2934780121
150.81124606	1009.32202148	40.4773445129	30.2934780121
150.81124606	1009.32202148	40.4773445129	30.2934780121
150.81124606	1009.32202148	40.4773445129	30.2934780121
150.81124606	1009.32202148	40.4773445129	30.2934780121
150.81124606	1009.32202148	40.4773445129	30.2934780121
150.81124606	1009.32202148	40.4773445129	30.2934780121
150.811246061	1009.32202148	40.4773445129	30.2934780121
150.811246061	1009.32202148	40.4773445129	30.2934780121
150.811246061	1009.32202148	40.4773445129	30.2934780121
150.811246061	1009.32202148	40.4773445129	30.2934780121
150.811246061	1009.32202148	40.4773445129	30.2934780121
150.811246061	1009.32202148	40.4773445129	30.2934780121
150.811246061	1009.32202148	40.4773445129	30.2934780121
150.811246061	1009.32202148	40.4773445129	30.2934780121
150.811246062	1009.32202148	40.4773445129	30.2934780121
150.811246062	1009.32202148	40.4773445129	30.2934780121
150.811246062	1009.32202148	40.4773445129	30.2934780121
150.811246062	1009.32202148	40.4773445129	30.2934780121
150.811246062	1009.32202148	40.4773445129	30.2934780121
150.811246062	1009.32202148	40.4773445129	30.2934780121
150.811246062	1009.32202148	40.4773445129	30.2934780121
150.811246063	1009.31762695	40.4773445129	30.2934780121
150.811246063	1009.31762695	40.4773445129	30.2934780121
150.811246063	1009.31762695	40.4773445129	30.2934780121
150.811246063	1009.31762695	40.4773445129	30.2934780121
150.811246063	1009.31762695	40.4773445129	30.2934780121
150.811246063	1009.31762695	40.4773445129	30.2934780121
150.811246063	1009.31762695	40.4773445129	30.2934780121
150.811246064	1009.31762695	40.4773445129	30.2934780121
150.811246064	1009.31762695	40.4773445129	30.2934780121
150.811246064	1009.31762695	40.4773445129	30.2934780121
150.811246064	1009.31762695	40.4773445129	30.2934780121
150.811246064	1009.31762695	40.4773445129	30.2934780121
150.811246064	1009.31762695	40.4773445129	30.2934780121
150.811246064	1009.31762695	40.4773445129	30.2934780121
150.811246065	1009.31762695	40.4773445129	30.2934780121
150.811246065	1009.31762695	40.4773445129	30.2934780121
150.811246065	1009.31762695	40.4773445129	30.2934780121
150.811246065	1009.31762695	40.4773445129	30.2934780121
150.811246065	1009.31762695	40.4773445129	30.2934780121
150.811246065	1009.31762695	40.4773445129	30.2934780121
150.811246065	1009.31762695	40.4773445129	30.2934780121
150.811246066	1009.31762695	40.4773445129	30.2934780121
150.811246066	1009.31762695	40.4773445129	30.2934780121
150.811246066	1009.31762695	40.4773445129	30.2934780121
150.811246066	1009.31762695	40.4773445129	30.2934780121
150.811246066	1009.31762695	40.4773445129	30.2934780121
150.811246066	1009.31762695	40.4773445129	30.2934780121
150.811246066	1009.31762695	40.4773445129	30.2934780121
150.811246066	1009.31762695	40.4773445129	30.2934780121
150.811246067	1009.31176758	40.4773445129	30.2934780121
150.811246067	1009.31176758	40.4773445129	30.2934780121
150.811246067	1009.31176758	40.4773445129	30.1666679382
150.811246067	1009.31176758	41.1810340881	30.1666679382
150.811246067	1009.31176758	41.1810340881	30.1666679382
150.811246068	1009.31176758	41.1810340881	30.1666679382
150.811246068	1009.31176758	41.1810340881	30.1666679382
150.811246068	1009.31176758	41.1810340881	30.1666679382
150.811246068	1009.31176758	41.1810340881	30.1666679382
150.811246068	1009.31176758	41.1810340881	30.1666679382
150.811246068	1009.31176758	41.1810340881	30.1666679382
150.811246068	1009.31176758	41.1810340881	30.1666679382
150.811246068	1009.31176758	41.1810340881	30.1666679382
150.811246069	1009.31176758	41.1810340881	30.1666679382
150.811246069	1009.31176758	41.1810340881	30.1666679382
150.811246069	1009.31176758	41.1810340881	30.1666679382
150.811246069	1009.31176758	41.1810340881	30.1666679382
150.811246069	1009.31176758	41.1810340881	30.1666679382
150.811246069	1009.31176758	41.1810340881	30.1666679382
150.81124607	1009.31176758	41.1810340881	30.1666679382
150.81124607	1009.31176758	41.1810340881	30.1666679382
150.81124607	1009.31176758	41.1810340881	30.1666679382
150.81124607	1009.31176758	41.1810340881	30.1666679382
150.81124607	1009.31176758	41.1810340881	30.1666679382
150.811246071	1009.31396484	41.1810340881	30.1666679382
150.811246071	1009.31396484	41.1810340881	30.1666679382
150.811246071	1009.31396484	41.1810340881	30.1666679382
150.811246072	1009.31396484	41.1810340881	30.1666679382
150.811246072	1009.31396484	41.1810340881	30.1666679382
150.811246072	1009.31396484	41.1810340881	30.1666679382
150.811246072	1009.31396484	41.1810340881	30.1666679382
150.811246072	1009.31396484	41.1810340881	30.1666679382
150.811246073	1009.31396484	41.1810340881	30.1666679382
150.811246073	1009.31396484	41.1810340881	30.1666679382
150.811246073	1009.31396484	41.1810340881	30.1666679382
150.811246073	1009.31396484	41.1810340881	30.1666679382
150.811246074	1009.31396484	41.1810340881	30.1666679382
150.811246074	1009.31396484	41.1810340881	30.1666679382
150.811246074	1009.31396484	41.1810340881	30.1666679382
150.811246074	1009.31396484	41.1810340881	30.1666679382
150.811246074	1009.31396484	41.1810340881	30.1666679382
150.811246075	1009.3112793	41.1810340881	30.2572460175
150.811246075	1009.3112793	42.1956558228	30.2572460175
150.811246075	1009.3112793	42.1956558228	30.2572460175
150.811246076	1009.3112793	42.1956558228	30.2572460175
150.811246076	1009.3112793	42.1956558228	30.2572460175
150.811246076	1009.3112793	42.1956558228	30.2572460175
150.811246076	1009.3112793	42.1956558228	30.2572460175
150.811246077	1009.3112793	42.1956558228	30.2572460175
150.811246077	1009.3112793	42.1956558228	30.2572460175
150.811246077	1009.3112793	42.1956558228	30.2572460175
150.811246077	1009.3112793	42.1956558228	30.2572460175
150.811246077	1009.3112793	42.1956558228	30.2572460175
150.811246078	1009.3112793	42.1956558228	30.2572460175
150.811246078	1009.3112793	42.1956558228	30.2572460175
150.811246078	1009.3112793	42.1956558228	30.2572460175
150.811246078	1009.3112793	42.1956558228	30.2572460175
150.811246079	1009.3112793	42.1956558228	30.2572460175
150.811246079	1009.31689453	42.1956558228	30.2572460175
150.811246079	1009.31689453	42.1956558228	30.2572460175
150.811246079	1009.31689453	42.1956558228	30.2572460175
150.81124608	1009.31689453	42.1956558228	30.2572460175
150.81124608	1009.31689453	42.1956558228	30.2572460175
150.81124608	1009.31689453	42.1956558228	30.2572460175
150.81124608	1009.31689453	42.1956558228	30.2572460175
150.811246081	1009.31689453	42.1956558228	30.2572460175
150.811246081	1009.31689453	42.1956558228	30.2572460175
150.811246081	1009.31689453	42.1956558228	30.2572460175
150.811246081	1009.31689453	42.1956558228	30.2572460175
150.811246081	1009.31689453	42.1956558228	30.2572460175
150.811246082	1009.31689453	42.1956558228	30.2572460175
150.811246082	1009.31689453	42.1956558228	30.2572460175
150.811246082	1009.31689453	42.1956558228	30.2572460175
150.811246082	1009.31689453	42.1956558228	30.2572460175
150.811246083	1009.31689453	42.1956558228	30.2572460175
150.811246083	1009.31665039	42.1956558228	30.1666679382
150.811246083	1009.31665039	40.159866333	30.1666679382
150.811246084	1009.31665039	40.159866333	30.1666679382
150.811246084	1009.31665039	40.159866333	30.1666679382
150.811246084	1009.31665039	40.159866333	30.1666679382
150.811246084	1009.31665039	40.159866333	30.1666679382
150.811246084	1009.31665039	40.159866333	30.1666679382
150.811246085	1009.31665039	40.159866333	30.1666679382
150.811246085	1009.31665039	40.159866333	30.1666679382
150.811246085	1009.31665039	40.159866333	30.1666679382
150.811246085	1009.31665039	40.159866333	30.1666679382
150.811246086	1009.31665039	40.159866333	30.1666679382
150.811246086	1009.31665039	40.159866333	30.1666679382
150.811246086	1009.31665039	40.159866333	30.1666679382
150.811246086	1009.31665039	40.159866333	30.1666679382
150.811246086	1009.31665039	40.159866333	30.1666679382
150.811246087	1009.31665039	40.159866333	30.1666679382
150.811246087	1009.31689453	40.159866333	30.1666679382
150.811246087	1009.31689453	40.159866333	30.1666679382
150.811246088	1009.31689453	40.159866333	30.1666679382
150.811246088	1009.31689453	40.159866333	30.1666679382
150.811246088	1009.31689453	40.159866333	30.1666679382
150.811246088	1009.31689453	40.159866333	30.1666679382
150.811246088	1009.31689453	40.159866333	30.1666679382
150.811246089	1009.31689453	40.159866333	30.1666679382
150.811246089	1009.31689453	40.159866333	30.1666679382
150.811246089	1009.31689453	40.159866333	30.1666679382
150.811246089	1009.31689453	40.159866333	30.1666679382
150.81124609	1009.31689453	40.159866333	30.1666679382
150.81124609	1009.31689453	40.159866333	30.1666679382
150.81124609	1009.31689453	40.159866333	30.1666679382
150.81124609	1009.31689453	40.159866333	30.1666679382
150.81124609	1009.31689453	40.159866333	30.1666679382
150.811246091	1009.31689453	40.159866333	30.1485519409
150.811246091	1009.31762695	40.912651062	30.1485519409
150.811246091	1009.31762695	40.912651062	30.1485519409
150.811246092	1009.31762695	40.912651062	30.1485519409
150.811246092	1009.31762695	40.912651062	30.1485519409
150.811246092	1009.31762695	40.912651062	30.1485519409
150.811246092	1009.31762695	40.912651062	30.1485519409
150.811246093	1009.31762695	40.912651062	30.1485519409
150.811246093	1009.31762695	40.912651062	30.1485519409
150.811246093	1009.31762695	40.912651062	30.1485519409
150.811246093	1009.31762695	40.912651062	30.1485519409
150.811246093	1009.31762695	40.912651062	30.1485519409
150.811246094	1009.31762695	40.912651062	30.1485519409
150.811246094	1009.31762695	40.912651062	30.1485519409
150.811246094	1009.31762695	40.912651062	30.1485519409
150.811246094	1009.31762695	40.912651062	30.1485519409
150.811246095	1009.31762695	40.912651062	30.1485519409
150.811246095	1009.31762695	40.912651062	30.1485519409
150.811246095	1009.31958008	40.912651062	30.1485519409
150.811246095	1009.31958008	40.912651062	30.1485519409
150.811246096	1009.31958008	40.912651062	30.1485519409
150.811246096	1009.31958008	40.912651062	30.1485519409
150.811246096	1009.31958008	40.912651062	30.1485519409
150.811246096	1009.31958008	40.912651062	30.1485519409
150.811246097	1009.31958008	40.912651062	30.1485519409
150.811246097	1009.31958008	40.912651062	30.1485519409
150.811246097	1009.31958008	40.912651062	30.1485519409
150.811246097	1009.31958008	40.912651062	30.1485519409
150.811246097	1009.31958008	40.912651062	30.1485519409
150.811246098	1009.31958008	40.912651062	30.1485519409
150.811246098	1009.31958008	40.912651062	30.1485519409
150.811246098	1009.31958008	40.912651062	30.1485519409
150.811246098	1009.31958008	40.912651062	30.1485519409
150.811246099	1009.31958008	40.912651062	30.3297100067
150.811246099	1009.31958008	38.0684356689	30.3297100067
150.811246099	1009.31811523	38.0684356689	30.3297100067
150.8112461	1009.31811523	38.0684356689	30.3297100067
150.8112461	1009.31811523	38.0684356689	30.3297100067
150.8112461	1009.31811523	38.0684356689	30.3297100067
150.8112461	1009.31811523	38.0684356689	30.3297100067
150.811246101	1009.31811523	38.0684356689	30.3297100067
150.811246101	1009.31811523	38.0684356689	30.3297100067
150.811246101	1009.31811523	38.0684356689	30.3297100067
150.811246101	1009.31811523	38.0684356689	30.3297100067
150.811246101	1009.31811523	38.0684356689	30.3297100067
150.811246102	1009.31811523	38.0684356689	30.3297100067
150.811246102	1009.31811523	38.0684356689	30.3297100067
150.811246102	1009.31811523	38.0684356689	30.3297100067
150.811246102	1009.31811523	38.0684356689	30.3297100067
150.811246103	1009.31811523	38.0684356689	30.3297100067
150.811246103	1009.31811523	38.0684356689	30.3297100067
150.811246103	1009.31811523	38.0684356689	30.3297100067
150.811246103	1009.32006836	38.0684356689	30.3297100067
150.811246104	1009.32006836	38.0684356689	30.3297100067
150.811246104	1009.32006836	38.0684356689	30.3297100067
150.811246104	1009.32006836	38.0684356689	30.3297100067
150.811246104	1009.32006836	38.0684356689	30.3297100067
150.811246104	1009.32006836	38.0684356689	30.3297100067
150.811246105	1009.32006836	38.0684356689	30.3297100067
150.811246105	1009.32006836	38.0684356689	30.3297100067
150.811246105	1009.32006836	38.0684356689	30.3297100067
150.811246105	1009.32006836	38.0684356689	30.3297100067
150.811246106	1009.32006836	38.0684356689	30.3297100067
150.811246106	1009.32006836	38.0684356689	30.3297100067
150.811246106	1009.32006836	38.0684356689	30.3297100067
150.811246106	1009.32006836	38.0684356689	30.3297100067
150.811246106	1009.32006836	38.0684356689	30.2753620148
150.811246107	1009.32006836	41.3970489502	30.2753620148
150.811246107	1009.32226562	41.3970489502	30.2753620148
150.811246108	1009.32226562	41.3970489502	30.2753620148
150.811246108	1009.32226562	41.3970489502	30.2753620148
150.811246108	1009.32226562	41.3970489502	30.2753620148
150.811246108	1009.32226562	41.3970489502	30.2753620148
150.811246108	1009.32226562	41.3970489502	30.2753620148
150.811246109	1009.32226562	41.3970489502	30.2753620148
150.811246109	1009.32226562	41.3970489502	30.2753620148
150.811246109	1009.32226562	41.3970489502	30.2753620148
150.811246109	1009.32226562	41.3970489502	30.2753620148
150.81124611	1009.32226562	41.3970489502	30.2753620148
150.81124611	1009.32226562	41.3970489502	30.2753620148
150.81124611	1009.32226562	41.3970489502	30.2753620148
150.81124611	1009.32226562	41.3970489502	30.2753620148
150.81124611	1009.32226562	41.3970489502	30.2753620148
150.811246111	1009.32226562	41.3970489502	30.2753620148
150.811246111	1009.32226562	41.3970489502	30.2753620148
150.811246111	1009.32226562	41.3970489502	30.2753620148
150.811246111	1009.32348633	41.3970489502	30.2753620148
150.811246112	1009.32348633	41.3970489502	30.2753620148
150.811246112	1009.32348633	41.3970489502	30.2753620148
150.811246112	1009.32348633	41.3970489502	30.2753620148
150.811246112	1009.32348633	41.3970489502	30.2753620148
150.811246113	1009.32348633	41.3970489502	30.2753620148
150.811246113	1009.32348633	41.3970489502	30.2753620148
150.811246113	1009.32348633	41.3970489502	30.2753620148
150.811246113	1009.32348633	41.3970489502	30.2753620148
150.811246113	1009.32348633	41.3970489502	30.2753620148
150.811246114	1009.32348633	41.3970489502	30.2753620148
150.811246114	1009.32348633	41.3970489502	30.2753620148
150.811246114	1009.32348633	41.3970489502	30.2753620148
150.811246114	1009.32348633	41.3970489502	30.2572460175
150.811246115	1009.32348633	41.5868835449	30.2572460175
150.811246115	1009.32348633	41.5868835449	30.2572460175
150.811246115	1009.32104492	41.5868835449	30.2572460175
150.811246116	1009.32104492	41.5868835449	30.2572460175
150.811246116	1009.32104492	41.5868835449	30.2572460175
150.811246116	1009.32104492	41.5868835449	30.2572460175
150.811246116	1009.32104492	41.5868835449	30.2572460175
150.811246117	1009.32104492	41.5868835449	30.2572460175
150.811246117	1009.32104492	41.5868835449	30.2572460175
150.811246117	1009.32104492	41.5868835449	30.2572460175
150.811246117	1009.32104492	41.5868835449	30.2572460175
150.811246117	1009.32104492	41.5868835449	30.2572460175
150.811246118	1009.32104492	41.5868835449	30.2572460175
150.811246118	1009.32104492	41.5868835449	30.2572460175
150.811246118	1009.32104492	41.5868835449	30.2572460175
150.811246118	1009.32104492	41.5868835449	30.2572460175
150.811246119	1009.32104492	41.5868835449	30.2572460175
150.811246119	1009.32104492	41.5868835449	30.2572460175
150.811246119	1009.32104492	41.5868835449	30.2572460175
150.811246119	1009.32104492	41.5868835449	30.2572460175
150.81124612	1009.32080078	41.5868835449	30.2572460175
150.81124612	1009.32080078	41.5868835449	30.2572460175
150.81124612	1009.32080078	41.5868835449	30.2572460175
150.81124612	1009.32080078	41.5868835449	30.2572460175
150.81124612	1009.32080078	41.5868835449	30.2572460175
150.811246121	1009.32080078	41.5868835449	30.2572460175
150.811246121	1009.32080078	41.5868835449	30.2572460175
150.811246121	1009.32080078	41.5868835449	30.2572460175
150.811246121	1009.32080078	41.5868835449	30.2572460175
150.811246122	1009.32080078	41.5868835449	30.2572460175
150.811246122	1009.32080078	41.5868835449	30.2572460175
150.811246122	1009.32080078	41.5868835449	30.2572460175
150.811246122	1009.32080078	41.5868835449	30.347826004
150.811246123	1009.32080078	40.0191268921	30.347826004
150.811246123	1009.32080078	40.0191268921	30.347826004
150.811246123	1009.32080078	40.0191268921	30.347826004
150.811246123	1009.31958008	40.0191268921	30.347826004
150.811246124	1009.31958008	40.0191268921	30.347826004
150.811246124	1009.31958008	40.0191268921	30.347826004
150.811246124	1009.31958008	40.0191268921	30.347826004
150.811246124	1009.31958008	40.0191268921	30.347826004
150.811246125	1009.31958008	40.0191268921	30.347826004
150.811246125	1009.31958008	40.0191268921	30.347826004
150.811246125	1009.31958008	40.0191268921	30.347826004
150.811246125	1009.31958008	40.0191268921	30.347826004
150.811246126	1009.31958008	40.0191268921	30.347826004
150.811246126	1009.31958008	40.0191268921	30.347826004
150.811246126	1009.31958008	40.0191268921	30.347826004
150.811246126	1009.31958008	40.0191268921	30.347826004
150.811246126	1009.31958008	40.0191268921	30.347826004
150.811246127	1009.31958008	40.0191268921	30.347826004
150.811246127	1009.31958008	40.0191268921	30.347826004
150.811246127	1009.31958008	40.0191268921	30.347826004
150.811246127	1009.31762695	40.0191268921	30.347826004
150.811246128	1009.31762695	40.0191268921	30.347826004
150.811246128	1009.31762695	40.0191268921	30.347826004
150.811246128	1009.31762695	40.0191268921	30.347826004
150.811246128	1009.31762695	40.0191268921	30.347826004
150.811246129	1009.31762695	40.0191268921	30.347826004
150.811246129	1009.31762695	40.0191268921	30.347826004
150.811246129	1009.31762695	40.0191268921	30.347826004
150.811246129	1009.31762695	40.0191268921	30.347826004
150.81124613	1009.31762695	40.0191268921	30.347826004
150.81124613	1009.31762695	40.0191268921	30.347826004
150.81124613	1009.31762695	40.0191268921	30.347826004
150.81124613	1009.31762695	40.0191268921	30.347826004
150.81124613	1009.31762695	38.2353591919	30.347826004
150.811246131	1009.31762695	38.2353591919	30.347826004
150.811246131	1009.31762695	38.2353591919	30.347826004
150.811246131	1009.31762695	38.2353591919	30.347826004
150.811246131	1009.32324219	38.2353591919	30.347826004
150.811246132	1009.32324219	38.2353591919	30.347826004
150.811246132	1009.32324219	38.2353591919	30.347826004
150.811246132	1009.32324219	38.2353591919	30.347826004
150.811246133	1009.32324219	38.2353591919	30.347826004
150.811246133	1009.32324219	38.2353591919	30.347826004
150.811246133	1009.32324219	38.2353591919	30.347826004
150.811246133	1009.32324219	38.2353591919	30.347826004
150.811246133	1009.32324219	38.2353591919	30.347826004
150.811246134	1009.32324219	38.2353591919	30.347826004
150.811246134	1009.32324219	38.2353591919	30.347826004
150.811246134	1009.32324219	38.2353591919	30.347826004
150.811246134	1009.32324219	38.2353591919	30.347826004
150.811246135	1009.32324219	38.2353591919	30.347826004
150.811246135	1009.32324219	38.2353591919	30.347826004
150.811246135	1009.32324219	38.2353591919	30.347826004
150.811246135	1009.32324219	38.2353591919	30.347826004
150.811246135	1009.32348633	38.2353591919	30.347826004
150.811246136	1009.32348633	38.2353591919	30.347826004
150.811246136	1009.32348633	38.2353591919	30.347826004
150.811246136	1009.32348633	38.2353591919	30.347826004
150.811246137	1009.32348633	38.2353591919	30.347826004
150.811246137	1009.32348633	38.2353591919	30.347826004
150.811246137	1009.32348633	38.2353591919	30.347826004
150.811246137	1009.32348633	38.2353591919	30.347826004
150.811246137	1009.32348633	38.2353591919	30.347826004
150.811246138	1009.32348633	38.2353591919	30.347826004
150.811246138	1009.32348633	38.2353591919	30.347826004
150.811246138	1009.32348633	38.2353591919	30.2753620148
150.811246138	1009.32348633	38.2353591919	30.2753620148
150.811246139	1009.32348633	36.2159309387	30.2753620148
150.811246139	1009.32348633	36.2159309387	30.2753620148
150.811246139	1009.32348633	36.2159309387	30.2753620148
150.811246139	1009.32348633	36.2159309387	30.2753620148
150.81124614	1009.32714844	36.2159309387	30.2753620148
150.81124614	1009.32714844	36.2159309387	30.2753620148
150.81124614	1009.32714844	36.2159309387	30.2753620148
150.81124614	1009.32714844	36.2159309387	30.2753620148
150.811246141	1009.32714844	36.2159309387	30.2753620148
150.811246141	1009.32714844	36.2159309387	30.2753620148
150.811246141	1009.32714844	36.2159309387	30.2753620148
150.811246141	1009.32714844	36.2159309387	30.2753620148
150.811246142	1009.32714844	36.2159309387	30.2753620148
150.811246142	1009.32714844	36.2159309387	30.2753620148
150.811246142	1009.32714844	36.2159309387	30.2753620148
150.811246142	1009.32714844	36.2159309387	30.2753620148
150.811246142	1009.32714844	36.2159309387	30.2753620148
150.811246143	1009.32714844	36.2159309387	30.2753620148
150.811246143	1009.32714844	36.2159309387	30.2753620148
150.811246143	1009.32714844	36.2159309387	30.2753620148
150.811246143	1009.32714844	36.2159309387	30.2753620148
150.811246144	1009.32495117	36.2159309387	30.2753620148
150.811246144	1009.32495117	36.2159309387	30.2753620148
150.811246144	1009.32495117	36.2159309387	30.2753620148
150.811246144	1009.32495117	36.2159309387	30.2753620148
150.811246145	1009.32495117	36.2159309387	30.2753620148
150.811246145	1009.32495117	36.2159309387	30.2753620148
150.811246145	1009.32495117	36.2159309387	30.2753620148
150.811246145	1009.32495117	36.2159309387	30.2753620148
150.811246146	1009.32495117	36.2159309387	30.2753620148
150.811246146	1009.32495117	36.2159309387	30.2753620148
150.811246146	1009.32495117	36.2159309387	30.2753620148
150.811246146	1009.32495117	36.2159309387	30.2028999329
150.811246147	1009.32495117	40.0813140869	30.2028999329
150.811246147	1009.32495117	40.0813140869	30.2028999329
150.811246147	1009.32495117	40.0813140869	30.2028999329
150.811246147	1009.32495117	40.0813140869	30.2028999329
150.811246147	1009.32495117	40.0813140869	30.2028999329
150.811246148	1009.32763672	40.0813140869	30.2028999329
150.811246148	1009.32763672	40.0813140869	30.2028999329
150.811246148	1009.32763672	40.0813140869	30.2028999329
150.811246149	1009.32763672	40.0813140869	30.2028999329
150.811246149	1009.32763672	40.0813140869	30.2028999329
150.811246149	1009.32763672	40.0813140869	30.2028999329
150.811246149	1009.32763672	40.0813140869	30.2028999329
150.811246149	1009.32763672	40.0813140869	30.2028999329
150.81124615	1009.32763672	40.0813140869	30.2028999329
150.81124615	1009.32763672	40.0813140869	30.2028999329
150.81124615	1009.32763672	40.0813140869	30.2028999329
150.81124615	1009.32763672	40.0813140869	30.2028999329
150.811246151	1009.32763672	40.0813140869	30.2028999329
150.811246151	1009.32763672	40.0813140869	30.2028999329
150.811246151	1009.32763672	40.0813140869	30.2028999329
150.811246151	1009.32763672	40.0813140869	30.2028999329
150.811246151	1009.32763672	40.0813140869	30.2028999329
150.811246152	1009.3293457	40.0813140869	30.2028999329
150.811246152	1009.3293457	40.0813140869	30.2028999329
150.811246152	1009.3293457	40.0813140869	30.2028999329
150.811246153	1009.3293457	40.0813140869	30.2028999329
150.811246153	1009.3293457	40.0813140869	30.2028999329
150.811246153	1009.3293457	40.0813140869	30.2028999329
150.811246153	1009.3293457	40.0813140869	30.2028999329
150.811246153	1009.3293457	40.0813140869	30.2028999329
150.811246154	1009.3293457	40.0813140869	30.2028999329
150.811246154	1009.3293457	40.0813140869	30.2028999329
150.811246154	1009.3293457	40.0813140869	30.2391319275
150.811246154	1009.3293457	38.7983093262	30.2391319275
150.811246155	1009.3293457	38.7983093262	30.2391319275
150.811246155	1009.3293457	38.7983093262	30.2391319275
150.811246155	1009.3293457	38.7983093262	30.2391319275
150.811246155	1009.3293457	38.7983093262	30.2391319275
150.811246156	1009.3293457	38.7983093262	30.2391319275
150.811246156	1009.3269043	38.7983093262	30.2391319275
150.811246156	1009.3269043	38.7983093262	30.2391319275
150.811246156	1009.3269043	38.7983093262	30.2391319275
150.811246157	1009.3269043	38.7983093262	30.2391319275
150.811246157	1009.3269043	38.7983093262	30.2391319275
