2.69273233038	1400
time	pressure	humidity	temperature
150.811253436	1007.9128418	40.4850616455	30.6204032898
150.811253437	1007.9128418	42.3515014648	30.6204032898
150.811253438	1007.9128418	42.3515014648	30.6204032898
150.811253438	1007.9128418	42.3515014648	30.6204032898
150.811253438	1007.9128418	42.3515014648	30.6204032898
150.811253438	1007.9128418	42.3515014648	30.6204032898
150.811253438	1007.9128418	42.3515014648	30.6204032898
150.811253439	1007.91772461	42.3515014648	30.6204032898
150.811253439	1007.91772461	42.3515014648	30.6204032898
150.811253439	1007.91772461	42.3515014648	30.6204032898
150.81125344	1007.91772461	42.3515014648	30.6204032898
150.81125344	1007.91772461	42.3515014648	30.6204032898
150.81125344	1007.91772461	42.3515014648	30.6204032898
150.81125344	1007.91772461	42.3515014648	30.6204032898
150.81125344	1007.91772461	42.3515014648	30.6204032898
150.811253441	1007.91772461	42.3515014648	30.6204032898
150.811253441	1007.91772461	42.3515014648	30.6204032898
150.811253441	1007.91772461	42.3515014648	30.6204032898
150.811253441	1007.91772461	42.3515014648	30.6204032898
150.811253442	1007.91772461	42.3515014648	30.6204032898
150.811253442	1007.91772461	42.3515014648	30.6204032898
150.811253442	1007.91772461	42.3515014648	30.6204032898
150.811253442	1007.91772461	42.3515014648	30.6204032898
150.811253442	1007.91772461	42.3515014648	30.6204032898
150.811253443	1007.91821289	42.3515014648	30.6204032898
150.811253443	1007.91821289	42.3515014648	30.6204032898
150.811253443	1007.91821289	42.3515014648	30.6204032898
150.811253443	1007.91821289	42.3515014648	30.6204032898
150.811253444	1007.91821289	42.3515014648	30.6204032898
150.811253444	1007.91821289	42.3515014648	30.6204032898
150.811253444	1007.91821289	42.3515014648	30.6204032898
150.811253444	1007.91821289	42.3515014648	30.6204032898
150.811253445	1007.91821289	42.3515014648	30.6204032898
150.811253445	1007.91821289	42.3515014648	30.6204032898
150.811253445	1007.91821289	42.3515014648	30.6389656067
150.811253445	1007.91821289	39.2108840942	30.6389656067
150.811253446	1007.91821289	39.2108840942	30.6389656067
150.811253446	1007.91821289	39.2108840942	30.6389656067
150.811253446	1007.91821289	39.2108840942	30.6389656067
150.811253446	1007.91821289	39.2108840942	30.6389656067
150.811253447	1007.9140625	39.2108840942	30.6389656067
150.811253447	1007.9140625	39.2108840942	30.6389656067
150.811253447	1007.9140625	39.2108840942	30.6389656067
150.811253447	1007.9140625	39.2108840942	30.6389656067
150.811253448	1007.9140625	39.2108840942	30.6389656067
150.811253448	1007.9140625	39.2108840942	30.6389656067
150.811253448	1007.9140625	39.2108840942	30.6389656067
150.811253448	1007.9140625	39.2108840942	30.6389656067
150.811253449	1007.9140625	39.2108840942	30.6389656067
150.811253449	1007.9140625	39.2108840942	30.6389656067
150.811253449	1007.9140625	39.2108840942	30.6389656067
150.811253449	1007.9140625	39.2108840942	30.6389656067
150.811253449	1007.9140625	39.2108840942	30.6389656067
150.81125345	1007.9140625	39.2108840942	30.6389656067
150.81125345	1007.9140625	39.2108840942	30.6389656067
150.81125345	1007.9140625	39.2108840942	30.6389656067
150.81125345	1007.9140625	39.2108840942	30.6389656067
150.811253451	1007.91186523	39.2108840942	30.6389656067
150.811253451	1007.91186523	39.2108840942	30.6389656067
150.811253451	1007.91186523	39.2108840942	30.6389656067
150.811253451	1007.91186523	39.2108840942	30.6389656067
150.811253452	1007.91186523	39.2108840942	30.6389656067
150.811253452	1007.91186523	39.2108840942	30.6389656067
150.811253452	1007.91186523	39.2108840942	30.6389656067
150.811253452	1007.91186523	39.2108840942	30.6389656067
150.811253452	1007.91186523	39.2108840942	30.6389656067
150.811253453	1007.91186523	39.2108840942	30.6389656067
150.811253453	1007.91186523	39.2108840942	30.6389656067
150.811253453	1007.91186523	39.2108840942	30.6575279236
150.811253454	1007.91186523	39.8127555847	30.6575279236
150.811253454	1007.91186523	39.8127555847	30.6575279236
150.811253454	1007.91186523	39.8127555847	30.6575279236
150.811253454	1007.91186523	39.8127555847	30.6575279236
150.811253454	1007.90795898	39.8127555847	30.6575279236
150.811253455	1007.90795898	39.8127555847	30.6575279236
150.811253455	1007.90795898	39.8127555847	30.6575279236
150.811253455	1007.90795898	39.8127555847	30.6575279236
150.811253455	1007.90795898	39.8127555847	30.6575279236
150.811253456	1007.90795898	39.8127555847	30.6575279236
150.811253456	1007.90795898	39.8127555847	30.6575279236
150.811253456	1007.90795898	39.8127555847	30.6575279236
150.811253456	1007.90795898	39.8127555847	30.6575279236
150.811253457	1007.90795898	39.8127555847	30.6575279236
150.811253457	1007.90795898	39.8127555847	30.6575279236
150.811253457	1007.90795898	39.8127555847	30.6575279236
150.811253457	1007.90795898	39.8127555847	30.6575279236
150.811253457	1007.90795898	39.8127555847	30.6575279236
150.811253458	1007.90795898	39.8127555847	30.6575279236
150.811253458	1007.90795898	39.8127555847	30.6575279236
150.811253458	1007.90795898	39.8127555847	30.6575279236
150.811253458	1007.90600586	39.8127555847	30.6575279236
150.811253459	1007.90600586	39.8127555847	30.6575279236
150.811253459	1007.90600586	39.8127555847	30.6575279236
150.811253459	1007.90600586	39.8127555847	30.6575279236
150.811253459	1007.90600586	39.8127555847	30.6575279236
150.81125346	1007.90600586	39.8127555847	30.6575279236
150.81125346	1007.90600586	39.8127555847	30.6575279236
150.81125346	1007.90600586	39.8127555847	30.6575279236
150.81125346	1007.90600586	39.8127555847	30.6575279236
150.811253461	1007.90600586	39.8127555847	30.6575279236
150.811253461	1007.90600586	39.8127555847	30.6575279236
150.811253461	1007.90600586	39.8127555847	30.6575279236
150.811253461	1007.90600586	39.8127555847	30.6018409729
150.811253462	1007.90600586	40.8756370544	30.6018409729
150.811253462	1007.90600586	40.8756370544	30.6018409729
150.811253462	1007.90600586	40.8756370544	30.6018409729
150.811253462	1007.90698242	40.8756370544	30.6018409729
150.811253463	1007.90698242	40.8756370544	30.6018409729
150.811253463	1007.90698242	40.8756370544	30.6018409729
150.811253463	1007.90698242	40.8756370544	30.6018409729
150.811253463	1007.90698242	40.8756370544	30.6018409729
150.811253464	1007.90698242	40.8756370544	30.6018409729
150.811253464	1007.90698242	40.8756370544	30.6018409729
150.811253464	1007.90698242	40.8756370544	30.6018409729
150.811253464	1007.90698242	40.8756370544	30.6018409729
150.811253464	1007.90698242	40.8756370544	30.6018409729
150.811253465	1007.90698242	40.8756370544	30.6018409729
150.811253465	1007.90698242	40.8756370544	30.6018409729
150.811253465	1007.90698242	40.8756370544	30.6018409729
150.811253465	1007.90698242	40.8756370544	30.6018409729
150.811253466	1007.90698242	40.8756370544	30.6018409729
150.811253466	1007.90698242	40.8756370544	30.6018409729
150.811253466	1007.90698242	40.8756370544	30.6018409729
150.811253466	1007.90942383	40.8756370544	30.6018409729
150.811253467	1007.90942383	40.8756370544	30.6018409729
150.811253467	1007.90942383	40.8756370544	30.6018409729
150.811253467	1007.90942383	40.8756370544	30.6018409729
150.811253467	1007.90942383	40.8756370544	30.6018409729
150.811253468	1007.90942383	40.8756370544	30.6018409729
150.811253468	1007.90942383	40.8756370544	30.6018409729
150.811253468	1007.90942383	40.8756370544	30.6018409729
150.811253468	1007.90942383	40.8756370544	30.6018409729
150.811253468	1007.90942383	40.8756370544	30.6018409729
150.811253469	1007.90942383	40.8756370544	30.6018409729
150.811253469	1007.90942383	40.8756370544	30.6018409729
150.811253469	1007.90942383	40.8756370544	30.6018409729
150.811253469	1007.90942383	40.8756370544	30.6575279236
150.81125347	1007.90942383	40.8724365234	30.6575279236
150.81125347	1007.90942383	40.8724365234	30.6575279236
150.81125347	1007.91210938	40.8724365234	30.6575279236
150.811253471	1007.91210938	40.8724365234	30.6575279236
150.811253471	1007.91210938	40.8724365234	30.6575279236
150.811253471	1007.91210938	40.8724365234	30.6575279236
150.811253471	1007.91210938	40.8724365234	30.6575279236
150.811253471	1007.91210938	40.8724365234	30.6575279236
150.811253472	1007.91210938	40.8724365234	30.6575279236
150.811253472	1007.91210938	40.8724365234	30.6575279236
150.811253472	1007.91210938	40.8724365234	30.6575279236
150.811253472	1007.91210938	40.8724365234	30.6575279236
150.811253473	1007.91210938	40.8724365234	30.6575279236
150.811253473	1007.91210938	40.8724365234	30.6575279236
150.811253473	1007.91210938	40.8724365234	30.6575279236
150.811253473	1007.91210938	40.8724365234	30.6575279236
150.811253473	1007.91210938	40.8724365234	30.6575279236
150.811253474	1007.91210938	40.8724365234	30.6575279236
150.811253474	1007.91210938	40.8724365234	30.6575279236
150.811253474	1007.91015625	40.8724365234	30.6575279236
150.811253474	1007.91015625	40.8724365234	30.6575279236
150.811253475	1007.91015625	40.8724365234	30.6575279236
150.811253475	1007.91015625	40.8724365234	30.6575279236
150.811253475	1007.91015625	40.8724365234	30.6575279236
150.811253475	1007.91015625	40.8724365234	30.6575279236
150.811253476	1007.91015625	40.8724365234	30.6575279236
150.811253476	1007.91015625	40.8724365234	30.6575279236
150.811253476	1007.91015625	40.8724365234	30.6575279236
150.811253476	1007.91015625	40.8724365234	30.6575279236
150.811253476	1007.91015625	40.8724365234	30.6575279236
150.811253477	1007.91015625	40.8724365234	30.6575279236
150.811253477	1007.91015625	40.8724365234	30.6575279236
150.811253477	1007.91015625	40.8724365234	30.6575279236
150.811253477	1007.91015625	40.8724365234	30.6018409729
150.811253478	1007.91015625	41.2630119324	30.6018409729
150.811253478	1007.90893555	41.2630119324	30.6018409729
150.811253478	1007.90893555	41.2630119324	30.6018409729
150.811253479	1007.90893555	41.2630119324	30.6018409729
150.811253479	1007.90893555	41.2630119324	30.6018409729
150.811253479	1007.90893555	41.2630119324	30.6018409729
150.811253479	1007.90893555	41.2630119324	30.6018409729
150.81125348	1007.90893555	41.2630119324	30.6018409729
150.81125348	1007.90893555	41.2630119324	30.6018409729
150.81125348	1007.90893555	41.2630119324	30.6018409729
150.81125348	1007.90893555	41.2630119324	30.6018409729
150.81125348	1007.90893555	41.2630119324	30.6018409729
150.811253481	1007.90893555	41.2630119324	30.6018409729
150.811253481	1007.90893555	41.2630119324	30.6018409729
150.811253481	1007.90893555	41.2630119324	30.6018409729
150.811253481	1007.90893555	41.2630119324	30.6018409729
150.811253481	1007.90893555	41.2630119324	30.6018409729
150.811253482	1007.90893555	41.2630119324	30.6018409729
150.811253482	1007.91333008	41.2630119324	30.6018409729
150.811253482	1007.91333008	41.2630119324	30.6018409729
150.811253483	1007.91333008	41.2630119324	30.6018409729
150.811253483	1007.91333008	41.2630119324	30.6018409729
150.811253483	1007.91333008	41.2630119324	30.6018409729
150.811253483	1007.91333008	41.2630119324	30.6018409729
150.811253483	1007.91333008	41.2630119324	30.6018409729
150.811253484	1007.91333008	41.2630119324	30.6018409729
150.811253484	1007.91333008	41.2630119324	30.6018409729
150.811253484	1007.91333008	41.2630119324	30.6018409729
150.811253484	1007.91333008	41.2630119324	30.6018409729
150.811253485	1007.91333008	41.2630119324	30.6018409729
150.811253485	1007.91333008	41.2630119324	30.6018409729
150.811253485	1007.91333008	41.2630119324	30.6018409729
150.811253485	1007.91333008	41.2630119324	30.6018409729
150.811253485	1007.91333008	41.2630119324	30.6389656067
150.811253486	1007.91870117	42.6108169556	30.6389656067
150.811253486	1007.91870117	42.6108169556	30.6389656067
150.811253486	1007.91870117	42.6108169556	30.6389656067
150.811253487	1007.91870117	42.6108169556	30.6389656067
150.811253487	1007.91870117	42.6108169556	30.6389656067
150.811253487	1007.91870117	42.6108169556	30.6389656067
150.811253487	1007.91870117	42.6108169556	30.6389656067
150.811253488	1007.91870117	42.6108169556	30.6389656067
150.811253488	1007.91870117	42.6108169556	30.6389656067
150.811253488	1007.91870117	42.6108169556	30.6389656067
150.811253488	1007.91870117	42.6108169556	30.6389656067
150.811253488	1007.91870117	42.6108169556	30.6389656067
150.811253489	1007.91870117	42.6108169556	30.6389656067
150.811253489	1007.91870117	42.6108169556	30.6389656067
150.811253489	1007.91870117	42.6108169556	30.6389656067
150.811253489	1007.91870117	42.6108169556	30.6389656067
150.81125349	1007.91870117	42.6108169556	30.6389656067
150.81125349	1007.9206543	42.6108169556	30.6389656067
150.81125349	1007.9206543	42.6108169556	30.6389656067
150.81125349	1007.9206543	42.6108169556	30.6389656067
150.811253491	1007.9206543	42.6108169556	30.6389656067
150.811253491	1007.9206543	42.6108169556	30.6389656067
150.811253491	1007.9206543	42.6108169556	30.6389656067
150.811253491	1007.9206543	42.6108169556	30.6389656067
150.811253492	1007.9206543	42.6108169556	30.6389656067
150.811253492	1007.9206543	42.6108169556	30.6389656067
150.811253492	1007.9206543	42.6108169556	30.6389656067
150.811253492	1007.9206543	42.6108169556	30.6389656067
150.811253492	1007.9206543	42.6108169556	30.6389656067
150.811253493	1007.9206543	42.6108169556	30.6389656067
150.811253493	1007.9206543	42.6108169556	30.6389656067
150.811253493	1007.9206543	42.6108169556	30.6389656067
150.811253493	1007.9206543	42.6108169556	30.6389656067
150.811253494	1007.9206543	42.6108169556	30.5832767487
150.811253494	1007.92333984	38.9451637268	30.5832767487
150.811253494	1007.92333984	38.9451637268	30.5832767487
150.811253495	1007.92333984	38.9451637268	30.5832767487
150.811253495	1007.92333984	38.9451637268	30.5832767487
150.811253495	1007.92333984	38.9451637268	30.5832767487
150.811253495	1007.92333984	38.9451637268	30.5832767487
150.811253495	1007.92333984	38.9451637268	30.5832767487
150.811253496	1007.92333984	38.9451637268	30.5832767487
150.811253496	1007.92333984	38.9451637268	30.5832767487
150.811253496	1007.92333984	38.9451637268	30.5832767487
150.811253496	1007.92333984	38.9451637268	30.5832767487
150.811253497	1007.92333984	38.9451637268	30.5832767487
150.811253497	1007.92333984	38.9451637268	30.5832767487
150.811253497	1007.92333984	38.9451637268	30.5832767487
150.811253497	1007.92333984	38.9451637268	30.5832767487
150.811253497	1007.92333984	38.9451637268	30.5832767487
150.811253498	1007.92211914	38.9451637268	30.5832767487
150.811253498	1007.92211914	38.9451637268	30.5832767487
150.811253498	1007.92211914	38.9451637268	30.5832767487
150.811253498	1007.92211914	38.9451637268	30.5832767487
150.811253499	1007.92211914	38.9451637268	30.5832767487
150.811253499	1007.92211914	38.9451637268	30.5832767487
150.811253499	1007.92211914	38.9451637268	30.5832767487
150.811253499	1007.92211914	38.9451637268	30.5832767487
150.8112535	1007.92211914	38.9451637268	30.5832767487
150.8112535	1007.92211914	38.9451637268	30.5832767487
150.8112535	1007.92211914	38.9451637268	30.5832767487
150.8112535	1007.92211914	38.9451637268	30.5832767487
150.8112535	1007.92211914	38.9451637268	30.5832767487
150.811253501	1007.92211914	38.9451637268	30.5832767487
150.811253501	1007.92211914	38.9451637268	30.5832767487
150.811253501	1007.92211914	38.9451637268	30.5832767487
150.811253501	1007.92211914	38.9451637268	30.5832767487
150.811253502	1007.92211914	38.9451637268	30.6018409729
150.811253502	1007.92211914	41.6856002808	30.6018409729
150.811253502	1007.92211914	41.6856002808	30.6018409729
150.811253503	1007.92211914	41.6856002808	30.6018409729
150.811253503	1007.92211914	41.6856002808	30.6018409729
150.811253503	1007.92211914	41.6856002808	30.6018409729
150.811253503	1007.92211914	41.6856002808	30.6018409729
150.811253504	1007.92211914	41.6856002808	30.6018409729
150.811253504	1007.92211914	41.6856002808	30.6018409729
150.811253504	1007.92211914	41.6856002808	30.6018409729
150.811253504	1007.92211914	41.6856002808	30.6018409729
150.811253504	1007.92211914	41.6856002808	30.6018409729
150.811253505	1007.92211914	41.6856002808	30.6018409729
150.811253505	1007.92211914	41.6856002808	30.6018409729
150.811253505	1007.92211914	41.6856002808	30.6018409729
150.811253505	1007.92211914	41.6856002808	30.6018409729
150.811253505	1007.92456055	41.6856002808	30.6018409729
150.811253506	1007.92456055	41.6856002808	30.6018409729
150.811253506	1007.92456055	41.6856002808	30.6018409729
150.811253506	1007.92456055	41.6856002808	30.6018409729
150.811253507	1007.92456055	41.6856002808	30.6018409729
150.811253507	1007.92456055	41.6856002808	30.6018409729
150.811253507	1007.92456055	41.6856002808	30.6018409729
150.811253507	1007.92456055	41.6856002808	30.6018409729
150.811253507	1007.92456055	41.6856002808	30.6018409729
150.811253508	1007.92456055	41.6856002808	30.6018409729
150.811253508	1007.92456055	41.6856002808	30.6018409729
150.811253508	1007.92456055	41.6856002808	30.6018409729
150.811253508	1007.92456055	41.6856002808	30.6018409729
150.811253509	1007.92456055	41.6856002808	30.6018409729
150.811253509	1007.92456055	41.6856002808	30.6018409729
150.811253509	1007.92456055	41.6856002808	30.6018409729
150.811253509	1007.92456055	41.6856002808	30.6018409729
150.811253509	1007.92260742	41.6856002808	30.6018409729
150.81125351	1007.92260742	39.3261375427	30.6018409729
150.81125351	1007.92260742	39.3261375427	30.6018409729
150.81125351	1007.92260742	39.3261375427	30.6018409729
150.811253511	1007.92260742	39.3261375427	30.6018409729
150.811253511	1007.92260742	39.3261375427	30.6018409729
150.811253511	1007.92260742	39.3261375427	30.6018409729
150.811253511	1007.92260742	39.3261375427	30.6018409729
150.811253512	1007.92260742	39.3261375427	30.6018409729
150.811253512	1007.92260742	39.3261375427	30.6018409729
150.811253512	1007.92260742	39.3261375427	30.6018409729
150.811253512	1007.92260742	39.3261375427	30.6018409729
150.811253512	1007.92260742	39.3261375427	30.6018409729
150.811253513	1007.92260742	39.3261375427	30.6018409729
150.811253513	1007.92260742	39.3261375427	30.6018409729
150.811253513	1007.92260742	39.3261375427	30.6018409729
150.811253513	1007.92578125	39.3261375427	30.6018409729
150.811253514	1007.92578125	39.3261375427	30.6018409729
150.811253514	1007.92578125	39.3261375427	30.6018409729
150.811253514	1007.92578125	39.3261375427	30.6018409729
150.811253514	1007.92578125	39.3261375427	30.6018409729
150.811253515	1007.92578125	39.3261375427	30.6018409729
150.811253515	1007.92578125	39.3261375427	30.6018409729
150.811253515	1007.92578125	39.3261375427	30.6018409729
150.811253515	1007.92578125	39.3261375427	30.6018409729
150.811253515	1007.92578125	39.3261375427	30.6018409729
150.811253516	1007.92578125	39.3261375427	30.6018409729
150.811253516	1007.92578125	39.3261375427	30.6018409729
150.811253516	1007.92578125	39.3261375427	30.6018409729
150.811253516	1007.92578125	39.3261375427	30.6018409729
150.811253517	1007.92578125	39.3261375427	30.6018409729
150.811253517	1007.92578125	39.3261375427	30.6018409729
150.811253517	1007.92578125	39.3261375427	30.6018409729
150.811253517	1007.92504883	39.3261375427	30.6018409729
150.811253518	1007.92504883	39.3261375427	30.6018409729
150.811253518	1007.92504883	39.3261375427	30.5461521149
150.811253518	1007.92504883	41.3974723816	30.5461521149
150.811253519	1007.92504883	41.3974723816	30.5461521149
150.811253519	1007.92504883	41.3974723816	30.5461521149
150.811253519	1007.92504883	41.3974723816	30.5461521149
150.811253519	1007.92504883	41.3974723816	30.5461521149
150.811253519	1007.92504883	41.3974723816	30.5461521149
150.81125352	1007.92504883	41.3974723816	30.5461521149
150.81125352	1007.92504883	41.3974723816	30.5461521149
150.81125352	1007.92504883	41.3974723816	30.5461521149
150.81125352	1007.92504883	41.3974723816	30.5461521149
150.811253521	1007.92504883	41.3974723816	30.5461521149
150.811253521	1007.92504883	41.3974723816	30.5461521149
150.811253521	1007.92504883	41.3974723816	30.5461521149
150.811253521	1007.9230957	41.3974723816	30.5461521149
150.811253522	1007.9230957	41.3974723816	30.5461521149
150.811253522	1007.9230957	41.3974723816	30.5461521149
150.811253522	1007.9230957	41.3974723816	30.5461521149
150.811253522	1007.9230957	41.3974723816	30.5461521149
150.811253522	1007.9230957	41.3974723816	30.5461521149
150.811253523	1007.9230957	41.3974723816	30.5461521149
150.811253523	1007.9230957	41.3974723816	30.5461521149
150.811253523	1007.9230957	41.3974723816	30.5461521149
150.811253523	1007.9230957	41.3974723816	30.5461521149
150.811253524	1007.9230957	41.3974723816	30.5461521149
150.811253524	1007.9230957	41.3974723816	30.5461521149
150.811253524	1007.9230957	41.3974723816	30.5461521149
150.811253524	1007.9230957	41.3974723816	30.5461521149
150.811253524	1007.9230957	41.3974723816	30.5461521149
150.811253525	1007.9230957	41.3974723816	30.5461521149
150.811253525	1007.9230957	41.3974723816	30.5461521149
150.811253525	1007.92016602	41.3974723816	30.5461521149
150.811253526	1007.92016602	41.3974723816	30.5461521149
150.811253526	1007.92016602	41.3974723816	30.5461521149
150.811253526	1007.92016602	41.3974723816	30.5832767487
150.811253526	1007.92016602	39.3709564209	30.5832767487
150.811253527	1007.92016602	39.3709564209	30.5832767487
150.811253527	1007.92016602	39.3709564209	30.5832767487
150.811253527	1007.92016602	39.3709564209	30.5832767487
150.811253527	1007.92016602	39.3709564209	30.5832767487
150.811253527	1007.92016602	39.3709564209	30.5832767487
150.811253528	1007.92016602	39.3709564209	30.5832767487
150.811253528	1007.92016602	39.3709564209	30.5832767487
150.811253528	1007.92016602	39.3709564209	30.5832767487
150.811253528	1007.92016602	39.3709564209	30.5832767487
150.811253529	1007.92016602	39.3709564209	30.5832767487
150.811253529	1007.92016602	39.3709564209	30.5832767487
150.811253529	1007.91430664	39.3709564209	30.5832767487
150.811253529	1007.91430664	39.3709564209	30.5832767487
150.81125353	1007.91430664	39.3709564209	30.5832767487
150.81125353	1007.91430664	39.3709564209	30.5832767487
150.81125353	1007.91430664	39.3709564209	30.5832767487
150.81125353	1007.91430664	39.3709564209	30.5832767487
150.811253531	1007.91430664	39.3709564209	30.5832767487
150.811253531	1007.91430664	39.3709564209	30.5832767487
150.811253531	1007.91430664	39.3709564209	30.5832767487
150.811253531	1007.91430664	39.3709564209	30.5832767487
150.811253531	1007.91430664	39.3709564209	30.5832767487
150.811253532	1007.91430664	39.3709564209	30.5832767487
150.811253532	1007.91430664	39.3709564209	30.5832767487
150.811253532	1007.91430664	39.3709564209	30.5832767487
150.811253532	1007.91430664	39.3709564209	30.5832767487
150.811253533	1007.91430664	39.3709564209	30.5832767487
150.811253533	1007.91430664	39.3709564209	30.5832767487
150.811253533	1007.91894531	39.3709564209	30.5832767487
150.811253533	1007.91894531	39.3709564209	30.5832767487
150.811253534	1007.91894531	39.3709564209	30.5832767487
150.811253534	1007.91894531	39.3709564209	30.5832767487
150.811253534	1007.91894531	39.3709564209	30.5461521149
150.811253534	1007.91894531	41.2085876465	30.5461521149
150.811253535	1007.91894531	41.2085876465	30.5461521149
150.811253535	1007.91894531	41.2085876465	30.5461521149
150.811253535	1007.91894531	41.2085876465	30.5461521149
150.811253535	1007.91894531	41.2085876465	30.5461521149
150.811253536	1007.91894531	41.2085876465	30.5461521149
150.811253536	1007.91894531	41.2085876465	30.5461521149
150.811253536	1007.91894531	41.2085876465	30.5461521149
150.811253536	1007.91894531	41.2085876465	30.5461521149
150.811253536	1007.91894531	41.2085876465	30.5461521149
150.811253537	1007.91894531	41.2085876465	30.5461521149
150.811253537	1007.91479492	41.2085876465	30.5461521149
150.811253537	1007.91479492	41.2085876465	30.5461521149
150.811253537	1007.91479492	41.2085876465	30.5461521149
150.811253538	1007.91479492	41.2085876465	30.5461521149
150.811253538	1007.91479492	41.2085876465	30.5461521149
150.811253538	1007.91479492	41.2085876465	30.5461521149
150.811253538	1007.91479492	41.2085876465	30.5461521149
150.811253539	1007.91479492	41.2085876465	30.5461521149
150.811253539	1007.91479492	41.2085876465	30.5461521149
150.811253539	1007.91479492	41.2085876465	30.5461521149
150.811253539	1007.91479492	41.2085876465	30.5461521149
150.811253539	1007.91479492	41.2085876465	30.5461521149
150.81125354	1007.91479492	41.2085876465	30.5461521149
150.81125354	1007.91479492	41.2085876465	30.5461521149
150.81125354	1007.91479492	41.2085876465	30.5461521149
150.81125354	1007.91479492	41.2085876465	30.5461521149
150.811253541	1007.91479492	41.2085876465	30.5461521149
150.811253541	1007.91796875	41.2085876465	30.5461521149
150.811253541	1007.91796875	41.2085876465	30.5461521149
150.811253541	1007.91796875	41.2085876465	30.5461521149
150.811253542	1007.91796875	41.2085876465	30.5461521149
150.811253542	1007.91796875	41.2085876465	30.5461521149
150.811253542	1007.91796875	41.2085876465	30.6389656067
150.811253542	1007.91796875	40.4690513611	30.6389656067
150.811253543	1007.91796875	40.4690513611	30.6389656067
150.811253543	1007.91796875	40.4690513611	30.6389656067
150.811253543	1007.91796875	40.4690513611	30.6389656067
150.811253543	1007.91796875	40.4690513611	30.6389656067
150.811253544	1007.91796875	40.4690513611	30.6389656067
150.811253544	1007.91796875	40.4690513611	30.6389656067
150.811253544	1007.91796875	40.4690513611	30.6389656067
150.811253544	1007.91796875	40.4690513611	30.6389656067
150.811253544	1007.91796875	40.4690513611	30.6389656067
150.811253545	1007.91577148	40.4690513611	30.6389656067
150.811253545	1007.91577148	40.4690513611	30.6389656067
150.811253545	1007.91577148	40.4690513611	30.6389656067
150.811253546	1007.91577148	40.4690513611	30.6389656067
150.811253546	1007.91577148	40.4690513611	30.6389656067
150.811253546	1007.91577148	40.4690513611	30.6389656067
150.811253546	1007.91577148	40.4690513611	30.6389656067
150.811253546	1007.91577148	40.4690513611	30.6389656067
150.811253547	1007.91577148	40.4690513611	30.6389656067
150.811253547	1007.91577148	40.4690513611	30.6389656067
150.811253547	1007.91577148	40.4690513611	30.6389656067
150.811253547	1007.91577148	40.4690513611	30.6389656067
150.811253548	1007.91577148	40.4690513611	30.6389656067
150.811253548	1007.91577148	40.4690513611	30.6389656067
150.811253548	1007.91577148	40.4690513611	30.6389656067
150.811253548	1007.91577148	40.4690513611	30.6389656067
150.811253548	1007.91577148	40.4690513611	30.6389656067
150.811253549	1007.91699219	40.4690513611	30.6389656067
150.811253549	1007.91699219	40.4690513611	30.6389656067
150.811253549	1007.91699219	40.4690513611	30.6389656067
150.81125355	1007.91699219	40.4690513611	30.6389656067
150.81125355	1007.91699219	40.4690513611	30.6389656067
150.81125355	1007.91699219	40.4690513611	30.6389656067
150.81125355	1007.91699219	40.4690513611	30.6389656067
150.81125355	1007.91699219	42.2938766479	30.6389656067
150.811253551	1007.91699219	42.2938766479	30.6389656067
150.811253551	1007.91699219	42.2938766479	30.6389656067
150.811253551	1007.91699219	42.2938766479	30.6389656067
150.811253551	1007.91699219	42.2938766479	30.6389656067
150.811253552	1007.91699219	42.2938766479	30.6389656067
150.811253552	1007.91699219	42.2938766479	30.6389656067
150.811253552	1007.91699219	42.2938766479	30.6389656067
150.811253552	1007.91699219	42.2938766479	30.6389656067
150.811253553	1007.91772461	42.2938766479	30.6389656067
150.811253553	1007.91772461	42.2938766479	30.6389656067
150.811253553	1007.91772461	42.2938766479	30.6389656067
150.811253553	1007.91772461	42.2938766479	30.6389656067
150.811253554	1007.91772461	42.2938766479	30.6389656067
150.811253554	1007.91772461	42.2938766479	30.6389656067
150.811253554	1007.91772461	42.2938766479	30.6389656067
150.811253554	1007.91772461	42.2938766479	30.6389656067
150.811253555	1007.91772461	42.2938766479	30.6389656067
150.811253555	1007.91772461	42.2938766479	30.6389656067
150.811253555	1007.91772461	42.2938766479	30.6389656067
150.811253555	1007.91772461	42.2938766479	30.6389656067
150.811253555	1007.91772461	42.2938766479	30.6389656067
150.811253556	1007.91772461	42.2938766479	30.6389656067
150.811253556	1007.91772461	42.2938766479	30.6389656067
150.811253556	1007.91772461	42.2938766479	30.6389656067
150.811253556	1007.91772461	42.2938766479	30.6389656067
150.811253557	1007.91845703	42.2938766479	30.6389656067
150.811253557	1007.91845703	42.2938766479	30.6389656067
150.811253557	1007.91845703	42.2938766479	30.6389656067
150.811253557	1007.91845703	42.2938766479	30.6389656067
150.811253558	1007.91845703	42.2938766479	30.6389656067
150.811253558	1007.91845703	42.2938766479	30.6389656067
150.811253558	1007.91845703	42.2938766479	30.6389656067
150.811253558	1007.91845703	42.2938766479	30.6204032898
150.811253559	1007.91845703	40.3826141357	30.6204032898
150.811253559	1007.91845703	40.3826141357	30.6204032898
150.811253559	1007.91845703	40.3826141357	30.6204032898
150.811253559	1007.91845703	40.3826141357	30.6204032898
150.81125356	1007.91845703	40.3826141357	30.6204032898
150.81125356	1007.91845703	40.3826141357	30.6204032898
150.81125356	1007.91845703	40.3826141357	30.6204032898
150.81125356	1007.91845703	40.3826141357	30.6204032898
150.81125356	1007.91845703	40.3826141357	30.6204032898
150.811253561	1007.91479492	40.3826141357	30.6204032898
150.811253561	1007.91479492	40.3826141357	30.6204032898
150.811253561	1007.91479492	40.3826141357	30.6204032898
150.811253561	1007.91479492	40.3826141357	30.6204032898
150.811253562	1007.91479492	40.3826141357	30.6204032898
150.811253562	1007.91479492	40.3826141357	30.6204032898
150.811253562	1007.91479492	40.3826141357	30.6204032898
150.811253562	1007.91479492	40.3826141357	30.6204032898
150.811253563	1007.91479492	40.3826141357	30.6204032898
150.811253563	1007.91479492	40.3826141357	30.6204032898
150.811253563	1007.91479492	40.3826141357	30.6204032898
150.811253563	1007.91479492	40.3826141357	30.6204032898
150.811253563	1007.91479492	40.3826141357	30.6204032898
150.811253564	1007.91479492	40.3826141357	30.6204032898
150.811253564	1007.91479492	40.3826141357	30.6204032898
150.811253564	1007.91479492	40.3826141357	30.6204032898
150.811253564	1007.91479492	40.3826141357	30.6204032898
150.811253565	1007.91113281	40.3826141357	30.6204032898
150.811253565	1007.91113281	40.3826141357	30.6204032898
150.811253565	1007.91113281	40.3826141357	30.6204032898
150.811253565	1007.91113281	40.3826141357	30.6204032898
150.811253566	1007.91113281	40.3826141357	30.6204032898
150.811253566	1007.91113281	40.3826141357	30.6204032898
150.811253566	1007.91113281	40.3826141357	30.6204032898
150.811253566	1007.91113281	40.3826141357	30.5647144318
150.811253567	1007.91113281	40.3826141357	30.5647144318
150.811253567	1007.91113281	43.2799224854	30.5647144318
150.811253567	1007.91113281	43.2799224854	30.5647144318
150.811253567	1007.91113281	43.2799224854	30.5647144318
150.811253568	1007.91113281	43.2799224854	30.5647144318
150.811253568	1007.91113281	43.2799224854	30.5647144318
150.811253568	1007.91113281	43.2799224854	30.5647144318
150.811253568	1007.91113281	43.2799224854	30.5647144318
150.811253568	1007.90991211	43.2799224854	30.5647144318
150.811253569	1007.90991211	43.2799224854	30.5647144318
150.811253569	1007.90991211	43.2799224854	30.5647144318
150.811253569	1007.90991211	43.2799224854	30.5647144318
150.81125357	1007.90991211	43.2799224854	30.5647144318
150.81125357	1007.90991211	43.2799224854	30.5647144318
150.81125357	1007.90991211	43.2799224854	30.5647144318
150.81125357	1007.90991211	43.2799224854	30.5647144318
150.81125357	1007.90991211	43.2799224854	30.5647144318
150.811253571	1007.90991211	43.2799224854	30.5647144318
150.811253571	1007.90991211	43.2799224854	30.5647144318
150.811253571	1007.90991211	43.2799224854	30.5647144318
150.811253571	1007.90991211	43.2799224854	30.5647144318
150.811253572	1007.90991211	43.2799224854	30.5647144318
150.811253572	1007.90991211	43.2799224854	30.5647144318
150.811253572	1007.90991211	43.2799224854	30.5647144318
150.811253572	1007.90991211	43.2799224854	30.5647144318
150.811253572	1007.90893555	43.2799224854	30.5647144318
150.811253573	1007.90893555	43.2799224854	30.5647144318
150.811253573	1007.90893555	43.2799224854	30.5647144318
150.811253573	1007.90893555	43.2799224854	30.5647144318
150.811253573	1007.90893555	43.2799224854	30.5647144318
150.811253574	1007.90893555	43.2799224854	30.5647144318
150.811253574	1007.90893555	43.2799224854	30.5647144318
150.811253574	1007.90893555	43.2799224854	30.5647144318
150.811253574	1007.90893555	43.2799224854	30.6204032898
150.811253575	1007.90893555	43.2799224854	30.6204032898
150.811253575	1007.90893555	38.1159896851	30.6204032898
150.811253575	1007.90893555	38.1159896851	30.6204032898
150.811253575	1007.90893555	38.1159896851	30.6204032898
150.811253576	1007.90893555	38.1159896851	30.6204032898
150.811253576	1007.90893555	38.1159896851	30.6204032898
150.811253576	1007.90893555	38.1159896851	30.6204032898
150.811253576	1007.90820312	38.1159896851	30.6204032898
150.811253577	1007.90820312	38.1159896851	30.6204032898
150.811253577	1007.90820312	38.1159896851	30.6204032898
150.811253577	1007.90820312	38.1159896851	30.6204032898
150.811253577	1007.90820312	38.1159896851	30.6204032898
150.811253578	1007.90820312	38.1159896851	30.6204032898
150.811253578	1007.90820312	38.1159896851	30.6204032898
150.811253578	1007.90820312	38.1159896851	30.6204032898
150.811253578	1007.90820312	38.1159896851	30.6204032898
150.811253579	1007.90820312	38.1159896851	30.6204032898
150.811253579	1007.90820312	38.1159896851	30.6204032898
150.811253579	1007.90820312	38.1159896851	30.6204032898
150.811253579	1007.90820312	38.1159896851	30.6204032898
150.811253579	1007.90820312	38.1159896851	30.6204032898
150.81125358	1007.90820312	38.1159896851	30.6204032898
150.81125358	1007.90820312	38.1159896851	30.6204032898
150.81125358	1007.90820312	38.1159896851	30.6204032898
150.81125358	1007.90991211	38.1159896851	30.6204032898
150.811253581	1007.90991211	38.1159896851	30.6204032898
150.811253581	1007.90991211	38.1159896851	30.6204032898
150.811253581	1007.90991211	38.1159896851	30.6204032898
150.811253581	1007.90991211	38.1159896851	30.6204032898
150.811253582	1007.90991211	38.1159896851	30.6204032898
150.811253582	1007.90991211	38.1159896851	30.6204032898
150.811253582	1007.90991211	38.1159896851	30.6204032898
150.811253582	1007.90991211	38.1159896851	30.6204032898
150.811253582	1007.90991211	38.1159896851	30.5275878906
150.811253583	1007.90991211	38.1159896851	30.5275878906
150.811253583	1007.90991211	37.8246574402	30.5275878906
150.811253583	1007.90991211	37.8246574402	30.5275878906
150.811253584	1007.90991211	37.8246574402	30.5275878906
150.811253584	1007.90991211	37.8246574402	30.5275878906
150.811253584	1007.90991211	37.8246574402	30.5275878906
150.811253584	1007.91137695	37.8246574402	30.5275878906
150.811253585	1007.91137695	37.8246574402	30.5275878906
150.811253585	1007.91137695	37.8246574402	30.5275878906
150.811253585	1007.91137695	37.8246574402	30.5275878906
150.811253585	1007.91137695	37.8246574402	30.5275878906
150.811253585	1007.91137695	37.8246574402	30.5275878906
150.811253586	1007.91137695	37.8246574402	30.5275878906
150.811253586	1007.91137695	37.8246574402	30.5275878906
150.811253586	1007.91137695	37.8246574402	30.5275878906
150.811253586	1007.91137695	37.8246574402	30.5275878906
150.811253587	1007.91137695	37.8246574402	30.5275878906
150.811253587	1007.91137695	37.8246574402	30.5275878906
150.811253587	1007.91137695	37.8246574402	30.5275878906
150.811253587	1007.91137695	37.8246574402	30.5275878906
150.811253587	1007.91137695	37.8246574402	30.5275878906
150.811253588	1007.91137695	37.8246574402	30.5275878906
150.811253588	1007.91137695	37.8246574402	30.5275878906
150.811253588	1007.9128418	37.8246574402	30.5275878906
150.811253589	1007.9128418	37.8246574402	30.5275878906
150.811253589	1007.9128418	37.8246574402	30.5275878906
150.811253589	1007.9128418	37.8246574402	30.5275878906
150.811253589	1007.9128418	37.8246574402	30.5275878906
150.811253589	1007.9128418	37.8246574402	30.5275878906
150.81125359	1007.9128418	37.8246574402	30.5275878906
150.81125359	1007.9128418	37.8246574402	30.5275878906
150.81125359	1007.9128418	37.8246574402	30.5275878906
150.81125359	1007.9128418	37.8246574402	30.5275878906
150.811253591	1007.9128418	37.8246574402	30.5275878906
150.811253591	1007.9128418	37.8246574402	30.6575279236
150.811253591	1007.9128418	39.643081665	30.6575279236
150.811253591	1007.9128418	39.643081665	30.6575279236
150.811253592	1007.9128418	39.643081665	30.6575279236
150.811253592	1007.9128418	39.643081665	30.6575279236
150.811253592	1007.90478516	39.643081665	30.6575279236
150.811253592	1007.90478516	39.643081665	30.6575279236
150.811253593	1007.90478516	39.643081665	30.6575279236
150.811253593	1007.90478516	39.643081665	30.6575279236
150.811253593	1007.90478516	39.643081665	30.6575279236
150.811253593	1007.90478516	39.643081665	30.6575279236
150.811253594	1007.90478516	39.643081665	30.6575279236
150.811253594	1007.90478516	39.643081665	30.6575279236
150.811253594	1007.90478516	39.643081665	30.6575279236
150.811253594	1007.90478516	39.643081665	30.6575279236
150.811253594	1007.90478516	39.643081665	30.6575279236
150.811253595	1007.90478516	39.643081665	30.6575279236
150.811253595	1007.90478516	39.643081665	30.6575279236
150.811253595	1007.90478516	39.643081665	30.6575279236
150.811253595	1007.90478516	39.643081665	30.6575279236
150.811253596	1007.90478516	39.643081665	30.6575279236
150.811253596	1007.90478516	39.643081665	30.6575279236
150.811253596	1007.90356445	39.643081665	30.6575279236
150.811253596	1007.90356445	39.643081665	30.6575279236
150.811253597	1007.90356445	39.643081665	30.6575279236
150.811253597	1007.90356445	39.643081665	30.6575279236
150.811253597	1007.90356445	39.643081665	30.6575279236
150.811253597	1007.90356445	39.643081665	30.6575279236
150.811253598	1007.90356445	39.643081665	30.6575279236
150.811253598	1007.90356445	39.643081665	30.6575279236
150.811253598	1007.90356445	39.643081665	30.6575279236
150.811253598	1007.90356445	39.643081665	30.6575279236
150.811253598	1007.90356445	39.643081665	30.6575279236
150.811253599	1007.90356445	39.643081665	30.6575279236
150.811253599	1007.90356445	39.643081665	30.6389656067
150.811253599	1007.90356445	39.4413871765	30.6389656067
150.811253599	1007.90356445	39.4413871765	30.6389656067
150.8112536	1007.90356445	39.4413871765	30.6389656067
150.8112536	1007.90405273	39.4413871765	30.6389656067
150.8112536	1007.90405273	39.4413871765	30.6389656067
150.811253601	1007.90405273	39.4413871765	30.6389656067
150.811253601	1007.90405273	39.4413871765	30.6389656067
150.811253601	1007.90405273	39.4413871765	30.6389656067
150.811253601	1007.90405273	39.4413871765	30.6389656067
150.811253601	1007.90405273	39.4413871765	30.6389656067
150.811253602	1007.90405273	39.4413871765	30.6389656067
150.811253602	1007.90405273	39.4413871765	30.6389656067
150.811253602	1007.90405273	39.4413871765	30.6389656067
150.811253602	1007.90405273	39.4413871765	30.6389656067
150.811253603	1007.90405273	39.4413871765	30.6389656067
150.811253603	1007.90405273	39.4413871765	30.6389656067
150.811253603	1007.90405273	39.4413871765	30.6389656067
150.811253603	1007.90405273	39.4413871765	30.6389656067
150.811254366	1009.28833008	41.1515769958	30.2753620148
150.811254369	1009.28833008	41.1515769958	30.2753620148
150.811254369	1009.28833008	41.1515769958	30.2753620148
150.811254369	1009.28833008	41.1515769958	30.2753620148
150.81125437	1009.28833008	41.1515769958	30.2753620148
150.81125437	1009.28833008	41.1515769958	30.2753620148
150.81125437	1009.28833008	41.1515769958	30.2753620148
150.81125437	1009.28833008	41.1515769958	30.2753620148
150.81125437	1009.28833008	41.1515769958	30.2753620148
150.81125437	1009.2890625	41.1515769958	30.2753620148
150.81125437	1009.2890625	41.1515769958	30.2753620148
150.811254371	1009.2890625	41.1515769958	30.2753620148
150.811254371	1009.2890625	41.1515769958	30.2753620148
150.811254371	1009.2890625	41.1515769958	30.2753620148
150.811254371	1009.2890625	41.1515769958	30.2753620148
150.811254371	1009.2890625	41.1515769958	30.2753620148
150.811254371	1009.2890625	41.1515769958	30.2753620148
150.811254371	1009.2890625	41.1515769958	30.2753620148
150.811254372	1009.2890625	41.1515769958	30.2753620148
150.811254372	1009.2890625	41.1515769958	30.2753620148
150.811254372	1009.2890625	41.1515769958	30.2753620148
150.811254372	1009.2890625	41.1515769958	30.2753620148
150.811254372	1009.2890625	41.1515769958	30.2753620148
150.811254372	1009.2890625	41.1515769958	30.2753620148
150.811254372	1009.2890625	41.1515769958	30.2753620148
150.811254372	1009.2890625	41.1515769958	30.2753620148
150.811254373	1009.2890625	41.1515769958	30.2753620148
150.811254373	1009.2890625	41.1515769958	30.2753620148
150.811254373	1009.2890625	41.1515769958	30.2753620148
150.811254373	1009.2890625	41.1515769958	30.2753620148
150.811254373	1009.2890625	41.1515769958	30.2753620148
150.811254373	1009.2890625	41.1515769958	30.2753620148
150.811254373	1009.2890625	41.1515769958	30.2753620148
150.811254374	1009.2890625	41.1515769958	30.2753620148
150.811254374	1009.2890625	41.1515769958	30.2753620148
150.811254374	1009.2890625	41.1515769958	30.2753620148
150.811254374	1009.2890625	41.1515769958	30.2753620148
150.811254374	1009.2890625	41.1515769958	30.2753620148
150.811254374	1009.28393555	41.1515769958	30.2753620148
150.811254375	1009.28393555	41.1515769958	30.2753620148
150.811254375	1009.28393555	41.1515769958	30.2753620148
150.811254375	1009.28393555	41.1515769958	30.2753620148
150.811254375	1009.28393555	41.1515769958	30.2753620148
150.811254375	1009.28393555	41.1515769958	30.2753620148
150.811254375	1009.28393555	41.1515769958	30.2753620148
150.811254375	1009.28393555	41.1515769958	30.2753620148
150.811254375	1009.28393555	41.1515769958	30.2753620148
150.811254376	1009.28393555	41.1515769958	30.1847839355
150.811254376	1009.28393555	41.1515769958	30.1847839355
150.811254376	1009.28393555	39.2237968445	30.1847839355
150.811254376	1009.28393555	39.2237968445	30.1847839355
150.811254376	1009.28393555	39.2237968445	30.1847839355
150.811254376	1009.28393555	39.2237968445	30.1847839355
150.811254377	1009.28393555	39.2237968445	30.1847839355
150.811254377	1009.28393555	39.2237968445	30.1847839355
150.811254377	1009.28393555	39.2237968445	30.1847839355
150.811254377	1009.28393555	39.2237968445	30.1847839355
150.811254377	1009.28393555	39.2237968445	30.1847839355
150.811254377	1009.28393555	39.2237968445	30.1847839355
150.811254377	1009.28393555	39.2237968445	30.1847839355
150.811254377	1009.28393555	39.2237968445	30.1847839355
150.811254378	1009.28393555	39.2237968445	30.1847839355
150.811254378	1009.28393555	39.2237968445	30.1847839355
150.811254378	1009.28393555	39.2237968445	30.1847839355
150.811254378	1009.28393555	39.2237968445	30.1847839355
150.811254378	1009.28393555	39.2237968445	30.1847839355
150.811254378	1009.28295898	39.2237968445	30.1847839355
150.811254379	1009.28295898	39.2237968445	30.1847839355
150.811254379	1009.28295898	39.2237968445	30.1847839355
150.811254379	1009.28295898	39.2237968445	30.1847839355
150.811254379	1009.28295898	39.2237968445	30.1847839355
150.811254379	1009.28295898	39.2237968445	30.1847839355
150.811254379	1009.28295898	39.2237968445	30.1847839355
150.811254379	1009.28295898	39.2237968445	30.1847839355
150.81125438	1009.28295898	39.2237968445	30.1847839355
150.81125438	1009.28295898	39.2237968445	30.1847839355
150.81125438	1009.28295898	39.2237968445	30.1847839355
150.81125438	1009.28295898	39.2237968445	30.1847839355
150.81125438	1009.28295898	39.2237968445	30.1847839355
150.81125438	1009.28295898	39.2237968445	30.1847839355
150.81125438	1009.28295898	39.2237968445	30.1847839355
150.811254381	1009.28295898	39.2237968445	30.1847839355
150.811254381	1009.28295898	39.2237968445	30.1847839355
150.811254381	1009.28295898	39.2237968445	30.1847839355
150.811254381	1009.28295898	39.2237968445	30.1847839355
150.811254381	1009.28295898	39.2237968445	30.1847839355
150.811254381	1009.28295898	39.2237968445	30.1847839355
150.811254382	1009.28295898	39.2237968445	30.1847839355
150.811254382	1009.28295898	39.2237968445	30.1847839355
150.811254382	1009.28295898	39.2237968445	30.1847839355
150.811254382	1009.28295898	39.2237968445	30.1847839355
150.811254382	1009.28295898	39.2237968445	30.1847839355
150.811254382	1009.28295898	39.2237968445	30.1847839355
150.811254382	1009.28491211	39.2237968445	30.1847839355
150.811254383	1009.28491211	39.2237968445	30.1847839355
150.811254383	1009.28491211	39.2237968445	30.1847839355
150.811254383	1009.28491211	39.2237968445	30.1847839355
150.811254383	1009.28491211	39.2237968445	30.1847839355
150.811254383	1009.28491211	39.2237968445	30.1847839355
150.811254383	1009.28491211	39.2237968445	30.1847839355
150.811254383	1009.28491211	39.2237968445	30.1847839355
150.811254384	1009.28491211	39.2237968445	30.2753620148
150.811254384	1009.28491211	39.2237968445	30.2753620148
150.811254384	1009.28491211	40.1795043945	30.2753620148
150.811254384	1009.28491211	40.1795043945	30.2753620148
150.811254384	1009.28491211	40.1795043945	30.2753620148
150.811254384	1009.28491211	40.1795043945	30.2753620148
150.811254384	1009.28491211	40.1795043945	30.2753620148
150.811254385	1009.28491211	40.1795043945	30.2753620148
150.811254385	1009.28491211	40.1795043945	30.2753620148
150.811254385	1009.28491211	40.1795043945	30.2753620148
150.811254385	1009.28491211	40.1795043945	30.2753620148
150.811254385	1009.28491211	40.1795043945	30.2753620148
150.811254385	1009.28491211	40.1795043945	30.2753620148
150.811254385	1009.28491211	40.1795043945	30.2753620148
150.811254386	1009.28491211	40.1795043945	30.2753620148
150.811254386	1009.28491211	40.1795043945	30.2753620148
150.811254386	1009.28491211	40.1795043945	30.2753620148
150.811254386	1009.28491211	40.1795043945	30.2753620148
150.811254386	1009.28491211	40.1795043945	30.2753620148
150.811254386	1009.28491211	40.1795043945	30.2753620148
150.811254386	1009.2878418	40.1795043945	30.2753620148
150.811254387	1009.2878418	40.1795043945	30.2753620148
150.811254387	1009.2878418	40.1795043945	30.2753620148
150.811254387	1009.2878418	40.1795043945	30.2753620148
150.811254387	1009.2878418	40.1795043945	30.2753620148
150.811254387	1009.2878418	40.1795043945	30.2753620148
150.811254387	1009.2878418	40.1795043945	30.2753620148
150.811254387	1009.2878418	40.1795043945	30.2753620148
150.811254388	1009.2878418	40.1795043945	30.2753620148
150.811254388	1009.2878418	40.1795043945	30.2753620148
150.811254388	1009.2878418	40.1795043945	30.2753620148
150.811254388	1009.2878418	40.1795043945	30.2753620148
150.811254388	1009.2878418	40.1795043945	30.2753620148
150.811254388	1009.2878418	40.1795043945	30.2753620148
150.811254388	1009.2878418	40.1795043945	30.2753620148
150.811254389	1009.2878418	40.1795043945	30.2753620148
150.811254389	1009.2878418	40.1795043945	30.2753620148
150.811254389	1009.2878418	40.1795043945	30.2753620148
150.811254389	1009.2878418	40.1795043945	30.2753620148
150.811254389	1009.2878418	40.1795043945	30.2753620148
150.811254389	1009.2878418	40.1795043945	30.2753620148
150.811254389	1009.2878418	40.1795043945	30.2753620148
150.811254389	1009.2878418	40.1795043945	30.2753620148
150.81125439	1009.2878418	40.1795043945	30.2753620148
150.81125439	1009.2878418	40.1795043945	30.2753620148
150.81125439	1009.2878418	40.1795043945	30.2753620148
150.81125439	1009.2878418	40.1795043945	30.2753620148
150.81125439	1009.2878418	40.1795043945	30.2753620148
150.81125439	1009.2878418	40.1795043945	30.2753620148
150.81125439	1009.28833008	40.1795043945	30.2753620148
150.811254391	1009.28833008	40.1795043945	30.2753620148
150.811254391	1009.28833008	40.1795043945	30.2753620148
150.811254391	1009.28833008	40.1795043945	30.2753620148
150.811254391	1009.28833008	40.1795043945	30.2753620148
150.811254391	1009.28833008	40.1795043945	30.2753620148
150.811254391	1009.28833008	40.1795043945	30.2753620148
150.811254391	1009.28833008	40.1795043945	30.1485519409
150.811254392	1009.28833008	40.1795043945	30.1485519409
150.811254392	1009.28833008	40.0682220459	30.1485519409
150.811254392	1009.28833008	40.0682220459	30.1485519409
150.811254392	1009.28833008	40.0682220459	30.1485519409
150.811254392	1009.28833008	40.0682220459	30.1485519409
150.811254392	1009.28833008	40.0682220459	30.1485519409
150.811254393	1009.28833008	40.0682220459	30.1485519409
150.811254393	1009.28833008	40.0682220459	30.1485519409
150.811254393	1009.28833008	40.0682220459	30.1485519409
150.811254393	1009.28833008	40.0682220459	30.1485519409
150.811254393	1009.28833008	40.0682220459	30.1485519409
150.811254393	1009.28833008	40.0682220459	30.1485519409
150.811254393	1009.28833008	40.0682220459	30.1485519409
150.811254393	1009.28833008	40.0682220459	30.1485519409
150.811254394	1009.28833008	40.0682220459	30.1485519409
150.811254394	1009.28833008	40.0682220459	30.1485519409
150.811254394	1009.28833008	40.0682220459	30.1485519409
150.811254394	1009.28833008	40.0682220459	30.1485519409
150.811254394	1009.28833008	40.0682220459	30.1485519409
150.811254394	1009.28833008	40.0682220459	30.1485519409
150.811254394	1009.28710938	40.0682220459	30.1485519409
150.811254395	1009.28710938	40.0682220459	30.1485519409
150.811254395	1009.28710938	40.0682220459	30.1485519409
150.811254395	1009.28710938	40.0682220459	30.1485519409
150.811254395	1009.28710938	40.0682220459	30.1485519409
150.811254395	1009.28710938	40.0682220459	30.1485519409
150.811254395	1009.28710938	40.0682220459	30.1485519409
150.811254396	1009.28710938	40.0682220459	30.1485519409
150.811254396	1009.28710938	40.0682220459	30.1485519409
150.811254396	1009.28710938	40.0682220459	30.1485519409
150.811254396	1009.28710938	40.0682220459	30.1485519409
150.811254396	1009.28710938	40.0682220459	30.1485519409
150.811254396	1009.28710938	40.0682220459	30.1485519409
150.811254396	1009.28710938	40.0682220459	30.1485519409
150.811254396	1009.28710938	40.0682220459	30.1485519409
150.811254397	1009.28710938	40.0682220459	30.1485519409
150.811254397	1009.28710938	40.0682220459	30.1485519409
150.811254397	1009.28710938	40.0682220459	30.1485519409
150.811254397	1009.28710938	40.0682220459	30.1485519409
150.811254397	1009.28710938	40.0682220459	30.1485519409
150.811254397	1009.28710938	40.0682220459	30.1485519409
150.811254397	1009.28710938	40.0682220459	30.1485519409
150.811254398	1009.28710938	40.0682220459	30.1485519409
150.811254398	1009.28710938	40.0682220459	30.1485519409
150.811254398	1009.28710938	40.0682220459	30.1485519409
150.811254398	1009.28710938	40.0682220459	30.1485519409
150.811254398	1009.28710938	40.0682220459	30.1485519409
150.811254398	1009.28710938	40.0682220459	30.1485519409
150.811254398	1009.28710938	40.0682220459	30.1485519409
150.811254399	1009.28857422	40.0682220459	30.1485519409
150.811254399	1009.28857422	40.0682220459	30.1485519409
150.811254399	1009.28857422	40.0682220459	30.1485519409
150.811254399	1009.28857422	40.0682220459	30.1485519409
150.811254399	1009.28857422	40.0682220459	30.1485519409
150.811254399	1009.28857422	40.0682220459	30.1485519409
150.811254399	1009.28857422	40.0682220459	30.2391319275
150.8112544	1009.28857422	40.0682220459	30.2391319275
150.8112544	1009.28857422	40.706451416	30.2391319275
150.8112544	1009.28857422	40.706451416	30.2391319275
150.8112544	1009.28857422	40.706451416	30.2391319275
150.8112544	1009.28857422	40.706451416	30.2391319275
150.8112544	1009.28857422	40.706451416	30.2391319275
150.811254401	1009.28857422	40.706451416	30.2391319275
150.811254401	1009.28857422	40.706451416	30.2391319275
150.811254401	1009.28857422	40.706451416	30.2391319275
150.811254401	1009.28857422	40.706451416	30.2391319275
150.811254401	1009.28857422	40.706451416	30.2391319275
150.811254401	1009.28857422	40.706451416	30.2391319275
150.811254401	1009.28857422	40.706451416	30.2391319275
150.811254401	1009.28857422	40.706451416	30.2391319275
150.811254402	1009.28857422	40.706451416	30.2391319275
150.811254402	1009.28857422	40.706451416	30.2391319275
150.811254402	1009.28857422	40.706451416	30.2391319275
150.811254402	1009.28857422	40.706451416	30.2391319275
150.811254402	1009.28857422	40.706451416	30.2391319275
150.811254402	1009.28857422	40.706451416	30.2391319275
150.811254402	1009.28857422	40.706451416	30.2391319275
150.811254403	1009.29174805	40.706451416	30.2391319275
150.811254403	1009.29174805	40.706451416	30.2391319275
150.811254403	1009.29174805	40.706451416	30.2391319275
150.811254403	1009.29174805	40.706451416	30.2391319275
150.811254403	1009.29174805	40.706451416	30.2391319275
150.811254403	1009.29174805	40.706451416	30.2391319275
150.811254403	1009.29174805	40.706451416	30.2391319275
150.811254404	1009.29174805	40.706451416	30.2391319275
150.811254404	1009.29174805	40.706451416	30.2391319275
150.811254404	1009.29174805	40.706451416	30.2391319275
150.811254404	1009.29174805	40.706451416	30.2391319275
150.811254404	1009.29174805	40.706451416	30.2391319275
150.811254404	1009.29174805	40.706451416	30.2391319275
150.811254404	1009.29174805	40.706451416	30.2391319275
150.811254405	1009.29174805	40.706451416	30.2391319275
150.811254405	1009.29174805	40.706451416	30.2391319275
150.811254405	1009.29174805	40.706451416	30.2391319275
150.811254405	1009.29174805	40.706451416	30.2391319275
150.811254405	1009.29174805	40.706451416	30.2391319275
150.811254405	1009.29174805	40.706451416	30.2391319275
150.811254405	1009.29174805	40.706451416	30.2391319275
150.811254406	1009.29174805	40.706451416	30.2391319275
150.811254406	1009.29174805	40.706451416	30.2391319275
150.811254406	1009.29174805	40.706451416	30.2391319275
150.811254406	1009.29174805	40.706451416	30.2391319275
150.811254406	1009.29174805	40.706451416	30.2391319275
150.811254406	1009.29174805	40.706451416	30.2391319275
150.811254406	1009.29174805	40.706451416	30.2391319275
150.811254406	1009.29174805	40.706451416	30.2391319275
150.811254407	1009.29370117	40.706451416	30.2391319275
150.811254407	1009.29370117	40.706451416	30.2391319275
150.811254407	1009.29370117	40.706451416	30.2391319275
150.811254407	1009.29370117	40.706451416	30.2391319275
150.811254407	1009.29370117	40.706451416	30.2934780121
150.811254407	1009.29370117	40.706451416	30.2934780121
150.811254408	1009.29370117	39.2597961426	30.2934780121
150.811254408	1009.29370117	39.2597961426	30.2934780121
150.811254408	1009.29370117	39.2597961426	30.2934780121
150.811254408	1009.29370117	39.2597961426	30.2934780121
150.811254408	1009.29370117	39.2597961426	30.2934780121
150.811254408	1009.29370117	39.2597961426	30.2934780121
150.811254408	1009.29370117	39.2597961426	30.2934780121
150.811254409	1009.29370117	39.2597961426	30.2934780121
150.811254409	1009.29370117	39.2597961426	30.2934780121
150.811254409	1009.29370117	39.2597961426	30.2934780121
150.811254409	1009.29370117	39.2597961426	30.2934780121
150.811254409	1009.29370117	39.2597961426	30.2934780121
150.811254409	1009.29370117	39.2597961426	30.2934780121
150.811254409	1009.29370117	39.2597961426	30.2934780121
150.81125441	1009.29370117	39.2597961426	30.2934780121
150.81125441	1009.29370117	39.2597961426	30.2934780121
150.81125441	1009.29370117	39.2597961426	30.2934780121
150.81125441	1009.29370117	39.2597961426	30.2934780121
150.81125441	1009.29370117	39.2597961426	30.2934780121
150.81125441	1009.29370117	39.2597961426	30.2934780121
150.81125441	1009.29370117	39.2597961426	30.2934780121
150.811254411	1009.29370117	39.2597961426	30.2934780121
150.811254411	1009.29248047	39.2597961426	30.2934780121
150.811254411	1009.29248047	39.2597961426	30.2934780121
150.811254411	1009.29248047	39.2597961426	30.2934780121
150.811254411	1009.29248047	39.2597961426	30.2934780121
150.811254411	1009.29248047	39.2597961426	30.2934780121
150.811254411	1009.29248047	39.2597961426	30.2934780121
150.811254412	1009.29248047	39.2597961426	30.2934780121
150.811254412	1009.29248047	39.2597961426	30.2934780121
150.811254412	1009.29248047	39.2597961426	30.2934780121
150.811254412	1009.29248047	39.2597961426	30.2934780121
150.811254412	1009.29248047	39.2597961426	30.2934780121
150.811254412	1009.29248047	39.2597961426	30.2934780121
150.811254412	1009.29248047	39.2597961426	30.2934780121
150.811254413	1009.29248047	39.2597961426	30.2934780121
150.811254413	1009.29248047	39.2597961426	30.2934780121
150.811254413	1009.29248047	39.2597961426	30.2934780121
150.811254413	1009.29248047	39.2597961426	30.2934780121
150.811254413	1009.29248047	39.2597961426	30.2934780121
150.811254413	1009.29248047	39.2597961426	30.2934780121
150.811254413	1009.29248047	39.2597961426	30.2934780121
150.811254413	1009.29248047	39.2597961426	30.2934780121
150.811254414	1009.29248047	39.2597961426	30.2934780121
150.811254414	1009.29248047	39.2597961426	30.2934780121
150.811254414	1009.29248047	39.2597961426	30.2934780121
150.811254414	1009.29248047	39.2597961426	30.2934780121
150.811254414	1009.29248047	39.2597961426	30.2934780121
150.811254414	1009.29248047	39.2597961426	30.2934780121
150.811254414	1009.29248047	39.2597961426	30.2934780121
150.811254415	1009.29248047	39.2597961426	30.2934780121
150.811254415	1009.28686523	39.2597961426	30.2934780121
150.811254415	1009.28686523	39.2597961426	30.2934780121
150.811254415	1009.28686523	39.2597961426	30.2934780121
150.811254415	1009.28686523	39.2597961426	30.2572460175
150.811254415	1009.28686523	39.2597961426	30.2572460175
150.811254416	1009.28686523	40.4511604309	30.2572460175
150.811254416	1009.28686523	40.4511604309	30.2572460175
150.811254416	1009.28686523	40.4511604309	30.2572460175
150.811254416	1009.28686523	40.4511604309	30.2572460175
150.811254416	1009.28686523	40.4511604309	30.2572460175
150.811254416	1009.28686523	40.4511604309	30.2572460175
150.811254416	1009.28686523	40.4511604309	30.2572460175
150.811254417	1009.28686523	40.4511604309	30.2572460175
150.811254417	1009.28686523	40.4511604309	30.2572460175
150.811254417	1009.28686523	40.4511604309	30.2572460175
150.811254417	1009.28686523	40.4511604309	30.2572460175
150.811254417	1009.28686523	40.4511604309	30.2572460175
150.811254417	1009.28686523	40.4511604309	30.2572460175
150.811254417	1009.28686523	40.4511604309	30.2572460175
150.811254418	1009.28686523	40.4511604309	30.2572460175
150.811254418	1009.28686523	40.4511604309	30.2572460175
150.811254418	1009.28686523	40.4511604309	30.2572460175
150.811254418	1009.28686523	40.4511604309	30.2572460175
150.811254418	1009.28686523	40.4511604309	30.2572460175
150.811254418	1009.28686523	40.4511604309	30.2572460175
150.811254418	1009.28686523	40.4511604309	30.2572460175
150.811254418	1009.28686523	40.4511604309	30.2572460175
150.811254419	1009.28686523	40.4511604309	30.2572460175
150.811254419	1009.28759766	40.4511604309	30.2572460175
150.811254419	1009.28759766	40.4511604309	30.2572460175
150.811254419	1009.28759766	40.4511604309	30.2572460175
150.811254419	1009.28759766	40.4511604309	30.2572460175
150.811254419	1009.28759766	40.4511604309	30.2572460175
150.81125442	1009.28759766	40.4511604309	30.2572460175
150.81125442	1009.28759766	40.4511604309	30.2572460175
150.81125442	1009.28759766	40.4511604309	30.2572460175
150.81125442	1009.28759766	40.4511604309	30.2572460175
150.81125442	1009.28759766	40.4511604309	30.2572460175
150.81125442	1009.28759766	40.4511604309	30.2572460175
150.81125442	1009.28759766	40.4511604309	30.2572460175
150.81125442	1009.28759766	40.4511604309	30.2572460175
150.811254421	1009.28759766	40.4511604309	30.2572460175
150.811254421	1009.28759766	40.4511604309	30.2572460175
150.811254421	1009.28759766	40.4511604309	30.2572460175
150.811254421	1009.28759766	40.4511604309	30.2572460175
150.811254421	1009.28759766	40.4511604309	30.2572460175
150.811254421	1009.28759766	40.4511604309	30.2572460175
150.811254421	1009.28759766	40.4511604309	30.2572460175
150.811254422	1009.28759766	40.4511604309	30.2572460175
150.811254422	1009.28759766	40.4511604309	30.2572460175
150.811254422	1009.28759766	40.4511604309	30.2572460175
150.811254422	1009.28759766	40.4511604309	30.2572460175
150.811254422	1009.28759766	40.4511604309	30.2572460175
150.811254422	1009.28759766	40.4511604309	30.2572460175
150.811254422	1009.28759766	40.4511604309	30.2572460175
150.811254423	1009.28759766	40.4511604309	30.2572460175
150.811254423	1009.28759766	40.4511604309	30.2572460175
150.811254423	1009.28491211	40.4511604309	30.2572460175
150.811254423	1009.28491211	40.4511604309	30.2572460175
150.811254423	1009.28491211	40.4511604309	30.2028999329
150.811254423	1009.28491211	41.2988624573	30.2028999329
150.811254424	1009.28491211	41.2988624573	30.2028999329
150.811254424	1009.28491211	41.2988624573	30.2028999329
150.811254424	1009.28491211	41.2988624573	30.2028999329
150.811254424	1009.28491211	41.2988624573	30.2028999329
150.811254424	1009.28491211	41.2988624573	30.2028999329
150.811254424	1009.28491211	41.2988624573	30.2028999329
150.811254424	1009.28491211	41.2988624573	30.2028999329
150.811254425	1009.28491211	41.2988624573	30.2028999329
150.811254425	1009.28491211	41.2988624573	30.2028999329
150.811254425	1009.28491211	41.2988624573	30.2028999329
150.811254425	1009.28491211	41.2988624573	30.2028999329
150.811254425	1009.28491211	41.2988624573	30.2028999329
150.811254425	1009.28491211	41.2988624573	30.2028999329
150.811254426	1009.28491211	41.2988624573	30.2028999329
150.811254426	1009.28491211	41.2988624573	30.2028999329
150.811254426	1009.28491211	41.2988624573	30.2028999329
150.811254426	1009.28491211	41.2988624573	30.2028999329
150.811254426	1009.28491211	41.2988624573	30.2028999329
150.811254427	1009.28491211	41.2988624573	30.2028999329
150.811254427	1009.28417969	41.2988624573	30.2028999329
150.811254427	1009.28417969	41.2988624573	30.2028999329
150.811254428	1009.28417969	41.2988624573	30.2028999329
150.811254428	1009.28417969	41.2988624573	30.2028999329
150.811254428	1009.28417969	41.2988624573	30.2028999329
150.811254428	1009.28417969	41.2988624573	30.2028999329
150.811254428	1009.28417969	41.2988624573	30.2028999329
150.811254429	1009.28417969	41.2988624573	30.2028999329
150.811254429	1009.28417969	41.2988624573	30.2028999329
150.811254429	1009.28417969	41.2988624573	30.2028999329
150.811254429	1009.28417969	41.2988624573	30.2028999329
150.81125443	1009.28417969	41.2988624573	30.2028999329
150.81125443	1009.28417969	41.2988624573	30.2028999329
150.81125443	1009.28417969	41.2988624573	30.2028999329
150.81125443	1009.28417969	41.2988624573	30.2028999329
150.81125443	1009.28417969	41.2988624573	30.2028999329
150.811254431	1009.28417969	41.2988624573	30.2028999329
150.811254431	1009.2824707	41.2988624573	30.2210159302
150.811254431	1009.2824707	39.9013023376	30.2210159302
150.811254432	1009.2824707	39.9013023376	30.2210159302
150.811254432	1009.2824707	39.9013023376	30.2210159302
150.811254432	1009.2824707	39.9013023376	30.2210159302
150.811254432	1009.2824707	39.9013023376	30.2210159302
150.811254433	1009.2824707	39.9013023376	30.2210159302
150.811254433	1009.2824707	39.9013023376	30.2210159302
150.811254433	1009.2824707	39.9013023376	30.2210159302
150.811254433	1009.2824707	39.9013023376	30.2210159302
150.811254433	1009.2824707	39.9013023376	30.2210159302
150.811254434	1009.2824707	39.9013023376	30.2210159302
150.811254434	1009.2824707	39.9013023376	30.2210159302
150.811254434	1009.2824707	39.9013023376	30.2210159302
150.811254434	1009.2824707	39.9013023376	30.2210159302
150.811254435	1009.2824707	39.9013023376	30.2210159302
150.811254435	1009.2824707	39.9013023376	30.2210159302
150.811254435	1009.28344727	39.9013023376	30.2210159302
150.811254435	1009.28344727	39.9013023376	30.2210159302
150.811254436	1009.28344727	39.9013023376	30.2210159302
150.811254436	1009.28344727	39.9013023376	30.2210159302
150.811254436	1009.28344727	39.9013023376	30.2210159302
150.811254436	1009.28344727	39.9013023376	30.2210159302
150.811254437	1009.28344727	39.9013023376	30.2210159302
150.811254437	1009.28344727	39.9013023376	30.2210159302
150.811254437	1009.28344727	39.9013023376	30.2210159302
150.811254437	1009.28344727	39.9013023376	30.2210159302
150.811254437	1009.28344727	39.9013023376	30.2210159302
150.811254438	1009.28344727	39.9013023376	30.2210159302
150.811254438	1009.28344727	39.9013023376	30.2210159302
150.811254438	1009.28344727	39.9013023376	30.2210159302
150.811254438	1009.28344727	39.9013023376	30.2210159302
150.811254439	1009.28344727	39.9013023376	30.2210159302
150.811254439	1009.28344727	39.9013023376	30.2210159302
150.811254439	1009.28344727	41.5246963501	30.3297100067
150.81125444	1009.28344727	41.5246963501	30.3297100067
150.81125444	1009.28344727	41.5246963501	30.3297100067
150.81125444	1009.28344727	41.5246963501	30.3297100067
150.81125444	1009.28344727	41.5246963501	30.3297100067
150.81125444	1009.28344727	41.5246963501	30.3297100067
150.811254441	1009.28344727	41.5246963501	30.3297100067
150.811254441	1009.28344727	41.5246963501	30.3297100067
150.811254441	1009.28344727	41.5246963501	30.3297100067
150.811254441	1009.28344727	41.5246963501	30.3297100067
150.811254442	1009.28344727	41.5246963501	30.3297100067
150.811254442	1009.28344727	41.5246963501	30.3297100067
150.811254442	1009.28344727	41.5246963501	30.3297100067
150.811254442	1009.28344727	41.5246963501	30.3297100067
150.811254442	1009.28344727	41.5246963501	30.3297100067
150.811254443	1009.28344727	41.5246963501	30.3297100067
150.811254443	1009.28344727	41.5246963501	30.3297100067
150.811254443	1009.28369141	41.5246963501	30.3297100067
150.811254444	1009.28369141	41.5246963501	30.3297100067
150.811254444	1009.28369141	41.5246963501	30.3297100067
150.811254444	1009.28369141	41.5246963501	30.3297100067
150.811254444	1009.28369141	41.5246963501	30.3297100067
150.811254444	1009.28369141	41.5246963501	30.3297100067
150.811254445	1009.28369141	41.5246963501	30.3297100067
150.811254445	1009.28369141	41.5246963501	30.3297100067
150.811254445	1009.28369141	41.5246963501	30.3297100067
150.811254445	1009.28369141	41.5246963501	30.3297100067
150.811254446	1009.28369141	41.5246963501	30.3297100067
150.811254446	1009.28369141	41.5246963501	30.3297100067
150.811254446	1009.28369141	41.5246963501	30.3297100067
150.811254446	1009.28369141	41.5246963501	30.3297100067
150.811254446	1009.28369141	41.5246963501	30.3297100067
150.811254447	1009.28369141	41.5246963501	30.3297100067
150.811254447	1009.28369141	41.5246963501	30.4746379852
150.811254447	1009.28222656	39.8849372864	30.4746379852
150.811254448	1009.28222656	39.8849372864	30.4746379852
150.811254448	1009.28222656	39.8849372864	30.4746379852
150.811254448	1009.28222656	39.8849372864	30.4746379852
150.811254448	1009.28222656	39.8849372864	30.4746379852
150.811254449	1009.28222656	39.8849372864	30.4746379852
150.811254449	1009.28222656	39.8849372864	30.4746379852
150.811254449	1009.28222656	39.8849372864	30.4746379852
150.811254449	1009.28222656	39.8849372864	30.4746379852
150.811254449	1009.28222656	39.8849372864	30.4746379852
150.81125445	1009.28222656	39.8849372864	30.4746379852
150.81125445	1009.28222656	39.8849372864	30.4746379852
150.81125445	1009.28222656	39.8849372864	30.4746379852
150.81125445	1009.28222656	39.8849372864	30.4746379852
150.811254451	1009.28222656	39.8849372864	30.4746379852
150.811254451	1009.28222656	39.8849372864	30.4746379852
150.811254451	1009.28222656	39.8849372864	30.4746379852
150.811254451	1009.28613281	39.8849372864	30.4746379852
150.811254452	1009.28613281	39.8849372864	30.4746379852
150.811254452	1009.28613281	39.8849372864	30.4746379852
150.811254452	1009.28613281	39.8849372864	30.4746379852
150.811254452	1009.28613281	39.8849372864	30.4746379852
150.811254453	1009.28613281	39.8849372864	30.4746379852
150.811254453	1009.28613281	39.8849372864	30.4746379852
150.811254453	1009.28613281	39.8849372864	30.4746379852
150.811254453	1009.28613281	39.8849372864	30.4746379852
150.811254453	1009.28613281	39.8849372864	30.4746379852
150.811254454	1009.28613281	39.8849372864	30.4746379852
150.811254454	1009.28613281	39.8849372864	30.4746379852
150.811254454	1009.28613281	39.8849372864	30.4746379852
150.811254454	1009.28613281	39.8849372864	30.4746379852
150.811254455	1009.28613281	39.8849372864	30.4746379852
150.811254455	1009.28613281	39.8849372864	30.1847839355
150.811254455	1009.28613281	37.57421875	30.1847839355
150.811254455	1009.28833008	37.57421875	30.1847839355
150.811254456	1009.28833008	37.57421875	30.1847839355
150.811254456	1009.28833008	37.57421875	30.1847839355
150.811254456	1009.28833008	37.57421875	30.1847839355
150.811254456	1009.28833008	37.57421875	30.1847839355
150.811254457	1009.28833008	37.57421875	30.1847839355
150.811254457	1009.28833008	37.57421875	30.1847839355
150.811254457	1009.28833008	37.57421875	30.1847839355
150.811254457	1009.28833008	37.57421875	30.1847839355
150.811254458	1009.28833008	37.57421875	30.1847839355
150.811254458	1009.28833008	37.57421875	30.1847839355
150.811254458	1009.28833008	37.57421875	30.1847839355
150.811254458	1009.28833008	37.57421875	30.1847839355
150.811254458	1009.28833008	37.57421875	30.1847839355
150.811254459	1009.28833008	37.57421875	30.1847839355
150.811254459	1009.28833008	37.57421875	30.1847839355
150.811254459	1009.28833008	37.57421875	30.1847839355
150.811254459	1009.2902832	37.57421875	30.1847839355
150.81125446	1009.2902832	37.57421875	30.1847839355
150.81125446	1009.2902832	37.57421875	30.1847839355
150.81125446	1009.2902832	37.57421875	30.1847839355
150.81125446	1009.2902832	37.57421875	30.1847839355
150.811254461	1009.2902832	37.57421875	30.1847839355
150.811254461	1009.2902832	37.57421875	30.1847839355
150.811254461	1009.2902832	37.57421875	30.1847839355
150.811254461	1009.2902832	37.57421875	30.1847839355
150.811254462	1009.2902832	37.57421875	30.1847839355
150.811254462	1009.2902832	37.57421875	30.1847839355
150.811254462	1009.2902832	37.57421875	30.1847839355
150.811254462	1009.2902832	37.57421875	30.1847839355
150.811254462	1009.2902832	37.57421875	30.1847839355
150.811254463	1009.2902832	37.57421875	30.2572460175
150.811254463	1009.2902832	41.1712150574	30.2572460175
150.811254463	1009.29003906	41.1712150574	30.2572460175
150.811254464	1009.29003906	41.1712150574	30.2572460175
150.811254464	1009.29003906	41.1712150574	30.2572460175
150.811254464	1009.29003906	41.1712150574	30.2572460175
150.811254464	1009.29003906	41.1712150574	30.2572460175
150.811254465	1009.29003906	41.1712150574	30.2572460175
150.811254465	1009.29003906	41.1712150574	30.2572460175
150.811254465	1009.29003906	41.1712150574	30.2572460175
150.811254465	1009.29003906	41.1712150574	30.2572460175
150.811254465	1009.29003906	41.1712150574	30.2572460175
150.811254466	1009.29003906	41.1712150574	30.2572460175
150.811254466	1009.29003906	41.1712150574	30.2572460175
150.811254466	1009.29003906	41.1712150574	30.2572460175
150.811254466	1009.29003906	41.1712150574	30.2572460175
150.811254467	1009.29003906	41.1712150574	30.2572460175
150.811254467	1009.29003906	41.1712150574	30.2572460175
150.811254467	1009.29003906	41.1712150574	30.2572460175
150.811254467	1009.29223633	41.1712150574	30.2572460175
150.811254468	1009.29223633	41.1712150574	30.2572460175
150.811254468	1009.29223633	41.1712150574	30.2572460175
150.811254468	1009.29223633	41.1712150574	30.2572460175
150.811254468	1009.29223633	41.1712150574	30.2572460175
150.811254469	1009.29223633	41.1712150574	30.2572460175
150.811254469	1009.29223633	41.1712150574	30.2572460175
150.811254469	1009.29223633	41.1712150574	30.2572460175
150.811254469	1009.29223633	41.1712150574	30.2572460175
150.811254469	1009.29223633	41.1712150574	30.2572460175
150.81125447	1009.29223633	41.1712150574	30.2572460175
150.81125447	1009.29223633	41.1712150574	30.2572460175
150.81125447	1009.29223633	41.1712150574	30.2572460175
150.81125447	1009.29223633	41.1712150574	30.2572460175
150.811254471	1009.29223633	41.1712150574	30.4565219879
150.811254471	1009.29223633	43.282283783	30.4565219879
150.811254471	1009.29223633	43.282283783	30.4565219879
150.811254471	1009.29418945	43.282283783	30.4565219879
150.811254472	1009.29418945	43.282283783	30.4565219879
150.811254472	1009.29418945	43.282283783	30.4565219879
150.811254472	1009.29418945	43.282283783	30.4565219879
150.811254473	1009.29418945	43.282283783	30.4565219879
150.811254473	1009.29418945	43.282283783	30.4565219879
150.811254473	1009.29418945	43.282283783	30.4565219879
150.811254473	1009.29418945	43.282283783	30.4565219879
150.811254473	1009.29418945	43.282283783	30.4565219879
150.811254474	1009.29418945	43.282283783	30.4565219879
150.811254474	1009.29418945	43.282283783	30.4565219879
150.811254474	1009.29418945	43.282283783	30.4565219879
150.811254474	1009.29418945	43.282283783	30.4565219879
150.811254475	1009.29418945	43.282283783	30.4565219879
150.811254475	1009.29418945	43.282283783	30.4565219879
150.811254475	1009.29418945	43.282283783	30.4565219879
150.811254475	1009.29418945	43.282283783	30.4565219879
150.811254475	1009.29150391	43.282283783	30.4565219879
150.811254476	1009.29150391	43.282283783	30.4565219879
150.811254476	1009.29150391	43.282283783	30.4565219879
150.811254476	1009.29150391	43.282283783	30.4565219879
150.811254476	1009.29150391	43.282283783	30.4565219879
150.811254477	1009.29150391	43.282283783	30.4565219879
150.811254477	1009.29150391	43.282283783	30.4565219879
150.811254477	1009.29150391	43.282283783	30.4565219879
150.811254477	1009.29150391	43.282283783	30.4565219879
150.811254478	1009.29150391	43.282283783	30.4565219879
150.811254478	1009.29150391	43.282283783	30.4565219879
150.811254478	1009.29150391	43.282283783	30.4565219879
150.811254478	1009.29150391	43.282283783	30.4565219879
150.811254478	1009.29150391	43.282283783	30.2934780121
150.811254479	1009.29150391	39.1321525574	30.2934780121
150.811254479	1009.29150391	39.1321525574	30.2934780121
150.811254479	1009.29150391	39.1321525574	30.2934780121
150.81125448	1009.29418945	39.1321525574	30.2934780121
150.81125448	1009.29418945	39.1321525574	30.2934780121
150.81125448	1009.29418945	39.1321525574	30.2934780121
150.81125448	1009.29418945	39.1321525574	30.2934780121
150.811254481	1009.29418945	39.1321525574	30.2934780121
150.811254481	1009.29418945	39.1321525574	30.2934780121
150.811254481	1009.29418945	39.1321525574	30.2934780121
150.811254481	1009.29418945	39.1321525574	30.2934780121
150.811254482	1009.29418945	39.1321525574	30.2934780121
150.811254482	1009.29418945	39.1321525574	30.2934780121
150.811254482	1009.29418945	39.1321525574	30.2934780121
150.811254482	1009.29418945	39.1321525574	30.2934780121
150.811254482	1009.29418945	39.1321525574	30.2934780121
150.811254483	1009.29418945	39.1321525574	30.2934780121
150.811254483	1009.29418945	39.1321525574	30.2934780121
150.811254483	1009.29418945	39.1321525574	30.2934780121
150.811254483	1009.29418945	39.1321525574	30.2934780121
150.811254484	1009.29785156	39.1321525574	30.2934780121
150.811254484	1009.29785156	39.1321525574	30.2934780121
150.811254484	1009.29785156	39.1321525574	30.2934780121
150.811254484	1009.29785156	39.1321525574	30.2934780121
150.811254485	1009.29785156	39.1321525574	30.2934780121
150.811254485	1009.29785156	39.1321525574	30.2934780121
150.811254485	1009.29785156	39.1321525574	30.2934780121
150.811254485	1009.29785156	39.1321525574	30.2934780121
150.811254486	1009.29785156	39.1321525574	30.2934780121
150.811254486	1009.29785156	39.1321525574	30.2934780121
150.811254486	1009.29785156	39.1321525574	30.2934780121
150.811254486	1009.29785156	39.1321525574	30.2934780121
150.811254486	1009.29785156	39.1321525574	30.2753620148
150.811254487	1009.29785156	38.8899536133	30.2753620148
150.811254487	1009.29785156	38.8899536133	30.2753620148
150.811254487	1009.29785156	38.8899536133	30.2753620148
150.811254488	1009.29785156	38.8899536133	30.2753620148
150.811254488	1009.30224609	38.8899536133	30.2753620148
150.811254488	1009.30224609	38.8899536133	30.2753620148
150.811254488	1009.30224609	38.8899536133	30.2753620148
150.811254489	1009.30224609	38.8899536133	30.2753620148
150.811254489	1009.30224609	38.8899536133	30.2753620148
150.811254489	1009.30224609	38.8899536133	30.2753620148
150.811254489	1009.30224609	38.8899536133	30.2753620148
150.811254489	1009.30224609	38.8899536133	30.2753620148
150.81125449	1009.30224609	38.8899536133	30.2753620148
150.81125449	1009.30224609	38.8899536133	30.2753620148
150.81125449	1009.30224609	38.8899536133	30.2753620148
150.81125449	1009.30224609	38.8899536133	30.2753620148
150.811254491	1009.30224609	38.8899536133	30.2753620148
150.811254491	1009.30224609	38.8899536133	30.2753620148
150.811254491	1009.30224609	38.8899536133	30.2753620148
150.811254491	1009.30224609	38.8899536133	30.2753620148
150.811254491	1009.30224609	38.8899536133	30.2753620148
150.811254492	1009.30175781	38.8899536133	30.2753620148
150.811254492	1009.30175781	38.8899536133	30.2753620148
150.811254492	1009.30175781	38.8899536133	30.2753620148
150.811254493	1009.30175781	38.8899536133	30.2753620148
150.811254493	1009.30175781	38.8899536133	30.2753620148
150.811254493	1009.30175781	38.8899536133	30.2753620148
150.811254493	1009.30175781	38.8899536133	30.2753620148
150.811254493	1009.30175781	38.8899536133	30.2753620148
150.811254494	1009.30175781	38.8899536133	30.2753620148
150.811254494	1009.30175781	38.8899536133	30.2753620148
150.811254494	1009.30175781	38.8899536133	30.2753620148
150.811254494	1009.30175781	38.8899536133	30.3115940094
150.811254495	1009.30175781	38.8408584595	30.3115940094
150.811254495	1009.30175781	38.8408584595	30.3115940094
150.811254495	1009.30175781	38.8408584595	30.3115940094
150.811254495	1009.30175781	38.8408584595	30.3115940094
150.811254496	1009.3034668	38.8408584595	30.3115940094
150.811254496	1009.3034668	38.8408584595	30.3115940094
150.811254496	1009.3034668	38.8408584595	30.3115940094
150.811254496	1009.3034668	38.8408584595	30.3115940094
150.811254497	1009.3034668	38.8408584595	30.3115940094
150.811254497	1009.3034668	38.8408584595	30.3115940094
150.811254497	1009.3034668	38.8408584595	30.3115940094
150.811254497	1009.3034668	38.8408584595	30.3115940094
150.811254498	1009.3034668	38.8408584595	30.3115940094
150.811254498	1009.3034668	38.8408584595	30.3115940094
150.811254498	1009.3034668	38.8408584595	30.3115940094
150.811254498	1009.3034668	38.8408584595	30.3115940094
