2.69273233038	1400
time	pressure	humidity	temperature
150.811253316	1008.3046875	39.8748855591	30.759803772
150.811253317	1008.3046875	39.8748855591	30.759803772
150.811253318	1008.3046875	39.8748855591	30.759803772
150.811253318	1008.3046875	39.8748855591	30.759803772
150.811253318	1008.3046875	39.8748855591	30.759803772
150.811253318	1008.3046875	39.8748855591	30.759803772
150.811253318	1008.3046875	39.8748855591	30.759803772
150.811253319	1008.3046875	39.8748855591	30.759803772
150.811253319	1008.3046875	39.8748855591	30.759803772
150.811253319	1008.3046875	39.8748855591	30.759803772
150.811253319	1008.3046875	39.8748855591	30.759803772
150.81125332	1008.3046875	39.8748855591	30.759803772
150.81125332	1008.30737305	39.8748855591	30.759803772
150.81125332	1008.30737305	39.8748855591	30.759803772
150.81125332	1008.30737305	39.8748855591	30.759803772
150.811253321	1008.30737305	39.8748855591	30.759803772
150.811253321	1008.30737305	39.8748855591	30.759803772
150.811253321	1008.30737305	41.4952468872	30.759803772
150.811253321	1008.30737305	41.4952468872	30.759803772
150.811253322	1008.30737305	41.4952468872	30.759803772
150.811253322	1008.30737305	41.4952468872	30.759803772
150.811253322	1008.30737305	41.4952468872	30.759803772
150.811253322	1008.30737305	41.4952468872	30.759803772
150.811253323	1008.30737305	41.4952468872	30.759803772
150.811253323	1008.30737305	41.4952468872	30.759803772
150.811253323	1008.30737305	41.4952468872	30.759803772
150.811253323	1008.30737305	41.4952468872	30.759803772
150.811253323	1008.30737305	41.4952468872	30.759803772
150.811253324	1008.30737305	41.4952468872	30.759803772
150.811253324	1008.31469727	41.4952468872	30.759803772
150.811253324	1008.31469727	41.4952468872	30.759803772
150.811253325	1008.31469727	41.4952468872	30.759803772
150.811253325	1008.31469727	41.4952468872	30.759803772
150.811253325	1008.31469727	41.4952468872	30.759803772
150.811253325	1008.31469727	41.4952468872	30.759803772
150.811253325	1008.31469727	41.4952468872	30.759803772
150.811253326	1008.31469727	41.4952468872	30.759803772
150.811253326	1008.31469727	41.4952468872	30.759803772
150.811253326	1008.31469727	41.4952468872	30.759803772
150.811253326	1008.31469727	41.4952468872	30.759803772
150.811253327	1008.31469727	41.4952468872	30.759803772
150.811253327	1008.31469727	41.4952468872	30.759803772
150.811253327	1008.31469727	41.4952468872	30.759803772
150.811253327	1008.31469727	41.4952468872	30.759803772
150.811253327	1008.31469727	41.4952468872	30.759803772
150.811253328	1008.31469727	41.4952468872	30.759803772
150.811253328	1008.31469727	41.4952468872	30.759803772
150.811253328	1008.31469727	41.4952468872	30.759803772
150.811253328	1008.31469727	41.4952468872	30.759803772
150.811253329	1008.31469727	41.4952468872	30.8132362366
150.811253329	1008.31469727	42.481842041	30.8132362366
150.811253329	1008.31469727	42.481842041	30.8132362366
150.81125333	1008.31469727	42.481842041	30.8132362366
150.81125333	1008.31469727	42.481842041	30.8132362366
150.81125333	1008.31469727	42.481842041	30.8132362366
150.81125333	1008.31469727	42.481842041	30.8132362366
150.81125333	1008.31469727	42.481842041	30.8132362366
150.811253331	1008.31469727	42.481842041	30.8132362366
150.811253331	1008.31469727	42.481842041	30.8132362366
150.811253331	1008.31469727	42.481842041	30.8132362366
150.811253331	1008.31469727	42.481842041	30.8132362366
150.811253332	1008.31469727	42.481842041	30.8132362366
150.811253332	1008.31469727	42.481842041	30.8132362366
150.811253332	1008.31469727	42.481842041	30.8132362366
150.811253332	1008.30908203	42.481842041	30.8132362366
150.811253333	1008.30908203	42.481842041	30.8132362366
150.811253333	1008.30908203	42.481842041	30.8132362366
150.811253333	1008.30908203	42.481842041	30.8132362366
150.811253333	1008.30908203	42.481842041	30.8132362366
150.811253334	1008.30908203	42.481842041	30.8132362366
150.811253334	1008.30908203	42.481842041	30.8132362366
150.811253334	1008.30908203	42.481842041	30.8132362366
150.811253334	1008.30908203	42.481842041	30.8132362366
150.811253334	1008.30908203	42.481842041	30.8132362366
150.811253335	1008.30908203	42.481842041	30.8132362366
150.811253335	1008.30908203	42.481842041	30.8132362366
150.811253335	1008.30908203	42.481842041	30.8132362366
150.811253335	1008.30908203	42.481842041	30.8132362366
150.811253335	1008.30908203	42.481842041	30.8132362366
150.811253336	1008.30908203	42.481842041	30.8132362366
150.811253336	1008.30908203	42.481842041	30.8132362366
150.811253336	1008.30371094	42.481842041	30.8132362366
150.811253337	1008.30371094	42.481842041	30.8488559723
150.811253337	1008.30371094	38.4211273193	30.8488559723
150.811253337	1008.30371094	38.4211273193	30.8488559723
150.811253337	1008.30371094	38.4211273193	30.8488559723
150.811253338	1008.30371094	38.4211273193	30.8488559723
150.811253338	1008.30371094	38.4211273193	30.8488559723
150.811253338	1008.30371094	38.4211273193	30.8488559723
150.811253338	1008.30371094	38.4211273193	30.8488559723
150.811253339	1008.30371094	38.4211273193	30.8488559723
150.811253339	1008.30371094	38.4211273193	30.8488559723
150.811253339	1008.30371094	38.4211273193	30.8488559723
150.811253339	1008.30371094	38.4211273193	30.8488559723
150.811253339	1008.30371094	38.4211273193	30.8488559723
150.81125334	1008.30371094	38.4211273193	30.8488559723
150.81125334	1008.30371094	38.4211273193	30.8488559723
150.81125334	1008.30371094	38.4211273193	30.8488559723
150.81125334	1008.30224609	38.4211273193	30.8488559723
150.811253341	1008.30224609	38.4211273193	30.8488559723
150.811253341	1008.30224609	38.4211273193	30.8488559723
150.811253341	1008.30224609	38.4211273193	30.8488559723
150.811253341	1008.30224609	38.4211273193	30.8488559723
150.811253342	1008.30224609	38.4211273193	30.8488559723
150.811253342	1008.30224609	38.4211273193	30.8488559723
150.811253342	1008.30224609	38.4211273193	30.8488559723
150.811253342	1008.30224609	38.4211273193	30.8488559723
150.811253342	1008.30224609	38.4211273193	30.8488559723
150.811253343	1008.30224609	38.4211273193	30.8488559723
150.811253343	1008.30224609	38.4211273193	30.8488559723
150.811253343	1008.30224609	38.4211273193	30.8488559723
150.811253343	1008.30224609	38.4211273193	30.8488559723
150.811253344	1008.30224609	38.4211273193	30.8488559723
150.811253344	1008.30224609	38.4211273193	30.8488559723
150.811253344	1008.30224609	38.4211273193	30.8488559723
150.811253344	1008.30224609	38.4211273193	30.8488559723
150.811253344	1008.29931641	38.4211273193	30.7776145935
150.811253345	1008.29931641	40.6785316467	30.7776145935
150.811253345	1008.29931641	40.6785316467	30.7776145935
150.811253345	1008.29931641	40.6785316467	30.7776145935
150.811253346	1008.29931641	40.6785316467	30.7776145935
150.811253346	1008.29931641	40.6785316467	30.7776145935
150.811253346	1008.29931641	40.6785316467	30.7776145935
150.811253346	1008.29931641	40.6785316467	30.7776145935
150.811253347	1008.29931641	40.6785316467	30.7776145935
150.811253347	1008.29931641	40.6785316467	30.7776145935
150.811253347	1008.29931641	40.6785316467	30.7776145935
150.811253347	1008.29931641	40.6785316467	30.7776145935
150.811253347	1008.29931641	40.6785316467	30.7776145935
150.811253348	1008.29931641	40.6785316467	30.7776145935
150.811253348	1008.29931641	40.6785316467	30.7776145935
150.811253348	1008.29931641	40.6785316467	30.7776145935
150.811253348	1008.29931641	40.6785316467	30.7776145935
150.811253349	1008.296875	40.6785316467	30.7776145935
150.811253349	1008.296875	40.6785316467	30.7776145935
150.811253349	1008.296875	40.6785316467	30.7776145935
150.811253349	1008.296875	40.6785316467	30.7776145935
150.81125335	1008.296875	40.6785316467	30.7776145935
150.81125335	1008.296875	40.6785316467	30.7776145935
150.81125335	1008.296875	40.6785316467	30.7776145935
150.81125335	1008.296875	40.6785316467	30.7776145935
150.811253351	1008.296875	40.6785316467	30.7776145935
150.811253351	1008.296875	40.6785316467	30.7776145935
150.811253351	1008.296875	40.6785316467	30.7776145935
150.811253351	1008.296875	40.6785316467	30.7776145935
150.811253351	1008.296875	40.6785316467	30.7776145935
150.811253352	1008.296875	40.6785316467	30.7776145935
150.811253352	1008.296875	40.6785316467	30.7776145935
150.811253352	1008.296875	40.6785316467	30.7776145935
150.811253352	1008.296875	40.6785316467	30.9379081726
150.811253353	1008.29663086	41.635723114	30.9379081726
150.811253353	1008.29663086	41.635723114	30.9379081726
150.811253353	1008.29663086	41.635723114	30.9379081726
150.811253354	1008.29663086	41.635723114	30.9379081726
150.811253354	1008.29663086	41.635723114	30.9379081726
150.811253354	1008.29663086	41.635723114	30.9379081726
150.811253354	1008.29663086	41.635723114	30.9379081726
150.811253354	1008.29663086	41.635723114	30.9379081726
150.811253355	1008.29663086	41.635723114	30.9379081726
150.811253355	1008.29663086	41.635723114	30.9379081726
150.811253355	1008.29663086	41.635723114	30.9379081726
150.811253355	1008.29663086	41.635723114	30.9379081726
150.811253356	1008.29663086	41.635723114	30.9379081726
150.811253356	1008.29663086	41.635723114	30.9379081726
150.811253356	1008.29663086	41.635723114	30.9379081726
150.811253356	1008.29663086	41.635723114	30.9379081726
150.811253356	1008.29663086	41.635723114	30.9379081726
150.811253357	1008.29663086	41.635723114	30.9379081726
150.811253357	1008.29272461	41.635723114	30.9379081726
150.811253357	1008.29272461	41.635723114	30.9379081726
150.811253358	1008.29272461	41.635723114	30.9379081726
150.811253358	1008.29272461	41.635723114	30.9379081726
150.811253358	1008.29272461	41.635723114	30.9379081726
150.811253358	1008.29272461	41.635723114	30.9379081726
150.811253358	1008.29272461	41.635723114	30.9379081726
150.811253359	1008.29272461	41.635723114	30.9379081726
150.811253359	1008.29272461	41.635723114	30.9379081726
150.811253359	1008.29272461	41.635723114	30.9379081726
150.811253359	1008.29272461	41.635723114	30.9379081726
150.811253359	1008.29272461	41.635723114	30.9379081726
150.81125336	1008.29272461	41.635723114	30.9379081726
150.81125336	1008.29272461	41.635723114	30.9379081726
150.81125336	1008.29272461	41.635723114	30.884475708
150.81125336	1008.29272461	37.0196456909	30.884475708
150.811253361	1008.29272461	37.0196456909	30.884475708
150.811253361	1008.29125977	37.0196456909	30.884475708
150.811253361	1008.29125977	37.0196456909	30.884475708
150.811253362	1008.29125977	37.0196456909	30.884475708
150.811253362	1008.29125977	37.0196456909	30.884475708
150.811253362	1008.29125977	37.0196456909	30.884475708
150.811253362	1008.29125977	37.0196456909	30.884475708
150.811253363	1008.29125977	37.0196456909	30.884475708
150.811253363	1008.29125977	37.0196456909	30.884475708
150.811253363	1008.29125977	37.0196456909	30.884475708
150.811253363	1008.29125977	37.0196456909	30.884475708
150.811253363	1008.29125977	37.0196456909	30.884475708
150.811253364	1008.29125977	37.0196456909	30.884475708
150.811253364	1008.29125977	37.0196456909	30.884475708
150.811253364	1008.29125977	37.0196456909	30.884475708
150.811253364	1008.29125977	37.0196456909	30.884475708
150.811253365	1008.29125977	37.0196456909	30.884475708
150.811253365	1008.29125977	37.0196456909	30.884475708
150.811253365	1008.28759766	37.0196456909	30.884475708
150.811253365	1008.28759766	37.0196456909	30.884475708
150.811253366	1008.28759766	37.0196456909	30.884475708
150.811253366	1008.28759766	37.0196456909	30.884475708
150.811253366	1008.28759766	37.0196456909	30.884475708
150.811253366	1008.28759766	37.0196456909	30.884475708
150.811253366	1008.28759766	37.0196456909	30.884475708
150.811253367	1008.28759766	37.0196456909	30.884475708
150.811253367	1008.28759766	37.0196456909	30.884475708
150.811253367	1008.28759766	37.0196456909	30.884475708
150.811253367	1008.28759766	37.0196456909	30.884475708
150.811253368	1008.28759766	37.0196456909	30.884475708
150.811253368	1008.28759766	37.0196456909	30.884475708
150.811253368	1008.28759766	37.0196456909	30.8310451508
150.811253368	1008.28759766	38.6955451965	30.8310451508
150.811253369	1008.28759766	38.6955451965	30.8310451508
150.811253369	1008.28759766	38.6955451965	30.8310451508
150.811253369	1008.28881836	38.6955451965	30.8310451508
150.811253369	1008.28881836	38.6955451965	30.8310451508
150.81125337	1008.28881836	38.6955451965	30.8310451508
150.81125337	1008.28881836	38.6955451965	30.8310451508
150.81125337	1008.28881836	38.6955451965	30.8310451508
150.81125337	1008.28881836	38.6955451965	30.8310451508
150.811253371	1008.28881836	38.6955451965	30.8310451508
150.811253371	1008.28881836	38.6955451965	30.8310451508
150.811253371	1008.28881836	38.6955451965	30.8310451508
150.811253371	1008.28881836	38.6955451965	30.8310451508
150.811253371	1008.28881836	38.6955451965	30.8310451508
150.811253372	1008.28881836	38.6955451965	30.8310451508
150.811253372	1008.28881836	38.6955451965	30.8310451508
150.811253372	1008.28881836	38.6955451965	30.8310451508
150.811253372	1008.28881836	38.6955451965	30.8310451508
150.811253373	1008.28881836	38.6955451965	30.8310451508
150.811253373	1008.28881836	38.6955451965	30.8310451508
150.811253373	1008.28881836	38.6955451965	30.8310451508
150.811253373	1008.28833008	38.6955451965	30.8310451508
150.811253374	1008.28833008	38.6955451965	30.8310451508
150.811253374	1008.28833008	38.6955451965	30.8310451508
150.811253374	1008.28833008	38.6955451965	30.8310451508
150.811253374	1008.28833008	38.6955451965	30.8310451508
150.811253375	1008.28833008	38.6955451965	30.8310451508
150.811253375	1008.28833008	38.6955451965	30.8310451508
150.811253375	1008.28833008	38.6955451965	30.8310451508
150.811253375	1008.28833008	38.6955451965	30.8310451508
150.811253375	1008.28833008	38.6955451965	30.8310451508
150.811253376	1008.28833008	38.6955451965	30.8310451508
150.811253376	1008.28833008	38.6955451965	30.884475708
150.811253376	1008.28833008	39.182308197	30.884475708
150.811253376	1008.28833008	39.182308197	30.884475708
150.811253377	1008.28833008	39.182308197	30.884475708
150.811253377	1008.28833008	39.182308197	30.884475708
150.811253377	1008.28833008	39.182308197	30.884475708
150.811253377	1008.28491211	39.182308197	30.884475708
150.811253378	1008.28491211	39.182308197	30.884475708
150.811253378	1008.28491211	39.182308197	30.884475708
150.811253378	1008.28491211	39.182308197	30.884475708
150.811253378	1008.28491211	39.182308197	30.884475708
150.811253379	1008.28491211	39.182308197	30.884475708
150.811253379	1008.28491211	39.182308197	30.884475708
150.811253379	1008.28491211	39.182308197	30.884475708
150.811253379	1008.28491211	39.182308197	30.884475708
150.81125338	1008.28491211	39.182308197	30.884475708
150.81125338	1008.28491211	39.182308197	30.884475708
150.81125338	1008.28491211	39.182308197	30.884475708
150.81125338	1008.28491211	39.182308197	30.884475708
150.81125338	1008.28491211	39.182308197	30.884475708
150.811253381	1008.28491211	39.182308197	30.884475708
150.811253381	1008.28491211	39.182308197	30.884475708
150.811253381	1008.28491211	39.182308197	30.884475708
150.811253381	1008.28491211	39.182308197	30.884475708
150.811253382	1008.28491211	39.182308197	30.884475708
150.811253382	1008.28491211	39.182308197	30.884475708
150.811253382	1008.28491211	39.182308197	30.884475708
150.811253382	1008.28491211	39.182308197	30.884475708
150.811253383	1008.28491211	39.182308197	30.884475708
150.811253383	1008.28491211	39.182308197	30.884475708
150.811253383	1008.28491211	39.182308197	30.884475708
150.811253383	1008.28491211	39.182308197	30.884475708
150.811253384	1008.28491211	39.182308197	30.884475708
150.811253384	1008.28491211	39.182308197	30.884475708
150.811253384	1008.28491211	37.7906265259	30.884475708
150.811253384	1008.28491211	37.7906265259	30.884475708
150.811253385	1008.28491211	37.7906265259	30.884475708
150.811253385	1008.28491211	37.7906265259	30.884475708
150.811253385	1008.28491211	37.7906265259	30.884475708
150.811253385	1008.28491211	37.7906265259	30.884475708
150.811253385	1008.29370117	37.7906265259	30.884475708
150.811253386	1008.29370117	37.7906265259	30.884475708
150.811253386	1008.29370117	37.7906265259	30.884475708
150.811253386	1008.29370117	37.7906265259	30.884475708
150.811253387	1008.29370117	37.7906265259	30.884475708
150.811253387	1008.29370117	37.7906265259	30.884475708
150.811253387	1008.29370117	37.7906265259	30.884475708
150.811253387	1008.29370117	37.7906265259	30.884475708
150.811253387	1008.29370117	37.7906265259	30.884475708
150.811253388	1008.29370117	37.7906265259	30.884475708
150.811253388	1008.29370117	37.7906265259	30.884475708
150.811253388	1008.29370117	37.7906265259	30.884475708
150.811253388	1008.29370117	37.7906265259	30.884475708
150.811253389	1008.29370117	37.7906265259	30.884475708
150.811253389	1008.29370117	37.7906265259	30.884475708
150.811253389	1008.29370117	37.7906265259	30.884475708
150.811253389	1008.29370117	37.7906265259	30.884475708
150.811253389	1008.29370117	37.7906265259	30.884475708
150.81125339	1008.2956543	37.7906265259	30.884475708
150.81125339	1008.2956543	37.7906265259	30.884475708
150.81125339	1008.2956543	37.7906265259	30.884475708
150.81125339	1008.2956543	37.7906265259	30.884475708
150.811253391	1008.2956543	37.7906265259	30.884475708
150.811253391	1008.2956543	37.7906265259	30.884475708
150.811253391	1008.2956543	37.7906265259	30.884475708
150.811253391	1008.2956543	37.7906265259	30.884475708
150.811253392	1008.2956543	37.7906265259	30.884475708
150.811253392	1008.2956543	39.1594390869	30.884475708
150.811253392	1008.2956543	39.1594390869	30.884475708
150.811253392	1008.2956543	39.1594390869	30.884475708
150.811253393	1008.2956543	39.1594390869	30.884475708
150.811253393	1008.2956543	39.1594390869	30.884475708
150.811253393	1008.2956543	39.1594390869	30.884475708
150.811253393	1008.2956543	39.1594390869	30.884475708
150.811253394	1008.2956543	39.1594390869	30.884475708
150.811253394	1008.29443359	39.1594390869	30.884475708
150.811253394	1008.29443359	39.1594390869	30.884475708
150.811253394	1008.29443359	39.1594390869	30.884475708
150.811253395	1008.29443359	39.1594390869	30.884475708
150.811253395	1008.29443359	39.1594390869	30.884475708
150.811253395	1008.29443359	39.1594390869	30.884475708
150.811253395	1008.29443359	39.1594390869	30.884475708
150.811253395	1008.29443359	39.1594390869	30.884475708
150.811253396	1008.29443359	39.1594390869	30.884475708
150.811253396	1008.29443359	39.1594390869	30.884475708
150.811253396	1008.29443359	39.1594390869	30.884475708
150.811253396	1008.29443359	39.1594390869	30.884475708
150.811253397	1008.29443359	39.1594390869	30.884475708
150.811253397	1008.29443359	39.1594390869	30.884475708
150.811253397	1008.29443359	39.1594390869	30.884475708
150.811253397	1008.29443359	39.1594390869	30.884475708
150.811253397	1008.29443359	39.1594390869	30.884475708
150.811253398	1008.29443359	39.1594390869	30.884475708
150.811253398	1008.29223633	39.1594390869	30.884475708
150.811253398	1008.29223633	39.1594390869	30.884475708
150.811253399	1008.29223633	39.1594390869	30.884475708
150.811253399	1008.29223633	39.1594390869	30.884475708
150.811253399	1008.29223633	39.1594390869	30.884475708
150.811253399	1008.29223633	39.1594390869	30.884475708
150.811253399	1008.29223633	39.1594390869	30.8488559723
150.8112534	1008.29223633	38.2904548645	30.8488559723
150.8112534	1008.29223633	38.2904548645	30.8488559723
150.8112534	1008.29223633	38.2904548645	30.8488559723
150.8112534	1008.29223633	38.2904548645	30.8488559723
150.811253401	1008.29223633	38.2904548645	30.8488559723
150.811253401	1008.29223633	38.2904548645	30.8488559723
150.811253401	1008.29223633	38.2904548645	30.8488559723
150.811253401	1008.29223633	38.2904548645	30.8488559723
150.811253402	1008.29223633	38.2904548645	30.8488559723
150.811253402	1008.29223633	38.2904548645	30.8488559723
150.811253402	1008.29296875	38.2904548645	30.8488559723
150.811253402	1008.29296875	38.2904548645	30.8488559723
150.811253403	1008.29296875	38.2904548645	30.8488559723
150.811253403	1008.29296875	38.2904548645	30.8488559723
150.811253403	1008.29296875	38.2904548645	30.8488559723
150.811253403	1008.29296875	38.2904548645	30.8488559723
150.811253404	1008.29296875	38.2904548645	30.8488559723
150.811253404	1008.29296875	38.2904548645	30.8488559723
150.811253404	1008.29296875	38.2904548645	30.8488559723
150.811253404	1008.29296875	38.2904548645	30.8488559723
150.811253404	1008.29296875	38.2904548645	30.8488559723
150.811253405	1008.29296875	38.2904548645	30.8488559723
150.811253405	1008.29296875	38.2904548645	30.8488559723
150.811253405	1008.29296875	38.2904548645	30.8488559723
150.811253405	1008.29296875	38.2904548645	30.8488559723
150.811253406	1008.29296875	38.2904548645	30.8488559723
150.811253406	1008.29296875	38.2904548645	30.8488559723
150.811253406	1008.28857422	38.2904548645	30.8488559723
150.811253406	1008.28857422	38.2904548645	30.8488559723
150.811253407	1008.28857422	38.2904548645	30.8488559723
150.811253407	1008.28857422	38.2904548645	30.8488559723
150.811253407	1008.28857422	38.2904548645	30.8488559723
150.811253407	1008.28857422	38.2904548645	30.7776145935
150.811253408	1008.28857422	42.4655075073	30.7776145935
150.811253408	1008.28857422	42.4655075073	30.7776145935
150.811253408	1008.28857422	42.4655075073	30.7776145935
150.811253408	1008.28857422	42.4655075073	30.7776145935
150.811253409	1008.28857422	42.4655075073	30.7776145935
150.811253409	1008.28857422	42.4655075073	30.7776145935
150.811253409	1008.28857422	42.4655075073	30.7776145935
150.811253409	1008.28857422	42.4655075073	30.7776145935
150.811253409	1008.28857422	42.4655075073	30.7776145935
150.81125341	1008.28857422	42.4655075073	30.7776145935
150.81125341	1008.28857422	42.4655075073	30.7776145935
150.81125341	1008.28686523	42.4655075073	30.7776145935
150.811253411	1008.28686523	42.4655075073	30.7776145935
150.811253411	1008.28686523	42.4655075073	30.7776145935
150.811253411	1008.28686523	42.4655075073	30.7776145935
150.811253411	1008.28686523	42.4655075073	30.7776145935
150.811253411	1008.28686523	42.4655075073	30.7776145935
150.811253412	1008.28686523	42.4655075073	30.7776145935
150.811253412	1008.28686523	42.4655075073	30.7776145935
150.811253412	1008.28686523	42.4655075073	30.7776145935
150.811253412	1008.28686523	42.4655075073	30.7776145935
150.811253413	1008.28686523	42.4655075073	30.7776145935
150.811253413	1008.28686523	42.4655075073	30.7776145935
150.811253413	1008.28686523	42.4655075073	30.7776145935
150.811253413	1008.28686523	42.4655075073	30.7776145935
150.811253413	1008.28686523	42.4655075073	30.7776145935
150.811253414	1008.28686523	42.4655075073	30.7776145935
150.811253414	1008.28686523	42.4655075073	30.7776145935
150.811253414	1008.28686523	42.4655075073	30.7776145935
150.811253414	1008.28955078	42.4655075073	30.7776145935
150.811253415	1008.28955078	42.4655075073	30.7776145935
150.811253415	1008.28955078	42.4655075073	30.7776145935
150.811253415	1008.28955078	42.4655075073	30.8310451508
150.811253415	1008.28955078	41.5997886658	30.8310451508
150.811253416	1008.28955078	41.5997886658	30.8310451508
150.811253416	1008.28955078	41.5997886658	30.8310451508
150.811253416	1008.28955078	41.5997886658	30.8310451508
150.811253416	1008.28955078	41.5997886658	30.8310451508
150.811253417	1008.28955078	41.5997886658	30.8310451508
150.811253417	1008.28955078	41.5997886658	30.8310451508
150.811253417	1008.28955078	41.5997886658	30.8310451508
150.811253417	1008.28955078	41.5997886658	30.8310451508
150.811253418	1008.28955078	41.5997886658	30.8310451508
150.811253418	1008.28955078	41.5997886658	30.8310451508
150.811253418	1008.28955078	41.5997886658	30.8310451508
150.811253418	1008.28955078	41.5997886658	30.8310451508
150.811253418	1008.2878418	41.5997886658	30.8310451508
150.811253419	1008.2878418	41.5997886658	30.8310451508
150.811253419	1008.2878418	41.5997886658	30.8310451508
150.811253419	1008.2878418	41.5997886658	30.8310451508
150.81125342	1008.2878418	41.5997886658	30.8310451508
150.81125342	1008.2878418	41.5997886658	30.8310451508
150.81125342	1008.2878418	41.5997886658	30.8310451508
150.81125342	1008.2878418	41.5997886658	30.8310451508
150.81125342	1008.2878418	41.5997886658	30.8310451508
150.811253421	1008.2878418	41.5997886658	30.8310451508
150.811253421	1008.2878418	41.5997886658	30.8310451508
150.811253421	1008.2878418	41.5997886658	30.8310451508
150.811253421	1008.2878418	41.5997886658	30.8310451508
150.811253422	1008.2878418	41.5997886658	30.8310451508
150.811253422	1008.2878418	41.5997886658	30.8310451508
150.811253422	1008.2878418	41.5997886658	30.8310451508
150.811253422	1008.2878418	41.5997886658	30.8310451508
150.811253422	1008.2878418	41.5997886658	30.8310451508
150.811253423	1008.28588867	41.5997886658	30.8310451508
150.811253423	1008.28588867	41.5997886658	30.795425415
150.811253423	1008.28588867	37.8722953796	30.795425415
150.811253424	1008.28588867	37.8722953796	30.795425415
150.811253424	1008.28588867	37.8722953796	30.795425415
150.811253424	1008.28588867	37.8722953796	30.795425415
150.811253424	1008.28588867	37.8722953796	30.795425415
150.811253425	1008.28588867	37.8722953796	30.795425415
150.811253425	1008.28588867	37.8722953796	30.795425415
150.811253425	1008.28588867	37.8722953796	30.795425415
150.811253425	1008.28588867	37.8722953796	30.795425415
150.811253425	1008.28588867	37.8722953796	30.795425415
150.811253426	1008.28588867	37.8722953796	30.795425415
150.811253426	1008.28588867	37.8722953796	30.795425415
150.811253426	1008.28588867	37.8722953796	30.795425415
150.811253426	1008.28588867	37.8722953796	30.795425415
150.811253427	1008.28588867	37.8722953796	30.795425415
150.811253427	1008.27929688	37.8722953796	30.795425415
150.811253427	1008.27929688	37.8722953796	30.795425415
150.811253427	1008.27929688	37.8722953796	30.795425415
150.811253428	1008.27929688	37.8722953796	30.795425415
150.811253428	1008.27929688	37.8722953796	30.795425415
150.811253428	1008.27929688	37.8722953796	30.795425415
150.811253428	1008.27929688	37.8722953796	30.795425415
150.811253428	1008.27929688	37.8722953796	30.795425415
150.811253429	1008.27929688	37.8722953796	30.795425415
150.811253429	1008.27929688	37.8722953796	30.795425415
150.811253429	1008.27929688	37.8722953796	30.795425415
150.811253429	1008.27929688	37.8722953796	30.795425415
150.81125343	1008.27929688	37.8722953796	30.795425415
150.81125343	1008.27929688	37.8722953796	30.795425415
150.81125343	1008.27929688	37.8722953796	30.795425415
150.81125343	1008.27929688	37.8722953796	30.795425415
150.81125343	1008.27929688	37.8722953796	30.795425415
150.811253431	1008.28100586	37.8722953796	30.8310451508
150.811253431	1008.28100586	41.0966911316	30.8310451508
150.811253432	1008.28100586	41.0966911316	30.8310451508
150.811253432	1008.28100586	41.0966911316	30.8310451508
150.811253432	1008.28100586	41.0966911316	30.8310451508
150.811253432	1008.28100586	41.0966911316	30.8310451508
150.811253432	1008.28100586	41.0966911316	30.8310451508
150.811253433	1008.28100586	41.0966911316	30.8310451508
150.811253433	1008.28100586	41.0966911316	30.8310451508
150.811253433	1008.28100586	41.0966911316	30.8310451508
150.811253433	1008.28100586	41.0966911316	30.8310451508
150.811253434	1008.28100586	41.0966911316	30.8310451508
150.811253434	1008.28100586	41.0966911316	30.8310451508
150.811253434	1008.28100586	41.0966911316	30.8310451508
150.811253434	1008.28100586	41.0966911316	30.8310451508
150.811253434	1008.28100586	41.0966911316	30.8310451508
150.811253435	1008.28100586	41.0966911316	30.8310451508
150.811253435	1008.28125	41.0966911316	30.8310451508
150.811253435	1008.28125	41.0966911316	30.8310451508
150.811253435	1008.28125	41.0966911316	30.8310451508
150.811253436	1008.28125	41.0966911316	30.8310451508
150.811253436	1008.28125	41.0966911316	30.8310451508
150.811253436	1008.28125	41.0966911316	30.8310451508
150.811253436	1008.28125	41.0966911316	30.8310451508
150.811253437	1008.28125	41.0966911316	30.8310451508
150.811253437	1008.28125	41.0966911316	30.8310451508
150.811253437	1008.28125	41.0966911316	30.8310451508
150.811253437	1008.28125	41.0966911316	30.8310451508
150.811253437	1008.28125	41.0966911316	30.8310451508
150.811253438	1008.28125	41.0966911316	30.8310451508
150.811253438	1008.28125	41.0966911316	30.8310451508
150.811253438	1008.28125	41.0966911316	30.8310451508
150.811253438	1008.28125	41.0966911316	30.8310451508
150.811253439	1008.28125	41.0966911316	30.8310451508
150.811253439	1008.28125	41.0966911316	30.8488559723
150.811253439	1008.28442383	37.9703025818	30.8488559723
150.81125344	1008.28442383	37.9703025818	30.8488559723
150.81125344	1008.28442383	37.9703025818	30.8488559723
150.81125344	1008.28442383	37.9703025818	30.8488559723
150.81125344	1008.28442383	37.9703025818	30.8488559723
150.81125344	1008.28442383	37.9703025818	30.8488559723
150.811253441	1008.28442383	37.9703025818	30.8488559723
150.811253441	1008.28442383	37.9703025818	30.8488559723
150.811253441	1008.28442383	37.9703025818	30.8488559723
150.811253441	1008.28442383	37.9703025818	30.8488559723
150.811253442	1008.28442383	37.9703025818	30.8488559723
150.811253442	1008.28442383	37.9703025818	30.8488559723
150.811253442	1008.28442383	37.9703025818	30.8488559723
150.811253442	1008.28442383	37.9703025818	30.8488559723
150.811253442	1008.28442383	37.9703025818	30.8488559723
150.811253443	1008.28442383	37.9703025818	30.8488559723
150.811253443	1008.28442383	37.9703025818	30.8488559723
150.811253443	1008.28344727	37.9703025818	30.8488559723
150.811253444	1008.28344727	37.9703025818	30.8488559723
150.811253444	1008.28344727	37.9703025818	30.8488559723
150.811253444	1008.28344727	37.9703025818	30.8488559723
150.811253444	1008.28344727	37.9703025818	30.8488559723
150.811253444	1008.28344727	37.9703025818	30.8488559723
150.811253445	1008.28344727	37.9703025818	30.8488559723
150.811253445	1008.28344727	37.9703025818	30.8488559723
150.811253445	1008.28344727	37.9703025818	30.8488559723
150.811253445	1008.28344727	37.9703025818	30.8488559723
150.811253446	1008.28344727	37.9703025818	30.8488559723
150.811253446	1008.28344727	37.9703025818	30.8488559723
150.811253446	1008.28344727	37.9703025818	30.8488559723
150.811253446	1008.28344727	37.9703025818	30.8488559723
150.811253446	1008.28344727	37.9703025818	30.8488559723
150.811253447	1008.28344727	37.9703025818	30.9022865295
150.811253447	1008.28344727	43.3638954163	30.9022865295
150.811253447	1008.28808594	43.3638954163	30.9022865295
150.811253448	1008.28808594	43.3638954163	30.9022865295
150.811253448	1008.28808594	43.3638954163	30.9022865295
150.811253448	1008.28808594	43.3638954163	30.9022865295
150.811253448	1008.28808594	43.3638954163	30.9022865295
150.811253449	1008.28808594	43.3638954163	30.9022865295
150.811253449	1008.28808594	43.3638954163	30.9022865295
150.811253449	1008.28808594	43.3638954163	30.9022865295
150.811253449	1008.28808594	43.3638954163	30.9022865295
150.811253449	1008.28808594	43.3638954163	30.9022865295
150.81125345	1008.28808594	43.3638954163	30.9022865295
150.81125345	1008.28808594	43.3638954163	30.9022865295
150.81125345	1008.28808594	43.3638954163	30.9022865295
150.81125345	1008.28808594	43.3638954163	30.9022865295
150.811253451	1008.28808594	43.3638954163	30.9022865295
150.811253451	1008.28808594	43.3638954163	30.9022865295
150.811253451	1008.28808594	43.3638954163	30.9022865295
150.811253451	1008.28540039	43.3638954163	30.9022865295
150.811253452	1008.28540039	43.3638954163	30.9022865295
150.811253452	1008.28540039	43.3638954163	30.9022865295
150.811253452	1008.28540039	43.3638954163	30.9022865295
150.811253452	1008.28540039	43.3638954163	30.9022865295
150.811253453	1008.28540039	43.3638954163	30.9022865295
150.811253453	1008.28540039	43.3638954163	30.9022865295
150.811253453	1008.28540039	43.3638954163	30.9022865295
150.811253453	1008.28540039	43.3638954163	30.9022865295
150.811253453	1008.28540039	43.3638954163	30.9022865295
150.811253454	1008.28540039	43.3638954163	30.9022865295
150.811253454	1008.28540039	43.3638954163	30.9022865295
150.811253454	1008.28540039	43.3638954163	30.9022865295
150.811253454	1008.28540039	43.3638954163	30.9022865295
150.811253455	1008.28540039	43.3638954163	30.8488559723
150.811253455	1008.28540039	39.4044570923	30.8488559723
150.811253455	1008.28540039	39.4044570923	30.8488559723
150.811253455	1008.2800293	39.4044570923	30.8488559723
150.811253456	1008.2800293	39.4044570923	30.8488559723
150.811253456	1008.2800293	39.4044570923	30.8488559723
150.811253456	1008.2800293	39.4044570923	30.8488559723
150.811253456	1008.2800293	39.4044570923	30.8488559723
150.811253457	1008.2800293	39.4044570923	30.8488559723
150.811253457	1008.2800293	39.4044570923	30.8488559723
150.811253457	1008.2800293	39.4044570923	30.8488559723
150.811253457	1008.2800293	39.4044570923	30.8488559723
150.811253458	1008.2800293	39.4044570923	30.8488559723
150.811253458	1008.2800293	39.4044570923	30.8488559723
150.811253458	1008.2800293	39.4044570923	30.8488559723
150.811253458	1008.2800293	39.4044570923	30.8488559723
150.811253458	1008.2800293	39.4044570923	30.8488559723
150.811253459	1008.2800293	39.4044570923	30.8488559723
150.811253459	1008.2800293	39.4044570923	30.8488559723
150.811253459	1008.2800293	39.4044570923	30.8488559723
150.811253459	1008.2800293	39.4044570923	30.8488559723
150.81125346	1008.28344727	39.4044570923	30.8488559723
150.81125346	1008.28344727	39.4044570923	30.8488559723
150.81125346	1008.28344727	39.4044570923	30.8488559723
150.81125346	1008.28344727	39.4044570923	30.8488559723
150.811253461	1008.28344727	39.4044570923	30.8488559723
150.811253461	1008.28344727	39.4044570923	30.8488559723
150.811253461	1008.28344727	39.4044570923	30.8488559723
150.811253461	1008.28344727	39.4044570923	30.8488559723
150.811253461	1008.28344727	39.4044570923	30.8488559723
150.811253462	1008.28344727	39.4044570923	30.8488559723
150.811253462	1008.28344727	39.4044570923	30.8488559723
150.811253462	1008.28344727	39.4044570923	30.8488559723
150.811253462	1008.28344727	39.4044570923	30.9022865295
150.811253463	1008.28344727	43.6709823608	30.9022865295
150.811253463	1008.28344727	43.6709823608	30.9022865295
150.811253463	1008.28344727	43.6709823608	30.9022865295
150.811253463	1008.28344727	43.6709823608	30.9022865295
150.811253464	1008.28662109	43.6709823608	30.9022865295
150.811253464	1008.28662109	43.6709823608	30.9022865295
150.811253464	1008.28662109	43.6709823608	30.9022865295
150.811253465	1008.28662109	43.6709823608	30.9022865295
150.811253465	1008.28662109	43.6709823608	30.9022865295
150.811253465	1008.28662109	43.6709823608	30.9022865295
150.811253465	1008.28662109	43.6709823608	30.9022865295
150.811253465	1008.28662109	43.6709823608	30.9022865295
150.811253466	1008.28662109	43.6709823608	30.9022865295
150.811253466	1008.28662109	43.6709823608	30.9022865295
150.811253466	1008.28662109	43.6709823608	30.9022865295
150.811253466	1008.28662109	43.6709823608	30.9022865295
150.811253467	1008.28662109	43.6709823608	30.9022865295
150.811253467	1008.28662109	43.6709823608	30.9022865295
150.811253467	1008.28662109	43.6709823608	30.9022865295
150.811253467	1008.28662109	43.6709823608	30.9022865295
150.811253467	1008.28662109	43.6709823608	30.9022865295
150.811253468	1008.28662109	43.6709823608	30.9022865295
150.811253468	1008.29541016	43.6709823608	30.9022865295
150.811253468	1008.29541016	43.6709823608	30.9022865295
150.811253468	1008.29541016	43.6709823608	30.9022865295
150.811253469	1008.29541016	43.6709823608	30.9022865295
150.811253469	1008.29541016	43.6709823608	30.9022865295
150.811253469	1008.29541016	43.6709823608	30.9022865295
150.811253469	1008.29541016	43.6709823608	30.9022865295
150.81125347	1008.29541016	43.6709823608	30.9022865295
150.81125347	1008.29541016	43.6709823608	30.9022865295
150.81125347	1008.29541016	43.6709823608	30.9022865295
150.81125347	1008.29541016	43.6709823608	30.8132362366
150.811253471	1008.29541016	39.7638092041	30.8132362366
150.811253471	1008.29541016	39.7638092041	30.8132362366
150.811253471	1008.29541016	39.7638092041	30.8132362366
150.811253471	1008.29541016	39.7638092041	30.8132362366
150.811253472	1008.29541016	39.7638092041	30.8132362366
150.811253472	1008.29541016	39.7638092041	30.8132362366
150.811253472	1008.29541016	39.7638092041	30.8132362366
150.811253472	1008.29541016	39.7638092041	30.8132362366
150.811253473	1008.29541016	39.7638092041	30.8132362366
150.811253473	1008.29541016	39.7638092041	30.8132362366
150.811253473	1008.29541016	39.7638092041	30.8132362366
150.811253473	1008.29541016	39.7638092041	30.8132362366
150.811253473	1008.29541016	39.7638092041	30.8132362366
150.811253474	1008.29541016	39.7638092041	30.8132362366
150.811253474	1008.29541016	39.7638092041	30.8132362366
150.811253474	1008.29541016	39.7638092041	30.8132362366
150.811253474	1008.29541016	39.7638092041	30.8132362366
150.811253475	1008.29541016	39.7638092041	30.8132362366
150.811253475	1008.29541016	39.7638092041	30.8132362366
150.811253475	1008.29541016	39.7638092041	30.8132362366
150.811253475	1008.29541016	39.7638092041	30.8132362366
150.811253475	1008.29541016	39.7638092041	30.8132362366
150.811253476	1008.29541016	39.7638092041	30.8132362366
150.811253476	1008.29223633	39.7638092041	30.8132362366
150.811253476	1008.29223633	39.7638092041	30.8132362366
150.811253477	1008.29223633	39.7638092041	30.8132362366
150.811253477	1008.29223633	39.7638092041	30.8132362366
150.811253477	1008.29223633	39.7638092041	30.8132362366
150.811253477	1008.29223633	39.7638092041	30.8132362366
150.811253477	1008.29223633	39.7638092041	30.8132362366
150.811253478	1008.29223633	39.7638092041	30.8132362366
150.811253478	1008.29223633	39.7638092041	30.8132362366
150.811253478	1008.29223633	39.7638092041	30.884475708
150.811253478	1008.29223633	42.0800170898	30.884475708
150.811253479	1008.29223633	42.0800170898	30.884475708
150.811253479	1008.29223633	42.0800170898	30.884475708
150.811253479	1008.29223633	42.0800170898	30.884475708
150.811253479	1008.29223633	42.0800170898	30.884475708
150.81125348	1008.29223633	42.0800170898	30.884475708
150.81125348	1008.29223633	42.0800170898	30.884475708
150.81125348	1008.29370117	42.0800170898	30.884475708
150.81125348	1008.29370117	42.0800170898	30.884475708
150.811253481	1008.29370117	42.0800170898	30.884475708
150.811253481	1008.29370117	42.0800170898	30.884475708
150.811253481	1008.29370117	42.0800170898	30.884475708
150.811253481	1008.29370117	42.0800170898	30.884475708
150.811253482	1008.29370117	42.0800170898	30.884475708
150.811253482	1008.29370117	42.0800170898	30.884475708
150.811253482	1008.29370117	42.0800170898	30.884475708
150.811253482	1008.29370117	42.0800170898	30.884475708
150.811253482	1008.29370117	42.0800170898	30.884475708
150.811253483	1008.29370117	42.0800170898	30.884475708
150.811253483	1008.29370117	42.0800170898	30.884475708
150.811253483	1008.29370117	42.0800170898	30.884475708
150.811254436	1009.10351562	38.7375030518	31.1821231842
150.811254436	1009.10351562	38.7375030518	31.1821231842
150.811254437	1009.10351562	38.7375030518	31.1821231842
150.811254437	1009.10351562	38.7375030518	31.1821231842
150.811254437	1009.10351562	38.7375030518	31.1821231842
150.811254437	1009.10351562	38.7375030518	31.1821231842
150.811254437	1009.10351562	38.7375030518	31.1821231842
150.811254439	1009.10595703	38.7375030518	31.1821231842
150.811254439	1009.10595703	38.7375030518	31.1821231842
150.811254439	1009.10595703	38.7375030518	31.1821231842
150.811254439	1009.10595703	38.7375030518	31.1821231842
150.81125444	1009.10595703	38.7375030518	31.1821231842
150.81125444	1009.10595703	38.7375030518	31.1821231842
150.81125444	1009.10595703	38.7375030518	31.1821231842
150.81125444	1009.10595703	38.7375030518	31.1821231842
150.81125444	1009.10595703	38.7375030518	31.1821231842
150.81125444	1009.10595703	38.7375030518	31.1821231842
150.81125444	1009.10595703	38.7375030518	31.1821231842
150.811254441	1009.10595703	38.7375030518	31.2553749084
150.811254441	1009.10595703	38.7375030518	31.2553749084
150.811254441	1009.10595703	38.2661972046	31.2553749084
150.811254441	1009.10595703	38.2661972046	31.2553749084
150.811254441	1009.10595703	38.2661972046	31.2553749084
150.811254441	1009.10595703	38.2661972046	31.2553749084
150.811254441	1009.10595703	38.2661972046	31.2553749084
150.811254442	1009.10595703	38.2661972046	31.2553749084
150.811254442	1009.10595703	38.2661972046	31.2553749084
150.811254442	1009.10595703	38.2661972046	31.2553749084
150.811254442	1009.10595703	38.2661972046	31.2553749084
150.811254442	1009.10595703	38.2661972046	31.2553749084
150.811254442	1009.10595703	38.2661972046	31.2553749084
150.811254442	1009.10620117	38.2661972046	31.2553749084
150.811254443	1009.10620117	38.2661972046	31.2553749084
150.811254443	1009.10620117	38.2661972046	31.2553749084
150.811254443	1009.10620117	38.2661972046	31.2553749084
150.811254443	1009.10620117	38.2661972046	31.2553749084
150.811254443	1009.10620117	38.2661972046	31.2553749084
150.811254443	1009.10620117	38.2661972046	31.2553749084
150.811254443	1009.10620117	38.2661972046	31.2553749084
150.811254444	1009.10620117	38.2661972046	31.2553749084
150.811254444	1009.10620117	38.2661972046	31.2553749084
150.811254444	1009.10620117	38.2661972046	31.2553749084
150.811254444	1009.10620117	38.2661972046	31.2553749084
150.811254444	1009.10620117	38.2661972046	31.2553749084
150.811254444	1009.10620117	38.2661972046	31.2553749084
150.811254444	1009.10620117	38.2661972046	31.2553749084
150.811254445	1009.10620117	38.2661972046	31.2553749084
150.811254445	1009.10620117	38.2661972046	31.2553749084
150.811254445	1009.10620117	38.2661972046	31.2553749084
150.811254445	1009.10620117	38.2661972046	31.2553749084
150.811254445	1009.10620117	38.2661972046	31.2553749084
150.811254445	1009.10620117	38.2661972046	31.2553749084
150.811254445	1009.10620117	38.2661972046	31.2553749084
150.811254446	1009.10620117	38.2661972046	31.2553749084
150.811254446	1009.10620117	38.2661972046	31.2553749084
150.811254446	1009.10620117	38.2661972046	31.2553749084
150.811254446	1009.10620117	38.2661972046	31.2553749084
150.811254446	1009.10620117	38.2661972046	31.2553749084
150.811254446	1009.10620117	38.2661972046	31.2553749084
150.811254446	1009.10620117	38.2661972046	31.2553749084
150.811254446	1009.11035156	38.2661972046	31.2553749084
150.811254447	1009.11035156	38.2661972046	31.2553749084
150.811254447	1009.11035156	38.2661972046	31.2553749084
150.811254447	1009.11035156	38.2661972046	31.2553749084
150.811254447	1009.11035156	38.2661972046	31.2553749084
150.811254447	1009.11035156	38.2661972046	31.2553749084
150.811254447	1009.11035156	38.2661972046	31.2553749084
150.811254448	1009.11035156	38.2661972046	31.2553749084
150.811254448	1009.11035156	38.2661972046	31.2553749084
150.811254448	1009.11035156	38.2661972046	31.2553749084
150.811254448	1009.11035156	38.2661972046	31.2553749084
150.811254448	1009.11035156	38.2661972046	31.2553749084
150.811254448	1009.11035156	38.2661972046	31.2553749084
150.811254448	1009.11035156	38.2661972046	31.2553749084
150.811254448	1009.11035156	38.2661972046	31.2553749084
150.811254449	1009.11035156	38.2661972046	31.1821231842
150.811254449	1009.11035156	37.9074401855	31.1821231842
150.811254449	1009.11035156	37.9074401855	31.1821231842
150.811254449	1009.11035156	37.9074401855	31.1821231842
150.811254449	1009.11035156	37.9074401855	31.1821231842
150.811254449	1009.11035156	37.9074401855	31.1821231842
150.81125445	1009.11035156	37.9074401855	31.1821231842
150.81125445	1009.11035156	37.9074401855	31.1821231842
150.81125445	1009.11035156	37.9074401855	31.1821231842
150.81125445	1009.11035156	37.9074401855	31.1821231842
150.81125445	1009.11035156	37.9074401855	31.1821231842
150.81125445	1009.11035156	37.9074401855	31.1821231842
150.81125445	1009.11035156	37.9074401855	31.1821231842
150.811254451	1009.10791016	37.9074401855	31.1821231842
150.811254451	1009.10791016	37.9074401855	31.1821231842
150.811254451	1009.10791016	37.9074401855	31.1821231842
150.811254451	1009.10791016	37.9074401855	31.1821231842
150.811254451	1009.10791016	37.9074401855	31.1821231842
150.811254451	1009.10791016	37.9074401855	31.1821231842
150.811254451	1009.10791016	37.9074401855	31.1821231842
150.811254452	1009.10791016	37.9074401855	31.1821231842
150.811254452	1009.10791016	37.9074401855	31.1821231842
150.811254452	1009.10791016	37.9074401855	31.1821231842
150.811254452	1009.10791016	37.9074401855	31.1821231842
150.811254452	1009.10791016	37.9074401855	31.1821231842
150.811254452	1009.10791016	37.9074401855	31.1821231842
150.811254452	1009.10791016	37.9074401855	31.1821231842
150.811254453	1009.10791016	37.9074401855	31.1821231842
150.811254453	1009.10791016	37.9074401855	31.1821231842
150.811254453	1009.10791016	37.9074401855	31.1821231842
150.811254453	1009.10791016	37.9074401855	31.1821231842
150.811254453	1009.10791016	37.9074401855	31.1821231842
150.811254453	1009.10791016	37.9074401855	31.1821231842
150.811254453	1009.10791016	37.9074401855	31.1821231842
150.811254453	1009.10791016	37.9074401855	31.1821231842
150.811254454	1009.10791016	37.9074401855	31.1821231842
150.811254454	1009.10791016	37.9074401855	31.1821231842
150.811254454	1009.10791016	37.9074401855	31.1821231842
150.811254454	1009.10791016	37.9074401855	31.1821231842
150.811254454	1009.10791016	37.9074401855	31.1821231842
150.811254454	1009.10791016	37.9074401855	31.1821231842
150.811254454	1009.10791016	37.9074401855	31.1821231842
150.811254455	1009.10668945	37.9074401855	31.1821231842
150.811254455	1009.10668945	37.9074401855	31.1821231842
150.811254455	1009.10668945	37.9074401855	31.1821231842
150.811254455	1009.10668945	37.9074401855	31.1821231842
150.811254455	1009.10668945	37.9074401855	31.1821231842
150.811254455	1009.10668945	37.9074401855	31.1821231842
150.811254456	1009.10668945	37.9074401855	31.1821231842
150.811254456	1009.10668945	37.9074401855	31.1821231842
150.811254456	1009.10668945	37.9074401855	31.1821231842
150.811254456	1009.10668945	37.9074401855	31.1821231842
150.811254456	1009.10668945	37.9074401855	31.1821231842
150.811254456	1009.10668945	37.9074401855	31.1821231842
150.811254456	1009.10668945	37.9074401855	31.1821231842
150.811254456	1009.10668945	37.9074401855	31.1821231842
150.811254457	1009.10668945	37.9074401855	31.2920036316
150.811254457	1009.10668945	37.9074401855	31.2920036316
150.811254457	1009.10668945	34.9178085327	31.2920036316
150.811254457	1009.10668945	34.9178085327	31.2920036316
150.811254457	1009.10668945	34.9178085327	31.2920036316
150.811254457	1009.10668945	34.9178085327	31.2920036316
150.811254458	1009.10668945	34.9178085327	31.2920036316
150.811254458	1009.10668945	34.9178085327	31.2920036316
150.811254458	1009.10668945	34.9178085327	31.2920036316
150.811254458	1009.10668945	34.9178085327	31.2920036316
150.811254458	1009.10668945	34.9178085327	31.2920036316
150.811254458	1009.10668945	34.9178085327	31.2920036316
150.811254458	1009.10668945	34.9178085327	31.2920036316
150.811254458	1009.10668945	34.9178085327	31.2920036316
150.811254459	1009.11303711	34.9178085327	31.2920036316
150.811254459	1009.11303711	34.9178085327	31.2920036316
150.811254459	1009.11303711	34.9178085327	31.2920036316
150.811254459	1009.11303711	34.9178085327	31.2920036316
150.811254459	1009.11303711	34.9178085327	31.2920036316
150.811254459	1009.11303711	34.9178085327	31.2920036316
150.81125446	1009.11303711	34.9178085327	31.2920036316
150.81125446	1009.11303711	34.9178085327	31.2920036316
150.81125446	1009.11303711	34.9178085327	31.2920036316
150.81125446	1009.11303711	34.9178085327	31.2920036316
150.81125446	1009.11303711	34.9178085327	31.2920036316
150.81125446	1009.11303711	34.9178085327	31.2920036316
150.81125446	1009.11303711	34.9178085327	31.2920036316
150.81125446	1009.11303711	34.9178085327	31.2920036316
150.811254461	1009.11303711	34.9178085327	31.2920036316
150.811254461	1009.11303711	34.9178085327	31.2920036316
150.811254461	1009.11303711	34.9178085327	31.2920036316
150.811254461	1009.11303711	34.9178085327	31.2920036316
150.811254461	1009.11303711	34.9178085327	31.2920036316
150.811254461	1009.11303711	34.9178085327	31.2920036316
150.811254461	1009.11303711	34.9178085327	31.2920036316
150.811254462	1009.11303711	34.9178085327	31.2920036316
150.811254462	1009.11303711	34.9178085327	31.2920036316
150.811254462	1009.11303711	34.9178085327	31.2920036316
150.811254462	1009.11303711	34.9178085327	31.2920036316
150.811254462	1009.11303711	34.9178085327	31.2920036316
150.811254462	1009.11303711	34.9178085327	31.2920036316
150.811254462	1009.11303711	34.9178085327	31.2920036316
150.811254463	1009.11303711	34.9178085327	31.2920036316
150.811254463	1009.11303711	34.9178085327	31.2920036316
150.811254463	1009.11865234	34.9178085327	31.2920036316
150.811254463	1009.11865234	34.9178085327	31.2920036316
150.811254463	1009.11865234	34.9178085327	31.2920036316
150.811254463	1009.11865234	34.9178085327	31.2920036316
150.811254463	1009.11865234	34.9178085327	31.2920036316
150.811254464	1009.11865234	34.9178085327	31.2920036316
150.811254464	1009.11865234	34.9178085327	31.2920036316
150.811254464	1009.11865234	34.9178085327	31.2920036316
150.811254464	1009.11865234	34.9178085327	31.2920036316
150.811254464	1009.11865234	34.9178085327	31.2920036316
150.811254464	1009.11865234	34.9178085327	31.2920036316
150.811254464	1009.11865234	34.9178085327	31.2920036316
150.811254465	1009.11865234	34.9178085327	31.2920036316
150.811254465	1009.11865234	34.9178085327	31.1821231842
150.811254465	1009.11865234	34.9178085327	31.1821231842
150.811254465	1009.11865234	37.865234375	31.1821231842
150.811254465	1009.11865234	37.865234375	31.1821231842
150.811254465	1009.11865234	37.865234375	31.1821231842
150.811254465	1009.11865234	37.865234375	31.1821231842
150.811254466	1009.11865234	37.865234375	31.1821231842
150.811254466	1009.11865234	37.865234375	31.1821231842
150.811254466	1009.11865234	37.865234375	31.1821231842
150.811254466	1009.11865234	37.865234375	31.1821231842
150.811254466	1009.11865234	37.865234375	31.1821231842
150.811254466	1009.11865234	37.865234375	31.1821231842
150.811254466	1009.11865234	37.865234375	31.1821231842
150.811254467	1009.11865234	37.865234375	31.1821231842
150.811254467	1009.11865234	37.865234375	31.1821231842
150.811254467	1009.11499023	37.865234375	31.1821231842
150.811254467	1009.11499023	37.865234375	31.1821231842
150.811254467	1009.11499023	37.865234375	31.1821231842
150.811254467	1009.11499023	37.865234375	31.1821231842
150.811254467	1009.11499023	37.865234375	31.1821231842
150.811254468	1009.11499023	37.865234375	31.1821231842
150.811254468	1009.11499023	37.865234375	31.1821231842
150.811254469	1009.11499023	37.865234375	31.1821231842
150.811254469	1009.11499023	37.865234375	31.1821231842
150.811254469	1009.11499023	37.865234375	31.1821231842
150.811254469	1009.11499023	37.865234375	31.1821231842
150.811254469	1009.11499023	37.865234375	31.1821231842
150.811254469	1009.11499023	37.865234375	31.1821231842
150.81125447	1009.11499023	37.865234375	31.1821231842
150.81125447	1009.11499023	37.865234375	31.1821231842
150.81125447	1009.11499023	37.865234375	31.1821231842
150.81125447	1009.11499023	37.865234375	31.1821231842
150.81125447	1009.11499023	37.865234375	31.1821231842
150.81125447	1009.11499023	37.865234375	31.1821231842
150.81125447	1009.11499023	37.865234375	31.1821231842
150.81125447	1009.11499023	37.865234375	31.1821231842
150.811254471	1009.11499023	37.865234375	31.1821231842
150.811254471	1009.11499023	37.865234375	31.1821231842
150.811254471	1009.11767578	37.865234375	31.1821231842
150.811254471	1009.11767578	37.865234375	31.1821231842
150.811254471	1009.11767578	37.865234375	31.1821231842
150.811254471	1009.11767578	37.865234375	31.1821231842
150.811254472	1009.11767578	37.865234375	31.1821231842
150.811254472	1009.11767578	37.865234375	31.1821231842
150.811254472	1009.11767578	37.865234375	31.1821231842
150.811254472	1009.11767578	37.865234375	31.1821231842
150.811254472	1009.11767578	37.865234375	31.1821231842
150.811254472	1009.11767578	37.865234375	31.1821231842
150.811254472	1009.11767578	37.865234375	31.1821231842
150.811254473	1009.11767578	37.865234375	31.1821231842
150.811254473	1009.11767578	37.865234375	31.10887146
150.811254473	1009.11767578	37.865234375	31.10887146
150.811254473	1009.11767578	38.195854187	31.10887146
150.811254473	1009.11767578	38.195854187	31.10887146
150.811254473	1009.11767578	38.195854187	31.10887146
150.811254474	1009.11767578	38.195854187	31.10887146
150.811254474	1009.11767578	38.195854187	31.10887146
150.811254474	1009.11767578	38.195854187	31.10887146
150.811254474	1009.11767578	38.195854187	31.10887146
150.811254474	1009.11767578	38.195854187	31.10887146
150.811254474	1009.11767578	38.195854187	31.10887146
150.811254474	1009.11767578	38.195854187	31.10887146
150.811254475	1009.11767578	38.195854187	31.10887146
150.811254475	1009.11767578	38.195854187	31.10887146
150.811254475	1009.11352539	38.195854187	31.10887146
150.811254475	1009.11352539	38.195854187	31.10887146
150.811254475	1009.11352539	38.195854187	31.10887146
150.811254475	1009.11352539	38.195854187	31.10887146
150.811254476	1009.11352539	38.195854187	31.10887146
150.811254476	1009.11352539	38.195854187	31.10887146
150.811254476	1009.11352539	38.195854187	31.10887146
150.811254476	1009.11352539	38.195854187	31.10887146
150.811254476	1009.11352539	38.195854187	31.10887146
150.811254476	1009.11352539	38.195854187	31.10887146
150.811254477	1009.11352539	38.195854187	31.10887146
150.811254477	1009.11352539	38.195854187	31.10887146
150.811254477	1009.11352539	38.195854187	31.10887146
150.811254477	1009.11352539	38.195854187	31.10887146
150.811254477	1009.11352539	38.195854187	31.10887146
150.811254477	1009.11352539	38.195854187	31.10887146
150.811254477	1009.11352539	38.195854187	31.10887146
150.811254478	1009.11352539	38.195854187	31.10887146
150.811254478	1009.11352539	38.195854187	31.10887146
150.811254478	1009.11352539	38.195854187	31.10887146
150.811254478	1009.11352539	38.195854187	31.10887146
150.811254478	1009.11352539	38.195854187	31.10887146
150.811254478	1009.11352539	38.195854187	31.10887146
150.811254478	1009.11352539	38.195854187	31.10887146
150.811254479	1009.11352539	38.195854187	31.10887146
150.811254479	1009.11352539	38.195854187	31.10887146
150.811254479	1009.11352539	38.195854187	31.10887146
150.811254479	1009.10961914	38.195854187	31.10887146
150.811254479	1009.10961914	38.195854187	31.10887146
150.811254479	1009.10961914	38.195854187	31.10887146
150.81125448	1009.10961914	38.195854187	31.10887146
150.81125448	1009.10961914	38.195854187	31.10887146
150.81125448	1009.10961914	38.195854187	31.10887146
150.81125448	1009.10961914	38.195854187	31.10887146
150.81125448	1009.10961914	38.195854187	31.10887146
150.81125448	1009.10961914	38.195854187	31.10887146
150.81125448	1009.10961914	38.195854187	31.10887146
150.811254481	1009.10961914	38.195854187	31.10887146
150.811254481	1009.10961914	38.195854187	31.0173034668
150.811254481	1009.10961914	38.195854187	31.0173034668
150.811254481	1009.10961914	37.3798599243	31.0173034668
150.811254481	1009.10961914	37.3798599243	31.0173034668
150.811254481	1009.10961914	37.3798599243	31.0173034668
150.811254482	1009.10961914	37.3798599243	31.0173034668
150.811254482	1009.10961914	37.3798599243	31.0173034668
150.811254482	1009.10961914	37.3798599243	31.0173034668
150.811254482	1009.10961914	37.3798599243	31.0173034668
150.811254482	1009.10961914	37.3798599243	31.0173034668
150.811254482	1009.10961914	37.3798599243	31.0173034668
150.811254482	1009.10961914	37.3798599243	31.0173034668
150.811254483	1009.10961914	37.3798599243	31.0173034668
150.811254483	1009.10961914	37.3798599243	31.0173034668
150.811254483	1009.10961914	37.3798599243	31.0173034668
150.811254483	1009.10961914	37.3798599243	31.0173034668
150.811254483	1009.10913086	37.3798599243	31.0173034668
150.811254483	1009.10913086	37.3798599243	31.0173034668
150.811254483	1009.10913086	37.3798599243	31.0173034668
150.811254484	1009.10913086	37.3798599243	31.0173034668
150.811254484	1009.10913086	37.3798599243	31.0173034668
150.811254484	1009.10913086	37.3798599243	31.0173034668
150.811254484	1009.10913086	37.3798599243	31.0173034668
150.811254484	1009.10913086	37.3798599243	31.0173034668
150.811254484	1009.10913086	37.3798599243	31.0173034668
150.811254484	1009.10913086	37.3798599243	31.0173034668
150.811254485	1009.10913086	37.3798599243	31.0173034668
150.811254485	1009.10913086	37.3798599243	31.0173034668
150.811254485	1009.10913086	37.3798599243	31.0173034668
150.811254485	1009.10913086	37.3798599243	31.0173034668
150.811254485	1009.10913086	37.3798599243	31.0173034668
150.811254485	1009.10913086	37.3798599243	31.0173034668
150.811254485	1009.10913086	37.3798599243	31.0173034668
150.811254485	1009.10913086	37.3798599243	31.0173034668
150.811254486	1009.10913086	37.3798599243	31.0173034668
150.811254486	1009.10913086	37.3798599243	31.0173034668
150.811254486	1009.10913086	37.3798599243	31.0173034668
150.811254486	1009.10913086	37.3798599243	31.0173034668
150.811254486	1009.10913086	37.3798599243	31.0173034668
150.811254486	1009.10913086	37.3798599243	31.0173034668
150.811254486	1009.10913086	37.3798599243	31.0173034668
150.811254487	1009.10913086	37.3798599243	31.0173034668
150.811254487	1009.10913086	37.3798599243	31.0173034668
150.811254487	1009.10913086	37.3798599243	31.0173034668
150.811254487	1009.10913086	37.3798599243	31.0173034668
150.811254487	1009.10522461	37.3798599243	31.0173034668
150.811254487	1009.10522461	37.3798599243	31.0173034668
150.811254488	1009.10522461	37.3798599243	31.0173034668
150.811254488	1009.10522461	37.3798599243	31.0173034668
150.811254488	1009.10522461	37.3798599243	31.0173034668
150.811254488	1009.10522461	37.3798599243	31.0173034668
150.811254488	1009.10522461	37.3798599243	31.0173034668
150.811254488	1009.10522461	37.3798599243	31.0173034668
150.811254488	1009.10522461	37.3798599243	31.0173034668
150.811254488	1009.10522461	37.3798599243	31.0173034668
150.811254489	1009.10522461	37.3798599243	31.0173034668
150.811254489	1009.10522461	37.3798599243	31.0173034668
150.811254489	1009.10522461	37.3798599243	31.3469429016
150.811254489	1009.10522461	37.3798599243	31.3469429016
150.811254489	1009.10522461	37.2708244324	31.3469429016
150.811254489	1009.10522461	37.2708244324	31.3469429016
150.81125449	1009.10522461	37.2708244324	31.3469429016
150.81125449	1009.10522461	37.2708244324	31.3469429016
150.81125449	1009.10522461	37.2708244324	31.3469429016
150.81125449	1009.10522461	37.2708244324	31.3469429016
150.81125449	1009.10522461	37.2708244324	31.3469429016
150.81125449	1009.10522461	37.2708244324	31.3469429016
150.81125449	1009.10522461	37.2708244324	31.3469429016
150.81125449	1009.10522461	37.2708244324	31.3469429016
150.811254491	1009.10522461	37.2708244324	31.3469429016
150.811254491	1009.10522461	37.2708244324	31.3469429016
150.811254491	1009.10522461	37.2708244324	31.3469429016
150.811254491	1009.10522461	37.2708244324	31.3469429016
150.811254491	1009.10522461	37.2708244324	31.3469429016
150.811254491	1009.10253906	37.2708244324	31.3469429016
150.811254492	1009.10253906	37.2708244324	31.3469429016
150.811254492	1009.10253906	37.2708244324	31.3469429016
150.811254492	1009.10253906	37.2708244324	31.3469429016
150.811254492	1009.10253906	37.2708244324	31.3469429016
150.811254492	1009.10253906	37.2708244324	31.3469429016
150.811254492	1009.10253906	37.2708244324	31.3469429016
150.811254492	1009.10253906	37.2708244324	31.3469429016
150.811254493	1009.10253906	37.2708244324	31.3469429016
150.811254493	1009.10253906	37.2708244324	31.3469429016
150.811254493	1009.10253906	37.2708244324	31.3469429016
150.811254493	1009.10253906	37.2708244324	31.3469429016
150.811254493	1009.10253906	37.2708244324	31.3469429016
150.811254493	1009.10253906	37.2708244324	31.3469429016
150.811254493	1009.10253906	37.2708244324	31.3469429016
150.811254493	1009.10253906	37.2708244324	31.3469429016
150.811254494	1009.10253906	37.2708244324	31.3469429016
150.811254494	1009.10253906	37.2708244324	31.3469429016
150.811254494	1009.10253906	37.2708244324	31.3469429016
150.811254494	1009.10253906	37.2708244324	31.3469429016
150.811254494	1009.10253906	37.2708244324	31.3469429016
150.811254494	1009.10253906	37.2708244324	31.3469429016
150.811254494	1009.10253906	37.2708244324	31.3469429016
150.811254495	1009.10253906	37.2708244324	31.3469429016
150.811254495	1009.10253906	37.2708244324	31.3469429016
150.811254495	1009.10253906	37.2708244324	31.3469429016
150.811254495	1009.10253906	37.2708244324	31.3469429016
150.811254495	1009.10253906	37.2708244324	31.3469429016
150.811254495	1009.10253906	37.2708244324	31.3469429016
150.811254495	1009.10327148	37.2708244324	31.3469429016
150.811254496	1009.10327148	37.2708244324	31.3469429016
150.811254496	1009.10327148	37.2708244324	31.3469429016
150.811254496	1009.10327148	37.2708244324	31.3469429016
150.811254496	1009.10327148	37.2708244324	31.3469429016
150.811254496	1009.10327148	37.2708244324	31.3469429016
150.811254496	1009.10327148	37.2708244324	31.3469429016
150.811254496	1009.10327148	37.2708244324	31.3469429016
150.811254497	1009.10327148	37.2708244324	31.3469429016
150.811254497	1009.10327148	37.2708244324	31.3469429016
150.811254497	1009.10327148	37.2708244324	31.2004356384
150.811254497	1009.10327148	37.2708244324	31.2004356384
150.811254497	1009.10327148	37.6858558655	31.2004356384
150.811254497	1009.10327148	37.6858558655	31.2004356384
150.811254497	1009.10327148	37.6858558655	31.2004356384
150.811254498	1009.10327148	37.6858558655	31.2004356384
150.811254498	1009.10327148	37.6858558655	31.2004356384
150.811254498	1009.10327148	37.6858558655	31.2004356384
150.811254498	1009.10327148	37.6858558655	31.2004356384
150.811254498	1009.10327148	37.6858558655	31.2004356384
150.811254498	1009.10327148	37.6858558655	31.2004356384
150.811254498	1009.10327148	37.6858558655	31.2004356384
150.811254499	1009.10327148	37.6858558655	31.2004356384
150.811254499	1009.10327148	37.6858558655	31.2004356384
150.811254499	1009.10327148	37.6858558655	31.2004356384
150.811254499	1009.10327148	37.6858558655	31.2004356384
150.811254499	1009.10327148	37.6858558655	31.2004356384
150.811254499	1009.10327148	37.6858558655	31.2004356384
150.811254499	1009.0949707	37.6858558655	31.2004356384
150.8112545	1009.0949707	37.6858558655	31.2004356384
150.8112545	1009.0949707	37.6858558655	31.2004356384
150.8112545	1009.0949707	37.6858558655	31.2004356384
150.8112545	1009.0949707	37.6858558655	31.2004356384
150.8112545	1009.0949707	37.6858558655	31.2004356384
150.8112545	1009.0949707	37.6858558655	31.2004356384
150.8112545	1009.0949707	37.6858558655	31.2004356384
150.811254501	1009.0949707	37.6858558655	31.2004356384
150.811254501	1009.0949707	37.6858558655	31.2004356384
150.811254501	1009.0949707	37.6858558655	31.2004356384
150.811254501	1009.0949707	37.6858558655	31.2004356384
150.811254501	1009.0949707	37.6858558655	31.2004356384
150.811254501	1009.0949707	37.6858558655	31.2004356384
150.811254501	1009.0949707	37.6858558655	31.2004356384
150.811254502	1009.0949707	37.6858558655	31.2004356384
150.811254502	1009.0949707	37.6858558655	31.2004356384
150.811254502	1009.0949707	37.6858558655	31.2004356384
150.811254502	1009.0949707	37.6858558655	31.2004356384
150.811254502	1009.0949707	37.6858558655	31.2004356384
150.811254502	1009.0949707	37.6858558655	31.2004356384
150.811254502	1009.0949707	37.6858558655	31.2004356384
150.811254503	1009.0949707	37.6858558655	31.2004356384
150.811254503	1009.0949707	37.6858558655	31.2004356384
150.811254503	1009.0949707	37.6858558655	31.2004356384
150.811254503	1009.0949707	37.6858558655	31.2004356384
150.811254503	1009.0949707	37.6858558655	31.2004356384
150.811254503	1009.0949707	37.6858558655	31.2004356384
150.811254503	1009.0949707	37.6858558655	31.2004356384
150.811254503	1009.09619141	37.6858558655	31.2004356384
150.811254504	1009.09619141	37.6858558655	31.2004356384
150.811254504	1009.09619141	37.6858558655	31.2004356384
150.811254504	1009.09619141	37.6858558655	31.2004356384
150.811254504	1009.09619141	37.6858558655	31.2004356384
150.811254504	1009.09619141	37.6858558655	31.2004356384
150.811254504	1009.09619141	37.6858558655	31.2004356384
150.811254505	1009.09619141	37.6858558655	31.2004356384
150.811254505	1009.09619141	37.6858558655	31.2004356384
150.811254505	1009.09619141	37.6858558655	31.2004356384
150.811254505	1009.09619141	37.6858558655	31.3103141785
150.811254505	1009.09619141	37.6858558655	31.3103141785
150.811254505	1009.09619141	40.647354126	31.3103141785
150.811254505	1009.09619141	40.647354126	31.3103141785
150.811254506	1009.09619141	40.647354126	31.3103141785
150.811254506	1009.09619141	40.647354126	31.3103141785
150.811254506	1009.09619141	40.647354126	31.3103141785
150.811254506	1009.09619141	40.647354126	31.3103141785
150.811254506	1009.09619141	40.647354126	31.3103141785
150.811254506	1009.09619141	40.647354126	31.3103141785
150.811254506	1009.09619141	40.647354126	31.3103141785
150.811254507	1009.09619141	40.647354126	31.3103141785
150.811254507	1009.09619141	40.647354126	31.3103141785
150.811254507	1009.09619141	40.647354126	31.3103141785
150.811254507	1009.09619141	40.647354126	31.3103141785
150.811254507	1009.09619141	40.647354126	31.3103141785
150.811254508	1009.09912109	40.647354126	31.3103141785
150.811254508	1009.09912109	40.647354126	31.3103141785
150.811254508	1009.09912109	40.647354126	31.3103141785
150.811254509	1009.09912109	40.647354126	31.3103141785
150.811254509	1009.09912109	40.647354126	31.3103141785
150.811254509	1009.09912109	40.647354126	31.3103141785
150.811254509	1009.09912109	40.647354126	31.3103141785
150.811254509	1009.09912109	40.647354126	31.3103141785
150.81125451	1009.09912109	40.647354126	31.3103141785
150.81125451	1009.09912109	40.647354126	31.3103141785
150.81125451	1009.09912109	40.647354126	31.3103141785
150.81125451	1009.09912109	40.647354126	31.3103141785
150.811254511	1009.09912109	40.647354126	31.3103141785
150.811254511	1009.09912109	40.647354126	31.3103141785
150.811254511	1009.09912109	40.647354126	31.3103141785
150.811254511	1009.09912109	40.647354126	31.3103141785
150.811254511	1009.09912109	40.647354126	31.3103141785
150.811254512	1009.10131836	40.647354126	31.3103141785
150.811254512	1009.10131836	40.647354126	31.3103141785
150.811254512	1009.10131836	40.647354126	31.3103141785
150.811254513	1009.10131836	40.647354126	31.3103141785
150.811254513	1009.10131836	40.647354126	31.3103141785
150.811254513	1009.10131836	40.647354126	31.1454963684
150.811254513	1009.10131836	41.3261756897	31.1454963684
150.811254514	1009.10131836	41.3261756897	31.1454963684
150.811254514	1009.10131836	41.3261756897	31.1454963684
150.811254514	1009.10131836	41.3261756897	31.1454963684
150.811254514	1009.10131836	41.3261756897	31.1454963684
150.811254514	1009.10131836	41.3261756897	31.1454963684
150.811254515	1009.10131836	41.3261756897	31.1454963684
150.811254515	1009.10131836	41.3261756897	31.1454963684
150.811254515	1009.10131836	41.3261756897	31.1454963684
150.811254515	1009.10131836	41.3261756897	31.1454963684
150.811254516	1009.10131836	41.3261756897	31.1454963684
150.811254516	1009.09912109	41.3261756897	31.1454963684
150.811254516	1009.09912109	41.3261756897	31.1454963684
150.811254516	1009.09912109	41.3261756897	31.1454963684
150.811254517	1009.09912109	41.3261756897	31.1454963684
150.811254517	1009.09912109	41.3261756897	31.1454963684
150.811254517	1009.09912109	41.3261756897	31.1454963684
150.811254517	1009.09912109	41.3261756897	31.1454963684
150.811254518	1009.09912109	41.3261756897	31.1454963684
150.811254518	1009.09912109	41.3261756897	31.1454963684
150.811254518	1009.09912109	41.3261756897	31.1454963684
150.811254518	1009.09912109	41.3261756897	31.1454963684
150.811254518	1009.09912109	41.3261756897	31.1454963684
150.811254519	1009.09912109	41.3261756897	31.1454963684
150.811254519	1009.09912109	41.3261756897	31.1454963684
150.811254519	1009.09912109	41.3261756897	31.1454963684
150.811254519	1009.09912109	41.3261756897	31.1454963684
150.81125452	1009.09912109	41.3261756897	31.1454963684
150.81125452	1009.09790039	41.3261756897	31.1454963684
150.81125452	1009.09790039	41.3261756897	31.1454963684
150.81125452	1009.09790039	41.3261756897	31.1454963684
150.811254521	1009.09790039	41.3261756897	31.1454963684
150.811254521	1009.09790039	41.3261756897	31.1454963684
150.811254521	1009.09790039	41.3261756897	31.2920036316
150.811254521	1009.09790039	36.5884857178	31.2920036316
150.811254522	1009.09790039	36.5884857178	31.2920036316
150.811254522	1009.09790039	36.5884857178	31.2920036316
150.811254522	1009.09790039	36.5884857178	31.2920036316
150.811254522	1009.09790039	36.5884857178	31.2920036316
150.811254523	1009.09790039	36.5884857178	31.2920036316
150.811254523	1009.09790039	36.5884857178	31.2920036316
150.811254523	1009.09790039	36.5884857178	31.2920036316
150.811254523	1009.09790039	36.5884857178	31.2920036316
150.811254523	1009.09790039	36.5884857178	31.2920036316
150.811254524	1009.09790039	36.5884857178	31.2920036316
150.811254524	1009.09960938	36.5884857178	31.2920036316
150.811254524	1009.09960938	36.5884857178	31.2920036316
150.811254525	1009.09960938	36.5884857178	31.2920036316
150.811254525	1009.09960938	36.5884857178	31.2920036316
150.811254525	1009.09960938	36.5884857178	31.2920036316
150.811254525	1009.09960938	36.5884857178	31.2920036316
150.811254525	1009.09960938	36.5884857178	31.2920036316
150.811254526	1009.09960938	36.5884857178	31.2920036316
150.811254526	1009.09960938	36.5884857178	31.2920036316
150.811254526	1009.09960938	36.5884857178	31.2920036316
150.811254526	1009.09960938	36.5884857178	31.2920036316
150.811254527	1009.09960938	36.5884857178	31.2920036316
150.811254527	1009.09960938	36.5884857178	31.2920036316
150.811254527	1009.09960938	36.5884857178	31.2920036316
150.811254527	1009.09960938	36.5884857178	31.2920036316
150.811254527	1009.09960938	36.5884857178	31.2920036316
150.811254528	1009.09960938	36.5884857178	31.2920036316
150.811254528	1009.09570312	36.5884857178	31.2920036316
150.811254528	1009.09570312	36.5884857178	31.2920036316
150.811254529	1009.09570312	36.5884857178	31.2920036316
150.811254529	1009.09570312	36.5884857178	31.2920036316
150.811254529	1009.09570312	36.5884857178	31.2920036316
150.811254529	1009.09570312	39.8454284668	31.2920036316
150.81125453	1009.09570312	39.8454284668	31.2920036316
150.81125453	1009.09570312	39.8454284668	31.2920036316
150.81125453	1009.09570312	39.8454284668	31.2920036316
150.81125453	1009.09570312	39.8454284668	31.2920036316
150.81125453	1009.09570312	39.8454284668	31.2920036316
150.811254531	1009.09570312	39.8454284668	31.2920036316
150.811254531	1009.09570312	39.8454284668	31.2920036316
150.811254531	1009.09570312	39.8454284668	31.2920036316
150.811254531	1009.09570312	39.8454284668	31.2920036316
150.811254532	1009.09570312	39.8454284668	31.2920036316
150.811254532	1009.09570312	39.8454284668	31.2920036316
150.811254532	1009.09887695	39.8454284668	31.2920036316
150.811254532	1009.09887695	39.8454284668	31.2920036316
150.811254533	1009.09887695	39.8454284668	31.2920036316
150.811254533	1009.09887695	39.8454284668	31.2920036316
150.811254533	1009.09887695	39.8454284668	31.2920036316
150.811254533	1009.09887695	39.8454284668	31.2920036316
150.811254534	1009.09887695	39.8454284668	31.2920036316
150.811254534	1009.09887695	39.8454284668	31.2920036316
150.811254534	1009.09887695	39.8454284668	31.2920036316
150.811254534	1009.09887695	39.8454284668	31.2920036316
150.811254534	1009.09887695	39.8454284668	31.2920036316
150.811254535	1009.09887695	39.8454284668	31.2920036316
150.811254535	1009.09887695	39.8454284668	31.2920036316
150.811254535	1009.09887695	39.8454284668	31.2920036316
150.811254535	1009.09887695	39.8454284668	31.2920036316
150.811254536	1009.09887695	39.8454284668	31.2920036316
150.811254536	1009.09887695	39.8454284668	31.2920036316
150.811254536	1009.10375977	39.8454284668	31.2920036316
150.811254536	1009.10375977	39.8454284668	31.2920036316
150.811254537	1009.10375977	39.8454284668	31.2920036316
150.811254537	1009.10375977	39.8454284668	31.2920036316
150.811254537	1009.10375977	39.8454284668	31.2553749084
150.811254537	1009.10375977	34.432434082	31.2553749084
150.811254538	1009.10375977	34.432434082	31.2553749084
150.811254538	1009.10375977	34.432434082	31.2553749084
150.811254538	1009.10375977	34.432434082	31.2553749084
150.811254538	1009.10375977	34.432434082	31.2553749084
150.811254539	1009.10375977	34.432434082	31.2553749084
150.811254539	1009.10375977	34.432434082	31.2553749084
150.811254539	1009.10375977	34.432434082	31.2553749084
150.811254539	1009.10375977	34.432434082	31.2553749084
150.811254539	1009.10375977	34.432434082	31.2553749084
150.81125454	1009.10375977	34.432434082	31.2553749084
150.81125454	1009.10375977	34.432434082	31.2553749084
150.81125454	1009.10693359	34.432434082	31.2553749084
150.811254541	1009.10693359	34.432434082	31.2553749084
150.811254541	1009.10693359	34.432434082	31.2553749084
150.811254541	1009.10693359	34.432434082	31.2553749084
150.811254541	1009.10693359	34.432434082	31.2553749084
150.811254541	1009.10693359	34.432434082	31.2553749084
150.811254542	1009.10693359	34.432434082	31.2553749084
150.811254542	1009.10693359	34.432434082	31.2553749084
150.811254542	1009.10693359	34.432434082	31.2553749084
150.811254542	1009.10693359	34.432434082	31.2553749084
150.811254543	1009.10693359	34.432434082	31.2553749084
150.811254543	1009.10693359	34.432434082	31.2553749084
150.811254543	1009.10693359	34.432434082	31.2553749084
150.811254543	1009.10693359	34.432434082	31.2553749084
150.811254543	1009.10693359	34.432434082	31.2553749084
150.811254544	1009.10693359	34.432434082	31.2553749084
150.811254544	1009.10693359	34.432434082	31.2553749084
150.811254544	1009.10693359	34.432434082	31.2553749084
150.811254544	1009.1081543	34.432434082	31.2553749084
150.811254545	1009.1081543	34.432434082	31.2553749084
150.811254545	1009.1081543	34.432434082	31.2553749084
150.811254545	1009.1081543	34.432434082	31.2553749084
150.811254545	1009.1081543	38.7164001465	31.2553749084
150.811254546	1009.1081543	38.7164001465	31.2553749084
150.811254546	1009.1081543	38.7164001465	31.2553749084
150.811254546	1009.1081543	38.7164001465	31.2553749084
150.811254546	1009.1081543	38.7164001465	31.2553749084
150.811254547	1009.1081543	38.7164001465	31.2553749084
150.811254547	1009.1081543	38.7164001465	31.2553749084
150.811254547	1009.1081543	38.7164001465	31.2553749084
150.811254547	1009.1081543	38.7164001465	31.2553749084
150.811254548	1009.1081543	38.7164001465	31.2553749084
150.811254548	1009.1081543	38.7164001465	31.2553749084
150.811254548	1009.1081543	38.7164001465	31.2553749084
150.811254548	1009.10986328	38.7164001465	31.2553749084
150.811254549	1009.10986328	38.7164001465	31.2553749084
150.811254549	1009.10986328	38.7164001465	31.2553749084
150.811254549	1009.10986328	38.7164001465	31.2553749084
150.811254549	1009.10986328	38.7164001465	31.2553749084
150.81125455	1009.10986328	38.7164001465	31.2553749084
150.81125455	1009.10986328	38.7164001465	31.2553749084
150.81125455	1009.10986328	38.7164001465	31.2553749084
150.81125455	1009.10986328	38.7164001465	31.2553749084
150.81125455	1009.10986328	38.7164001465	31.2553749084
150.811254551	1009.10986328	38.7164001465	31.2553749084
150.811254551	1009.10986328	38.7164001465	31.2553749084
150.811254551	1009.10986328	38.7164001465	31.2553749084
150.811254551	1009.10986328	38.7164001465	31.2553749084
150.811254552	1009.10986328	38.7164001465	31.2553749084
150.811254552	1009.10986328	38.7164001465	31.2553749084
150.811254552	1009.10986328	38.7164001465	31.2553749084
150.811254552	1009.10986328	38.7164001465	31.2553749084
150.811254552	1009.11254883	38.7164001465	31.2553749084
150.811254553	1009.11254883	38.7164001465	31.2553749084
150.811254553	1009.11254883	38.7164001465	31.2553749084
150.811254553	1009.11254883	38.7164001465	31.2553749084
150.811254554	1009.11254883	36.5216598511	31.2553749084
150.811254554	1009.11254883	36.5216598511	31.2553749084
150.811254554	1009.11254883	36.5216598511	31.2553749084
150.811254554	1009.11254883	36.5216598511	31.2553749084
150.811254555	1009.11254883	36.5216598511	31.2553749084
150.811254555	1009.11254883	36.5216598511	31.2553749084
150.811254555	1009.11254883	36.5216598511	31.2553749084
150.811254555	1009.11254883	36.5216598511	31.2553749084
150.811254555	1009.11254883	36.5216598511	31.2553749084
150.811254556	1009.11254883	36.5216598511	31.2553749084
150.811254556	1009.11254883	36.5216598511	31.2553749084
150.811254556	1009.11254883	36.5216598511	31.2553749084
150.811254556	1009.11401367	36.5216598511	31.2553749084
150.811254557	1009.11401367	36.5216598511	31.2553749084
150.811254557	1009.11401367	36.5216598511	31.2553749084
150.811254557	1009.11401367	36.5216598511	31.2553749084
150.811254557	1009.11401367	36.5216598511	31.2553749084
150.811254558	1009.11401367	36.5216598511	31.2553749084
150.811254558	1009.11401367	36.5216598511	31.2553749084
150.811254558	1009.11401367	36.5216598511	31.2553749084
150.811254558	1009.11401367	36.5216598511	31.2553749084
150.811254559	1009.11401367	36.5216598511	31.2553749084
150.811254559	1009.11401367	36.5216598511	31.2553749084
150.811254559	1009.11401367	36.5216598511	31.2553749084
150.811254559	1009.11401367	36.5216598511	31.2553749084
150.811254559	1009.11401367	36.5216598511	31.2553749084
150.81125456	1009.11401367	36.5216598511	31.2553749084
150.81125456	1009.11401367	36.5216598511	31.2553749084
150.81125456	1009.11401367	36.5216598511	31.2553749084
150.81125456	1009.11401367	36.5216598511	31.2553749084
150.811254561	1009.10961914	36.5216598511	31.2553749084
150.811254561	1009.10961914	36.5216598511	31.2553749084
