3.10073484895	1300
time	pressure	humidity	temperature
150.811235035	1008.28027344	40.0676269531	30.795425415
150.811235035	1008.28027344	40.0676269531	30.795425415
150.811235035	1008.28027344	40.0676269531	30.795425415
150.811235036	1008.28027344	40.0676269531	30.795425415
150.811235036	1008.28271484	40.0676269531	30.8666648865
150.811235036	1008.28271484	37.1960525513	30.8666648865
150.811235037	1008.28271484	37.1960525513	30.8666648865
150.811235037	1008.28271484	37.1960525513	30.8666648865
150.811235037	1008.28271484	37.1960525513	30.8666648865
150.811235037	1008.28271484	37.1960525513	30.8666648865
150.811235037	1008.28271484	37.1960525513	30.8666648865
150.811235038	1008.28271484	37.1960525513	30.8666648865
150.811235038	1008.28271484	37.1960525513	30.8666648865
150.811235038	1008.28271484	37.1960525513	30.8666648865
150.811235038	1008.28271484	37.1960525513	30.8666648865
150.811235039	1008.28271484	37.1960525513	30.8666648865
150.811235039	1008.28271484	37.1960525513	30.8666648865
150.811235039	1008.28271484	37.1960525513	30.8666648865
150.811235039	1008.28271484	37.1960525513	30.8666648865
150.811235039	1008.28271484	37.1960525513	30.8666648865
150.81123504	1008.28271484	37.1960525513	30.8666648865
150.81123504	1008.28198242	37.1960525513	30.8666648865
150.81123504	1008.28198242	37.1960525513	30.8666648865
150.811235041	1008.28198242	37.1960525513	30.8666648865
150.811235041	1008.28198242	37.1960525513	30.8666648865
150.811235041	1008.28198242	37.1960525513	30.8666648865
150.811235041	1008.28198242	37.1960525513	30.8666648865
150.811235041	1008.28198242	37.1960525513	30.8666648865
150.811235042	1008.28198242	37.1960525513	30.8666648865
150.811235042	1008.28198242	37.1960525513	30.8666648865
150.811235042	1008.28198242	37.1960525513	30.8666648865
150.811235042	1008.28198242	37.1960525513	30.8666648865
150.811235043	1008.28198242	37.1960525513	30.8666648865
150.811235043	1008.28198242	37.1960525513	30.8666648865
150.811235043	1008.28198242	37.1960525513	30.8666648865
150.811235043	1008.28198242	37.1960525513	30.8666648865
150.811235043	1008.28198242	37.1960525513	30.8666648865
150.811235044	1008.28198242	37.1960525513	30.8666648865
150.811235044	1008.28198242	37.1960525513	30.7776145935
150.811235044	1008.28222656	40.3485794067	30.7776145935
150.811235045	1008.28222656	40.3485794067	30.7776145935
150.811235045	1008.28222656	40.3485794067	30.7776145935
150.811235045	1008.28222656	40.3485794067	30.7776145935
150.811235045	1008.28222656	40.3485794067	30.7776145935
150.811235046	1008.28222656	40.3485794067	30.7776145935
150.811235046	1008.28222656	40.3485794067	30.7776145935
150.811235046	1008.28222656	40.3485794067	30.7776145935
150.811235046	1008.28222656	40.3485794067	30.7776145935
150.811235046	1008.28222656	40.3485794067	30.7776145935
150.811235047	1008.28222656	40.3485794067	30.7776145935
150.811235047	1008.28222656	40.3485794067	30.7776145935
150.811235047	1008.28222656	40.3485794067	30.7776145935
150.811235047	1008.28222656	40.3485794067	30.7776145935
150.811235048	1008.28222656	40.3485794067	30.7776145935
150.811235048	1008.28222656	40.3485794067	30.7776145935
150.811235048	1008.28222656	40.3485794067	30.7776145935
150.811235048	1008.2800293	40.3485794067	30.7776145935
150.811235049	1008.2800293	40.3485794067	30.7776145935
150.811235049	1008.2800293	40.3485794067	30.7776145935
150.811235049	1008.2800293	40.3485794067	30.7776145935
150.811235049	1008.2800293	40.3485794067	30.7776145935
150.81123505	1008.2800293	40.3485794067	30.7776145935
150.81123505	1008.2800293	40.3485794067	30.7776145935
150.81123505	1008.2800293	40.3485794067	30.7776145935
150.81123505	1008.2800293	40.3485794067	30.7776145935
150.81123505	1008.2800293	40.3485794067	30.7776145935
150.811235051	1008.2800293	40.3485794067	30.7776145935
150.811235051	1008.2800293	40.3485794067	30.7776145935
150.811235051	1008.2800293	40.3485794067	30.7776145935
150.811235051	1008.2800293	40.3485794067	30.7776145935
150.811235051	1008.2800293	40.3485794067	30.7776145935
150.811235052	1008.2800293	40.3485794067	30.7776145935
150.811235052	1008.2800293	40.2277069092	30.7776145935
150.811235052	1008.2800293	40.2277069092	30.7776145935
150.811235053	1008.2800293	40.2277069092	30.7776145935
150.811235053	1008.2800293	40.2277069092	30.7776145935
150.811235053	1008.2800293	40.2277069092	30.7776145935
150.811235053	1008.2800293	40.2277069092	30.7776145935
150.811235054	1008.2800293	40.2277069092	30.7776145935
150.811235054	1008.2800293	40.2277069092	30.7776145935
150.811235054	1008.2800293	40.2277069092	30.7776145935
150.811235054	1008.2800293	40.2277069092	30.7776145935
150.811235055	1008.2800293	40.2277069092	30.7776145935
150.811235055	1008.2800293	40.2277069092	30.7776145935
150.811235055	1008.2800293	40.2277069092	30.7776145935
150.811235055	1008.2800293	40.2277069092	30.7776145935
150.811235055	1008.2800293	40.2277069092	30.7776145935
150.811235056	1008.2800293	40.2277069092	30.7776145935
150.811235056	1008.2800293	40.2277069092	30.7776145935
150.811235056	1008.2800293	40.2277069092	30.7776145935
150.811235056	1008.27905273	40.2277069092	30.7776145935
150.811235057	1008.27905273	40.2277069092	30.7776145935
150.811235057	1008.27905273	40.2277069092	30.7776145935
150.811235057	1008.27905273	40.2277069092	30.7776145935
150.811235057	1008.27905273	40.2277069092	30.7776145935
150.811235058	1008.27905273	40.2277069092	30.7776145935
150.811235058	1008.27905273	40.2277069092	30.7776145935
150.811235058	1008.27905273	40.2277069092	30.7776145935
150.811235058	1008.27905273	40.2277069092	30.7776145935
150.811235058	1008.27905273	40.2277069092	30.7776145935
150.811235059	1008.27905273	40.2277069092	30.7776145935
150.811235059	1008.27905273	40.2277069092	30.7776145935
150.811235059	1008.27905273	40.2277069092	30.7776145935
150.811235059	1008.27905273	40.2277069092	30.7776145935
150.81123506	1008.27905273	40.2277069092	30.9379081726
150.81123506	1008.27905273	40.7765388489	30.9379081726
150.81123506	1008.27905273	40.7765388489	30.9379081726
150.81123506	1008.27685547	40.7765388489	30.9379081726
150.811235061	1008.27685547	40.7765388489	30.9379081726
150.811235061	1008.27685547	40.7765388489	30.9379081726
150.811235061	1008.27685547	40.7765388489	30.9379081726
150.811235061	1008.27685547	40.7765388489	30.9379081726
150.811235062	1008.27685547	40.7765388489	30.9379081726
150.811235062	1008.27685547	40.7765388489	30.9379081726
150.811235062	1008.27685547	40.7765388489	30.9379081726
150.811235062	1008.27685547	40.7765388489	30.9379081726
150.811235063	1008.27685547	40.7765388489	30.9379081726
150.811235063	1008.27685547	40.7765388489	30.9379081726
150.811235063	1008.27685547	40.7765388489	30.9379081726
150.811235063	1008.27685547	40.7765388489	30.9379081726
150.811235063	1008.27685547	40.7765388489	30.9379081726
150.811235064	1008.27685547	40.7765388489	30.9379081726
150.811235064	1008.27685547	40.7765388489	30.9379081726
150.811235064	1008.27685547	40.7765388489	30.9379081726
150.811235064	1008.27685547	40.7765388489	30.9379081726
150.811235065	1008.28027344	40.7765388489	30.9379081726
150.811235065	1008.28027344	40.7765388489	30.9379081726
150.811235065	1008.28027344	40.7765388489	30.9379081726
150.811235065	1008.28027344	40.7765388489	30.9379081726
150.811235066	1008.28027344	40.7765388489	30.9379081726
150.811235066	1008.28027344	40.7765388489	30.9379081726
150.811235066	1008.28027344	40.7765388489	30.9379081726
150.811235066	1008.28027344	40.7765388489	30.9379081726
150.811235067	1008.28027344	40.7765388489	30.9379081726
150.811235067	1008.28027344	40.7765388489	30.9379081726
150.811235067	1008.28027344	40.7765388489	30.9379081726
150.811235067	1008.28027344	40.7765388489	30.9379081726
150.811235067	1008.28027344	40.7765388489	30.8132362366
150.811235068	1008.28027344	41.8905410767	30.8132362366
150.811235068	1008.28027344	41.8905410767	30.8132362366
150.811235068	1008.28027344	41.8905410767	30.8132362366
150.811235068	1008.28027344	41.8905410767	30.8132362366
150.811235069	1008.2800293	41.8905410767	30.8132362366
150.811235069	1008.2800293	41.8905410767	30.8132362366
150.811235069	1008.2800293	41.8905410767	30.8132362366
150.81123507	1008.2800293	41.8905410767	30.8132362366
150.81123507	1008.2800293	41.8905410767	30.8132362366
150.81123507	1008.2800293	41.8905410767	30.8132362366
150.81123507	1008.2800293	41.8905410767	30.8132362366
150.81123507	1008.2800293	41.8905410767	30.8132362366
150.811235071	1008.2800293	41.8905410767	30.8132362366
150.811235071	1008.2800293	41.8905410767	30.8132362366
150.811235071	1008.2800293	41.8905410767	30.8132362366
150.811235071	1008.2800293	41.8905410767	30.8132362366
150.811235072	1008.2800293	41.8905410767	30.8132362366
150.811235072	1008.2800293	41.8905410767	30.8132362366
150.811235072	1008.2800293	41.8905410767	30.8132362366
150.811235072	1008.2800293	41.8905410767	30.8132362366
150.811235072	1008.2800293	41.8905410767	30.8132362366
150.811235073	1008.2800293	41.8905410767	30.8132362366
150.811235073	1008.27807617	41.8905410767	30.8132362366
150.811235073	1008.27807617	41.8905410767	30.8132362366
150.811235074	1008.27807617	41.8905410767	30.8132362366
150.811235074	1008.27807617	41.8905410767	30.8132362366
150.811235074	1008.27807617	41.8905410767	30.8132362366
150.811235074	1008.27807617	41.8905410767	30.8132362366
150.811235074	1008.27807617	41.8905410767	30.8132362366
150.811235075	1008.27807617	41.8905410767	30.8132362366
150.811235075	1008.27807617	41.8905410767	30.8132362366
150.811235075	1008.27807617	41.8905410767	30.8132362366
150.811235075	1008.27807617	41.8905410767	30.884475708
150.811235076	1008.27807617	39.8422164917	30.884475708
150.811235076	1008.27807617	39.8422164917	30.884475708
150.811235076	1008.27807617	39.8422164917	30.884475708
150.811235076	1008.27807617	39.8422164917	30.884475708
150.811235077	1008.27807617	39.8422164917	30.884475708
150.811235077	1008.27685547	39.8422164917	30.884475708
150.811235077	1008.27685547	39.8422164917	30.884475708
150.811235077	1008.27685547	39.8422164917	30.884475708
150.811235078	1008.27685547	39.8422164917	30.884475708
150.811235078	1008.27685547	39.8422164917	30.884475708
150.811235078	1008.27685547	39.8422164917	30.884475708
150.811235078	1008.27685547	39.8422164917	30.884475708
150.811235079	1008.27685547	39.8422164917	30.884475708
150.811235079	1008.27685547	39.8422164917	30.884475708
150.811235079	1008.27685547	39.8422164917	30.884475708
150.811235079	1008.27685547	39.8422164917	30.884475708
150.811235079	1008.27685547	39.8422164917	30.884475708
150.81123508	1008.27685547	39.8422164917	30.884475708
150.81123508	1008.27685547	39.8422164917	30.884475708
150.81123508	1008.27685547	39.8422164917	30.884475708
150.81123508	1008.27685547	39.8422164917	30.884475708
150.811235081	1008.27685547	39.8422164917	30.884475708
150.811235081	1008.27685547	39.8422164917	30.884475708
150.811235081	1008.27734375	39.8422164917	30.884475708
150.811235081	1008.27734375	39.8422164917	30.884475708
150.811235082	1008.27734375	39.8422164917	30.884475708
150.811235082	1008.27734375	39.8422164917	30.884475708
150.811235082	1008.27734375	39.8422164917	30.884475708
150.811235082	1008.27734375	39.8422164917	30.884475708
150.811235083	1008.27734375	39.8422164917	30.884475708
150.811235083	1008.27734375	39.8422164917	30.884475708
150.811235083	1008.27734375	39.8422164917	30.884475708
150.811235083	1008.27734375	39.8422164917	30.7063713074
150.811235084	1008.27734375	41.5442504883	30.7063713074
150.811235084	1008.27734375	41.5442504883	30.7063713074
150.811235084	1008.27734375	41.5442504883	30.7063713074
150.811235084	1008.27734375	41.5442504883	30.7063713074
150.811235084	1008.27734375	41.5442504883	30.7063713074
150.811235085	1008.27734375	41.5442504883	30.7063713074
150.811235085	1008.27734375	41.5442504883	30.7063713074
150.811235085	1008.28393555	41.5442504883	30.7063713074
150.811235085	1008.28393555	41.5442504883	30.7063713074
150.811235086	1008.28393555	41.5442504883	30.7063713074
150.811235086	1008.28393555	41.5442504883	30.7063713074
150.811235086	1008.28393555	41.5442504883	30.7063713074
150.811235086	1008.28393555	41.5442504883	30.7063713074
150.811235087	1008.28393555	41.5442504883	30.7063713074
150.811235087	1008.28393555	41.5442504883	30.7063713074
150.811235087	1008.28393555	41.5442504883	30.7063713074
150.811235087	1008.28393555	41.5442504883	30.7063713074
150.811235087	1008.28393555	41.5442504883	30.7063713074
150.811235088	1008.28393555	41.5442504883	30.7063713074
150.811235088	1008.28393555	41.5442504883	30.7063713074
150.811235088	1008.28393555	41.5442504883	30.7063713074
150.811235088	1008.28393555	41.5442504883	30.7063713074
150.811235089	1008.28393555	41.5442504883	30.7063713074
150.811235089	1008.28393555	41.5442504883	30.7063713074
150.811235089	1008.28393555	41.5442504883	30.7063713074
150.811235089	1008.28417969	41.5442504883	30.7063713074
150.81123509	1008.28417969	41.5442504883	30.7063713074
150.81123509	1008.28417969	41.5442504883	30.7063713074
150.81123509	1008.28417969	41.5442504883	30.7063713074
150.81123509	1008.28417969	41.5442504883	30.7063713074
150.811235091	1008.28417969	41.5442504883	30.7063713074
150.811235091	1008.28417969	41.5442504883	30.7063713074
150.811235091	1008.28417969	41.5442504883	30.884475708
150.811235091	1008.28417969	37.6174812317	30.884475708
150.811235092	1008.28417969	37.6174812317	30.884475708
150.811235092	1008.28417969	37.6174812317	30.884475708
150.811235092	1008.28417969	37.6174812317	30.884475708
150.811235092	1008.28417969	37.6174812317	30.884475708
150.811235093	1008.28417969	37.6174812317	30.884475708
150.811235093	1008.28417969	37.6174812317	30.884475708
150.811235093	1008.28417969	37.6174812317	30.884475708
150.811235093	1008.28417969	37.6174812317	30.884475708
150.811235093	1008.28295898	37.6174812317	30.884475708
150.811235094	1008.28295898	37.6174812317	30.884475708
150.811235094	1008.28295898	37.6174812317	30.884475708
150.811235094	1008.28295898	37.6174812317	30.884475708
150.811235094	1008.28295898	37.6174812317	30.884475708
150.811235095	1008.28295898	37.6174812317	30.884475708
150.811235095	1008.28295898	37.6174812317	30.884475708
150.811235095	1008.28295898	37.6174812317	30.884475708
150.811235095	1008.28295898	37.6174812317	30.884475708
150.811235096	1008.28295898	37.6174812317	30.884475708
150.811235096	1008.28295898	37.6174812317	30.884475708
150.811235096	1008.28295898	37.6174812317	30.884475708
150.811235096	1008.28295898	37.6174812317	30.884475708
150.811235096	1008.28295898	37.6174812317	30.884475708
150.811235097	1008.28295898	37.6174812317	30.884475708
150.811235097	1008.28295898	37.6174812317	30.884475708
150.811235097	1008.28295898	37.6174812317	30.884475708
150.811235097	1008.29003906	37.6174812317	30.884475708
150.811235098	1008.29003906	37.6174812317	30.884475708
150.811235098	1008.29003906	37.6174812317	30.884475708
150.811235098	1008.29003906	37.6174812317	30.884475708
150.811235098	1008.29003906	37.6174812317	30.884475708
150.811235099	1008.29003906	37.6174812317	30.884475708
150.811235099	1008.29003906	37.6174812317	30.8666648865
150.811235099	1008.29003906	37.7644882202	30.8666648865
150.811235099	1008.29003906	37.7644882202	30.8666648865
150.8112351	1008.29003906	37.7644882202	30.8666648865
150.8112351	1008.29003906	37.7644882202	30.8666648865
150.8112351	1008.29003906	37.7644882202	30.8666648865
150.8112351	1008.29003906	37.7644882202	30.8666648865
150.811235101	1008.29003906	37.7644882202	30.8666648865
150.811235101	1008.29003906	37.7644882202	30.8666648865
150.811235101	1008.29003906	37.7644882202	30.8666648865
150.811235101	1008.29003906	37.7644882202	30.8666648865
150.811235101	1008.2878418	37.7644882202	30.8666648865
150.811235102	1008.2878418	37.7644882202	30.8666648865
150.811235102	1008.2878418	37.7644882202	30.8666648865
150.811235102	1008.2878418	37.7644882202	30.8666648865
150.811235103	1008.2878418	37.7644882202	30.8666648865
150.811235103	1008.2878418	37.7644882202	30.8666648865
150.811235103	1008.2878418	37.7644882202	30.8666648865
150.811235103	1008.2878418	37.7644882202	30.8666648865
150.811235103	1008.2878418	37.7644882202	30.8666648865
150.811235104	1008.2878418	37.7644882202	30.8666648865
150.811235104	1008.2878418	37.7644882202	30.8666648865
150.811235104	1008.2878418	37.7644882202	30.8666648865
150.811235104	1008.2878418	37.7644882202	30.8666648865
150.811235105	1008.2878418	37.7644882202	30.8666648865
150.811235105	1008.2878418	37.7644882202	30.8666648865
150.811235105	1008.2878418	37.7644882202	30.8666648865
150.811235105	1008.2878418	37.7644882202	30.8666648865
150.811235105	1008.2878418	37.7644882202	30.8666648865
150.811235106	1008.28686523	37.7644882202	30.8666648865
150.811235106	1008.28686523	37.7644882202	30.8666648865
150.811235106	1008.28686523	37.7644882202	30.8666648865
150.811235107	1008.28686523	37.7644882202	30.8666648865
150.811235107	1008.28686523	37.7644882202	30.6885604858
150.811235107	1008.28686523	39.4338569641	30.6885604858
150.811235107	1008.28686523	39.4338569641	30.6885604858
150.811235108	1008.28686523	39.4338569641	30.6885604858
150.811235108	1008.28686523	39.4338569641	30.6885604858
150.811235108	1008.28686523	39.4338569641	30.6885604858
150.811235108	1008.28686523	39.4338569641	30.6885604858
150.811235108	1008.28686523	39.4338569641	30.6885604858
150.811235109	1008.28686523	39.4338569641	30.6885604858
150.811235109	1008.28686523	39.4338569641	30.6885604858
150.811235109	1008.28686523	39.4338569641	30.6885604858
150.811235109	1008.28686523	39.4338569641	30.6885604858
150.81123511	1008.28686523	39.4338569641	30.6885604858
150.81123511	1008.29199219	39.4338569641	30.6885604858
150.81123511	1008.29199219	39.4338569641	30.6885604858
150.81123511	1008.29199219	39.4338569641	30.6885604858
150.811235111	1008.29199219	39.4338569641	30.6885604858
150.811235111	1008.29199219	39.4338569641	30.6885604858
150.811235111	1008.29199219	39.4338569641	30.6885604858
150.811235111	1008.29199219	39.4338569641	30.6885604858
150.811235111	1008.29199219	39.4338569641	30.6885604858
150.811235112	1008.29199219	39.4338569641	30.6885604858
150.811235112	1008.29199219	39.4338569641	30.6885604858
150.811235112	1008.29199219	39.4338569641	30.6885604858
150.811235112	1008.29199219	39.4338569641	30.6885604858
150.811235113	1008.29199219	39.4338569641	30.6885604858
150.811235113	1008.29199219	39.4338569641	30.6885604858
150.811235113	1008.29199219	39.4338569641	30.6885604858
150.811235113	1008.29199219	39.4338569641	30.6885604858
150.811235113	1008.29199219	39.4338569641	30.6885604858
150.811235114	1008.29199219	39.4338569641	30.6885604858
150.811235114	1008.29077148	39.4338569641	30.6885604858
150.811235114	1008.29077148	39.4338569641	30.6885604858
150.811235115	1008.29077148	39.4338569641	30.795425415
150.811235115	1008.29077148	36.9673728943	30.795425415
150.811235115	1008.29077148	36.9673728943	30.795425415
150.811235115	1008.29077148	36.9673728943	30.795425415
150.811235116	1008.29077148	36.9673728943	30.795425415
150.811235116	1008.29077148	36.9673728943	30.795425415
150.811235116	1008.29077148	36.9673728943	30.795425415
150.811235116	1008.29077148	36.9673728943	30.795425415
150.811235116	1008.29077148	36.9673728943	30.795425415
150.811235117	1008.29077148	36.9673728943	30.795425415
150.811235117	1008.29077148	36.9673728943	30.795425415
150.811235117	1008.29077148	36.9673728943	30.795425415
150.811235117	1008.29077148	36.9673728943	30.795425415
150.811235118	1008.29077148	36.9673728943	30.795425415
150.811235118	1008.29077148	36.9673728943	30.795425415
150.811235118	1008.28442383	36.9673728943	30.795425415
150.811235118	1008.28442383	36.9673728943	30.795425415
150.811235119	1008.28442383	36.9673728943	30.795425415
150.811235119	1008.28442383	36.9673728943	30.795425415
150.811235119	1008.28442383	36.9673728943	30.795425415
150.811235119	1008.28442383	36.9673728943	30.795425415
150.81123512	1008.28442383	36.9673728943	30.795425415
150.81123512	1008.28442383	36.9673728943	30.795425415
150.81123512	1008.28442383	36.9673728943	30.795425415
150.81123512	1008.28442383	36.9673728943	30.795425415
150.81123512	1008.28442383	36.9673728943	30.795425415
150.811235121	1008.28442383	36.9673728943	30.795425415
150.811235121	1008.28442383	36.9673728943	30.795425415
150.811235121	1008.28442383	36.9673728943	30.795425415
150.811235121	1008.28442383	36.9673728943	30.795425415
150.811235122	1008.28442383	36.9673728943	30.795425415
150.811235122	1008.28442383	36.9673728943	30.795425415
150.811235122	1008.28076172	36.9673728943	30.795425415
150.811235122	1008.28076172	36.9673728943	30.6885604858
150.811235123	1008.28076172	40.1917686462	30.6885604858
150.811235123	1008.28076172	40.1917686462	30.6885604858
150.811235123	1008.28076172	40.1917686462	30.6885604858
150.811235123	1008.28076172	40.1917686462	30.6885604858
150.811235124	1008.28076172	40.1917686462	30.6885604858
150.811235124	1008.28076172	40.1917686462	30.6885604858
150.811235124	1008.28076172	40.1917686462	30.6885604858
150.811235124	1008.28076172	40.1917686462	30.6885604858
150.811235125	1008.28076172	40.1917686462	30.6885604858
150.811235125	1008.28076172	40.1917686462	30.6885604858
150.811235125	1008.28076172	40.1917686462	30.6885604858
150.811235125	1008.28076172	40.1917686462	30.6885604858
150.811235125	1008.28076172	40.1917686462	30.6885604858
150.811235126	1008.28076172	40.1917686462	30.6885604858
150.811235126	1008.28076172	40.1917686462	30.6885604858
150.811235126	1008.27978516	40.1917686462	30.6885604858
150.811235127	1008.27978516	40.1917686462	30.6885604858
150.811235127	1008.27978516	40.1917686462	30.6885604858
150.811235127	1008.27978516	40.1917686462	30.6885604858
150.811235127	1008.27978516	40.1917686462	30.6885604858
150.811235127	1008.27978516	40.1917686462	30.6885604858
150.811235128	1008.27978516	40.1917686462	30.6885604858
150.811235128	1008.27978516	40.1917686462	30.6885604858
150.811235128	1008.27978516	40.1917686462	30.6885604858
150.811235128	1008.27978516	40.1917686462	30.6885604858
150.811235129	1008.27978516	40.1917686462	30.6885604858
150.811235129	1008.27978516	40.1917686462	30.6885604858
150.811235129	1008.27978516	40.1917686462	30.6885604858
150.811235129	1008.27978516	40.1917686462	30.6885604858
150.811235129	1008.27978516	40.1917686462	30.6885604858
150.81123513	1008.27978516	40.1917686462	30.6885604858
150.81123513	1008.27978516	40.1917686462	30.6885604858
150.81123513	1008.27978516	40.1917686462	30.6885604858
150.81123513	1008.27709961	42.2204933167	30.7776145935
150.811235131	1008.27709961	42.2204933167	30.7776145935
150.811235131	1008.27709961	42.2204933167	30.7776145935
150.811235131	1008.27709961	42.2204933167	30.7776145935
150.811235132	1008.27709961	42.2204933167	30.7776145935
150.811235132	1008.27709961	42.2204933167	30.7776145935
150.811235132	1008.27709961	42.2204933167	30.7776145935
150.811235132	1008.27709961	42.2204933167	30.7776145935
150.811235132	1008.27709961	42.2204933167	30.7776145935
150.811235133	1008.27709961	42.2204933167	30.7776145935
150.811235133	1008.27709961	42.2204933167	30.7776145935
150.811235133	1008.27709961	42.2204933167	30.7776145935
150.811235133	1008.27709961	42.2204933167	30.7776145935
150.811235134	1008.27709961	42.2204933167	30.7776145935
150.811235134	1008.27709961	42.2204933167	30.7776145935
150.811235134	1008.27709961	42.2204933167	30.7776145935
150.811235134	1008.27709961	42.2204933167	30.7776145935
150.811235134	1008.27490234	42.2204933167	30.7776145935
150.811235135	1008.27490234	42.2204933167	30.7776145935
150.811235135	1008.27490234	42.2204933167	30.7776145935
150.811235135	1008.27490234	42.2204933167	30.7776145935
150.811235136	1008.27490234	42.2204933167	30.7776145935
150.811235136	1008.27490234	42.2204933167	30.7776145935
150.811235136	1008.27490234	42.2204933167	30.7776145935
150.811235136	1008.27490234	42.2204933167	30.7776145935
150.811235136	1008.27490234	42.2204933167	30.7776145935
150.811235137	1008.27490234	42.2204933167	30.7776145935
150.811235137	1008.27490234	42.2204933167	30.7776145935
150.811235137	1008.27490234	42.2204933167	30.7776145935
150.811235137	1008.27490234	42.2204933167	30.7776145935
150.811235138	1008.27490234	42.2204933167	30.7776145935
150.811235138	1008.27490234	42.2204933167	30.7776145935
150.811235138	1008.27490234	42.2204933167	30.7776145935
150.811235138	1008.27490234	42.2204933167	30.7241821289
150.811235139	1008.2722168	39.1235046387	30.7241821289
150.811235139	1008.2722168	39.1235046387	30.7241821289
150.811235139	1008.2722168	39.1235046387	30.7241821289
150.811235139	1008.2722168	39.1235046387	30.7241821289
150.81123514	1008.2722168	39.1235046387	30.7241821289
150.81123514	1008.2722168	39.1235046387	30.7241821289
150.81123514	1008.2722168	39.1235046387	30.7241821289
150.81123514	1008.2722168	39.1235046387	30.7241821289
150.811235141	1008.2722168	39.1235046387	30.7241821289
150.811235141	1008.2722168	39.1235046387	30.7241821289
150.811235141	1008.2722168	39.1235046387	30.7241821289
150.811235141	1008.2722168	39.1235046387	30.7241821289
150.811235141	1008.2722168	39.1235046387	30.7241821289
150.811235142	1008.2722168	39.1235046387	30.7241821289
150.811235142	1008.2722168	39.1235046387	30.7241821289
150.811235142	1008.2722168	39.1235046387	30.7241821289
150.811235142	1008.2722168	39.1235046387	30.7241821289
150.811235143	1008.26977539	39.1235046387	30.7241821289
150.811235143	1008.26977539	39.1235046387	30.7241821289
150.811235143	1008.26977539	39.1235046387	30.7241821289
150.811235143	1008.26977539	39.1235046387	30.7241821289
150.811235144	1008.26977539	39.1235046387	30.7241821289
150.811235144	1008.26977539	39.1235046387	30.7241821289
150.811235144	1008.26977539	39.1235046387	30.7241821289
150.811235144	1008.26977539	39.1235046387	30.7241821289
150.811235144	1008.26977539	39.1235046387	30.7241821289
150.811235145	1008.26977539	39.1235046387	30.7241821289
150.811235145	1008.26977539	39.1235046387	30.7241821289
150.811235145	1008.26977539	39.1235046387	30.7241821289
150.811235145	1008.26977539	39.1235046387	30.7241821289
150.811235146	1008.26977539	39.1235046387	30.7241821289
150.811235146	1008.26977539	39.1235046387	30.7241821289
150.811235146	1008.26977539	39.1235046387	30.8488559723
150.811235146	1008.26977539	40.662197113	30.8488559723
150.811235147	1008.27539062	40.662197113	30.8488559723
150.811235147	1008.27539062	40.662197113	30.8488559723
150.811235147	1008.27539062	40.662197113	30.8488559723
150.811235148	1008.27539062	40.662197113	30.8488559723
150.811235148	1008.27539062	40.662197113	30.8488559723
150.811235148	1008.27539062	40.662197113	30.8488559723
150.811235148	1008.27539062	40.662197113	30.8488559723
150.811235148	1008.27539062	40.662197113	30.8488559723
150.811235149	1008.27539062	40.662197113	30.8488559723
150.811235149	1008.27539062	40.662197113	30.8488559723
150.811235149	1008.27539062	40.662197113	30.8488559723
150.811235149	1008.27539062	40.662197113	30.8488559723
150.81123515	1008.27539062	40.662197113	30.8488559723
150.81123515	1008.27539062	40.662197113	30.8488559723
150.81123515	1008.27539062	40.662197113	30.8488559723
150.81123515	1008.27539062	40.662197113	30.8488559723
150.81123515	1008.27539062	40.662197113	30.8488559723
150.811235151	1008.27539062	40.662197113	30.8488559723
150.811235151	1008.27392578	40.662197113	30.8488559723
150.811235151	1008.27392578	40.662197113	30.8488559723
150.811235151	1008.27392578	40.662197113	30.8488559723
150.811235152	1008.27392578	40.662197113	30.8488559723
150.811235152	1008.27392578	40.662197113	30.8488559723
150.811235152	1008.27392578	40.662197113	30.8488559723
150.811235152	1008.27392578	40.662197113	30.8488559723
150.811235153	1008.27392578	40.662197113	30.8488559723
150.811235153	1008.27392578	40.662197113	30.8488559723
150.811235153	1008.27392578	40.662197113	30.8488559723
150.811235153	1008.27392578	40.662197113	30.8488559723
150.811235153	1008.27392578	40.662197113	30.8488559723
150.811235154	1008.27392578	40.662197113	30.8488559723
150.811235154	1008.27392578	40.662197113	30.884475708
150.811235154	1008.27392578	39.5841331482	30.884475708
150.811235155	1008.27392578	39.5841331482	30.884475708
150.811235155	1008.27392578	39.5841331482	30.884475708
150.811235155	1008.27661133	39.5841331482	30.884475708
150.811235155	1008.27661133	39.5841331482	30.884475708
150.811235156	1008.27661133	39.5841331482	30.884475708
150.811235156	1008.27661133	39.5841331482	30.884475708
150.811235156	1008.27661133	39.5841331482	30.884475708
150.811235156	1008.27661133	39.5841331482	30.884475708
150.811235156	1008.27661133	39.5841331482	30.884475708
150.811235157	1008.27661133	39.5841331482	30.884475708
150.811235157	1008.27661133	39.5841331482	30.884475708
150.811235157	1008.27661133	39.5841331482	30.884475708
150.811235157	1008.27661133	39.5841331482	30.884475708
150.811235158	1008.27661133	39.5841331482	30.884475708
150.811235158	1008.27661133	39.5841331482	30.884475708
150.811235158	1008.27661133	39.5841331482	30.884475708
150.811235158	1008.27661133	39.5841331482	30.884475708
150.811235158	1008.27661133	39.5841331482	30.884475708
150.811235159	1008.27661133	39.5841331482	30.884475708
150.811235159	1008.27661133	39.5841331482	30.884475708
150.811235159	1008.28125	39.5841331482	30.884475708
150.81123516	1008.28125	39.5841331482	30.884475708
150.81123516	1008.28125	39.5841331482	30.884475708
150.81123516	1008.28125	39.5841331482	30.884475708
150.81123516	1008.28125	39.5841331482	30.884475708
150.81123516	1008.28125	39.5841331482	30.884475708
150.811235161	1008.28125	39.5841331482	30.884475708
150.811235161	1008.28125	39.5841331482	30.884475708
150.811235161	1008.28125	39.5841331482	30.884475708
150.811235161	1008.28125	39.5841331482	30.884475708
150.811235162	1008.28125	39.5841331482	30.884475708
150.811235162	1008.28125	39.5841331482	30.759803772
150.811235162	1008.28125	40.4498519897	30.759803772
150.811235162	1008.28125	40.4498519897	30.759803772
150.811235163	1008.28125	40.4498519897	30.759803772
150.811235163	1008.28125	40.4498519897	30.759803772
150.811235163	1008.28125	40.4498519897	30.759803772
150.811235163	1008.28491211	40.4498519897	30.759803772
150.811235164	1008.28491211	40.4498519897	30.759803772
150.811235164	1008.28491211	40.4498519897	30.759803772
150.811235164	1008.28491211	40.4498519897	30.759803772
150.811235164	1008.28491211	40.4498519897	30.759803772
150.811235165	1008.28491211	40.4498519897	30.759803772
150.811235165	1008.28491211	40.4498519897	30.759803772
150.811235165	1008.28491211	40.4498519897	30.759803772
150.811235165	1008.28491211	40.4498519897	30.759803772
150.811235165	1008.28491211	40.4498519897	30.759803772
150.811235166	1008.28491211	40.4498519897	30.759803772
150.811235166	1008.28491211	40.4498519897	30.759803772
150.811235166	1008.28491211	40.4498519897	30.759803772
150.811235166	1008.28491211	40.4498519897	30.759803772
150.811235167	1008.28491211	40.4498519897	30.759803772
150.811235167	1008.28491211	40.4498519897	30.759803772
150.811235167	1008.28491211	40.4498519897	30.759803772
150.811235167	1008.28857422	40.4498519897	30.759803772
150.811235168	1008.28857422	40.4498519897	30.759803772
150.811235168	1008.28857422	40.4498519897	30.759803772
150.811235168	1008.28857422	40.4498519897	30.759803772
150.811235168	1008.28857422	40.4498519897	30.759803772
150.811235169	1008.28857422	40.4498519897	30.759803772
150.811235169	1008.28857422	40.4498519897	30.759803772
150.811235169	1008.28857422	40.4498519897	30.759803772
150.811235169	1008.28857422	40.4498519897	30.759803772
150.811235169	1008.28857422	40.4498519897	30.759803772
150.81123517	1008.28857422	40.4498519897	30.7419929504
150.81123517	1008.28857422	41.6487922668	30.7419929504
150.81123517	1008.28857422	41.6487922668	30.7419929504
150.81123517	1008.28857422	41.6487922668	30.7419929504
150.811235171	1008.28857422	41.6487922668	30.7419929504
150.811235171	1008.28857422	41.6487922668	30.7419929504
150.811235171	1008.28857422	41.6487922668	30.7419929504
150.811235171	1008.29003906	41.6487922668	30.7419929504
150.811235172	1008.29003906	41.6487922668	30.7419929504
150.811235172	1008.29003906	41.6487922668	30.7419929504
150.811235172	1008.29003906	41.6487922668	30.7419929504
150.811235172	1008.29003906	41.6487922668	30.7419929504
150.811235173	1008.29003906	41.6487922668	30.7419929504
150.811235173	1008.29003906	41.6487922668	30.7419929504
150.811235173	1008.29003906	41.6487922668	30.7419929504
150.811235173	1008.29003906	41.6487922668	30.7419929504
150.811235174	1008.29003906	41.6487922668	30.7419929504
150.811235174	1008.29003906	41.6487922668	30.7419929504
150.811235174	1008.29003906	41.6487922668	30.7419929504
150.811235174	1008.29003906	41.6487922668	30.7419929504
150.811235174	1008.29003906	41.6487922668	30.7419929504
150.811235175	1008.29003906	41.6487922668	30.7419929504
150.811235175	1008.29003906	41.6487922668	30.7419929504
150.811235175	1008.29003906	41.6487922668	30.7419929504
150.811235175	1008.29003906	41.6487922668	30.7419929504
150.811235176	1008.28857422	41.6487922668	30.7419929504
150.811235176	1008.28857422	41.6487922668	30.7419929504
150.811235176	1008.28857422	41.6487922668	30.7419929504
150.811235176	1008.28857422	41.6487922668	30.7419929504
150.811235177	1008.28857422	41.6487922668	30.7419929504
150.811235177	1008.28857422	41.6487922668	30.7419929504
150.811235177	1008.28857422	41.6487922668	30.7419929504
150.811235177	1008.28857422	41.6487922668	30.7419929504
150.811235177	1008.28857422	41.6487922668	30.8310451508
150.811235178	1008.28857422	41.8546028137	30.8310451508
150.811235178	1008.28857422	41.8546028137	30.8310451508
150.811235178	1008.28857422	41.8546028137	30.8310451508
150.811235179	1008.28857422	41.8546028137	30.8310451508
150.811235179	1008.28857422	41.8546028137	30.8310451508
150.811235179	1008.28857422	41.8546028137	30.8310451508
150.811235179	1008.28857422	41.8546028137	30.8310451508
150.811235179	1008.28857422	41.8546028137	30.8310451508
150.81123518	1008.2956543	41.8546028137	30.8310451508
150.81123518	1008.2956543	41.8546028137	30.8310451508
150.81123518	1008.2956543	41.8546028137	30.8310451508
150.81123518	1008.2956543	41.8546028137	30.8310451508
150.811235181	1008.2956543	41.8546028137	30.8310451508
150.811235181	1008.2956543	41.8546028137	30.8310451508
150.811235181	1008.2956543	41.8546028137	30.8310451508
150.811235181	1008.2956543	41.8546028137	30.8310451508
150.811235182	1008.2956543	41.8546028137	30.8310451508
150.811235182	1008.2956543	41.8546028137	30.8310451508
150.811235182	1008.2956543	41.8546028137	30.8310451508
150.811235182	1008.2956543	41.8546028137	30.8310451508
150.811235183	1008.2956543	41.8546028137	30.8310451508
150.811235183	1008.2956543	41.8546028137	30.8310451508
150.811235183	1008.2956543	41.8546028137	30.8310451508
150.811235183	1008.2956543	41.8546028137	30.8310451508
150.811235183	1008.2956543	41.8546028137	30.8310451508
150.811235184	1008.2956543	41.8546028137	30.8310451508
150.811235184	1008.29296875	41.8546028137	30.8310451508
150.811235184	1008.29296875	41.8546028137	30.8310451508
150.811235184	1008.29296875	41.8546028137	30.8310451508
150.811235185	1008.29296875	41.8546028137	30.8310451508
150.811235185	1008.29296875	41.8546028137	30.8310451508
150.811235185	1008.29296875	41.8546028137	30.8310451508
150.811235185	1008.29296875	41.8546028137	30.7419929504
150.811235186	1008.29296875	40.7471389771	30.7419929504
150.811235186	1008.29296875	40.7471389771	30.7419929504
150.811235186	1008.29296875	40.7471389771	30.7419929504
150.811235186	1008.29296875	40.7471389771	30.7419929504
150.811235187	1008.29296875	40.7471389771	30.7419929504
150.811235187	1008.29296875	40.7471389771	30.7419929504
150.811235187	1008.29296875	40.7471389771	30.7419929504
150.811235187	1008.29296875	40.7471389771	30.7419929504
150.811235187	1008.29296875	40.7471389771	30.7419929504
150.811235188	1008.29296875	40.7471389771	30.7419929504
150.811235188	1008.29418945	40.7471389771	30.7419929504
150.811235188	1008.29418945	40.7471389771	30.7419929504
150.811235189	1008.29418945	40.7471389771	30.7419929504
150.811235189	1008.29418945	40.7471389771	30.7419929504
150.811235189	1008.29418945	40.7471389771	30.7419929504
150.811235189	1008.29418945	40.7471389771	30.7419929504
150.811236137	1009.11206055	38.4279899597	31.2370624542
150.811236141	1009.11328125	38.4279899597	31.2370624542
150.811236142	1009.11328125	38.4279899597	31.2370624542
150.811236142	1009.11328125	38.4279899597	31.2370624542
150.811236142	1009.11328125	38.4279899597	31.2370624542
150.811236142	1009.11328125	38.4279899597	31.2370624542
150.811236143	1009.11328125	38.4279899597	31.2370624542
150.811236143	1009.11328125	38.4279899597	31.2370624542
150.811236143	1009.11328125	38.4279899597	31.2370624542
150.811236143	1009.11328125	38.4279899597	31.2370624542
150.811236143	1009.11328125	38.4279899597	31.2370624542
150.811236144	1009.11328125	38.4279899597	31.2370624542
150.811236144	1009.11230469	38.4279899597	31.2370624542
150.811236144	1009.11230469	38.4279899597	31.2370624542
150.811236144	1009.11230469	38.4279899597	31.2370624542
150.811236145	1009.11230469	38.4279899597	31.2370624542
150.811236145	1009.11230469	38.4279899597	31.2370624542
150.811236145	1009.11230469	38.4279899597	31.2370624542
150.811236145	1009.11230469	38.4279899597	31.2370624542
150.811236146	1009.11230469	38.4279899597	31.32862854
150.811236146	1009.11230469	35.6951141357	31.32862854
150.811236146	1009.11230469	35.6951141357	31.32862854
150.811236146	1009.11230469	35.6951141357	31.32862854
150.811236147	1009.11230469	35.6951141357	31.32862854
150.811236147	1009.11230469	35.6951141357	31.32862854
150.811236147	1009.11230469	35.6951141357	31.32862854
150.811236147	1009.11230469	35.6951141357	31.32862854
150.811236148	1009.11230469	35.6951141357	31.32862854
150.811236148	1009.11230469	35.6951141357	31.32862854
150.811236148	1009.11108398	35.6951141357	31.32862854
150.811236148	1009.11108398	35.6951141357	31.32862854
150.811236149	1009.11108398	35.6951141357	31.32862854
150.811236149	1009.11108398	35.6951141357	31.32862854
150.811236149	1009.11108398	35.6951141357	31.32862854
150.811236149	1009.11108398	35.6951141357	31.32862854
150.81123615	1009.11108398	35.6951141357	31.32862854
150.81123615	1009.11108398	35.6951141357	31.32862854
150.81123615	1009.11108398	35.6951141357	31.32862854
150.81123615	1009.11108398	35.6951141357	31.32862854
150.81123615	1009.11108398	35.6951141357	31.32862854
150.811236151	1009.11108398	35.6951141357	31.32862854
150.811236151	1009.11108398	35.6951141357	31.32862854
150.811236151	1009.11108398	35.6951141357	31.32862854
150.811236151	1009.11108398	35.6951141357	31.32862854
150.811236152	1009.11108398	35.6951141357	31.32862854
150.811236152	1009.11108398	35.6951141357	31.32862854
150.811236152	1009.10961914	35.6951141357	31.32862854
150.811236152	1009.10961914	35.6951141357	31.32862854
150.811236153	1009.10961914	35.6951141357	31.32862854
150.811236153	1009.10961914	35.6951141357	31.32862854
150.811236153	1009.10961914	35.6951141357	31.32862854
150.811236153	1009.10961914	35.6951141357	31.32862854
150.811236153	1009.10961914	35.6951141357	31.32862854
150.811236154	1009.10961914	35.6951141357	31.3103141785
150.811236154	1009.10961914	39.4339141846	31.3103141785
150.811236154	1009.10961914	39.4339141846	31.3103141785
150.811236155	1009.10961914	39.4339141846	31.3103141785
150.811236155	1009.10961914	39.4339141846	31.3103141785
150.811236155	1009.10961914	39.4339141846	31.3103141785
150.811236155	1009.10961914	39.4339141846	31.3103141785
150.811236155	1009.10961914	39.4339141846	31.3103141785
150.811236156	1009.10961914	39.4339141846	31.3103141785
150.811236156	1009.10961914	39.4339141846	31.3103141785
150.811236156	1009.109375	39.4339141846	31.3103141785
150.811236157	1009.109375	39.4339141846	31.3103141785
150.811236157	1009.109375	39.4339141846	31.3103141785
150.811236157	1009.109375	39.4339141846	31.3103141785
150.811236157	1009.109375	39.4339141846	31.3103141785
150.811236157	1009.109375	39.4339141846	31.3103141785
150.811236158	1009.109375	39.4339141846	31.3103141785
150.811236158	1009.109375	39.4339141846	31.3103141785
150.811236158	1009.109375	39.4339141846	31.3103141785
150.811236158	1009.109375	39.4339141846	31.3103141785
150.811236159	1009.109375	39.4339141846	31.3103141785
150.811236159	1009.109375	39.4339141846	31.3103141785
150.811236159	1009.109375	39.4339141846	31.3103141785
150.811236159	1009.109375	39.4339141846	31.3103141785
150.811236159	1009.109375	39.4339141846	31.3103141785
150.81123616	1009.109375	39.4339141846	31.3103141785
150.81123616	1009.109375	39.4339141846	31.3103141785
150.81123616	1009.10742188	39.4339141846	31.3103141785
150.81123616	1009.10742188	39.4339141846	31.3103141785
150.811236161	1009.10742188	39.4339141846	31.3103141785
150.811236161	1009.10742188	39.4339141846	31.3103141785
150.811236161	1009.10742188	39.4339141846	31.3103141785
150.811236161	1009.10742188	39.4339141846	31.3103141785
150.811236162	1009.10742188	39.4339141846	31.2920036316
150.811236162	1009.10742188	40.3554229736	31.2920036316
150.811236162	1009.10742188	40.3554229736	31.2920036316
150.811236162	1009.10742188	40.3554229736	31.2920036316
150.811236163	1009.10742188	40.3554229736	31.2920036316
150.811236163	1009.10742188	40.3554229736	31.2920036316
150.811236163	1009.10742188	40.3554229736	31.2920036316
150.811236163	1009.10742188	40.3554229736	31.2920036316
150.811236164	1009.10742188	40.3554229736	31.2920036316
150.811236164	1009.10742188	40.3554229736	31.2920036316
150.811236164	1009.10742188	40.3554229736	31.2920036316
150.811236164	1009.10400391	40.3554229736	31.2920036316
150.811236165	1009.10400391	40.3554229736	31.2920036316
150.811236165	1009.10400391	40.3554229736	31.2920036316
150.811236165	1009.10400391	40.3554229736	31.2920036316
150.811236165	1009.10400391	40.3554229736	31.2920036316
150.811236166	1009.10400391	40.3554229736	31.2920036316
150.811236166	1009.10400391	40.3554229736	31.2920036316
150.811236166	1009.10400391	40.3554229736	31.2920036316
150.811236166	1009.10400391	40.3554229736	31.2920036316
150.811236166	1009.10400391	40.3554229736	31.2920036316
150.811236167	1009.10400391	40.3554229736	31.2920036316
150.811236167	1009.10400391	40.3554229736	31.2920036316
150.811236167	1009.10400391	40.3554229736	31.2920036316
150.811236167	1009.10400391	40.3554229736	31.2920036316
150.811236168	1009.10400391	40.3554229736	31.2920036316
150.811236168	1009.10400391	40.3554229736	31.2920036316
150.811236168	1009.10400391	40.3554229736	31.2920036316
150.811236168	1009.10400391	40.3554229736	31.2920036316
150.811236168	1009.10668945	40.3554229736	31.2920036316
150.811236169	1009.10668945	40.3554229736	31.2920036316
150.811236169	1009.10668945	40.3554229736	31.2920036316
150.811236169	1009.10668945	40.3554229736	31.2920036316
150.811236169	1009.10668945	40.3554229736	31.2920036316
150.81123617	1009.10668945	40.3554229736	31.1821231842
150.81123617	1009.10668945	36.5111083984	31.1821231842
150.81123617	1009.10668945	36.5111083984	31.1821231842
150.811236171	1009.10668945	36.5111083984	31.1821231842
150.811236171	1009.10668945	36.5111083984	31.1821231842
150.811236171	1009.10668945	36.5111083984	31.1821231842
150.811236171	1009.10668945	36.5111083984	31.1821231842
150.811236171	1009.10668945	36.5111083984	31.1821231842
150.811236172	1009.10668945	36.5111083984	31.1821231842
150.811236172	1009.10668945	36.5111083984	31.1821231842
150.811236172	1009.10668945	36.5111083984	31.1821231842
150.811236172	1009.10888672	36.5111083984	31.1821231842
150.811236173	1009.10888672	36.5111083984	31.1821231842
150.811236173	1009.10888672	36.5111083984	31.1821231842
150.811236173	1009.10888672	36.5111083984	31.1821231842
150.811236173	1009.10888672	36.5111083984	31.1821231842
150.811236174	1009.10888672	36.5111083984	31.1821231842
150.811236174	1009.10888672	36.5111083984	31.1821231842
150.811236174	1009.10888672	36.5111083984	31.1821231842
150.811236174	1009.10888672	36.5111083984	31.1821231842
150.811236175	1009.10888672	36.5111083984	31.1821231842
150.811236175	1009.10888672	36.5111083984	31.1821231842
150.811236175	1009.10888672	36.5111083984	31.1821231842
150.811236175	1009.10888672	36.5111083984	31.1821231842
150.811236175	1009.10888672	36.5111083984	31.1821231842
150.811236176	1009.10888672	36.5111083984	31.1821231842
150.811236176	1009.10888672	36.5111083984	31.1821231842
150.811236176	1009.10888672	36.5111083984	31.1821231842
150.811236176	1009.11083984	36.5111083984	31.1821231842
150.811236177	1009.11083984	36.5111083984	31.1821231842
150.811236177	1009.11083984	36.5111083984	31.1821231842
150.811236177	1009.11083984	36.5111083984	31.1821231842
150.811236177	1009.11083984	36.5111083984	31.1821231842
150.811236178	1009.11083984	36.5111083984	31.1821231842
150.811236178	1009.11083984	36.5111083984	31.1821231842
150.811236178	1009.11083984	38.1219902039	31.1821231842
150.811236178	1009.11083984	38.1219902039	31.1821231842
150.811236179	1009.11083984	38.1219902039	31.1821231842
150.811236179	1009.11083984	38.1219902039	31.1821231842
150.811236179	1009.11083984	38.1219902039	31.1821231842
150.811236179	1009.11083984	38.1219902039	31.1821231842
150.81123618	1009.11083984	38.1219902039	31.1821231842
150.81123618	1009.11083984	38.1219902039	31.1821231842
150.81123618	1009.11083984	38.1219902039	31.1821231842
150.81123618	1009.11083984	38.1219902039	31.1821231842
150.811236181	1009.11645508	38.1219902039	31.1821231842
150.811236181	1009.11645508	38.1219902039	31.1821231842
150.811236181	1009.11645508	38.1219902039	31.1821231842
150.811236181	1009.11645508	38.1219902039	31.1821231842
150.811236182	1009.11645508	38.1219902039	31.1821231842
150.811236182	1009.11645508	38.1219902039	31.1821231842
150.811236182	1009.11645508	38.1219902039	31.1821231842
150.811236182	1009.11645508	38.1219902039	31.1821231842
150.811236183	1009.11645508	38.1219902039	31.1821231842
150.811236183	1009.11645508	38.1219902039	31.1821231842
150.811236183	1009.11645508	38.1219902039	31.1821231842
150.811236183	1009.11645508	38.1219902039	31.1821231842
150.811236183	1009.11645508	38.1219902039	31.1821231842
150.811236184	1009.11645508	38.1219902039	31.1821231842
150.811236184	1009.11645508	38.1219902039	31.1821231842
150.811236184	1009.11645508	38.1219902039	31.1821231842
150.811236184	1009.11645508	38.1219902039	31.1821231842
150.811236185	1009.1184082	38.1219902039	31.1821231842
150.811236185	1009.1184082	38.1219902039	31.1821231842
150.811236185	1009.1184082	38.1219902039	31.1821231842
150.811236185	1009.1184082	38.1219902039	31.1821231842
150.811236185	1009.1184082	38.1219902039	31.1821231842
150.811236185	1009.1184082	38.1219902039	31.1821231842
150.811236186	1009.1184082	38.1219902039	31.1821231842
150.811236186	1009.1184082	38.1219902039	31.1821231842
150.811236186	1009.1184082	38.1219902039	31.2370624542
150.811236186	1009.1184082	38.1219902039	31.2370624542
150.811236186	1009.1184082	39.8594970703	31.2370624542
150.811236186	1009.1184082	39.8594970703	31.2370624542
150.811236187	1009.1184082	39.8594970703	31.2370624542
150.811236187	1009.1184082	39.8594970703	31.2370624542
150.811236187	1009.1184082	39.8594970703	31.2370624542
150.811236187	1009.1184082	39.8594970703	31.2370624542
150.811236187	1009.1184082	39.8594970703	31.2370624542
150.811236187	1009.1184082	39.8594970703	31.2370624542
150.811236187	1009.1184082	39.8594970703	31.2370624542
150.811236187	1009.1184082	39.8594970703	31.2370624542
150.811236188	1009.1184082	39.8594970703	31.2370624542
150.811236188	1009.1184082	39.8594970703	31.2370624542
150.811236188	1009.1184082	39.8594970703	31.2370624542
150.811236188	1009.1184082	39.8594970703	31.2370624542
150.811236188	1009.1184082	39.8594970703	31.2370624542
150.811236188	1009.1184082	39.8594970703	31.2370624542
150.811236188	1009.1184082	39.8594970703	31.2370624542
150.811236189	1009.11889648	39.8594970703	31.2370624542
150.811236189	1009.11889648	39.8594970703	31.2370624542
150.811236189	1009.11889648	39.8594970703	31.2370624542
150.811236189	1009.11889648	39.8594970703	31.2370624542
150.811236189	1009.11889648	39.8594970703	31.2370624542
150.811236189	1009.11889648	39.8594970703	31.2370624542
150.81123619	1009.11889648	39.8594970703	31.2370624542
150.81123619	1009.11889648	39.8594970703	31.2370624542
150.81123619	1009.11889648	39.8594970703	31.2370624542
150.81123619	1009.11889648	39.8594970703	31.2370624542
150.81123619	1009.11889648	39.8594970703	31.2370624542
150.81123619	1009.11889648	39.8594970703	31.2370624542
150.81123619	1009.11889648	39.8594970703	31.2370624542
150.811236191	1009.11889648	39.8594970703	31.2370624542
150.811236191	1009.11889648	39.8594970703	31.2370624542
150.811236191	1009.11889648	39.8594970703	31.2370624542
150.811236191	1009.11889648	39.8594970703	31.2370624542
150.811236191	1009.11889648	39.8594970703	31.2370624542
150.811236191	1009.11889648	39.8594970703	31.2370624542
150.811236191	1009.11889648	39.8594970703	31.2370624542
150.811236192	1009.11889648	39.8594970703	31.2370624542
150.811236192	1009.11889648	39.8594970703	31.2370624542
150.811236192	1009.11889648	39.8594970703	31.2370624542
150.811236192	1009.11889648	39.8594970703	31.2370624542
150.811236192	1009.11889648	39.8594970703	31.2370624542
150.811236192	1009.11889648	39.8594970703	31.2370624542
150.811236192	1009.11889648	39.8594970703	31.2370624542
150.811236193	1009.11889648	39.8594970703	31.2370624542
150.811236193	1009.11938477	39.8594970703	31.2370624542
150.811236193	1009.11938477	39.8594970703	31.2370624542
150.811236193	1009.11938477	39.8594970703	31.2370624542
150.811236193	1009.11938477	39.8594970703	31.2370624542
150.811236193	1009.11938477	39.8594970703	31.2370624542
150.811236193	1009.11938477	39.8594970703	31.2370624542
150.811236194	1009.11938477	39.8594970703	31.2370624542
150.811236194	1009.11938477	39.8594970703	31.2370624542
150.811236194	1009.11938477	39.8594970703	31.32862854
150.811236194	1009.11938477	39.8594970703	31.32862854
150.811236194	1009.11938477	39.4866714478	31.32862854
150.811236194	1009.11938477	39.4866714478	31.32862854
150.811236195	1009.11938477	39.4866714478	31.32862854
150.811236195	1009.11938477	39.4866714478	31.32862854
150.811236195	1009.11938477	39.4866714478	31.32862854
150.811236195	1009.11938477	39.4866714478	31.32862854
150.811236195	1009.11938477	39.4866714478	31.32862854
150.811236195	1009.11938477	39.4866714478	31.32862854
150.811236195	1009.11938477	39.4866714478	31.32862854
150.811236195	1009.11938477	39.4866714478	31.32862854
150.811236196	1009.11938477	39.4866714478	31.32862854
150.811236196	1009.11938477	39.4866714478	31.32862854
150.811236196	1009.11938477	39.4866714478	31.32862854
150.811236196	1009.11938477	39.4866714478	31.32862854
150.811236196	1009.11938477	39.4866714478	31.32862854
150.811236196	1009.11938477	39.4866714478	31.32862854
150.811236196	1009.11938477	39.4866714478	31.32862854
150.811236197	1009.11938477	39.4866714478	31.32862854
150.811236197	1009.11889648	39.4866714478	31.32862854
150.811236197	1009.11889648	39.4866714478	31.32862854
150.811236197	1009.11889648	39.4866714478	31.32862854
150.811236197	1009.11889648	39.4866714478	31.32862854
150.811236197	1009.11889648	39.4866714478	31.32862854
150.811236198	1009.11889648	39.4866714478	31.32862854
150.811236198	1009.11889648	39.4866714478	31.32862854
150.811236198	1009.11889648	39.4866714478	31.32862854
150.811236198	1009.11889648	39.4866714478	31.32862854
150.811236198	1009.11889648	39.4866714478	31.32862854
150.811236198	1009.11889648	39.4866714478	31.32862854
150.811236198	1009.11889648	39.4866714478	31.32862854
150.811236198	1009.11889648	39.4866714478	31.32862854
150.811236199	1009.11889648	39.4866714478	31.32862854
150.811236199	1009.11889648	39.4866714478	31.32862854
150.811236199	1009.11889648	39.4866714478	31.32862854
150.811236199	1009.11889648	39.4866714478	31.32862854
150.811236199	1009.11889648	39.4866714478	31.32862854
150.811236199	1009.11889648	39.4866714478	31.32862854
150.811236199	1009.11889648	39.4866714478	31.32862854
150.8112362	1009.11889648	39.4866714478	31.32862854
150.8112362	1009.11889648	39.4866714478	31.32862854
150.8112362	1009.11889648	39.4866714478	31.32862854
150.8112362	1009.11889648	39.4866714478	31.32862854
150.8112362	1009.11889648	39.4866714478	31.32862854
150.8112362	1009.11889648	39.4866714478	31.32862854
150.8112362	1009.11889648	39.4866714478	31.32862854
150.811236201	1009.11889648	39.4866714478	31.32862854
150.811236201	1009.11889648	39.4866714478	31.32862854
150.811236201	1009.12036133	39.4866714478	31.32862854
150.811236201	1009.12036133	39.4866714478	31.32862854
150.811236201	1009.12036133	39.4866714478	31.32862854
150.811236201	1009.12036133	39.4866714478	31.32862854
150.811236201	1009.12036133	39.4866714478	31.32862854
150.811236202	1009.12036133	39.4866714478	31.32862854
150.811236202	1009.12036133	39.4866714478	31.32862854
150.811236202	1009.12036133	39.4866714478	31.32862854
150.811236202	1009.12036133	39.4866714478	31.21875
150.811236202	1009.12036133	39.4866714478	31.21875
150.811236202	1009.12036133	39.2158470154	31.21875
150.811236202	1009.12036133	39.2158470154	31.21875
150.811236203	1009.12036133	39.2158470154	31.21875
150.811236203	1009.12036133	39.2158470154	31.21875
150.811236203	1009.12036133	39.2158470154	31.21875
150.811236203	1009.12036133	39.2158470154	31.21875
150.811236203	1009.12036133	39.2158470154	31.21875
150.811236203	1009.12036133	39.2158470154	31.21875
150.811236203	1009.12036133	39.2158470154	31.21875
150.811236204	1009.12036133	39.2158470154	31.21875
150.811236204	1009.12036133	39.2158470154	31.21875
150.811236204	1009.12036133	39.2158470154	31.21875
150.811236204	1009.12036133	39.2158470154	31.21875
150.811236204	1009.12036133	39.2158470154	31.21875
150.811236204	1009.12036133	39.2158470154	31.21875
150.811236204	1009.12036133	39.2158470154	31.21875
150.811236205	1009.12036133	39.2158470154	31.21875
150.811236205	1009.12036133	39.2158470154	31.21875
150.811236205	1009.12036133	39.2158470154	31.21875
150.811236205	1009.12011719	39.2158470154	31.21875
150.811236205	1009.12011719	39.2158470154	31.21875
150.811236205	1009.12011719	39.2158470154	31.21875
150.811236205	1009.12011719	39.2158470154	31.21875
150.811236206	1009.12011719	39.2158470154	31.21875
150.811236206	1009.12011719	39.2158470154	31.21875
150.811236206	1009.12011719	39.2158470154	31.21875
150.811236206	1009.12011719	39.2158470154	31.21875
150.811236206	1009.12011719	39.2158470154	31.21875
150.811236206	1009.12011719	39.2158470154	31.21875
150.811236206	1009.12011719	39.2158470154	31.21875
150.811236207	1009.12011719	39.2158470154	31.21875
150.811236207	1009.12011719	39.2158470154	31.21875
150.811236207	1009.12011719	39.2158470154	31.21875
150.811236207	1009.12011719	39.2158470154	31.21875
150.811236207	1009.12011719	39.2158470154	31.21875
150.811236207	1009.12011719	39.2158470154	31.21875
150.811236207	1009.12011719	39.2158470154	31.21875
150.811236208	1009.12011719	39.2158470154	31.21875
150.811236208	1009.12011719	39.2158470154	31.21875
150.811236208	1009.12011719	39.2158470154	31.21875
150.811236208	1009.12011719	39.2158470154	31.21875
150.811236208	1009.12011719	39.2158470154	31.21875
150.811236208	1009.12011719	39.2158470154	31.21875
150.811236208	1009.12011719	39.2158470154	31.21875
150.811236208	1009.12011719	39.2158470154	31.21875
150.811236209	1009.12011719	39.2158470154	31.21875
150.811236209	1009.12011719	39.2158470154	31.21875
150.811236209	1009.12011719	39.2158470154	31.21875
150.811236209	1009.11547852	39.2158470154	31.21875
150.811236209	1009.11547852	39.2158470154	31.21875
150.811236209	1009.11547852	39.2158470154	31.21875
150.81123621	1009.11547852	39.2158470154	31.21875
150.81123621	1009.11547852	39.2158470154	31.21875
150.81123621	1009.11547852	39.2158470154	31.21875
150.81123621	1009.11547852	39.2158470154	31.21875
150.81123621	1009.11547852	39.2158470154	31.2920036316
150.81123621	1009.11547852	39.2158470154	31.2920036316
150.81123621	1009.11547852	38.4455757141	31.2920036316
150.811236211	1009.11547852	38.4455757141	31.2920036316
150.811236211	1009.11547852	38.4455757141	31.2920036316
150.811236211	1009.11547852	38.4455757141	31.2920036316
150.811236211	1009.11547852	38.4455757141	31.2920036316
150.811236211	1009.11547852	38.4455757141	31.2920036316
150.811236211	1009.11547852	38.4455757141	31.2920036316
150.811236211	1009.11547852	38.4455757141	31.2920036316
150.811236212	1009.11547852	38.4455757141	31.2920036316
150.811236212	1009.11547852	38.4455757141	31.2920036316
150.811236212	1009.11547852	38.4455757141	31.2920036316
150.811236212	1009.11547852	38.4455757141	31.2920036316
150.811236212	1009.11547852	38.4455757141	31.2920036316
150.811236212	1009.11547852	38.4455757141	31.2920036316
150.811236212	1009.11547852	38.4455757141	31.2920036316
150.811236213	1009.11547852	38.4455757141	31.2920036316
150.811236213	1009.11547852	38.4455757141	31.2920036316
150.811236213	1009.11547852	38.4455757141	31.2920036316
150.811236213	1009.11547852	38.4455757141	31.2920036316
150.811236213	1009.10961914	38.4455757141	31.2920036316
150.811236213	1009.10961914	38.4455757141	31.2920036316
150.811236213	1009.10961914	38.4455757141	31.2920036316
150.811236214	1009.10961914	38.4455757141	31.2920036316
150.811236214	1009.10961914	38.4455757141	31.2920036316
150.811236214	1009.10961914	38.4455757141	31.2920036316
150.811236214	1009.10961914	38.4455757141	31.2920036316
150.811236214	1009.10961914	38.4455757141	31.2920036316
150.811236214	1009.10961914	38.4455757141	31.2920036316
150.811236214	1009.10961914	38.4455757141	31.2920036316
150.811236215	1009.10961914	38.4455757141	31.2920036316
150.811236215	1009.10961914	38.4455757141	31.2920036316
150.811236215	1009.10961914	38.4455757141	31.2920036316
150.811236215	1009.10961914	38.4455757141	31.2920036316
150.811236215	1009.10961914	38.4455757141	31.2920036316
150.811236215	1009.10961914	38.4455757141	31.2920036316
150.811236215	1009.10961914	38.4455757141	31.2920036316
150.811236215	1009.10961914	38.4455757141	31.2920036316
150.811236216	1009.10961914	38.4455757141	31.2920036316
150.811236216	1009.10961914	38.4455757141	31.2920036316
150.811236216	1009.10961914	38.4455757141	31.2920036316
150.811236216	1009.10961914	38.4455757141	31.2920036316
150.811236216	1009.10961914	38.4455757141	31.2920036316
150.811236216	1009.10961914	38.4455757141	31.2920036316
150.811236216	1009.10961914	38.4455757141	31.2920036316
150.811236217	1009.10961914	38.4455757141	31.2920036316
150.811236217	1009.10961914	38.4455757141	31.2920036316
150.811236217	1009.10961914	38.4455757141	31.2920036316
150.811236217	1009.10961914	38.4455757141	31.2920036316
150.811236217	1009.11035156	38.4455757141	31.2920036316
150.811236217	1009.11035156	38.4455757141	31.2920036316
150.811236218	1009.11035156	38.4455757141	31.2920036316
150.811236218	1009.11035156	38.4455757141	31.2920036316
150.811236218	1009.11035156	38.4455757141	31.2920036316
150.811236218	1009.11035156	38.4455757141	31.2920036316
150.811236218	1009.11035156	38.4455757141	31.27368927
150.811236218	1009.11035156	38.4455757141	31.27368927
150.811236218	1009.11035156	37.2391700745	31.27368927
150.811236219	1009.11035156	37.2391700745	31.27368927
150.811236219	1009.11035156	37.2391700745	31.27368927
150.811236219	1009.11035156	37.2391700745	31.27368927
150.811236219	1009.11035156	37.2391700745	31.27368927
150.811236219	1009.11035156	37.2391700745	31.27368927
150.811236219	1009.11035156	37.2391700745	31.27368927
150.811236219	1009.11035156	37.2391700745	31.27368927
150.81123622	1009.11035156	37.2391700745	31.27368927
150.81123622	1009.11035156	37.2391700745	31.27368927
150.81123622	1009.11035156	37.2391700745	31.27368927
150.81123622	1009.11035156	37.2391700745	31.27368927
150.81123622	1009.11035156	37.2391700745	31.27368927
150.81123622	1009.11035156	37.2391700745	31.27368927
150.81123622	1009.11035156	37.2391700745	31.27368927
150.81123622	1009.11035156	37.2391700745	31.27368927
150.811236221	1009.11035156	37.2391700745	31.27368927
150.811236221	1009.11035156	37.2391700745	31.27368927
150.811236221	1009.11035156	37.2391700745	31.27368927
150.811236221	1009.11035156	37.2391700745	31.27368927
150.811236221	1009.11181641	37.2391700745	31.27368927
150.811236221	1009.11181641	37.2391700745	31.27368927
150.811236222	1009.11181641	37.2391700745	31.27368927
150.811236222	1009.11181641	37.2391700745	31.27368927
150.811236222	1009.11181641	37.2391700745	31.27368927
150.811236222	1009.11181641	37.2391700745	31.27368927
150.811236222	1009.11181641	37.2391700745	31.27368927
150.811236222	1009.11181641	37.2391700745	31.27368927
150.811236222	1009.11181641	37.2391700745	31.27368927
150.811236222	1009.11181641	37.2391700745	31.27368927
150.811236223	1009.11181641	37.2391700745	31.27368927
150.811236223	1009.11181641	37.2391700745	31.27368927
150.811236223	1009.11181641	37.2391700745	31.27368927
150.811236223	1009.11181641	37.2391700745	31.27368927
150.811236223	1009.11181641	37.2391700745	31.27368927
150.811236223	1009.11181641	37.2391700745	31.27368927
150.811236223	1009.11181641	37.2391700745	31.27368927
150.811236224	1009.11181641	37.2391700745	31.27368927
150.811236224	1009.11181641	37.2391700745	31.27368927
150.811236224	1009.11181641	37.2391700745	31.27368927
150.811236224	1009.11181641	37.2391700745	31.27368927
150.811236224	1009.11181641	37.2391700745	31.27368927
150.811236224	1009.11181641	37.2391700745	31.27368927
150.811236224	1009.11181641	37.2391700745	31.27368927
150.811236225	1009.11181641	37.2391700745	31.27368927
150.811236225	1009.11181641	37.2391700745	31.27368927
150.811236225	1009.11181641	37.2391700745	31.27368927
150.811236225	1009.11181641	37.2391700745	31.27368927
150.811236225	1009.11181641	37.2391700745	31.27368927
150.811236225	1009.10717773	37.2391700745	31.27368927
150.811236225	1009.10717773	37.2391700745	31.27368927
150.811236226	1009.10717773	37.2391700745	31.27368927
150.811236226	1009.10717773	37.2391700745	31.27368927
150.811236226	1009.10717773	37.2391700745	31.27368927
150.811236226	1009.10717773	37.2391700745	31.27368927
150.811236226	1009.10717773	37.2391700745	31.21875
150.811236226	1009.10717773	37.2391700745	31.21875
150.811236227	1009.10717773	39.31432724	31.21875
150.811236227	1009.10717773	39.31432724	31.21875
150.811236227	1009.10717773	39.31432724	31.21875
150.811236227	1009.10717773	39.31432724	31.21875
150.811236227	1009.10717773	39.31432724	31.21875
150.811236227	1009.10717773	39.31432724	31.21875
150.811236227	1009.10717773	39.31432724	31.21875
150.811236227	1009.10717773	39.31432724	31.21875
150.811236228	1009.10717773	39.31432724	31.21875
150.811236228	1009.10717773	39.31432724	31.21875
150.811236228	1009.10717773	39.31432724	31.21875
150.811236228	1009.10717773	39.31432724	31.21875
150.811236228	1009.10717773	39.31432724	31.21875
150.811236228	1009.10717773	39.31432724	31.21875
150.811236228	1009.10717773	39.31432724	31.21875
150.811236229	1009.10717773	39.31432724	31.21875
150.811236229	1009.10717773	39.31432724	31.21875
150.811236229	1009.10717773	39.31432724	31.21875
150.811236229	1009.10717773	39.31432724	31.21875
150.811236229	1009.10717773	39.31432724	31.21875
150.811236229	1009.10717773	39.31432724	31.21875
150.811236229	1009.11035156	39.31432724	31.21875
150.81123623	1009.11035156	39.31432724	31.21875
150.81123623	1009.11035156	39.31432724	31.21875
150.81123623	1009.11035156	39.31432724	31.21875
150.81123623	1009.11035156	39.31432724	31.21875
150.81123623	1009.11035156	39.31432724	31.21875
150.81123623	1009.11035156	39.31432724	31.21875
150.81123623	1009.11035156	39.31432724	31.21875
150.811236231	1009.11035156	39.31432724	31.21875
150.811236231	1009.11035156	39.31432724	31.21875
150.811236231	1009.11035156	39.31432724	31.21875
150.811236231	1009.11035156	39.31432724	31.21875
150.811236231	1009.11035156	39.31432724	31.21875
150.811236231	1009.11035156	39.31432724	31.21875
150.811236231	1009.11035156	39.31432724	31.21875
150.811236232	1009.11035156	39.31432724	31.21875
150.811236232	1009.11035156	39.31432724	31.21875
150.811236232	1009.11035156	39.31432724	31.21875
150.811236232	1009.11035156	39.31432724	31.21875
150.811236232	1009.11035156	39.31432724	31.21875
150.811236232	1009.11035156	39.31432724	31.21875
150.811236232	1009.11035156	39.31432724	31.21875
150.811236233	1009.11035156	39.31432724	31.21875
150.811236233	1009.11035156	39.31432724	31.21875
150.811236233	1009.11035156	39.31432724	31.21875
150.811236233	1009.11035156	39.31432724	31.21875
150.811236233	1009.11035156	39.31432724	31.21875
150.811236233	1009.11035156	39.31432724	31.21875
150.811236233	1009.11035156	39.31432724	31.21875
150.811236233	1009.11450195	39.31432724	31.21875
150.811236234	1009.11450195	39.31432724	31.21875
150.811236234	1009.11450195	39.31432724	31.21875
150.811236234	1009.11450195	39.31432724	31.21875
150.811236234	1009.11450195	39.31432724	31.2553749084
150.811236234	1009.11450195	39.31432724	31.2553749084
150.811236234	1009.11450195	37.5768241882	31.2553749084
150.811236235	1009.11450195	37.5768241882	31.2553749084
150.811236235	1009.11450195	37.5768241882	31.2553749084
150.811236235	1009.11450195	37.5768241882	31.2553749084
150.811236235	1009.11450195	37.5768241882	31.2553749084
150.811236235	1009.11450195	37.5768241882	31.2553749084
150.811236235	1009.11450195	37.5768241882	31.2553749084
150.811236235	1009.11450195	37.5768241882	31.2553749084
150.811236236	1009.11450195	37.5768241882	31.2553749084
150.811236236	1009.11450195	37.5768241882	31.2553749084
150.811236236	1009.11450195	37.5768241882	31.2553749084
150.811236236	1009.11450195	37.5768241882	31.2553749084
150.811236236	1009.11450195	37.5768241882	31.2553749084
150.811236236	1009.11450195	37.5768241882	31.2553749084
150.811236236	1009.11450195	37.5768241882	31.2553749084
150.811236237	1009.11450195	37.5768241882	31.2553749084
150.811236237	1009.11450195	37.5768241882	31.2553749084
150.811236237	1009.11450195	37.5768241882	31.2553749084
150.811236237	1009.11450195	37.5768241882	31.2553749084
150.811236237	1009.11450195	37.5768241882	31.2553749084
150.811236237	1009.11450195	37.5768241882	31.2553749084
150.811236237	1009.11450195	37.5768241882	31.2553749084
150.811236238	1009.11450195	37.5768241882	31.2553749084
150.811236238	1009.11450195	37.5768241882	31.2553749084
150.811236238	1009.11450195	37.5768241882	31.2553749084
150.811236238	1009.11450195	37.5768241882	31.2553749084
150.811236238	1009.11450195	37.5768241882	31.2553749084
150.811236238	1009.11450195	37.5768241882	31.2553749084
150.811236238	1009.11450195	37.5768241882	31.2553749084
150.811236239	1009.11450195	37.5768241882	31.2553749084
150.811236239	1009.11450195	37.5768241882	31.2553749084
150.811236239	1009.11450195	37.5768241882	31.2553749084
150.811236239	1009.11450195	37.5768241882	31.2553749084
150.811236239	1009.11450195	37.5768241882	31.2553749084
150.811236239	1009.11450195	37.5768241882	31.2553749084
150.811236239	1009.11450195	37.5768241882	31.2553749084
150.81123624	1009.11450195	37.5768241882	31.2553749084
150.81123624	1009.11450195	37.5768241882	31.2553749084
150.81123624	1009.11450195	37.5768241882	31.2553749084
150.81123624	1009.11450195	37.5768241882	31.2553749084
150.81123624	1009.11450195	37.5768241882	31.2553749084
150.81123624	1009.11450195	37.5768241882	31.2553749084
150.81123624	1009.11450195	37.5768241882	31.2553749084
150.81123624	1009.11450195	37.5768241882	31.2553749084
150.811236241	1009.11450195	37.5768241882	31.2553749084
150.811236241	1009.11450195	37.5768241882	31.2553749084
150.811236241	1009.11450195	37.5768241882	31.2553749084
150.811236241	1009.11450195	37.5768241882	31.2553749084
150.811236241	1009.11450195	37.5768241882	31.2553749084
150.811236241	1009.11450195	37.5768241882	31.2553749084
150.811236241	1009.11450195	37.5768241882	31.2553749084
150.811236242	1009.11401367	37.5768241882	31.2553749084
150.811236242	1009.11401367	37.5768241882	31.2553749084
150.811236242	1009.11401367	37.5768241882	31.2553749084
150.811236242	1009.11401367	37.5768241882	31.2553749084
150.811236242	1009.11401367	37.5768241882	31.32862854
150.811236242	1009.11401367	37.5768241882	31.32862854
150.811236243	1009.11401367	38.7164001465	31.32862854
150.811236243	1009.11401367	38.7164001465	31.32862854
150.811236243	1009.11401367	38.7164001465	31.32862854
150.811236243	1009.11401367	38.7164001465	31.32862854
150.811236243	1009.11401367	38.7164001465	31.32862854
150.811236243	1009.11401367	38.7164001465	31.32862854
150.811236243	1009.11401367	38.7164001465	31.32862854
150.811236244	1009.11401367	38.7164001465	31.32862854
150.811236244	1009.11401367	38.7164001465	31.32862854
150.811236244	1009.11401367	38.7164001465	31.32862854
150.811236244	1009.11401367	38.7164001465	31.32862854
150.811236244	1009.11401367	38.7164001465	31.32862854
150.811236244	1009.11401367	38.7164001465	31.32862854
150.811236244	1009.11401367	38.7164001465	31.32862854
150.811236244	1009.11401367	38.7164001465	31.32862854
150.811236245	1009.11401367	38.7164001465	31.32862854
150.811236245	1009.11401367	38.7164001465	31.32862854
150.811236245	1009.11401367	38.7164001465	31.32862854
150.811236245	1009.11401367	38.7164001465	31.32862854
150.811236245	1009.11401367	38.7164001465	31.32862854
150.811236245	1009.11401367	38.7164001465	31.32862854
150.811236245	1009.11401367	38.7164001465	31.32862854
150.811236246	1009.11401367	38.7164001465	31.32862854
150.811236246	1009.11425781	38.7164001465	31.32862854
150.811236246	1009.11425781	38.7164001465	31.32862854
150.811236246	1009.11425781	38.7164001465	31.32862854
150.811236246	1009.11425781	38.7164001465	31.32862854
150.811236246	1009.11425781	38.7164001465	31.32862854
150.811236247	1009.11425781	38.7164001465	31.32862854
150.811236247	1009.11425781	38.7164001465	31.32862854
150.811236247	1009.11425781	38.7164001465	31.32862854
150.811236247	1009.11425781	38.7164001465	31.32862854
150.811236247	1009.11425781	38.7164001465	31.32862854
150.811236247	1009.11425781	38.7164001465	31.32862854
150.811236247	1009.11425781	38.7164001465	31.32862854
150.811236247	1009.11425781	38.7164001465	31.32862854
150.811236248	1009.11425781	38.7164001465	31.32862854
150.811236248	1009.11425781	38.7164001465	31.32862854
150.811236248	1009.11425781	38.7164001465	31.32862854
150.811236248	1009.11425781	38.7164001465	31.32862854
150.811236248	1009.11425781	38.7164001465	31.32862854
150.811236248	1009.11425781	38.7164001465	31.32862854
150.811236248	1009.11425781	38.7164001465	31.32862854
150.811236249	1009.11425781	38.7164001465	31.32862854
150.811236249	1009.11425781	38.7164001465	31.32862854
150.811236249	1009.11425781	38.7164001465	31.32862854
150.811236249	1009.11425781	38.7164001465	31.32862854
150.811236249	1009.11425781	38.7164001465	31.32862854
150.811236249	1009.11425781	38.7164001465	31.32862854
150.811236249	1009.11425781	38.7164001465	31.32862854
150.81123625	1009.11425781	38.7164001465	31.32862854
150.81123625	1009.11889648	38.7164001465	31.32862854
150.81123625	1009.11889648	38.7164001465	31.32862854
150.81123625	1009.11889648	38.7164001465	31.32862854
150.81123625	1009.11889648	38.7164001465	31.32862854
150.81123625	1009.11889648	38.7164001465	31.2920036316
150.811236251	1009.11889648	38.7164001465	31.2920036316
150.811236251	1009.11889648	37.721031189	31.2920036316
150.811236251	1009.11889648	37.721031189	31.2920036316
150.811236251	1009.11889648	37.721031189	31.2920036316
150.811236251	1009.11889648	37.721031189	31.2920036316
150.811236251	1009.11889648	37.721031189	31.2920036316
150.811236251	1009.11889648	37.721031189	31.2920036316
