3.10073484895	1300
time	pressure	humidity	temperature
150.811234853	1006.88647461	35.6674880981	33.1795349121
150.811234855	1006.88647461	35.6674880981	33.1795349121
150.811234855	1006.88647461	35.6674880981	33.1795349121
150.811234855	1006.88647461	35.6674880981	33.1795349121
150.811234856	1006.88647461	35.6674880981	33.1795349121
150.811234856	1006.88647461	35.6674880981	33.1795349121
150.811234856	1006.88647461	35.6674880981	33.1795349121
150.811234856	1006.88647461	35.6674880981	33.1795349121
150.811234857	1006.88647461	35.6674880981	33.1795349121
150.811234857	1006.88647461	35.6674880981	33.1795349121
150.811234857	1006.88647461	35.6674880981	33.1795349121
150.811234857	1006.88647461	35.6674880981	33.1795349121
150.811234858	1006.88647461	35.6674880981	33.1795349121
150.811234858	1006.88647461	35.6674880981	33.1795349121
150.811234858	1006.88647461	35.6674880981	33.1795349121
150.811234858	1006.88647461	35.6674880981	33.1795349121
150.811234859	1006.88647461	35.6674880981	33.1795349121
150.811234859	1006.88647461	35.6674880981	33.1795349121
150.811234859	1006.88647461	35.6674880981	33.1795349121
150.811234859	1006.88647461	35.6674880981	33.1795349121
150.811234859	1006.88647461	35.6674880981	33.1795349121
150.81123486	1006.88647461	35.6674880981	33.1795349121
150.81123486	1006.88647461	35.6674880981	33.1795349121
150.81123486	1006.88647461	35.6674880981	33.1795349121
150.81123486	1006.88647461	35.6674880981	33.1795349121
150.811234861	1006.88647461	35.6674880981	33.1795349121
150.811234861	1006.88647461	35.6674880981	33.1795349121
150.811234861	1006.88647461	35.6674880981	33.1795349121
150.811234861	1006.8894043	35.6674880981	33.1795349121
150.811234862	1006.8894043	35.6674880981	33.1795349121
150.811234862	1006.8894043	35.6674880981	33.1795349121
150.811234862	1006.8894043	35.6674880981	33.1795349121
150.811234862	1006.8894043	35.6674880981	33.1795349121
150.811234863	1006.8894043	36.7269706726	33.1795349121
150.811234863	1006.8894043	36.7269706726	33.1795349121
150.811234863	1006.8894043	36.7269706726	33.1795349121
150.811234863	1006.8894043	36.7269706726	33.1795349121
150.811234864	1006.8894043	36.7269706726	33.1795349121
150.811234864	1006.8894043	36.7269706726	33.1795349121
150.811234864	1006.8894043	36.7269706726	33.1795349121
150.811234864	1006.8894043	36.7269706726	33.1795349121
150.811234864	1006.8894043	36.7269706726	33.1795349121
150.811234865	1006.8894043	36.7269706726	33.1795349121
150.811234865	1006.8894043	36.7269706726	33.1795349121
150.811234865	1006.88378906	36.7269706726	33.1795349121
150.811234865	1006.88378906	36.7269706726	33.1795349121
150.811234866	1006.88378906	36.7269706726	33.1795349121
150.811234866	1006.88378906	36.7269706726	33.1795349121
150.811234866	1006.88378906	36.7269706726	33.1795349121
150.811234866	1006.88378906	36.7269706726	33.1795349121
150.811234867	1006.88378906	36.7269706726	33.1795349121
150.811234867	1006.88378906	36.7269706726	33.1795349121
150.811234867	1006.88378906	36.7269706726	33.1795349121
150.811234867	1006.88378906	36.7269706726	33.1795349121
150.811234867	1006.88378906	36.7269706726	33.1795349121
150.811234868	1006.88378906	36.7269706726	33.1795349121
150.811234868	1006.88378906	36.7269706726	33.1795349121
150.811234868	1006.88378906	36.7269706726	33.1795349121
150.811234868	1006.88378906	36.7269706726	33.1795349121
150.811234869	1006.88378906	36.7269706726	33.1795349121
150.811234869	1006.88378906	36.7269706726	33.1795349121
150.811234869	1006.88208008	36.7269706726	33.1795349121
150.811234869	1006.88208008	36.7269706726	33.1795349121
150.81123487	1006.88208008	36.7269706726	33.1795349121
150.81123487	1006.88208008	36.7269706726	33.1795349121
150.81123487	1006.88208008	36.7269706726	33.1795349121
150.81123487	1006.88208008	36.7269706726	33.2337379456
150.811234871	1006.88208008	33.911857605	33.2337379456
150.811234871	1006.88208008	33.911857605	33.2337379456
150.811234871	1006.88208008	33.911857605	33.2337379456
150.811234871	1006.88208008	33.911857605	33.2337379456
150.811234872	1006.88208008	33.911857605	33.2337379456
150.811234872	1006.88208008	33.911857605	33.2337379456
150.811234872	1006.88208008	33.911857605	33.2337379456
150.811234872	1006.88208008	33.911857605	33.2337379456
150.811234872	1006.88208008	33.911857605	33.2337379456
150.811234873	1006.88208008	33.911857605	33.2337379456
150.811234873	1006.8815918	33.911857605	33.2337379456
150.811234873	1006.8815918	33.911857605	33.2337379456
150.811234874	1006.8815918	33.911857605	33.2337379456
150.811234874	1006.8815918	33.911857605	33.2337379456
150.811234874	1006.8815918	33.911857605	33.2337379456
150.811234874	1006.8815918	33.911857605	33.2337379456
150.811234874	1006.8815918	33.911857605	33.2337379456
150.811234875	1006.8815918	33.911857605	33.2337379456
150.811234875	1006.8815918	33.911857605	33.2337379456
150.811234875	1006.8815918	33.911857605	33.2337379456
150.811234875	1006.8815918	33.911857605	33.2337379456
150.811234876	1006.8815918	33.911857605	33.2337379456
150.811234876	1006.8815918	33.911857605	33.2337379456
150.811234876	1006.8815918	33.911857605	33.2337379456
150.811234876	1006.8815918	33.911857605	33.2337379456
150.811234876	1006.8815918	33.911857605	33.2337379456
150.811234877	1006.8815918	33.911857605	33.2337379456
150.811234877	1006.88256836	33.911857605	33.2337379456
150.811234877	1006.88256836	33.911857605	33.2337379456
150.811234877	1006.88256836	33.911857605	33.2337379456
150.811234878	1006.88256836	33.911857605	33.2337379456
150.811234878	1006.88256836	33.911857605	33.2337379456
150.811234878	1006.88256836	33.911857605	33.2337379456
150.811234878	1006.88256836	33.911857605	33.2337379456
150.811234879	1006.88256836	33.911857605	33.1433944702
150.811234879	1006.88256836	37.6826438904	33.1433944702
150.811234879	1006.88256836	37.6826438904	33.1433944702
150.811234879	1006.88256836	37.6826438904	33.1433944702
150.81123488	1006.88256836	37.6826438904	33.1433944702
150.81123488	1006.88256836	37.6826438904	33.1433944702
150.81123488	1006.88256836	37.6826438904	33.1433944702
150.81123488	1006.88256836	37.6826438904	33.1433944702
150.811234881	1006.88256836	37.6826438904	33.1433944702
150.811234881	1006.88256836	37.6826438904	33.1433944702
150.811234881	1006.8840332	37.6826438904	33.1433944702
150.811234881	1006.8840332	37.6826438904	33.1433944702
150.811234882	1006.8840332	37.6826438904	33.1433944702
150.811234882	1006.8840332	37.6826438904	33.1433944702
150.811234882	1006.8840332	37.6826438904	33.1433944702
150.811234882	1006.8840332	37.6826438904	33.1433944702
150.811234882	1006.8840332	37.6826438904	33.1433944702
150.811234883	1006.8840332	37.6826438904	33.1433944702
150.811234883	1006.8840332	37.6826438904	33.1433944702
150.811234883	1006.8840332	37.6826438904	33.1433944702
150.811234883	1006.8840332	37.6826438904	33.1433944702
150.811234884	1006.8840332	37.6826438904	33.1433944702
150.811234884	1006.8840332	37.6826438904	33.1433944702
150.811234884	1006.8840332	37.6826438904	33.1433944702
150.811234884	1006.8840332	37.6826438904	33.1433944702
150.811234884	1006.8840332	37.6826438904	33.1433944702
150.811234885	1006.8840332	37.6826438904	33.1433944702
150.811234885	1006.88256836	37.6826438904	33.1433944702
150.811234885	1006.88256836	37.6826438904	33.1433944702
150.811234886	1006.88256836	37.6826438904	33.1433944702
150.811234886	1006.88256836	37.6826438904	33.1433944702
150.811234886	1006.88256836	37.6826438904	33.1433944702
150.811234886	1006.88256836	37.6826438904	33.1433944702
150.811234886	1006.88256836	37.6826438904	33.1433944702
150.811234887	1006.88256836	37.6826438904	33.2698745728
150.811234887	1006.88256836	36.0552520752	33.2698745728
150.811234887	1006.88256836	36.0552520752	33.2698745728
150.811234887	1006.88256836	36.0552520752	33.2698745728
150.811234888	1006.88256836	36.0552520752	33.2698745728
150.811234888	1006.88256836	36.0552520752	33.2698745728
150.811234888	1006.88256836	36.0552520752	33.2698745728
150.811234888	1006.88256836	36.0552520752	33.2698745728
150.811234889	1006.88256836	36.0552520752	33.2698745728
150.811234889	1006.88452148	36.0552520752	33.2698745728
150.811234889	1006.88452148	36.0552520752	33.2698745728
150.811234889	1006.88452148	36.0552520752	33.2698745728
150.81123489	1006.88452148	36.0552520752	33.2698745728
150.81123489	1006.88452148	36.0552520752	33.2698745728
150.81123489	1006.88452148	36.0552520752	33.2698745728
150.81123489	1006.88452148	36.0552520752	33.2698745728
150.811234891	1006.88452148	36.0552520752	33.2698745728
150.811234891	1006.88452148	36.0552520752	33.2698745728
150.811234891	1006.88452148	36.0552520752	33.2698745728
150.811234891	1006.88452148	36.0552520752	33.2698745728
150.811234891	1006.88452148	36.0552520752	33.2698745728
150.811234892	1006.88452148	36.0552520752	33.2698745728
150.811234892	1006.88452148	36.0552520752	33.2698745728
150.811234892	1006.88452148	36.0552520752	33.2698745728
150.811234892	1006.88452148	36.0552520752	33.2698745728
150.811234893	1006.88452148	36.0552520752	33.2698745728
150.811234893	1006.88769531	36.0552520752	33.2698745728
150.811234893	1006.88769531	36.0552520752	33.2698745728
150.811234893	1006.88769531	36.0552520752	33.2698745728
150.811234894	1006.88769531	36.0552520752	33.2698745728
150.811234894	1006.88769531	36.0552520752	33.2698745728
150.811234894	1006.88769531	36.0552520752	33.2698745728
150.811234894	1006.88769531	36.0552520752	33.2698745728
150.811234894	1006.88769531	36.0552520752	33.2698745728
150.811234895	1006.88769531	36.0552520752	33.2698745728
150.811234895	1006.88769531	36.0552520752	33.2156677246
150.811234895	1006.88769531	38.4459609985	33.2156677246
150.811234896	1006.88769531	38.4459609985	33.2156677246
150.811234896	1006.88769531	38.4459609985	33.2156677246
150.811234896	1006.88769531	38.4459609985	33.2156677246
150.811234896	1006.88769531	38.4459609985	33.2156677246
150.811234896	1006.88769531	38.4459609985	33.2156677246
150.811234897	1006.88574219	38.4459609985	33.2156677246
150.811234897	1006.88574219	38.4459609985	33.2156677246
150.811234897	1006.88574219	38.4459609985	33.2156677246
150.811234897	1006.88574219	38.4459609985	33.2156677246
150.811234898	1006.88574219	38.4459609985	33.2156677246
150.811234898	1006.88574219	38.4459609985	33.2156677246
150.811234898	1006.88574219	38.4459609985	33.2156677246
150.811234898	1006.88574219	38.4459609985	33.2156677246
150.811234899	1006.88574219	38.4459609985	33.2156677246
150.811234899	1006.88574219	38.4459609985	33.2156677246
150.811234899	1006.88574219	38.4459609985	33.2156677246
150.811234899	1006.88574219	38.4459609985	33.2156677246
150.811234899	1006.88574219	38.4459609985	33.2156677246
150.8112349	1006.88574219	38.4459609985	33.2156677246
150.8112349	1006.88574219	38.4459609985	33.2156677246
150.8112349	1006.88574219	38.4459609985	33.2156677246
150.8112349	1006.88574219	38.4459609985	33.2156677246
150.811234901	1006.88574219	38.4459609985	33.2156677246
150.811234901	1006.88476562	38.4459609985	33.2156677246
150.811234901	1006.88476562	38.4459609985	33.2156677246
150.811234901	1006.88476562	38.4459609985	33.2156677246
150.811234902	1006.88476562	38.4459609985	33.2156677246
150.811234902	1006.88476562	38.4459609985	33.2156677246
150.811234902	1006.88476562	38.4459609985	33.2156677246
150.811234902	1006.88476562	38.4459609985	33.2156677246
150.811234903	1006.88476562	38.4459609985	33.2156677246
150.811234903	1006.88476562	38.4459609985	33.2156677246
150.811234903	1006.88476562	38.4459609985	33.1433944702
150.811234903	1006.88476562	33.3500595093	33.1433944702
150.811234904	1006.88476562	33.3500595093	33.1433944702
150.811234904	1006.88476562	33.3500595093	33.1433944702
150.811234904	1006.88476562	33.3500595093	33.1433944702
150.811234904	1006.88476562	33.3500595093	33.1433944702
150.811234904	1006.88476562	33.3500595093	33.1433944702
150.811234905	1006.88842773	33.3500595093	33.1433944702
150.811234905	1006.88842773	33.3500595093	33.1433944702
150.811234905	1006.88842773	33.3500595093	33.1433944702
150.811234906	1006.88842773	33.3500595093	33.1433944702
150.811234906	1006.88842773	33.3500595093	33.1433944702
150.811234906	1006.88842773	33.3500595093	33.1433944702
150.811234906	1006.88842773	33.3500595093	33.1433944702
150.811234906	1006.88842773	33.3500595093	33.1433944702
150.811234907	1006.88842773	33.3500595093	33.1433944702
150.811234907	1006.88842773	33.3500595093	33.1433944702
150.811234907	1006.88842773	33.3500595093	33.1433944702
150.811234907	1006.88842773	33.3500595093	33.1433944702
150.811234908	1006.88842773	33.3500595093	33.1433944702
150.811234908	1006.88842773	33.3500595093	33.1433944702
150.811234908	1006.88842773	33.3500595093	33.1433944702
150.811234908	1006.88842773	33.3500595093	33.1433944702
150.811234908	1006.88842773	33.3500595093	33.1433944702
150.811234909	1006.88964844	33.3500595093	33.1433944702
150.811234909	1006.88964844	33.3500595093	33.1433944702
150.811234909	1006.88964844	33.3500595093	33.1433944702
150.811234909	1006.88964844	33.3500595093	33.1433944702
150.81123491	1006.88964844	33.3500595093	33.1433944702
150.81123491	1006.88964844	33.3500595093	33.1433944702
150.81123491	1006.88964844	33.3500595093	33.1433944702
150.81123491	1006.88964844	33.3500595093	33.1433944702
150.811234911	1006.88964844	33.3500595093	33.1433944702
150.811234911	1006.88964844	33.3500595093	33.1433944702
150.811234911	1006.88964844	33.3500595093	33.1433944702
150.811234911	1006.88964844	33.3500595093	33.2156677246
150.811234912	1006.88964844	34.8400535583	33.2156677246
150.811234912	1006.88964844	34.8400535583	33.2156677246
150.811234912	1006.88964844	34.8400535583	33.2156677246
150.811234912	1006.88964844	34.8400535583	33.2156677246
150.811234913	1006.88378906	34.8400535583	33.2156677246
150.811234913	1006.88378906	34.8400535583	33.2156677246
150.811234913	1006.88378906	34.8400535583	33.2156677246
150.811234913	1006.88378906	34.8400535583	33.2156677246
150.811234914	1006.88378906	34.8400535583	33.2156677246
150.811234914	1006.88378906	34.8400535583	33.2156677246
150.811234914	1006.88378906	34.8400535583	33.2156677246
150.811234914	1006.88378906	34.8400535583	33.2156677246
150.811234914	1006.88378906	34.8400535583	33.2156677246
150.811234915	1006.88378906	34.8400535583	33.2156677246
150.811234915	1006.88378906	34.8400535583	33.2156677246
150.811234915	1006.88378906	34.8400535583	33.2156677246
150.811234915	1006.88378906	34.8400535583	33.2156677246
150.811234916	1006.88378906	34.8400535583	33.2156677246
150.811234916	1006.88378906	34.8400535583	33.2156677246
150.811234916	1006.88378906	34.8400535583	33.2156677246
150.811234916	1006.88378906	34.8400535583	33.2156677246
150.811234916	1006.88208008	34.8400535583	33.2156677246
150.811234917	1006.88208008	34.8400535583	33.2156677246
150.811234917	1006.88208008	34.8400535583	33.2156677246
150.811234917	1006.88208008	34.8400535583	33.2156677246
150.811234918	1006.88208008	34.8400535583	33.2156677246
150.811234918	1006.88208008	34.8400535583	33.2156677246
150.811234918	1006.88208008	34.8400535583	33.2156677246
150.811234918	1006.88208008	34.8400535583	33.2156677246
150.811234918	1006.88208008	34.8400535583	33.2156677246
150.811234919	1006.88208008	34.8400535583	33.2156677246
150.811234919	1006.88208008	34.8400535583	33.2156677246
150.811234919	1006.88208008	34.8400535583	33.2156677246
150.811234919	1006.88208008	34.8400535583	33.1614646912
150.81123492	1006.88208008	35.3041496277	33.1614646912
150.81123492	1006.88208008	35.3041496277	33.1614646912
150.81123492	1006.88208008	35.3041496277	33.1614646912
150.81123492	1006.88208008	35.3041496277	33.1614646912
150.811234921	1006.88720703	35.3041496277	33.1614646912
150.811234921	1006.88720703	35.3041496277	33.1614646912
150.811234921	1006.88720703	35.3041496277	33.1614646912
150.811234921	1006.88720703	35.3041496277	33.1614646912
150.811234922	1006.88720703	35.3041496277	33.1614646912
150.811234922	1006.88720703	35.3041496277	33.1614646912
150.811234922	1006.88720703	35.3041496277	33.1614646912
150.811234922	1006.88720703	35.3041496277	33.1614646912
150.811234923	1006.88720703	35.3041496277	33.1614646912
150.811234923	1006.88720703	35.3041496277	33.1614646912
150.811234923	1006.88720703	35.3041496277	33.1614646912
150.811234923	1006.88720703	35.3041496277	33.1614646912
150.811234923	1006.88720703	35.3041496277	33.1614646912
150.811234924	1006.88720703	35.3041496277	33.1614646912
150.811234924	1006.88720703	35.3041496277	33.1614646912
150.811234924	1006.88720703	35.3041496277	33.1614646912
150.811234924	1006.88720703	35.3041496277	33.1614646912
150.811234925	1006.89501953	35.3041496277	33.1614646912
150.811234925	1006.89501953	35.3041496277	33.1614646912
150.811234925	1006.89501953	35.3041496277	33.1614646912
150.811234925	1006.89501953	35.3041496277	33.1614646912
150.811234926	1006.89501953	35.3041496277	33.1614646912
150.811234926	1006.89501953	35.3041496277	33.1614646912
150.811234926	1006.89501953	35.3041496277	33.1614646912
150.811234926	1006.89501953	35.3041496277	33.1614646912
150.811234926	1006.89501953	35.3041496277	33.1614646912
150.811234927	1006.89501953	35.3041496277	33.1614646912
150.811234927	1006.89501953	35.3041496277	33.1614646912
150.811234927	1006.89501953	35.3041496277	33.1614646912
150.811234927	1006.89501953	35.3041496277	33.1433944702
150.811234928	1006.89501953	33.2676200867	33.1433944702
150.811234928	1006.89501953	33.2676200867	33.1433944702
150.811234928	1006.89501953	33.2676200867	33.1433944702
150.811234928	1006.8984375	33.2676200867	33.1433944702
150.811234929	1006.8984375	33.2676200867	33.1433944702
150.811234929	1006.8984375	33.2676200867	33.1433944702
150.811234929	1006.8984375	33.2676200867	33.1433944702
150.811234929	1006.8984375	33.2676200867	33.1433944702
150.81123493	1006.8984375	33.2676200867	33.1433944702
150.81123493	1006.8984375	33.2676200867	33.1433944702
150.81123493	1006.8984375	33.2676200867	33.1433944702
150.81123493	1006.8984375	33.2676200867	33.1433944702
150.811234931	1006.8984375	33.2676200867	33.1433944702
150.811234931	1006.8984375	33.2676200867	33.1433944702
150.811234931	1006.8984375	33.2676200867	33.1433944702
150.811234931	1006.8984375	33.2676200867	33.1433944702
150.811234931	1006.8984375	33.2676200867	33.1433944702
150.811234932	1006.8984375	33.2676200867	33.1433944702
150.811234932	1006.8984375	33.2676200867	33.1433944702
150.811234932	1006.8984375	33.2676200867	33.1433944702
150.811234932	1006.90234375	33.2676200867	33.1433944702
150.811234933	1006.90234375	33.2676200867	33.1433944702
150.811234933	1006.90234375	33.2676200867	33.1433944702
150.811234933	1006.90234375	33.2676200867	33.1433944702
150.811234933	1006.90234375	33.2676200867	33.1433944702
150.811234934	1006.90234375	33.2676200867	33.1433944702
150.811234934	1006.90234375	33.2676200867	33.1433944702
150.811234934	1006.90234375	33.2676200867	33.1433944702
150.811234934	1006.90234375	33.2676200867	33.1433944702
150.811234935	1006.90234375	33.2676200867	33.1433944702
150.811234935	1006.90234375	33.2676200867	33.1433944702
150.811234935	1006.90234375	33.2676200867	33.1433944702
150.811234935	1006.90234375	33.2676200867	33.1433944702
150.811234935	1006.90234375	33.2676200867	33.1433944702
150.811234936	1006.90234375	33.2676200867	33.2156677246
150.811234936	1006.90234375	37.7223358154	33.2156677246
150.811234936	1006.90258789	37.7223358154	33.2156677246
150.811234937	1006.90258789	37.7223358154	33.2156677246
150.811234937	1006.90258789	37.7223358154	33.2156677246
150.811234937	1006.90258789	37.7223358154	33.2156677246
150.811234937	1006.90258789	37.7223358154	33.2156677246
150.811234938	1006.90258789	37.7223358154	33.2156677246
150.811234938	1006.90258789	37.7223358154	33.2156677246
150.811234938	1006.90258789	37.7223358154	33.2156677246
150.811234938	1006.90258789	37.7223358154	33.2156677246
150.811234938	1006.90258789	37.7223358154	33.2156677246
150.811234939	1006.90258789	37.7223358154	33.2156677246
150.811234939	1006.90258789	37.7223358154	33.2156677246
150.811234939	1006.90258789	37.7223358154	33.2156677246
150.811234939	1006.90258789	37.7223358154	33.2156677246
150.81123494	1006.90258789	37.7223358154	33.2156677246
150.81123494	1006.90258789	37.7223358154	33.2156677246
150.81123494	1006.90258789	37.7223358154	33.2156677246
150.81123494	1006.90234375	37.7223358154	33.2156677246
150.811234941	1006.90234375	37.7223358154	33.2156677246
150.811234941	1006.90234375	37.7223358154	33.2156677246
150.811234941	1006.90234375	37.7223358154	33.2156677246
150.811234941	1006.90234375	37.7223358154	33.2156677246
150.811234942	1006.90234375	37.7223358154	33.2156677246
150.811234942	1006.90234375	37.7223358154	33.2156677246
150.811234942	1006.90234375	37.7223358154	33.2156677246
150.811234942	1006.90234375	37.7223358154	33.2156677246
150.811234942	1006.90234375	37.7223358154	33.2156677246
150.811234943	1006.90234375	37.7223358154	33.2156677246
150.811234943	1006.90234375	37.7223358154	33.2156677246
150.811234943	1006.90234375	37.7223358154	33.2156677246
150.811234943	1006.90234375	37.7223358154	33.2156677246
150.811234943	1006.90234375	37.7223358154	33.2156677246
150.811234944	1006.90234375	37.7223358154	33.2337379456
150.811234944	1006.90234375	35.8842697144	33.2337379456
150.811234944	1006.90039062	35.8842697144	33.2337379456
150.811234945	1006.90039062	35.8842697144	33.2337379456
150.811234945	1006.90039062	35.8842697144	33.2337379456
150.811234945	1006.90039062	35.8842697144	33.2337379456
150.811234945	1006.90039062	35.8842697144	33.2337379456
150.811234946	1006.90039062	35.8842697144	33.2337379456
150.811234946	1006.90039062	35.8842697144	33.2337379456
150.811234946	1006.90039062	35.8842697144	33.2337379456
150.811234946	1006.90039062	35.8842697144	33.2337379456
150.811234947	1006.90039062	35.8842697144	33.2337379456
150.811234947	1006.90039062	35.8842697144	33.2337379456
150.811234947	1006.90039062	35.8842697144	33.2337379456
150.811234947	1006.90039062	35.8842697144	33.2337379456
150.811234947	1006.90039062	35.8842697144	33.2337379456
150.811234948	1006.90039062	35.8842697144	33.2337379456
150.811234948	1006.90039062	35.8842697144	33.2337379456
150.811234948	1006.90039062	35.8842697144	33.2337379456
150.811234948	1006.89550781	35.8842697144	33.2337379456
150.811234949	1006.89550781	35.8842697144	33.2337379456
150.811234949	1006.89550781	35.8842697144	33.2337379456
150.811234949	1006.89550781	35.8842697144	33.2337379456
150.811234949	1006.89550781	35.8842697144	33.2337379456
150.81123495	1006.89550781	35.8842697144	33.2337379456
150.81123495	1006.89550781	35.8842697144	33.2337379456
150.81123495	1006.89550781	35.8842697144	33.2337379456
150.81123495	1006.89550781	35.8842697144	33.2337379456
150.81123495	1006.89550781	35.8842697144	33.2337379456
150.811234951	1006.89550781	35.8842697144	33.2337379456
150.811234951	1006.89550781	35.8842697144	33.2337379456
150.811234951	1006.89550781	35.8842697144	33.2337379456
150.811234951	1006.89550781	35.8842697144	33.2337379456
150.811234952	1006.89550781	35.8842697144	33.2337379456
150.811234952	1006.89550781	35.8842697144	33.2337379456
150.811234952	1006.89550781	35.8842697144	33.1433944702
150.811234952	1006.8972168	37.6154708862	33.1433944702
150.811234953	1006.8972168	37.6154708862	33.1433944702
150.811234953	1006.8972168	37.6154708862	33.1433944702
150.811234953	1006.8972168	37.6154708862	33.1433944702
150.811234953	1006.8972168	37.6154708862	33.1433944702
150.811234954	1006.8972168	37.6154708862	33.1433944702
150.811234954	1006.8972168	37.6154708862	33.1433944702
150.811234954	1006.8972168	37.6154708862	33.1433944702
150.811234954	1006.8972168	37.6154708862	33.1433944702
150.811234955	1006.8972168	37.6154708862	33.1433944702
150.811234955	1006.8972168	37.6154708862	33.1433944702
150.811234955	1006.8972168	37.6154708862	33.1433944702
150.811234955	1006.8972168	37.6154708862	33.1433944702
150.811234955	1006.8972168	37.6154708862	33.1433944702
150.811234956	1006.8972168	37.6154708862	33.1433944702
150.811234956	1006.8972168	37.6154708862	33.1433944702
150.811234956	1006.89575195	37.6154708862	33.1433944702
150.811234957	1006.89575195	37.6154708862	33.1433944702
150.811234957	1006.89575195	37.6154708862	33.1433944702
150.811234957	1006.89575195	37.6154708862	33.1433944702
150.811234957	1006.89575195	37.6154708862	33.1433944702
150.811234957	1006.89575195	37.6154708862	33.1433944702
150.811234958	1006.89575195	37.6154708862	33.1433944702
150.811234958	1006.89575195	37.6154708862	33.1433944702
150.811234958	1006.89575195	37.6154708862	33.1433944702
150.811234958	1006.89575195	37.6154708862	33.1433944702
150.811234959	1006.89575195	37.6154708862	33.1433944702
150.811234959	1006.89575195	37.6154708862	33.1433944702
150.811234959	1006.89575195	37.6154708862	33.1433944702
150.811234959	1006.89575195	37.6154708862	33.1433944702
150.811234959	1006.89575195	37.6154708862	33.1433944702
150.81123496	1006.89575195	37.6154708862	33.1433944702
150.81123496	1006.89575195	37.6154708862	33.1433944702
150.81123496	1006.89428711	37.6154708862	33.1072616577
150.811234961	1006.89428711	37.0597763062	33.1072616577
150.811234961	1006.89428711	37.0597763062	33.1072616577
150.811234961	1006.89428711	37.0597763062	33.1072616577
150.811234961	1006.89428711	37.0597763062	33.1072616577
150.811234962	1006.89428711	37.0597763062	33.1072616577
150.811234962	1006.89428711	37.0597763062	33.1072616577
150.811234962	1006.89428711	37.0597763062	33.1072616577
150.811234962	1006.89428711	37.0597763062	33.1072616577
150.811234962	1006.89428711	37.0597763062	33.1072616577
150.811234963	1006.89428711	37.0597763062	33.1072616577
150.811234963	1006.89428711	37.0597763062	33.1072616577
150.811234963	1006.89428711	37.0597763062	33.1072616577
150.811234963	1006.89428711	37.0597763062	33.1072616577
150.811234964	1006.89428711	37.0597763062	33.1072616577
150.811234964	1006.89428711	37.0597763062	33.1072616577
150.811234964	1006.89794922	37.0597763062	33.1072616577
150.811234964	1006.89794922	37.0597763062	33.1072616577
150.811234965	1006.89794922	37.0597763062	33.1072616577
150.811234965	1006.89794922	37.0597763062	33.1072616577
150.811234965	1006.89794922	37.0597763062	33.1072616577
150.811234965	1006.89794922	37.0597763062	33.1072616577
150.811234965	1006.89794922	37.0597763062	33.1072616577
150.811234966	1006.89794922	37.0597763062	33.1072616577
150.811234966	1006.89794922	37.0597763062	33.1072616577
150.811234966	1006.89794922	37.0597763062	33.1072616577
150.811234966	1006.89794922	37.0597763062	33.1072616577
150.811234967	1006.89794922	37.0597763062	33.1072616577
150.811234967	1006.89794922	37.0597763062	33.1072616577
150.811234967	1006.89794922	37.0597763062	33.1072616577
150.811234967	1006.89794922	37.0597763062	33.1072616577
150.811234967	1006.89794922	37.0597763062	33.1072616577
150.811234968	1006.89794922	37.0597763062	33.1072616577
150.811234968	1006.90454102	37.0597763062	33.1072616577
150.811234968	1006.90454102	37.0597763062	33.1976013184
150.811234969	1006.90454102	37.8261489868	33.1976013184
150.811234969	1006.90454102	37.8261489868	33.1976013184
150.811234969	1006.90454102	37.8261489868	33.1976013184
150.811234969	1006.90454102	37.8261489868	33.1976013184
150.81123497	1006.90454102	37.8261489868	33.1976013184
150.81123497	1006.90454102	37.8261489868	33.1976013184
150.81123497	1006.90454102	37.8261489868	33.1976013184
150.81123497	1006.90454102	37.8261489868	33.1976013184
150.81123497	1006.90454102	37.8261489868	33.1976013184
150.811234971	1006.90454102	37.8261489868	33.1976013184
150.811234971	1006.90454102	37.8261489868	33.1976013184
150.811234971	1006.90454102	37.8261489868	33.1976013184
150.811234971	1006.90454102	37.8261489868	33.1976013184
150.811234972	1006.90454102	37.8261489868	33.1976013184
150.811234972	1006.90454102	37.8261489868	33.1976013184
150.811234972	1006.90356445	37.8261489868	33.1976013184
150.811234972	1006.90356445	37.8261489868	33.1976013184
150.811234973	1006.90356445	37.8261489868	33.1976013184
150.811234973	1006.90356445	37.8261489868	33.1976013184
150.811234973	1006.90356445	37.8261489868	33.1976013184
150.811234973	1006.90356445	37.8261489868	33.1976013184
150.811234974	1006.90356445	37.8261489868	33.1976013184
150.811234974	1006.90356445	37.8261489868	33.1976013184
150.811234974	1006.90356445	37.8261489868	33.1976013184
150.811234974	1006.90356445	37.8261489868	33.1976013184
150.811234974	1006.90356445	37.8261489868	33.1976013184
150.811234975	1006.90356445	37.8261489868	33.1976013184
150.811234975	1006.90356445	37.8261489868	33.1976013184
150.811234975	1006.90356445	37.8261489868	33.1976013184
150.811234975	1006.90356445	37.8261489868	33.1976013184
150.811234976	1006.90356445	37.8261489868	33.1976013184
150.811234976	1006.90356445	37.8261489868	33.1976013184
150.811234976	1006.90673828	37.8261489868	33.1976013184
150.811234976	1006.90673828	37.8261489868	33.2156677246
150.811234977	1006.90673828	37.6551628113	33.2156677246
150.811234977	1006.90673828	37.6551628113	33.2156677246
150.811234977	1006.90673828	37.6551628113	33.2156677246
150.811234977	1006.90673828	37.6551628113	33.2156677246
150.811234978	1006.90673828	37.6551628113	33.2156677246
150.811234978	1006.90673828	37.6551628113	33.2156677246
150.811234978	1006.90673828	37.6551628113	33.2156677246
150.811234978	1006.90673828	37.6551628113	33.2156677246
150.811234979	1006.90673828	37.6551628113	33.2156677246
150.811234979	1006.90673828	37.6551628113	33.2156677246
150.811234979	1006.90673828	37.6551628113	33.2156677246
150.811234979	1006.90673828	37.6551628113	33.2156677246
150.811234979	1006.90673828	37.6551628113	33.2156677246
150.81123498	1006.90673828	37.6551628113	33.2156677246
150.81123498	1006.90698242	37.6551628113	33.2156677246
150.81123498	1006.90698242	37.6551628113	33.2156677246
150.811234981	1006.90698242	37.6551628113	33.2156677246
150.811234981	1006.90698242	37.6551628113	33.2156677246
150.811234981	1006.90698242	37.6551628113	33.2156677246
150.811234981	1006.90698242	37.6551628113	33.2156677246
150.811234981	1006.90698242	37.6551628113	33.2156677246
150.811234982	1006.90698242	37.6551628113	33.2156677246
150.811234982	1006.90698242	37.6551628113	33.2156677246
150.811234982	1006.90698242	37.6551628113	33.2156677246
150.811234982	1006.90698242	37.6551628113	33.2156677246
150.811234982	1006.90698242	37.6551628113	33.2156677246
150.811234983	1006.90698242	37.6551628113	33.2156677246
150.811234983	1006.90698242	37.6551628113	33.2156677246
150.811234983	1006.90698242	37.6551628113	33.2156677246
150.811234983	1006.90698242	37.6551628113	33.2156677246
150.811234984	1006.90698242	37.6551628113	33.2156677246
150.811234984	1006.90771484	37.6551628113	33.2156677246
150.811234984	1006.90771484	37.6551628113	33.2156677246
150.811234984	1006.90771484	37.6551628113	33.2337379456
150.811234985	1006.90771484	37.6551628113	33.2337379456
150.811234985	1006.90771484	37.3864746094	33.2337379456
150.811234985	1006.90771484	37.3864746094	33.2337379456
150.811234986	1006.90771484	37.3864746094	33.2337379456
150.811234986	1006.90771484	37.3864746094	33.2337379456
150.811234986	1006.90771484	37.3864746094	33.2337379456
150.811234986	1006.90771484	37.3864746094	33.2337379456
150.811234986	1006.90771484	37.3864746094	33.2337379456
150.811234987	1006.90771484	37.3864746094	33.2337379456
150.811234987	1006.90771484	37.3864746094	33.2337379456
150.811234987	1006.90771484	37.3864746094	33.2337379456
150.811234987	1006.90771484	37.3864746094	33.2337379456
150.811234988	1006.90771484	37.3864746094	33.2337379456
150.811234988	1006.90527344	37.3864746094	33.2337379456
150.811234988	1006.90527344	37.3864746094	33.2337379456
150.811234988	1006.90527344	37.3864746094	33.2337379456
150.811234989	1006.90527344	37.3864746094	33.2337379456
150.811234989	1006.90527344	37.3864746094	33.2337379456
150.811234989	1006.90527344	37.3864746094	33.2337379456
150.811234989	1006.90527344	37.3864746094	33.2337379456
150.811234989	1006.90527344	37.3864746094	33.2337379456
150.81123499	1006.90527344	37.3864746094	33.2337379456
150.81123499	1006.90527344	37.3864746094	33.2337379456
150.81123499	1006.90527344	37.3864746094	33.2337379456
150.81123499	1006.90527344	37.3864746094	33.2337379456
150.811234991	1006.90527344	37.3864746094	33.2337379456
150.811234991	1006.90527344	37.3864746094	33.2337379456
150.811234991	1006.90527344	37.3864746094	33.2337379456
150.811234991	1006.90527344	37.3864746094	33.2337379456
150.811234991	1006.90527344	37.3864746094	33.2337379456
150.811234992	1006.90820312	37.3864746094	33.2337379456
150.811234992	1006.90820312	37.3864746094	33.2337379456
150.811234992	1006.90820312	37.3864746094	33.2337379456
150.811234993	1006.90820312	37.3864746094	33.2337379456
150.811234993	1006.90820312	37.3864746094	33.1976013184
150.811234993	1006.90820312	38.2841377258	33.1976013184
150.811234993	1006.90820312	38.2841377258	33.1976013184
150.811234994	1006.90820312	38.2841377258	33.1976013184
150.811234994	1006.90820312	38.2841377258	33.1976013184
150.811234994	1006.90820312	38.2841377258	33.1976013184
150.811234994	1006.90820312	38.2841377258	33.1976013184
150.811234994	1006.90820312	38.2841377258	33.1976013184
150.811234995	1006.90820312	38.2841377258	33.1976013184
150.811234995	1006.90820312	38.2841377258	33.1976013184
150.811234995	1006.90820312	38.2841377258	33.1976013184
150.811234995	1006.90820312	38.2841377258	33.1976013184
150.811234996	1006.90820312	38.2841377258	33.1976013184
150.811234996	1006.90209961	38.2841377258	33.1976013184
150.811234996	1006.90209961	38.2841377258	33.1976013184
150.811234996	1006.90209961	38.2841377258	33.1976013184
150.811234997	1006.90209961	38.2841377258	33.1976013184
150.811234997	1006.90209961	38.2841377258	33.1976013184
150.811234997	1006.90209961	38.2841377258	33.1976013184
150.811234997	1006.90209961	38.2841377258	33.1976013184
150.811234998	1006.90209961	38.2841377258	33.1976013184
150.811234998	1006.90209961	38.2841377258	33.1976013184
150.811234998	1006.90209961	38.2841377258	33.1976013184
150.811234998	1006.90209961	38.2841377258	33.1976013184
150.811234998	1006.90209961	38.2841377258	33.1976013184
150.811234999	1006.90209961	38.2841377258	33.1976013184
150.811234999	1006.90209961	38.2841377258	33.1976013184
150.811234999	1006.90209961	38.2841377258	33.1976013184
150.811234999	1006.90209961	38.2841377258	33.1976013184
150.811235	1006.90209961	38.2841377258	33.1976013184
150.811235	1006.90283203	38.2841377258	33.1976013184
150.811235	1006.90283203	38.2841377258	33.1976013184
150.811235	1006.90283203	38.2841377258	33.1976013184
150.811235001	1006.90283203	38.2841377258	33.1976013184
150.811235001	1006.90283203	38.2841377258	33.2156677246
150.811235001	1006.90283203	34.4797668457	33.2156677246
150.811235001	1006.90283203	34.4797668457	33.2156677246
150.811235002	1006.90283203	34.4797668457	33.2156677246
150.811235002	1006.90283203	34.4797668457	33.2156677246
150.811235002	1006.90283203	34.4797668457	33.2156677246
150.811235002	1006.90283203	34.4797668457	33.2156677246
150.811235003	1006.90283203	34.4797668457	33.2156677246
150.811235003	1006.90283203	34.4797668457	33.2156677246
150.811235003	1006.90283203	34.4797668457	33.2156677246
150.811235003	1006.90283203	34.4797668457	33.2156677246
150.811235003	1006.90283203	34.4797668457	33.2156677246
150.811235004	1006.90576172	34.4797668457	33.2156677246
150.811235004	1006.90576172	34.4797668457	33.2156677246
150.811235004	1006.90576172	34.4797668457	33.2156677246
150.811235004	1006.90576172	34.4797668457	33.2156677246
150.811235005	1006.90576172	34.4797668457	33.2156677246
150.811235005	1006.90576172	34.4797668457	33.2156677246
150.811235005	1006.90576172	34.4797668457	33.2156677246
150.811235005	1006.90576172	34.4797668457	33.2156677246
150.811235006	1006.90576172	34.4797668457	33.2156677246
150.811235006	1006.90576172	34.4797668457	33.2156677246
150.811235006	1006.90576172	34.4797668457	33.2156677246
150.811235006	1006.90576172	34.4797668457	33.2156677246
150.811235006	1006.90576172	34.4797668457	33.2156677246
150.811235007	1006.90576172	34.4797668457	33.2156677246
150.811235007	1006.90576172	34.4797668457	33.2156677246
150.811235007	1006.90576172	34.4797668457	33.2156677246
150.811235007	1006.90576172	34.4797668457	33.2156677246
150.811235008	1006.90771484	34.4797668457	33.2156677246
150.811235008	1006.90771484	34.4797668457	33.2156677246
150.811235008	1006.90771484	34.4797668457	33.2156677246
150.811235008	1006.90771484	34.4797668457	33.2156677246
150.811235009	1006.90771484	34.4797668457	33.2156677246
150.811235839	1008.09472656	38.9631080627	32.9349861145
150.811235842	1008.09155273	38.9631080627	32.9349861145
150.811235842	1008.09155273	38.9631080627	33.0263061523
150.811235843	1008.09155273	38.9631080627	33.0263061523
150.811235843	1008.09155273	39.1893424988	33.0263061523
150.811235843	1008.09155273	39.1893424988	33.0263061523
150.811235843	1008.09155273	39.1893424988	33.0263061523
150.811235843	1008.09155273	39.1893424988	33.0263061523
150.811235843	1008.09155273	39.1893424988	33.0263061523
150.811235843	1008.09155273	39.1893424988	33.0263061523
150.811235844	1008.09155273	39.1893424988	33.0263061523
150.811235844	1008.09155273	39.1893424988	33.0263061523
150.811235844	1008.09155273	39.1893424988	33.0263061523
150.811235844	1008.09155273	39.1893424988	33.0263061523
150.811235844	1008.09155273	39.1893424988	33.0263061523
150.811235844	1008.09155273	39.1893424988	33.0263061523
150.811235844	1008.09155273	39.1893424988	33.0263061523
150.811235845	1008.09155273	39.1893424988	33.0263061523
150.811235845	1008.09155273	39.1893424988	33.0263061523
150.811235845	1008.09155273	39.1893424988	33.0263061523
150.811235845	1008.09155273	39.1893424988	33.0263061523
150.811235845	1008.09155273	39.1893424988	33.0263061523
150.811235845	1008.09155273	39.1893424988	33.0263061523
150.811235845	1008.09155273	39.1893424988	33.0263061523
150.811235846	1008.09155273	39.1893424988	33.0263061523
150.811235846	1008.09155273	39.1893424988	33.0263061523
150.811235846	1008.09155273	39.1893424988	33.0263061523
150.811235846	1008.09155273	39.1893424988	33.0263061523
150.811235846	1008.08911133	39.1893424988	33.0263061523
150.811235846	1008.08911133	39.1893424988	33.0263061523
150.811235846	1008.08911133	39.1893424988	33.0263061523
150.811235847	1008.08911133	39.1893424988	33.0263061523
150.811235847	1008.08911133	39.1893424988	33.0263061523
150.811235847	1008.08911133	39.1893424988	33.0263061523
150.811235847	1008.08911133	39.1893424988	33.0263061523
150.811235847	1008.08911133	39.1893424988	33.0263061523
150.811235847	1008.08911133	39.1893424988	33.0263061523
150.811235847	1008.08911133	39.1893424988	33.0263061523
150.811235848	1008.08911133	39.1893424988	33.0263061523
150.811235848	1008.08911133	39.1893424988	33.0263061523
150.811235848	1008.08911133	39.1893424988	33.0263061523
150.811235848	1008.08911133	39.1893424988	33.0263061523
150.811235848	1008.08911133	39.1893424988	33.0263061523
150.811235848	1008.08911133	39.1893424988	33.0263061523
150.811235848	1008.08911133	39.1893424988	33.0263061523
150.811235848	1008.08911133	39.1893424988	33.0263061523
150.811235849	1008.08911133	39.1893424988	33.0263061523
150.811235849	1008.08911133	39.1893424988	33.0263061523
150.811235849	1008.08911133	39.1893424988	33.0263061523
150.811235849	1008.08911133	39.1893424988	33.0263061523
150.811235849	1008.08911133	39.1893424988	33.0263061523
150.811235849	1008.08911133	39.1893424988	33.0263061523
150.811235849	1008.08911133	39.1893424988	33.0263061523
150.81123585	1008.08911133	39.1893424988	33.0263061523
150.81123585	1008.08911133	39.1893424988	33.0263061523
150.81123585	1008.08911133	39.1893424988	33.0263061523
150.81123585	1008.08911133	39.1893424988	33.0263061523
150.81123585	1008.09130859	39.1893424988	33.0263061523
150.81123585	1008.09130859	39.1893424988	33.0263061523
150.81123585	1008.09130859	39.1893424988	32.9715156555
150.811235851	1008.09130859	39.8124160767	32.9715156555
150.811235851	1008.09130859	39.8124160767	32.9715156555
150.811235851	1008.09130859	39.8124160767	32.9715156555
150.811235851	1008.09130859	39.8124160767	32.9715156555
150.811235851	1008.09130859	39.8124160767	32.9715156555
150.811235851	1008.09130859	39.8124160767	32.9715156555
150.811235852	1008.09130859	39.8124160767	32.9715156555
150.811235852	1008.09130859	39.8124160767	32.9715156555
150.811235852	1008.09130859	39.8124160767	32.9715156555
150.811235852	1008.09130859	39.8124160767	32.9715156555
150.811235852	1008.09130859	39.8124160767	32.9715156555
150.811235852	1008.09130859	39.8124160767	32.9715156555
150.811235852	1008.09130859	39.8124160767	32.9715156555
150.811235853	1008.09130859	39.8124160767	32.9715156555
150.811235853	1008.09130859	39.8124160767	32.9715156555
150.811235853	1008.09130859	39.8124160767	32.9715156555
150.811235853	1008.09130859	39.8124160767	32.9715156555
150.811235853	1008.09130859	39.8124160767	32.9715156555
150.811235853	1008.09130859	39.8124160767	32.9715156555
150.811235853	1008.09130859	39.8124160767	32.9715156555
150.811235853	1008.09130859	39.8124160767	32.9715156555
150.811235854	1008.09130859	39.8124160767	32.9715156555
150.811235854	1008.09130859	39.8124160767	32.9715156555
150.811235854	1008.09130859	39.8124160767	32.9715156555
150.811235854	1008.09130859	39.8124160767	32.9715156555
150.811235854	1008.09130859	39.8124160767	32.9715156555
150.811235854	1008.09130859	39.8124160767	32.9715156555
150.811235855	1008.09130859	39.8124160767	32.9715156555
150.811235855	1008.09130859	39.8124160767	32.9715156555
150.811235855	1008.09130859	39.8124160767	32.9715156555
150.811235855	1008.09130859	39.8124160767	32.9715156555
150.811235855	1008.09130859	39.8124160767	32.9715156555
150.811235855	1008.09130859	39.8124160767	32.9715156555
150.811235855	1008.09130859	39.8124160767	32.9715156555
150.811235855	1008.09130859	39.8124160767	32.9715156555
150.811235856	1008.09130859	39.8124160767	32.9715156555
150.811235856	1008.09130859	39.8124160767	32.9715156555
150.811235856	1008.09130859	39.8124160767	32.9715156555
150.811235856	1008.09130859	39.8124160767	32.9715156555
150.811235856	1008.09130859	39.8124160767	32.9715156555
150.811235856	1008.09130859	39.8124160767	32.9715156555
150.811235856	1008.09130859	39.8124160767	32.9715156555
150.811235857	1008.09130859	39.8124160767	32.9715156555
150.811235857	1008.09130859	39.8124160767	32.9715156555
150.811235857	1008.09130859	39.8124160767	32.9715156555
150.811235857	1008.09130859	39.8124160767	32.9715156555
150.811235857	1008.09130859	39.8124160767	32.9715156555
150.811235857	1008.09130859	39.8124160767	32.9715156555
150.811235857	1008.09130859	39.8124160767	32.9715156555
150.811235858	1008.09130859	39.8124160767	32.9715156555
150.811235858	1008.09130859	39.8124160767	32.9715156555
150.811235858	1008.09130859	39.8124160767	32.9715156555
150.811235858	1008.09130859	39.8124160767	32.9715156555
150.811235858	1008.09130859	39.8124160767	32.9715156555
150.811235858	1008.09130859	39.8124160767	32.9715156555
150.811235858	1008.09179688	39.8124160767	33.1176261902
150.811235859	1008.09179688	39.8124160767	33.1176261902
150.811235859	1008.09179688	31.6308803558	33.1176261902
150.811235859	1008.09179688	31.6308803558	33.1176261902
150.811235859	1008.09179688	31.6308803558	33.1176261902
150.811235859	1008.09179688	31.6308803558	33.1176261902
150.811235859	1008.09179688	31.6308803558	33.1176261902
150.81123586	1008.09179688	31.6308803558	33.1176261902
150.81123586	1008.09179688	31.6308803558	33.1176261902
150.81123586	1008.09179688	31.6308803558	33.1176261902
150.81123586	1008.09179688	31.6308803558	33.1176261902
150.81123586	1008.09179688	31.6308803558	33.1176261902
150.81123586	1008.09179688	31.6308803558	33.1176261902
150.81123586	1008.09179688	31.6308803558	33.1176261902
150.81123586	1008.09179688	31.6308803558	33.1176261902
150.811235861	1008.09179688	31.6308803558	33.1176261902
150.811235861	1008.09179688	31.6308803558	33.1176261902
150.811235861	1008.09179688	31.6308803558	33.1176261902
150.811235861	1008.09179688	31.6308803558	33.1176261902
150.811235861	1008.09179688	31.6308803558	33.1176261902
150.811235861	1008.09179688	31.6308803558	33.1176261902
150.811235861	1008.09179688	31.6308803558	33.1176261902
150.811235862	1008.09179688	31.6308803558	33.1176261902
150.811235862	1008.09179688	31.6308803558	33.1176261902
150.811235862	1008.09179688	31.6308803558	33.1176261902
150.811235862	1008.09179688	31.6308803558	33.1176261902
150.811235862	1008.09179688	31.6308803558	33.1176261902
150.811235862	1008.09179688	31.6308803558	33.1176261902
150.811235862	1008.09179688	31.6308803558	33.1176261902
150.811235863	1008.09179688	31.6308803558	33.1176261902
150.811235863	1008.09179688	31.6308803558	33.1176261902
150.811235863	1008.09179688	31.6308803558	33.1176261902
150.811235863	1008.09179688	31.6308803558	33.1176261902
150.811235863	1008.09179688	31.6308803558	33.1176261902
150.811235863	1008.09179688	31.6308803558	33.1176261902
150.811235863	1008.09179688	31.6308803558	33.1176261902
150.811235864	1008.09179688	31.6308803558	33.1176261902
150.811235864	1008.09179688	31.6308803558	33.1176261902
150.811235864	1008.09179688	31.6308803558	33.1176261902
150.811235864	1008.09179688	31.6308803558	33.1176261902
150.811235864	1008.09179688	31.6308803558	33.1176261902
150.811235864	1008.09179688	31.6308803558	33.1176261902
150.811235864	1008.09179688	31.6308803558	33.1176261902
150.811235865	1008.09179688	31.6308803558	33.1176261902
150.811235865	1008.09179688	31.6308803558	33.1176261902
150.811235865	1008.09179688	31.6308803558	33.1176261902
150.811235865	1008.09179688	31.6308803558	33.1176261902
150.811235865	1008.09179688	31.6308803558	33.1176261902
150.811235865	1008.09179688	31.6308803558	33.1176261902
150.811235865	1008.09179688	31.6308803558	33.1176261902
150.811235865	1008.09179688	31.6308803558	33.1176261902
150.811235866	1008.09179688	31.6308803558	33.1176261902
150.811235866	1008.09179688	31.6308803558	33.1176261902
150.811235866	1008.09179688	31.6308803558	33.1176261902
150.811235866	1008.09179688	31.6308803558	33.1176261902
150.811235866	1008.09179688	31.6308803558	33.1176261902
150.811235866	1008.09179688	31.6308803558	33.1176261902
150.811235866	1008.09399414	31.6308803558	32.916721344
150.811235867	1008.09399414	31.6308803558	32.916721344
150.811235867	1008.09399414	37.7503433228	32.916721344
150.811235867	1008.09399414	37.7503433228	32.916721344
150.811235867	1008.09399414	37.7503433228	32.916721344
150.811235867	1008.09399414	37.7503433228	32.916721344
150.811235867	1008.09399414	37.7503433228	32.916721344
150.811235868	1008.09399414	37.7503433228	32.916721344
150.811235868	1008.09399414	37.7503433228	32.916721344
150.811235868	1008.09399414	37.7503433228	32.916721344
150.811235868	1008.09399414	37.7503433228	32.916721344
150.811235868	1008.09399414	37.7503433228	32.916721344
150.811235868	1008.09399414	37.7503433228	32.916721344
150.811235868	1008.09399414	37.7503433228	32.916721344
150.811235869	1008.09399414	37.7503433228	32.916721344
150.811235869	1008.09399414	37.7503433228	32.916721344
150.811235869	1008.09399414	37.7503433228	32.916721344
150.811235869	1008.09399414	37.7503433228	32.916721344
150.811235869	1008.09399414	37.7503433228	32.916721344
150.811235869	1008.09399414	37.7503433228	32.916721344
150.811235869	1008.09399414	37.7503433228	32.916721344
150.81123587	1008.09399414	37.7503433228	32.916721344
150.81123587	1008.09399414	37.7503433228	32.916721344
150.81123587	1008.09399414	37.7503433228	32.916721344
150.81123587	1008.09399414	37.7503433228	32.916721344
150.81123587	1008.09399414	37.7503433228	32.916721344
150.81123587	1008.09399414	37.7503433228	32.916721344
150.81123587	1008.09399414	37.7503433228	32.916721344
150.81123587	1008.09204102	37.7503433228	32.916721344
150.811235871	1008.09204102	37.7503433228	32.916721344
150.811235871	1008.09204102	37.7503433228	32.916721344
150.811235871	1008.09204102	37.7503433228	32.916721344
150.811235871	1008.09204102	37.7503433228	32.916721344
150.811235871	1008.09204102	37.7503433228	32.916721344
150.811235871	1008.09204102	37.7503433228	32.916721344
150.811235872	1008.09204102	37.7503433228	32.916721344
150.811235872	1008.09204102	37.7503433228	32.916721344
150.811235872	1008.09204102	37.7503433228	32.916721344
150.811235872	1008.09204102	37.7503433228	32.916721344
150.811235872	1008.09204102	37.7503433228	32.916721344
150.811235872	1008.09204102	37.7503433228	32.916721344
150.811235872	1008.09204102	37.7503433228	32.916721344
150.811235873	1008.09204102	37.7503433228	32.916721344
150.811235873	1008.09204102	37.7503433228	32.916721344
150.811235873	1008.09204102	37.7503433228	32.916721344
150.811235873	1008.09204102	37.7503433228	32.916721344
150.811235873	1008.09204102	37.7503433228	32.916721344
150.811235873	1008.09204102	37.7503433228	32.916721344
150.811235873	1008.09204102	37.7503433228	32.916721344
150.811235874	1008.09204102	37.7503433228	32.916721344
150.811235874	1008.09204102	37.7503433228	32.916721344
150.811235874	1008.09204102	37.7503433228	32.916721344
150.811235874	1008.09204102	37.7503433228	32.916721344
150.811235874	1008.09204102	37.7503433228	32.916721344
150.811235874	1008.09204102	37.7503433228	32.916721344
150.811235874	1008.09204102	37.7503433228	32.916721344
150.811235875	1008.09228516	37.7503433228	33.0263061523
150.811235875	1008.09228516	38.3177833557	33.0263061523
150.811235875	1008.09228516	38.3177833557	33.0263061523
150.811235875	1008.09228516	38.3177833557	33.0263061523
150.811235875	1008.09228516	38.3177833557	33.0263061523
150.811235876	1008.09228516	38.3177833557	33.0263061523
150.811235876	1008.09228516	38.3177833557	33.0263061523
150.811235876	1008.09228516	38.3177833557	33.0263061523
150.811235876	1008.09228516	38.3177833557	33.0263061523
150.811235876	1008.09228516	38.3177833557	33.0263061523
150.811235876	1008.09228516	38.3177833557	33.0263061523
150.811235876	1008.09228516	38.3177833557	33.0263061523
150.811235877	1008.09228516	38.3177833557	33.0263061523
150.811235877	1008.09228516	38.3177833557	33.0263061523
150.811235877	1008.09228516	38.3177833557	33.0263061523
150.811235877	1008.09228516	38.3177833557	33.0263061523
150.811235877	1008.09228516	38.3177833557	33.0263061523
150.811235877	1008.09228516	38.3177833557	33.0263061523
150.811235877	1008.09228516	38.3177833557	33.0263061523
150.811235878	1008.09228516	38.3177833557	33.0263061523
150.811235878	1008.09228516	38.3177833557	33.0263061523
150.811235878	1008.09228516	38.3177833557	33.0263061523
150.811235878	1008.09228516	38.3177833557	33.0263061523
150.811235878	1008.09228516	38.3177833557	33.0263061523
150.811235878	1008.09228516	38.3177833557	33.0263061523
150.811235878	1008.09228516	38.3177833557	33.0263061523
150.811235879	1008.09228516	38.3177833557	33.0263061523
150.811235879	1008.09375	38.3177833557	33.0263061523
150.811235879	1008.09375	38.3177833557	33.0263061523
150.811235879	1008.09375	38.3177833557	33.0263061523
150.811235879	1008.09375	38.3177833557	33.0263061523
150.811235879	1008.09375	38.3177833557	33.0263061523
150.81123588	1008.09375	38.3177833557	33.0263061523
150.81123588	1008.09375	38.3177833557	33.0263061523
150.81123588	1008.09375	38.3177833557	33.0263061523
150.81123588	1008.09375	38.3177833557	33.0263061523
150.81123588	1008.09375	38.3177833557	33.0263061523
150.81123588	1008.09375	38.3177833557	33.0263061523
150.81123588	1008.09375	38.3177833557	33.0263061523
150.811235881	1008.09375	38.3177833557	33.0263061523
150.811235881	1008.09375	38.3177833557	33.0263061523
150.811235881	1008.09375	38.3177833557	33.0263061523
150.811235881	1008.09375	38.3177833557	33.0263061523
150.811235881	1008.09375	38.3177833557	33.0263061523
150.811235881	1008.09375	38.3177833557	33.0263061523
150.811235881	1008.09375	38.3177833557	33.0263061523
150.811235882	1008.09375	38.3177833557	33.0263061523
150.811235882	1008.09375	38.3177833557	33.0263061523
150.811235882	1008.09375	38.3177833557	33.0263061523
150.811235882	1008.09375	38.3177833557	33.0263061523
150.811235882	1008.09375	38.3177833557	33.0263061523
150.811235882	1008.09375	38.3177833557	33.0263061523
150.811235882	1008.09375	38.3177833557	33.0263061523
150.811235882	1008.09375	38.3177833557	33.0263061523
150.811235883	1008.09375	38.3177833557	32.9897766113
150.811235883	1008.08959961	41.1809501648	32.9897766113
150.811235883	1008.08959961	41.1809501648	32.9897766113
150.811235883	1008.08959961	41.1809501648	32.9897766113
150.811235883	1008.08959961	41.1809501648	32.9897766113
150.811235884	1008.08959961	41.1809501648	32.9897766113
150.811235884	1008.08959961	41.1809501648	32.9897766113
150.811235884	1008.08959961	41.1809501648	32.9897766113
150.811235884	1008.08959961	41.1809501648	32.9897766113
150.811235884	1008.08959961	41.1809501648	32.9897766113
150.811235884	1008.08959961	41.1809501648	32.9897766113
150.811235884	1008.08959961	41.1809501648	32.9897766113
150.811235885	1008.08959961	41.1809501648	32.9897766113
150.811235885	1008.08959961	41.1809501648	32.9897766113
150.811235885	1008.08959961	41.1809501648	32.9897766113
150.811235885	1008.08959961	41.1809501648	32.9897766113
150.811235885	1008.08959961	41.1809501648	32.9897766113
150.811235885	1008.08959961	41.1809501648	32.9897766113
150.811235885	1008.08959961	41.1809501648	32.9897766113
150.811235886	1008.08959961	41.1809501648	32.9897766113
150.811235886	1008.08959961	41.1809501648	32.9897766113
150.811235886	1008.08959961	41.1809501648	32.9897766113
150.811235886	1008.08959961	41.1809501648	32.9897766113
150.811235886	1008.08959961	41.1809501648	32.9897766113
150.811235886	1008.08959961	41.1809501648	32.9897766113
150.811235886	1008.08959961	41.1809501648	32.9897766113
150.811235886	1008.08959961	41.1809501648	32.9897766113
150.811235887	1008.08959961	41.1809501648	32.9897766113
150.811235887	1008.09057617	41.1809501648	32.9897766113
150.811235887	1008.09057617	41.1809501648	32.9897766113
150.811235887	1008.09057617	41.1809501648	32.9897766113
150.811235887	1008.09057617	41.1809501648	32.9897766113
150.811235887	1008.09057617	41.1809501648	32.9897766113
150.811235888	1008.09057617	41.1809501648	32.9897766113
150.811235888	1008.09057617	41.1809501648	32.9897766113
150.811235888	1008.09057617	41.1809501648	32.9897766113
150.811235888	1008.09057617	41.1809501648	32.9897766113
150.811235888	1008.09057617	41.1809501648	32.9897766113
150.811235888	1008.09057617	41.1809501648	32.9897766113
150.811235888	1008.09057617	41.1809501648	32.9897766113
150.811235889	1008.09057617	41.1809501648	32.9897766113
150.811235889	1008.09057617	41.1809501648	32.9897766113
150.811235889	1008.09057617	41.1809501648	32.9897766113
150.811235889	1008.09057617	41.1809501648	32.9897766113
150.811235889	1008.09057617	41.1809501648	32.9897766113
150.811235889	1008.09057617	41.1809501648	32.9897766113
150.811235889	1008.09057617	41.1809501648	32.9897766113
150.81123589	1008.09057617	41.1809501648	32.9897766113
150.81123589	1008.09057617	41.1809501648	32.9897766113
150.81123589	1008.09057617	41.1809501648	32.9897766113
150.81123589	1008.09057617	41.1809501648	32.9897766113
150.81123589	1008.09057617	41.1809501648	32.9897766113
150.81123589	1008.09057617	41.1809501648	32.9897766113
150.81123589	1008.09057617	41.1809501648	32.9897766113
150.81123589	1008.09057617	41.1809501648	32.9897766113
150.811235891	1008.09057617	41.1809501648	32.9715156555
150.811235891	1008.08911133	37.2607841492	32.9715156555
150.811235891	1008.08911133	37.2607841492	32.9715156555
150.811235891	1008.08911133	37.2607841492	32.9715156555
150.811235891	1008.08911133	37.2607841492	32.9715156555
150.811235892	1008.08911133	37.2607841492	32.9715156555
150.811235892	1008.08911133	37.2607841492	32.9715156555
150.811235892	1008.08911133	37.2607841492	32.9715156555
150.811235892	1008.08911133	37.2607841492	32.9715156555
150.811235892	1008.08911133	37.2607841492	32.9715156555
150.811235892	1008.08911133	37.2607841492	32.9715156555
150.811235892	1008.08911133	37.2607841492	32.9715156555
150.811235892	1008.08911133	37.2607841492	32.9715156555
150.811235893	1008.08911133	37.2607841492	32.9715156555
150.811235893	1008.08911133	37.2607841492	32.9715156555
150.811235893	1008.08911133	37.2607841492	32.9715156555
150.811235893	1008.08911133	37.2607841492	32.9715156555
150.811235893	1008.08911133	37.2607841492	32.9715156555
150.811235893	1008.08911133	37.2607841492	32.9715156555
150.811235893	1008.08911133	37.2607841492	32.9715156555
150.811235894	1008.08911133	37.2607841492	32.9715156555
150.811235894	1008.08911133	37.2607841492	32.9715156555
150.811235894	1008.08911133	37.2607841492	32.9715156555
150.811235894	1008.08911133	37.2607841492	32.9715156555
150.811235894	1008.08911133	37.2607841492	32.9715156555
150.811235894	1008.08911133	37.2607841492	32.9715156555
150.811235894	1008.08911133	37.2607841492	32.9715156555
150.811235895	1008.08911133	37.2607841492	32.9715156555
150.811235895	1008.08911133	37.2607841492	32.9715156555
150.811235895	1008.08911133	37.2607841492	32.9715156555
150.811235895	1008.08984375	37.2607841492	32.9715156555
150.811235895	1008.08984375	37.2607841492	32.9715156555
150.811235895	1008.08984375	37.2607841492	32.9715156555
150.811235895	1008.08984375	37.2607841492	32.9715156555
150.811235896	1008.08984375	37.2607841492	32.9715156555
150.811235896	1008.08984375	37.2607841492	32.9715156555
150.811235896	1008.08984375	37.2607841492	32.9715156555
150.811235896	1008.08984375	37.2607841492	32.9715156555
150.811235896	1008.08984375	37.2607841492	32.9715156555
150.811235896	1008.08984375	37.2607841492	32.9715156555
150.811235896	1008.08984375	37.2607841492	32.9715156555
150.811235897	1008.08984375	37.2607841492	32.9715156555
150.811235897	1008.08984375	37.2607841492	32.9715156555
150.811235897	1008.08984375	37.2607841492	32.9715156555
150.811235897	1008.08984375	37.2607841492	32.9715156555
150.811235897	1008.08984375	37.2607841492	32.9715156555
150.811235897	1008.08984375	37.2607841492	32.9715156555
150.811235897	1008.08984375	37.2607841492	32.9715156555
150.811235897	1008.08984375	37.2607841492	32.9715156555
150.811235898	1008.08984375	37.2607841492	32.9715156555
150.811235898	1008.08984375	37.2607841492	32.9715156555
150.811235898	1008.08984375	37.2607841492	32.9715156555
150.811235898	1008.08984375	37.2607841492	32.9715156555
150.811235898	1008.08984375	37.2607841492	32.9715156555
150.811235898	1008.08984375	37.2607841492	32.9715156555
150.811235898	1008.08984375	37.2607841492	32.9715156555
150.811235899	1008.08984375	37.2607841492	32.9715156555
150.811235899	1008.08984375	37.2607841492	32.953250885
150.811235899	1008.08984375	37.2607841492	32.953250885
150.811235899	1008.09057617	38.1916847229	32.953250885
150.811235899	1008.09057617	38.1916847229	32.953250885
150.811235899	1008.09057617	38.1916847229	32.953250885
150.8112359	1008.09057617	38.1916847229	32.953250885
150.8112359	1008.09057617	38.1916847229	32.953250885
150.8112359	1008.09057617	38.1916847229	32.953250885
150.8112359	1008.09057617	38.1916847229	32.953250885
150.8112359	1008.09057617	38.1916847229	32.953250885
150.8112359	1008.09057617	38.1916847229	32.953250885
150.8112359	1008.09057617	38.1916847229	32.953250885
150.811235901	1008.09057617	38.1916847229	32.953250885
150.811235901	1008.09057617	38.1916847229	32.953250885
150.811235901	1008.09057617	38.1916847229	32.953250885
150.811235901	1008.09057617	38.1916847229	32.953250885
150.811235901	1008.09057617	38.1916847229	32.953250885
150.811235901	1008.09057617	38.1916847229	32.953250885
150.811235901	1008.09057617	38.1916847229	32.953250885
150.811235902	1008.09057617	38.1916847229	32.953250885
150.811235902	1008.09057617	38.1916847229	32.953250885
150.811235902	1008.09057617	38.1916847229	32.953250885
150.811235902	1008.09057617	38.1916847229	32.953250885
150.811235902	1008.09057617	38.1916847229	32.953250885
150.811235902	1008.09057617	38.1916847229	32.953250885
150.811235902	1008.09057617	38.1916847229	32.953250885
150.811235902	1008.09057617	38.1916847229	32.953250885
150.811235903	1008.09057617	38.1916847229	32.953250885
150.811235903	1008.09057617	38.1916847229	32.953250885
150.811235903	1008.09057617	38.1916847229	32.953250885
150.811235903	1008.09277344	38.1916847229	32.953250885
150.811235903	1008.09277344	38.1916847229	32.953250885
150.811235903	1008.09277344	38.1916847229	32.953250885
150.811235904	1008.09277344	38.1916847229	32.953250885
150.811235904	1008.09277344	38.1916847229	32.953250885
150.811235904	1008.09277344	38.1916847229	32.953250885
150.811235904	1008.09277344	38.1916847229	32.953250885
150.811235904	1008.09277344	38.1916847229	32.953250885
150.811235904	1008.09277344	38.1916847229	32.953250885
150.811235904	1008.09277344	38.1916847229	32.953250885
150.811235904	1008.09277344	38.1916847229	32.953250885
150.811235905	1008.09277344	38.1916847229	32.953250885
150.811235905	1008.09277344	38.1916847229	32.953250885
150.811235905	1008.09277344	38.1916847229	32.953250885
150.811235905	1008.09277344	38.1916847229	32.953250885
150.811235905	1008.09277344	38.1916847229	32.953250885
150.811235905	1008.09277344	38.1916847229	32.953250885
150.811235905	1008.09277344	38.1916847229	32.953250885
150.811235906	1008.09277344	38.1916847229	32.953250885
150.811235906	1008.09277344	38.1916847229	32.953250885
150.811235906	1008.09277344	38.1916847229	32.953250885
150.811235906	1008.09277344	38.1916847229	32.953250885
150.811235906	1008.09277344	38.1916847229	32.953250885
150.811235906	1008.09277344	38.1916847229	32.953250885
150.811235906	1008.09277344	38.1916847229	32.953250885
150.811235907	1008.09277344	38.1916847229	32.953250885
150.811235907	1008.09277344	38.1916847229	32.953250885
150.811235907	1008.09277344	38.1916847229	32.916721344
150.811235907	1008.09277344	38.1916847229	32.916721344
150.811235907	1008.09594727	38.1620140076	32.916721344
150.811235907	1008.09594727	38.1620140076	32.916721344
150.811235908	1008.09594727	38.1620140076	32.916721344
150.811235908	1008.09594727	38.1620140076	32.916721344
150.811235908	1008.09594727	38.1620140076	32.916721344
150.811235908	1008.09594727	38.1620140076	32.916721344
150.811235908	1008.09594727	38.1620140076	32.916721344
150.811235908	1008.09594727	38.1620140076	32.916721344
150.811235908	1008.09594727	38.1620140076	32.916721344
150.811235909	1008.09594727	38.1620140076	32.916721344
150.811235909	1008.09594727	38.1620140076	32.916721344
150.811235909	1008.09594727	38.1620140076	32.916721344
150.811235909	1008.09594727	38.1620140076	32.916721344
150.811235909	1008.09594727	38.1620140076	32.916721344
150.811235909	1008.09594727	38.1620140076	32.916721344
150.811235909	1008.09594727	38.1620140076	32.916721344
150.811235909	1008.09594727	38.1620140076	32.916721344
150.81123591	1008.09594727	38.1620140076	32.916721344
150.81123591	1008.09594727	38.1620140076	32.916721344
150.81123591	1008.09594727	38.1620140076	32.916721344
150.81123591	1008.09594727	38.1620140076	32.916721344
150.81123591	1008.09594727	38.1620140076	32.916721344
150.81123591	1008.09594727	38.1620140076	32.916721344
150.81123591	1008.09594727	38.1620140076	32.916721344
150.811235911	1008.09594727	38.1620140076	32.916721344
150.811235911	1008.09594727	38.1620140076	32.916721344
150.811235911	1008.09594727	38.1620140076	32.916721344
150.811235911	1008.09594727	38.1620140076	32.916721344
150.811235911	1008.09594727	38.1620140076	32.916721344
150.811235911	1008.09741211	38.1620140076	32.916721344
150.811235912	1008.09741211	38.1620140076	32.916721344
150.811235912	1008.09741211	38.1620140076	32.916721344
150.811235912	1008.09741211	38.1620140076	32.916721344
150.811235912	1008.09741211	38.1620140076	32.916721344
150.811235912	1008.09741211	38.1620140076	32.916721344
150.811235912	1008.09741211	38.1620140076	32.916721344
150.811235912	1008.09741211	38.1620140076	32.916721344
150.811235912	1008.09741211	38.1620140076	32.916721344
150.811235913	1008.09741211	38.1620140076	32.916721344
150.811235913	1008.09741211	38.1620140076	32.916721344
150.811235913	1008.09741211	38.1620140076	32.916721344
150.811235913	1008.09741211	38.1620140076	32.916721344
150.811235913	1008.09741211	38.1620140076	32.916721344
150.811235913	1008.09741211	38.1620140076	32.916721344
150.811235913	1008.09741211	38.1620140076	32.916721344
150.811235914	1008.09741211	38.1620140076	32.916721344
150.811235914	1008.09741211	38.1620140076	32.916721344
150.811235914	1008.09741211	38.1620140076	32.916721344
150.811235914	1008.09741211	38.1620140076	32.916721344
150.811235914	1008.09741211	38.1620140076	32.916721344
150.811235914	1008.09741211	38.1620140076	32.916721344
150.811235914	1008.09741211	38.1620140076	32.916721344
150.811235915	1008.09741211	38.1620140076	32.916721344
150.811235915	1008.09741211	38.1620140076	32.916721344
150.811235915	1008.09741211	38.1620140076	32.916721344
150.811235915	1008.09741211	38.1620140076	32.953250885
150.811235915	1008.09741211	39.4118690491	32.953250885
150.811235915	1008.09570312	39.4118690491	32.953250885
150.811235916	1008.09570312	39.4118690491	32.953250885
150.811235916	1008.09570312	39.4118690491	32.953250885
150.811235916	1008.09570312	39.4118690491	32.953250885
150.811235916	1008.09570312	39.4118690491	32.953250885
150.811235916	1008.09570312	39.4118690491	32.953250885
150.811235916	1008.09570312	39.4118690491	32.953250885
150.811235916	1008.09570312	39.4118690491	32.953250885
150.811235916	1008.09570312	39.4118690491	32.953250885
150.811235917	1008.09570312	39.4118690491	32.953250885
150.811235917	1008.09570312	39.4118690491	32.953250885
150.811235917	1008.09570312	39.4118690491	32.953250885
150.811235917	1008.09570312	39.4118690491	32.953250885
150.811235917	1008.09570312	39.4118690491	32.953250885
150.811235917	1008.09570312	39.4118690491	32.953250885
150.811235917	1008.09570312	39.4118690491	32.953250885
150.811235918	1008.09570312	39.4118690491	32.953250885
150.811235918	1008.09570312	39.4118690491	32.953250885
150.811235918	1008.09570312	39.4118690491	32.953250885
150.811235918	1008.09570312	39.4118690491	32.953250885
150.811235918	1008.09570312	39.4118690491	32.953250885
150.811235918	1008.09570312	39.4118690491	32.953250885
150.811235918	1008.09570312	39.4118690491	32.953250885
150.811235919	1008.09570312	39.4118690491	32.953250885
150.811235919	1008.09570312	39.4118690491	32.953250885
150.811235919	1008.09570312	39.4118690491	32.953250885
150.811235919	1008.09570312	39.4118690491	32.953250885
150.811235919	1008.09570312	39.4118690491	32.953250885
150.811235919	1008.09570312	39.4118690491	32.953250885
150.811235919	1008.10131836	39.4118690491	32.953250885
150.81123592	1008.10131836	39.4118690491	32.953250885
150.81123592	1008.10131836	39.4118690491	32.953250885
150.81123592	1008.10131836	39.4118690491	32.953250885
150.81123592	1008.10131836	39.4118690491	32.953250885
150.81123592	1008.10131836	39.4118690491	32.953250885
150.81123592	1008.10131836	39.4118690491	32.953250885
150.81123592	1008.10131836	39.4118690491	32.953250885
150.811235921	1008.10131836	39.4118690491	32.953250885
150.811235921	1008.10131836	39.4118690491	32.953250885
150.811235921	1008.10131836	39.4118690491	32.953250885
150.811235921	1008.10131836	39.4118690491	32.953250885
150.811235921	1008.10131836	39.4118690491	32.953250885
150.811235921	1008.10131836	39.4118690491	32.953250885
150.811235921	1008.10131836	39.4118690491	32.953250885
150.811235922	1008.10131836	39.4118690491	32.953250885
150.811235922	1008.10131836	39.4118690491	32.953250885
150.811235922	1008.10131836	39.4118690491	32.953250885
150.811235922	1008.10131836	39.4118690491	32.953250885
150.811235922	1008.10131836	39.4118690491	32.953250885
150.811235922	1008.10131836	39.4118690491	32.953250885
150.811235922	1008.10131836	39.4118690491	32.953250885
150.811235922	1008.10131836	39.4118690491	32.953250885
150.811235923	1008.10131836	39.4118690491	32.953250885
150.811235923	1008.10131836	39.4118690491	32.953250885
150.811235923	1008.10131836	39.4118690491	33.0263061523
150.811235923	1008.10131836	39.4118690491	33.0263061523
150.811235923	1008.10131836	39.5898895264	33.0263061523
150.811235923	1008.10449219	39.5898895264	33.0263061523
150.811235924	1008.10449219	39.5898895264	33.0263061523
150.811235924	1008.10449219	39.5898895264	33.0263061523
150.811235924	1008.10449219	39.5898895264	33.0263061523
150.811235924	1008.10449219	39.5898895264	33.0263061523
150.811235924	1008.10449219	39.5898895264	33.0263061523
150.811235924	1008.10449219	39.5898895264	33.0263061523
150.811235924	1008.10449219	39.5898895264	33.0263061523
150.811235925	1008.10449219	39.5898895264	33.0263061523
150.811235925	1008.10449219	39.5898895264	33.0263061523
150.811235925	1008.10449219	39.5898895264	33.0263061523
150.811235925	1008.10449219	39.5898895264	33.0263061523
150.811235925	1008.10449219	39.5898895264	33.0263061523
150.811235925	1008.10449219	39.5898895264	33.0263061523
150.811235925	1008.10449219	39.5898895264	33.0263061523
150.811235926	1008.10449219	39.5898895264	33.0263061523
150.811235926	1008.10449219	39.5898895264	33.0263061523
150.811235926	1008.10449219	39.5898895264	33.0263061523
150.811235926	1008.10449219	39.5898895264	33.0263061523
150.811235926	1008.10449219	39.5898895264	33.0263061523
150.811235926	1008.10449219	39.5898895264	33.0263061523
150.811235926	1008.10449219	39.5898895264	33.0263061523
150.811235927	1008.10449219	39.5898895264	33.0263061523
150.811235927	1008.10449219	39.5898895264	33.0263061523
150.811235927	1008.10449219	39.5898895264	33.0263061523
150.811235927	1008.10449219	39.5898895264	33.0263061523
150.811235927	1008.10449219	39.5898895264	33.0263061523
150.811235927	1008.10449219	39.5898895264	33.0263061523
150.811235927	1008.10449219	39.5898895264	33.0263061523
150.811235927	1008.10009766	39.5898895264	33.0263061523
150.811235928	1008.10009766	39.5898895264	33.0263061523
150.811235928	1008.10009766	39.5898895264	33.0263061523
150.811235928	1008.10009766	39.5898895264	33.0263061523
150.811235928	1008.10009766	39.5898895264	33.0263061523
150.811235928	1008.10009766	39.5898895264	33.0263061523
150.811235928	1008.10009766	39.5898895264	33.0263061523
150.811235929	1008.10009766	39.5898895264	33.0263061523
150.811235929	1008.10009766	39.5898895264	33.0263061523
150.811235929	1008.10009766	39.5898895264	33.0263061523
150.811235929	1008.10009766	39.5898895264	33.0263061523
150.811235929	1008.10009766	39.5898895264	33.0263061523
150.811235929	1008.10009766	39.5898895264	33.0263061523
150.811235929	1008.10009766	39.5898895264	33.0263061523
150.811235929	1008.10009766	39.5898895264	33.0263061523
150.81123593	1008.10009766	39.5898895264	33.0263061523
150.81123593	1008.10009766	39.5898895264	33.0263061523
150.81123593	1008.10009766	39.5898895264	33.0263061523
150.81123593	1008.10009766	39.5898895264	33.0263061523
150.81123593	1008.10009766	39.5898895264	33.0263061523
150.81123593	1008.10009766	39.5898895264	33.0263061523
150.81123593	1008.10009766	39.5898895264	33.0263061523
150.811235931	1008.10009766	39.5898895264	33.0263061523
150.811235931	1008.10009766	39.5898895264	33.0263061523
150.811235931	1008.10009766	39.5898895264	33.0263061523
150.811235931	1008.10009766	39.5898895264	33.0811004639
150.811235931	1008.10009766	39.5898895264	33.0811004639
150.811235931	1008.10009766	39.4489555359	33.0811004639
150.811235931	1008.10009766	39.4489555359	33.0811004639
150.811235932	1008.09619141	39.4489555359	33.0811004639
150.811235932	1008.09619141	39.4489555359	33.0811004639
150.811235932	1008.09619141	39.4489555359	33.0811004639
150.811235932	1008.09619141	39.4489555359	33.0811004639
150.811235932	1008.09619141	39.4489555359	33.0811004639
150.811235932	1008.09619141	39.4489555359	33.0811004639
150.811235933	1008.09619141	39.4489555359	33.0811004639
150.811235933	1008.09619141	39.4489555359	33.0811004639
150.811235933	1008.09619141	39.4489555359	33.0811004639
150.811235933	1008.09619141	39.4489555359	33.0811004639
150.811235933	1008.09619141	39.4489555359	33.0811004639
150.811235933	1008.09619141	39.4489555359	33.0811004639
150.811235933	1008.09619141	39.4489555359	33.0811004639
150.811235934	1008.09619141	39.4489555359	33.0811004639
150.811235934	1008.09619141	39.4489555359	33.0811004639
150.811235934	1008.09619141	39.4489555359	33.0811004639
150.811235934	1008.09619141	39.4489555359	33.0811004639
150.811235934	1008.09619141	39.4489555359	33.0811004639
150.811235934	1008.09619141	39.4489555359	33.0811004639
150.811235934	1008.09619141	39.4489555359	33.0811004639
150.811235934	1008.09619141	39.4489555359	33.0811004639
150.811235935	1008.09619141	39.4489555359	33.0811004639
150.811235935	1008.09619141	39.4489555359	33.0811004639
150.811235935	1008.09619141	39.4489555359	33.0811004639
150.811235935	1008.09619141	39.4489555359	33.0811004639
