3.10073484895	1300
time	pressure	humidity	temperature
150.811234949	1007.90551758	39.5054168701	30.6760902405
150.81123495	1007.90551758	39.5054168701	30.6760902405
150.81123495	1007.90551758	39.5054168701	30.6760902405
150.811234951	1007.90551758	39.5054168701	30.6760902405
150.811234951	1007.90551758	39.5054168701	30.6760902405
150.811234951	1007.90551758	39.5054168701	30.6760902405
150.811234951	1007.90551758	39.5054168701	30.6760902405
150.811234952	1007.90551758	39.5054168701	30.6760902405
150.811234952	1007.90942383	39.5054168701	30.6760902405
150.811234952	1007.90942383	39.5054168701	30.6760902405
150.811234952	1007.90942383	39.5054168701	30.6760902405
150.811234953	1007.90942383	39.5054168701	30.6760902405
150.811234953	1007.90942383	39.5054168701	30.6760902405
150.811234953	1007.90942383	39.5054168701	30.6760902405
150.811234953	1007.90942383	39.5054168701	30.6760902405
150.811234954	1007.90942383	39.5054168701	30.6760902405
150.811234954	1007.90942383	39.5054168701	30.6760902405
150.811234954	1007.90942383	39.5054168701	30.6760902405
150.811234954	1007.90942383	39.5054168701	30.6760902405
150.811234954	1007.90942383	39.5054168701	30.6760902405
150.811234955	1007.90942383	39.5054168701	30.6760902405
150.811234955	1007.90942383	39.5054168701	30.6760902405
150.811234955	1007.90942383	39.5054168701	30.6760902405
150.811234955	1007.90942383	39.5054168701	30.6760902405
150.811234956	1007.90942383	39.5054168701	30.6760902405
150.811234956	1007.90917969	39.5054168701	30.6760902405
150.811234956	1007.90917969	39.5054168701	30.6760902405
150.811234956	1007.90917969	39.5054168701	30.6760902405
150.811234957	1007.90917969	39.5054168701	30.6760902405
150.811234957	1007.90917969	39.5054168701	30.6760902405
150.811234957	1007.90917969	39.5054168701	30.6760902405
150.811234957	1007.90917969	39.5054168701	30.4904632568
150.811234958	1007.90917969	39.4798049927	30.4904632568
150.811234958	1007.90917969	39.4798049927	30.4904632568
150.811234958	1007.90917969	39.4798049927	30.4904632568
150.811234958	1007.90917969	39.4798049927	30.4904632568
150.811234959	1007.90917969	39.4798049927	30.4904632568
150.811234959	1007.90917969	39.4798049927	30.4904632568
150.811234959	1007.90917969	39.4798049927	30.4904632568
150.811234959	1007.90917969	39.4798049927	30.4904632568
150.811234959	1007.90917969	39.4798049927	30.4904632568
150.81123496	1007.90649414	39.4798049927	30.4904632568
150.81123496	1007.90649414	39.4798049927	30.4904632568
150.81123496	1007.90649414	39.4798049927	30.4904632568
150.811234961	1007.90649414	39.4798049927	30.4904632568
150.811234961	1007.90649414	39.4798049927	30.4904632568
150.811234961	1007.90649414	39.4798049927	30.4904632568
150.811234961	1007.90649414	39.4798049927	30.4904632568
150.811234961	1007.90649414	39.4798049927	30.4904632568
150.811234962	1007.90649414	39.4798049927	30.4904632568
150.811234962	1007.90649414	39.4798049927	30.4904632568
150.811234962	1007.90649414	39.4798049927	30.4904632568
150.811234962	1007.90649414	39.4798049927	30.4904632568
150.811234963	1007.90649414	39.4798049927	30.4904632568
150.811234963	1007.90649414	39.4798049927	30.4904632568
150.811234963	1007.90649414	39.4798049927	30.4904632568
150.811234963	1007.90649414	39.4798049927	30.4904632568
150.811234963	1007.90649414	39.4798049927	30.4904632568
150.811234964	1007.9050293	39.4798049927	30.4904632568
150.811234964	1007.9050293	39.4798049927	30.4904632568
150.811234964	1007.9050293	39.4798049927	30.4904632568
150.811234965	1007.9050293	39.4798049927	30.4904632568
150.811234965	1007.9050293	39.4798049927	30.4904632568
150.811234965	1007.9050293	39.4798049927	30.4904632568
150.811234965	1007.9050293	39.4798049927	30.4904632568
150.811234965	1007.9050293	39.4798049927	30.6018409729
150.811234966	1007.9050293	37.8502693176	30.6018409729
150.811234966	1007.9050293	37.8502693176	30.6018409729
150.811234966	1007.9050293	37.8502693176	30.6018409729
150.811234966	1007.9050293	37.8502693176	30.6018409729
150.811234967	1007.9050293	37.8502693176	30.6018409729
150.811234967	1007.9050293	37.8502693176	30.6018409729
150.811234967	1007.9050293	37.8502693176	30.6018409729
150.811234967	1007.9050293	37.8502693176	30.6018409729
150.811234968	1007.9050293	37.8502693176	30.6018409729
150.811234968	1007.9050293	37.8502693176	30.6018409729
150.811234968	1007.9050293	37.8502693176	30.6018409729
150.811234968	1007.9050293	37.8502693176	30.6018409729
150.811234969	1007.9050293	37.8502693176	30.6018409729
150.811234969	1007.9050293	37.8502693176	30.6018409729
150.811234969	1007.9050293	37.8502693176	30.6018409729
150.811234969	1007.9050293	37.8502693176	30.6018409729
150.81123497	1007.9050293	37.8502693176	30.6018409729
150.81123497	1007.9050293	37.8502693176	30.6018409729
150.81123497	1007.9050293	37.8502693176	30.6018409729
150.81123497	1007.9050293	37.8502693176	30.6018409729
150.81123497	1007.9050293	37.8502693176	30.6018409729
150.811234971	1007.9050293	37.8502693176	30.6018409729
150.811234971	1007.9050293	37.8502693176	30.6018409729
150.811234971	1007.9050293	37.8502693176	30.6018409729
150.811234971	1007.9050293	37.8502693176	30.6018409729
150.811234972	1007.90356445	37.8502693176	30.6018409729
150.811234972	1007.90356445	37.8502693176	30.6018409729
150.811234972	1007.90356445	37.8502693176	30.6018409729
150.811234972	1007.90356445	37.8502693176	30.6018409729
150.811234973	1007.90356445	37.8502693176	30.6018409729
150.811234973	1007.90356445	37.8502693176	30.6018409729
150.811234973	1007.90356445	37.8502693176	30.6018409729
150.811234973	1007.90356445	37.8502693176	30.6018409729
150.811234973	1007.90356445	37.8502693176	30.5832767487
150.811234974	1007.90356445	37.8502693176	30.5832767487
150.811234974	1007.90356445	38.4873580933	30.5832767487
150.811234974	1007.90356445	38.4873580933	30.5832767487
150.811234975	1007.90356445	38.4873580933	30.5832767487
150.811234975	1007.90356445	38.4873580933	30.5832767487
150.811234975	1007.90356445	38.4873580933	30.5832767487
150.811234975	1007.90356445	38.4873580933	30.5832767487
150.811234975	1007.90332031	38.4873580933	30.5832767487
150.811234976	1007.90332031	38.4873580933	30.5832767487
150.811234976	1007.90332031	38.4873580933	30.5832767487
150.811234976	1007.90332031	38.4873580933	30.5832767487
150.811234976	1007.90332031	38.4873580933	30.5832767487
150.811234977	1007.90332031	38.4873580933	30.5832767487
150.811234977	1007.90332031	38.4873580933	30.5832767487
150.811234977	1007.90332031	38.4873580933	30.5832767487
150.811234977	1007.90332031	38.4873580933	30.5832767487
150.811234978	1007.90332031	38.4873580933	30.5832767487
150.811234978	1007.90332031	38.4873580933	30.5832767487
150.811234978	1007.90332031	38.4873580933	30.5832767487
150.811234978	1007.90332031	38.4873580933	30.5832767487
150.811234978	1007.90332031	38.4873580933	30.5832767487
150.811234979	1007.90332031	38.4873580933	30.5832767487
150.811234979	1007.90332031	38.4873580933	30.5832767487
150.811234979	1007.90332031	38.4873580933	30.5832767487
150.811234979	1007.90551758	38.4873580933	30.5832767487
150.81123498	1007.90551758	38.4873580933	30.5832767487
150.81123498	1007.90551758	38.4873580933	30.5832767487
150.81123498	1007.90551758	38.4873580933	30.5832767487
150.81123498	1007.90551758	38.4873580933	30.5832767487
150.811234981	1007.90551758	38.4873580933	30.5832767487
150.811234981	1007.90551758	38.4873580933	30.5832767487
150.811234981	1007.90551758	38.4873580933	30.5832767487
150.811234981	1007.90551758	38.4873580933	30.5832767487
150.811234982	1007.90551758	38.4873580933	30.5832767487
150.811234982	1007.90551758	38.4873580933	30.7132148743
150.811234982	1007.90551758	42.1209983826	30.7132148743
150.811234982	1007.90551758	42.1209983826	30.7132148743
150.811234983	1007.90551758	42.1209983826	30.7132148743
150.811234983	1007.90551758	42.1209983826	30.7132148743
150.811234983	1007.90551758	42.1209983826	30.7132148743
150.811234983	1007.90625	42.1209983826	30.7132148743
150.811234984	1007.90625	42.1209983826	30.7132148743
150.811234984	1007.90625	42.1209983826	30.7132148743
150.811234984	1007.90625	42.1209983826	30.7132148743
150.811234984	1007.90625	42.1209983826	30.7132148743
150.811234985	1007.90625	42.1209983826	30.7132148743
150.811234985	1007.90625	42.1209983826	30.7132148743
150.811234985	1007.90625	42.1209983826	30.7132148743
150.811234985	1007.90625	42.1209983826	30.7132148743
150.811234985	1007.90625	42.1209983826	30.7132148743
150.811234986	1007.90625	42.1209983826	30.7132148743
150.811234986	1007.90625	42.1209983826	30.7132148743
150.811234986	1007.90625	42.1209983826	30.7132148743
150.811234986	1007.90625	42.1209983826	30.7132148743
150.811234987	1007.90625	42.1209983826	30.7132148743
150.811234987	1007.90625	42.1209983826	30.7132148743
150.811234987	1007.90625	42.1209983826	30.7132148743
150.811234987	1007.90209961	42.1209983826	30.7132148743
150.811234988	1007.90209961	42.1209983826	30.7132148743
150.811234988	1007.90209961	42.1209983826	30.7132148743
150.811234988	1007.90209961	42.1209983826	30.7132148743
150.811234988	1007.90209961	42.1209983826	30.7132148743
150.811234989	1007.90209961	42.1209983826	30.7132148743
150.811234989	1007.90209961	42.1209983826	30.7132148743
150.811234989	1007.90209961	42.1209983826	30.7132148743
150.811234989	1007.90209961	42.1209983826	30.7132148743
150.811234989	1007.90209961	42.1209983826	30.7132148743
150.81123499	1007.90209961	42.1209983826	30.7132148743
150.81123499	1007.90209961	42.1209983826	30.6018409729
150.81123499	1007.90209961	41.8872909546	30.6018409729
150.81123499	1007.90209961	41.8872909546	30.6018409729
150.811234991	1007.90209961	41.8872909546	30.6018409729
150.811234991	1007.90209961	41.8872909546	30.6018409729
150.811234991	1007.90332031	41.8872909546	30.6018409729
150.811234992	1007.90332031	41.8872909546	30.6018409729
150.811234992	1007.90332031	41.8872909546	30.6018409729
150.811234992	1007.90332031	41.8872909546	30.6018409729
150.811234992	1007.90332031	41.8872909546	30.6018409729
150.811234992	1007.90332031	41.8872909546	30.6018409729
150.811234993	1007.90332031	41.8872909546	30.6018409729
150.811234993	1007.90332031	41.8872909546	30.6018409729
150.811234993	1007.90332031	41.8872909546	30.6018409729
150.811234993	1007.90332031	41.8872909546	30.6018409729
150.811234994	1007.90332031	41.8872909546	30.6018409729
150.811234994	1007.90332031	41.8872909546	30.6018409729
150.811234994	1007.90332031	41.8872909546	30.6018409729
150.811234994	1007.90332031	41.8872909546	30.6018409729
150.811234994	1007.90332031	41.8872909546	30.6018409729
150.811234995	1007.90332031	41.8872909546	30.6018409729
150.811234995	1007.90332031	41.8872909546	30.6018409729
150.811234995	1007.90600586	41.8872909546	30.6018409729
150.811234995	1007.90600586	41.8872909546	30.6018409729
150.811234996	1007.90600586	41.8872909546	30.6018409729
150.811234996	1007.90600586	41.8872909546	30.6018409729
150.811234996	1007.90600586	41.8872909546	30.6018409729
150.811234996	1007.90600586	41.8872909546	30.6018409729
150.811234997	1007.90600586	41.8872909546	30.6018409729
150.811234997	1007.90600586	41.8872909546	30.6018409729
150.811234997	1007.90600586	41.8872909546	30.6018409729
150.811234997	1007.90600586	41.8872909546	30.6018409729
150.811234997	1007.90600586	41.8872909546	30.6018409729
150.811234998	1007.90600586	41.8872909546	30.6018409729
150.811234998	1007.90600586	41.8872909546	30.5461521149
150.811234998	1007.90600586	40.7379722595	30.5461521149
150.811234999	1007.90600586	40.7379722595	30.5461521149
150.811234999	1007.90600586	40.7379722595	30.5461521149
150.811234999	1007.90454102	40.7379722595	30.5461521149
150.811234999	1007.90454102	40.7379722595	30.5461521149
150.811235	1007.90454102	40.7379722595	30.5461521149
150.811235	1007.90454102	40.7379722595	30.5461521149
150.811235	1007.90454102	40.7379722595	30.5461521149
150.811235	1007.90454102	40.7379722595	30.5461521149
150.811235	1007.90454102	40.7379722595	30.5461521149
150.811235001	1007.90454102	40.7379722595	30.5461521149
150.811235001	1007.90454102	40.7379722595	30.5461521149
150.811235001	1007.90454102	40.7379722595	30.5461521149
150.811235001	1007.90454102	40.7379722595	30.5461521149
150.811235002	1007.90454102	40.7379722595	30.5461521149
150.811235002	1007.90454102	40.7379722595	30.5461521149
150.811235002	1007.90454102	40.7379722595	30.5461521149
150.811235002	1007.90454102	40.7379722595	30.5461521149
150.811235002	1007.90454102	40.7379722595	30.5461521149
150.811235003	1007.90454102	40.7379722595	30.5461521149
150.811235003	1007.90917969	40.7379722595	30.5461521149
150.811235003	1007.90917969	40.7379722595	30.5461521149
150.811235004	1007.90917969	40.7379722595	30.5461521149
150.811235004	1007.90917969	40.7379722595	30.5461521149
150.811235004	1007.90917969	40.7379722595	30.5461521149
150.811235004	1007.90917969	40.7379722595	30.5461521149
150.811235004	1007.90917969	40.7379722595	30.5461521149
150.811235005	1007.90917969	40.7379722595	30.5461521149
150.811235005	1007.90917969	40.7379722595	30.5461521149
150.811235005	1007.90917969	40.7379722595	30.5461521149
150.811235005	1007.90917969	40.7379722595	30.5461521149
150.811235006	1007.90917969	40.7379722595	30.5461521149
150.811235006	1007.90917969	40.7379722595	30.5461521149
150.811235006	1007.90917969	40.7379722595	30.5461521149
150.811235006	1007.90917969	40.5266799927	30.5461521149
150.811235007	1007.90917969	40.5266799927	30.5461521149
150.811235007	1007.91381836	40.5266799927	30.5461521149
150.811235007	1007.91381836	40.5266799927	30.5461521149
150.811235007	1007.91381836	40.5266799927	30.5461521149
150.811235008	1007.91381836	40.5266799927	30.5461521149
150.811235008	1007.91381836	40.5266799927	30.5461521149
150.811235008	1007.91381836	40.5266799927	30.5461521149
150.811235008	1007.91381836	40.5266799927	30.5461521149
150.811235009	1007.91381836	40.5266799927	30.5461521149
150.811235009	1007.91381836	40.5266799927	30.5461521149
150.811235009	1007.91381836	40.5266799927	30.5461521149
150.811235009	1007.91381836	40.5266799927	30.5461521149
150.811235009	1007.91381836	40.5266799927	30.5461521149
150.81123501	1007.91381836	40.5266799927	30.5461521149
150.81123501	1007.91381836	40.5266799927	30.5461521149
150.81123501	1007.91381836	40.5266799927	30.5461521149
150.81123501	1007.91381836	40.5266799927	30.5461521149
150.811235011	1007.91381836	40.5266799927	30.5461521149
150.811235011	1007.91674805	40.5266799927	30.5461521149
150.811235011	1007.91674805	40.5266799927	30.5461521149
150.811235011	1007.91674805	40.5266799927	30.5461521149
150.811235012	1007.91674805	40.5266799927	30.5461521149
150.811235012	1007.91674805	40.5266799927	30.5461521149
150.811235012	1007.91674805	40.5266799927	30.5461521149
150.811235012	1007.91674805	40.5266799927	30.5461521149
150.811235013	1007.91674805	40.5266799927	30.5461521149
150.811235013	1007.91674805	40.5266799927	30.5461521149
150.811235013	1007.91674805	40.5266799927	30.5461521149
150.811235013	1007.91674805	40.5266799927	30.5461521149
150.811235013	1007.91674805	40.5266799927	30.5461521149
150.811235014	1007.91674805	40.5266799927	30.5461521149
150.811235014	1007.91674805	40.5266799927	30.5461521149
150.811235014	1007.91674805	40.5266799927	30.6018409729
150.811235014	1007.91674805	43.6544876099	30.6018409729
150.811235015	1007.91040039	43.6544876099	30.6018409729
150.811235015	1007.91040039	43.6544876099	30.6018409729
150.811235015	1007.91040039	43.6544876099	30.6018409729
150.811235016	1007.91040039	43.6544876099	30.6018409729
150.811235016	1007.91040039	43.6544876099	30.6018409729
150.811235016	1007.91040039	43.6544876099	30.6018409729
150.811235016	1007.91040039	43.6544876099	30.6018409729
150.811235016	1007.91040039	43.6544876099	30.6018409729
150.811235017	1007.91040039	43.6544876099	30.6018409729
150.811235017	1007.91040039	43.6544876099	30.6018409729
150.811235017	1007.91040039	43.6544876099	30.6018409729
150.811235017	1007.91040039	43.6544876099	30.6018409729
150.811235018	1007.91040039	43.6544876099	30.6018409729
150.811235018	1007.91040039	43.6544876099	30.6018409729
150.811235018	1007.91040039	43.6544876099	30.6018409729
150.811235018	1007.91040039	43.6544876099	30.6018409729
150.811235018	1007.91040039	43.6544876099	30.6018409729
150.811235019	1007.90600586	43.6544876099	30.6018409729
150.811235019	1007.90600586	43.6544876099	30.6018409729
150.811235019	1007.90600586	43.6544876099	30.6018409729
150.811235019	1007.90600586	43.6544876099	30.6018409729
150.81123502	1007.90600586	43.6544876099	30.6018409729
150.81123502	1007.90600586	43.6544876099	30.6018409729
150.81123502	1007.90600586	43.6544876099	30.6018409729
150.81123502	1007.90600586	43.6544876099	30.6018409729
150.811235021	1007.90600586	43.6544876099	30.6018409729
150.811235021	1007.90600586	43.6544876099	30.6018409729
150.811235021	1007.90600586	43.6544876099	30.6018409729
150.811235021	1007.90600586	43.6544876099	30.6018409729
150.811235021	1007.90600586	43.6544876099	30.6018409729
150.811235022	1007.90600586	43.6544876099	30.6018409729
150.811235022	1007.90600586	43.6544876099	30.6018409729
150.811235022	1007.90600586	43.6544876099	30.453338623
150.811235022	1007.90600586	42.0313568115	30.453338623
150.811235023	1007.90771484	42.0313568115	30.453338623
150.811235023	1007.90771484	42.0313568115	30.453338623
150.811235023	1007.90771484	42.0313568115	30.453338623
150.811235024	1007.90771484	42.0313568115	30.453338623
150.811235024	1007.90771484	42.0313568115	30.453338623
150.811235024	1007.90771484	42.0313568115	30.453338623
150.811235024	1007.90771484	42.0313568115	30.453338623
150.811235025	1007.90771484	42.0313568115	30.453338623
150.811235025	1007.90771484	42.0313568115	30.453338623
150.811235025	1007.90771484	42.0313568115	30.453338623
150.811235025	1007.90771484	42.0313568115	30.453338623
150.811235025	1007.90771484	42.0313568115	30.453338623
150.811235026	1007.90771484	42.0313568115	30.453338623
150.811235026	1007.90771484	42.0313568115	30.453338623
150.811235026	1007.90771484	42.0313568115	30.453338623
150.811235026	1007.90771484	42.0313568115	30.453338623
150.811235027	1007.90771484	42.0313568115	30.453338623
150.811235027	1007.90771484	42.0313568115	30.453338623
150.811235027	1007.90771484	42.0313568115	30.453338623
150.811235027	1007.90771484	42.0313568115	30.453338623
150.811235028	1007.90771484	42.0313568115	30.453338623
150.811235028	1007.90771484	42.0313568115	30.453338623
150.811235028	1007.90771484	42.0313568115	30.453338623
150.811235028	1007.90771484	42.0313568115	30.453338623
150.811235028	1007.90771484	42.0313568115	30.453338623
150.811235029	1007.90771484	42.0313568115	30.453338623
150.811235029	1007.90771484	42.0313568115	30.453338623
150.811235029	1007.90771484	42.0313568115	30.453338623
150.811235029	1007.90771484	42.0313568115	30.453338623
150.81123503	1007.90771484	42.0313568115	30.453338623
150.81123503	1007.90771484	42.0313568115	30.453338623
150.81123503	1007.90771484	42.0313568115	30.453338623
150.81123503	1007.90771484	42.0313568115	30.5090255737
150.811235031	1007.90942383	42.4539489746	30.5090255737
150.811235031	1007.90942383	42.4539489746	30.5090255737
150.811235031	1007.90942383	42.4539489746	30.5090255737
150.811235031	1007.90942383	42.4539489746	30.5090255737
150.811235032	1007.90942383	42.4539489746	30.5090255737
150.811235032	1007.90942383	42.4539489746	30.5090255737
150.811235032	1007.90942383	42.4539489746	30.5090255737
150.811235032	1007.90942383	42.4539489746	30.5090255737
150.811235033	1007.90942383	42.4539489746	30.5090255737
150.811235033	1007.90942383	42.4539489746	30.5090255737
150.811235033	1007.90942383	42.4539489746	30.5090255737
150.811235033	1007.90942383	42.4539489746	30.5090255737
150.811235033	1007.90942383	42.4539489746	30.5090255737
150.811235034	1007.90942383	42.4539489746	30.5090255737
150.811235034	1007.90942383	42.4539489746	30.5090255737
150.811235034	1007.90942383	42.4539489746	30.5090255737
150.811235034	1007.90917969	42.4539489746	30.5090255737
150.811235035	1007.90917969	42.4539489746	30.5090255737
150.811235035	1007.90917969	42.4539489746	30.5090255737
150.811235035	1007.90917969	42.4539489746	30.5090255737
150.811235035	1007.90917969	42.4539489746	30.5090255737
150.811235036	1007.90917969	42.4539489746	30.5090255737
150.811235036	1007.90917969	42.4539489746	30.5090255737
150.811235036	1007.90917969	42.4539489746	30.5090255737
150.811235036	1007.90917969	42.4539489746	30.5090255737
150.811235037	1007.90917969	42.4539489746	30.5090255737
150.811235037	1007.90917969	42.4539489746	30.5090255737
150.811235037	1007.90917969	42.4539489746	30.5090255737
150.811235037	1007.90917969	42.4539489746	30.5090255737
150.811235037	1007.90917969	42.4539489746	30.5090255737
150.811235038	1007.90917969	42.4539489746	30.5090255737
150.811235038	1007.90917969	42.4539489746	30.5090255737
150.811235038	1007.90917969	42.4539489746	30.5090255737
150.811235038	1007.90917969	42.4539489746	30.5647144318
150.811235039	1007.90917969	42.3579025269	30.5647144318
150.811235039	1007.90917969	42.3579025269	30.5647144318
150.811235039	1007.90917969	42.3579025269	30.5647144318
150.81123504	1007.90917969	42.3579025269	30.5647144318
150.81123504	1007.90917969	42.3579025269	30.5647144318
150.81123504	1007.90917969	42.3579025269	30.5647144318
150.81123504	1007.90917969	42.3579025269	30.5647144318
150.81123504	1007.90917969	42.3579025269	30.5647144318
150.811235041	1007.90917969	42.3579025269	30.5647144318
150.811235041	1007.90917969	42.3579025269	30.5647144318
150.811235041	1007.90917969	42.3579025269	30.5647144318
150.811235041	1007.90917969	42.3579025269	30.5647144318
150.811235042	1007.90917969	42.3579025269	30.5647144318
150.811235042	1007.90917969	42.3579025269	30.5647144318
150.811235042	1007.90917969	42.3579025269	30.5647144318
150.811235042	1007.90844727	42.3579025269	30.5647144318
150.811235043	1007.90844727	42.3579025269	30.5647144318
150.811235043	1007.90844727	42.3579025269	30.5647144318
150.811235043	1007.90844727	42.3579025269	30.5647144318
150.811235043	1007.90844727	42.3579025269	30.5647144318
150.811235044	1007.90844727	42.3579025269	30.5647144318
150.811235044	1007.90844727	42.3579025269	30.5647144318
150.811235044	1007.90844727	42.3579025269	30.5647144318
150.811235044	1007.90844727	42.3579025269	30.5647144318
150.811235044	1007.90844727	42.3579025269	30.5647144318
150.811235045	1007.90844727	42.3579025269	30.5647144318
150.811235045	1007.90844727	42.3579025269	30.5647144318
150.811235045	1007.90844727	42.3579025269	30.5647144318
150.811235045	1007.90844727	42.3579025269	30.5647144318
150.811235046	1007.90844727	42.3579025269	30.5647144318
150.811235046	1007.90844727	42.3579025269	30.5647144318
150.811235046	1007.90844727	42.3579025269	30.5647144318
150.811235046	1007.91162109	42.3579025269	30.4904632568
150.811235047	1007.91162109	41.1541595459	30.4904632568
150.811235047	1007.91162109	41.1541595459	30.4904632568
150.811235047	1007.91162109	41.1541595459	30.4904632568
150.811235047	1007.91162109	41.1541595459	30.4904632568
150.811235048	1007.91162109	41.1541595459	30.4904632568
150.811235048	1007.91162109	41.1541595459	30.4904632568
150.811235048	1007.91162109	41.1541595459	30.4904632568
150.811235048	1007.91162109	41.1541595459	30.4904632568
150.811235049	1007.91162109	41.1541595459	30.4904632568
150.811235049	1007.91162109	41.1541595459	30.4904632568
150.811235049	1007.91162109	41.1541595459	30.4904632568
150.811235049	1007.91162109	41.1541595459	30.4904632568
150.811235049	1007.91162109	41.1541595459	30.4904632568
150.81123505	1007.91162109	41.1541595459	30.4904632568
150.81123505	1007.91162109	41.1541595459	30.4904632568
150.81123505	1007.90844727	41.1541595459	30.4904632568
150.81123505	1007.90844727	41.1541595459	30.4904632568
150.811235051	1007.90844727	41.1541595459	30.4904632568
150.811235051	1007.90844727	41.1541595459	30.4904632568
150.811235051	1007.90844727	41.1541595459	30.4904632568
150.811235051	1007.90844727	41.1541595459	30.4904632568
150.811235052	1007.90844727	41.1541595459	30.4904632568
150.811235052	1007.90844727	41.1541595459	30.4904632568
150.811235052	1007.90844727	41.1541595459	30.4904632568
150.811235052	1007.90844727	41.1541595459	30.4904632568
150.811235052	1007.90844727	41.1541595459	30.4904632568
150.811235053	1007.90844727	41.1541595459	30.4904632568
150.811235053	1007.90844727	41.1541595459	30.4904632568
150.811235053	1007.90844727	41.1541595459	30.4904632568
150.811235053	1007.90844727	41.1541595459	30.4904632568
150.811235054	1007.90844727	41.1541595459	30.4904632568
150.811235054	1007.90844727	41.1541595459	30.4904632568
150.811235054	1007.90356445	41.1541595459	30.4904632568
150.811235054	1007.90356445	41.1541595459	30.5461521149
150.811235055	1007.90356445	43.5424385071	30.5461521149
150.811235055	1007.90356445	43.5424385071	30.5461521149
150.811235055	1007.90356445	43.5424385071	30.5461521149
150.811235056	1007.90356445	43.5424385071	30.5461521149
150.811235056	1007.90356445	43.5424385071	30.5461521149
150.811235056	1007.90356445	43.5424385071	30.5461521149
150.811235056	1007.90356445	43.5424385071	30.5461521149
150.811235056	1007.90356445	43.5424385071	30.5461521149
150.811235057	1007.90356445	43.5424385071	30.5461521149
150.811235057	1007.90356445	43.5424385071	30.5461521149
150.811235057	1007.90356445	43.5424385071	30.5461521149
150.811235057	1007.90356445	43.5424385071	30.5461521149
150.811235058	1007.90356445	43.5424385071	30.5461521149
150.811235058	1007.90356445	43.5424385071	30.5461521149
150.811235058	1007.90698242	43.5424385071	30.5461521149
150.811235058	1007.90698242	43.5424385071	30.5461521149
150.811235059	1007.90698242	43.5424385071	30.5461521149
150.811235059	1007.90698242	43.5424385071	30.5461521149
150.811235059	1007.90698242	43.5424385071	30.5461521149
150.811235059	1007.90698242	43.5424385071	30.5461521149
150.811235059	1007.90698242	43.5424385071	30.5461521149
150.81123506	1007.90698242	43.5424385071	30.5461521149
150.81123506	1007.90698242	43.5424385071	30.5461521149
150.81123506	1007.90698242	43.5424385071	30.5461521149
150.81123506	1007.90698242	43.5424385071	30.5461521149
150.811235061	1007.90698242	43.5424385071	30.5461521149
150.811235061	1007.90698242	43.5424385071	30.5461521149
150.811235061	1007.90698242	43.5424385071	30.5461521149
150.811235061	1007.90698242	43.5424385071	30.5461521149
150.811235061	1007.90698242	43.5424385071	30.5461521149
150.811235062	1007.90698242	43.5424385071	30.5461521149
150.811235062	1007.90673828	43.5424385071	30.5461521149
150.811235062	1007.90673828	43.5424385071	30.5461521149
150.811235063	1007.90673828	43.5424385071	30.6018409729
150.811235063	1007.90673828	36.3359870911	30.6018409729
150.811235063	1007.90673828	36.3359870911	30.6018409729
150.811235063	1007.90673828	36.3359870911	30.6018409729
150.811235064	1007.90673828	36.3359870911	30.6018409729
150.811235064	1007.90673828	36.3359870911	30.6018409729
150.811235064	1007.90673828	36.3359870911	30.6018409729
150.811235064	1007.90673828	36.3359870911	30.6018409729
150.811235064	1007.90673828	36.3359870911	30.6018409729
150.811235065	1007.90673828	36.3359870911	30.6018409729
150.811235065	1007.90673828	36.3359870911	30.6018409729
150.811235065	1007.90673828	36.3359870911	30.6018409729
150.811235065	1007.90673828	36.3359870911	30.6018409729
150.811235066	1007.90673828	36.3359870911	30.6018409729
150.811235066	1007.90039062	36.3359870911	30.6018409729
150.811235066	1007.90039062	36.3359870911	30.6018409729
150.811235066	1007.90039062	36.3359870911	30.6018409729
150.811235067	1007.90039062	36.3359870911	30.6018409729
150.811235067	1007.90039062	36.3359870911	30.6018409729
150.811235067	1007.90039062	36.3359870911	30.6018409729
150.811235067	1007.90039062	36.3359870911	30.6018409729
150.811235068	1007.90039062	36.3359870911	30.6018409729
150.811235068	1007.90039062	36.3359870911	30.6018409729
150.811235068	1007.90039062	36.3359870911	30.6018409729
150.811235068	1007.90039062	36.3359870911	30.6018409729
150.811235068	1007.90039062	36.3359870911	30.6018409729
150.811235069	1007.90039062	36.3359870911	30.6018409729
150.811235069	1007.90039062	36.3359870911	30.6018409729
150.811235069	1007.90039062	36.3359870911	30.6018409729
150.811235069	1007.90039062	36.3359870911	30.6018409729
150.81123507	1007.90039062	36.3359870911	30.6018409729
150.81123507	1007.89990234	36.3359870911	30.6018409729
150.81123507	1007.89990234	36.3359870911	30.6018409729
150.81123507	1007.89990234	36.3359870911	30.6018409729
150.811235071	1007.89990234	36.3359870911	30.5832767487
150.811235071	1007.89990234	43.0174026489	30.5832767487
150.811235071	1007.89990234	43.0174026489	30.5832767487
150.811235071	1007.89990234	43.0174026489	30.5832767487
150.811235072	1007.89990234	43.0174026489	30.5832767487
150.811235072	1007.89990234	43.0174026489	30.5832767487
150.811235072	1007.89990234	43.0174026489	30.5832767487
150.811235072	1007.89990234	43.0174026489	30.5832767487
150.811235073	1007.89990234	43.0174026489	30.5832767487
150.811235073	1007.89990234	43.0174026489	30.5832767487
150.811235073	1007.89990234	43.0174026489	30.5832767487
150.811235073	1007.89990234	43.0174026489	30.5832767487
150.811235073	1007.89990234	43.0174026489	30.5832767487
150.811235074	1007.90039062	43.0174026489	30.5832767487
150.811235074	1007.90039062	43.0174026489	30.5832767487
150.811235074	1007.90039062	43.0174026489	30.5832767487
150.811235075	1007.90039062	43.0174026489	30.5832767487
150.811235075	1007.90039062	43.0174026489	30.5832767487
150.811235075	1007.90039062	43.0174026489	30.5832767487
150.811235075	1007.90039062	43.0174026489	30.5832767487
150.811235075	1007.90039062	43.0174026489	30.5832767487
150.811235076	1007.90039062	43.0174026489	30.5832767487
150.811235076	1007.90039062	43.0174026489	30.5832767487
150.811235076	1007.90039062	43.0174026489	30.5832767487
150.811235076	1007.90039062	43.0174026489	30.5832767487
150.811235077	1007.90039062	43.0174026489	30.5832767487
150.811235077	1007.90039062	43.0174026489	30.5832767487
150.811235077	1007.90039062	43.0174026489	30.5832767487
150.811235077	1007.90039062	43.0174026489	30.5832767487
150.811235077	1007.90039062	43.0174026489	30.5832767487
150.811235078	1007.90258789	43.0174026489	30.5832767487
150.811235078	1007.90258789	43.0174026489	30.5832767487
150.811235078	1007.90258789	43.0174026489	30.5832767487
150.811235078	1007.90258789	43.0174026489	30.5832767487
150.811235079	1007.90258789	43.0174026489	30.6389656067
150.811235079	1007.90258789	43.0174026489	30.6389656067
150.811235079	1007.90258789	37.5333251953	30.6389656067
150.81123508	1007.90258789	37.5333251953	30.6389656067
150.81123508	1007.90258789	37.5333251953	30.6389656067
150.81123508	1007.90258789	37.5333251953	30.6389656067
150.81123508	1007.90258789	37.5333251953	30.6389656067
150.81123508	1007.90258789	37.5333251953	30.6389656067
150.811235081	1007.90258789	37.5333251953	30.6389656067
150.811235081	1007.90258789	37.5333251953	30.6389656067
150.811235081	1007.90258789	37.5333251953	30.6389656067
150.811235081	1007.90258789	37.5333251953	30.6389656067
150.811235082	1007.90039062	37.5333251953	30.6389656067
150.811235082	1007.90039062	37.5333251953	30.6389656067
150.811235082	1007.90039062	37.5333251953	30.6389656067
150.811235082	1007.90039062	37.5333251953	30.6389656067
150.811235083	1007.90039062	37.5333251953	30.6389656067
150.811235083	1007.90039062	37.5333251953	30.6389656067
150.811235083	1007.90039062	37.5333251953	30.6389656067
150.811235083	1007.90039062	37.5333251953	30.6389656067
150.811235083	1007.90039062	37.5333251953	30.6389656067
150.811235084	1007.90039062	37.5333251953	30.6389656067
150.811235084	1007.90039062	37.5333251953	30.6389656067
150.811235084	1007.90039062	37.5333251953	30.6389656067
150.811235084	1007.90039062	37.5333251953	30.6389656067
150.811235085	1007.90039062	37.5333251953	30.6389656067
150.811235085	1007.90039062	37.5333251953	30.6389656067
150.811235085	1007.90039062	37.5333251953	30.6389656067
150.811235085	1007.90039062	37.5333251953	30.6389656067
150.811235085	1007.90014648	37.5333251953	30.6389656067
150.811235086	1007.90014648	37.5333251953	30.6389656067
150.811235086	1007.90014648	37.5333251953	30.6389656067
150.811235086	1007.90014648	37.5333251953	30.6389656067
150.811235087	1007.90014648	37.5333251953	30.6389656067
150.811235087	1007.90014648	37.5333251953	30.5647144318
150.811235087	1007.90014648	37.5333251953	30.5647144318
150.811235087	1007.90014648	43.2479057312	30.5647144318
150.811235088	1007.90014648	43.2479057312	30.5647144318
150.811235088	1007.90014648	43.2479057312	30.5647144318
150.811235088	1007.90014648	43.2479057312	30.5647144318
150.811235088	1007.90014648	43.2479057312	30.5647144318
150.811235088	1007.90014648	43.2479057312	30.5647144318
150.811235089	1007.90014648	43.2479057312	30.5647144318
150.811235089	1007.90014648	43.2479057312	30.5647144318
150.811235089	1007.90014648	43.2479057312	30.5647144318
150.811235089	1007.89892578	43.2479057312	30.5647144318
150.81123509	1007.89892578	43.2479057312	30.5647144318
150.81123509	1007.89892578	43.2479057312	30.5647144318
150.81123509	1007.89892578	43.2479057312	30.5647144318
150.81123509	1007.89892578	43.2479057312	30.5647144318
150.811235091	1007.89892578	43.2479057312	30.5647144318
150.811235091	1007.89892578	43.2479057312	30.5647144318
150.811235091	1007.89892578	43.2479057312	30.5647144318
150.811235091	1007.89892578	43.2479057312	30.5647144318
150.811235092	1007.89892578	43.2479057312	30.5647144318
150.811235092	1007.89892578	43.2479057312	30.5647144318
150.811235092	1007.89892578	43.2479057312	30.5647144318
150.811235092	1007.89892578	43.2479057312	30.5647144318
150.811235092	1007.89892578	43.2479057312	30.5647144318
150.811235093	1007.89892578	43.2479057312	30.5647144318
150.811235093	1007.89892578	43.2479057312	30.5647144318
150.811235093	1007.89892578	43.2479057312	30.5647144318
150.811235093	1007.90112305	43.2479057312	30.5647144318
150.811235094	1007.90112305	43.2479057312	30.5647144318
150.811235094	1007.90112305	43.2479057312	30.5647144318
150.811235094	1007.90112305	43.2479057312	30.5647144318
150.811235094	1007.90112305	43.2479057312	30.5647144318
150.811235095	1007.90112305	43.2479057312	30.5647144318
150.811235095	1007.90112305	43.2479057312	30.5647144318
150.811235095	1007.90112305	43.2479057312	30.5832767487
150.811235095	1007.90112305	39.3837623596	30.5832767487
150.811235096	1007.90112305	39.3837623596	30.5832767487
150.811235096	1007.90112305	39.3837623596	30.5832767487
150.811235096	1007.90112305	39.3837623596	30.5832767487
150.811235096	1007.90112305	39.3837623596	30.5832767487
150.811235097	1007.90112305	39.3837623596	30.5832767487
150.811235097	1007.90112305	39.3837623596	30.5832767487
150.811235097	1007.90112305	39.3837623596	30.5832767487
150.811235097	1007.90087891	39.3837623596	30.5832767487
150.811235098	1007.90087891	39.3837623596	30.5832767487
150.811235098	1007.90087891	39.3837623596	30.5832767487
150.811235098	1007.90087891	39.3837623596	30.5832767487
150.811235098	1007.90087891	39.3837623596	30.5832767487
150.811235099	1007.90087891	39.3837623596	30.5832767487
150.811235099	1007.90087891	39.3837623596	30.5832767487
150.811235099	1007.90087891	39.3837623596	30.5832767487
150.811235099	1007.90087891	39.3837623596	30.5832767487
150.811235099	1007.90087891	39.3837623596	30.5832767487
150.8112351	1007.90087891	39.3837623596	30.5832767487
150.8112351	1007.90087891	39.3837623596	30.5832767487
150.8112351	1007.90087891	39.3837623596	30.5832767487
150.8112351	1007.90087891	39.3837623596	30.5832767487
150.811235101	1007.90087891	39.3837623596	30.5832767487
150.811235101	1007.90087891	39.3837623596	30.5832767487
150.811235101	1007.90087891	39.3837623596	30.5832767487
150.811235101	1007.90332031	39.3837623596	30.5832767487
150.811235102	1007.90332031	39.3837623596	30.5832767487
150.811235102	1007.90332031	39.3837623596	30.5832767487
150.811235102	1007.90332031	39.3837623596	30.5832767487
150.811235102	1007.90332031	39.3837623596	30.5832767487
150.811235102	1007.90332031	39.3837623596	30.5832767487
150.811235103	1007.90332031	39.3837623596	30.5832767487
150.811235103	1007.90332031	39.3837623596	30.5832767487
150.811235103	1007.90332031	39.3837623596	30.6204032898
150.811235104	1007.90332031	39.5470352173	30.6204032898
150.811235104	1007.90332031	39.5470352173	30.6204032898
150.811235104	1007.90332031	39.5470352173	30.6204032898
150.811235104	1007.90332031	39.5470352173	30.6204032898
150.811235104	1007.90332031	39.5470352173	30.6204032898
150.811235803	1009.30395508	40.2842407227	30.2391319275
150.811235807	1009.30444336	40.2842407227	30.2391319275
150.811235807	1009.30444336	40.2842407227	30.2391319275
150.811235807	1009.30444336	40.2842407227	30.2391319275
150.811235808	1009.30444336	40.2842407227	30.2391319275
150.811235808	1009.30444336	40.2842407227	30.2391319275
150.811235808	1009.30444336	40.2842407227	30.2391319275
150.811235808	1009.30444336	40.2842407227	30.2391319275
150.811235808	1009.30444336	40.2842407227	30.2391319275
150.811235808	1009.30444336	40.2842407227	30.2391319275
150.811235808	1009.30444336	40.2842407227	30.2391319275
150.811235808	1009.30444336	40.2842407227	30.2391319275
150.811235809	1009.30444336	40.2842407227	30.2391319275
150.811235809	1009.30444336	40.2842407227	30.2391319275
150.811235809	1009.30444336	40.2842407227	30.2391319275
150.811235809	1009.30444336	40.2842407227	30.2391319275
150.811235809	1009.30444336	40.2842407227	30.2391319275
150.811235809	1009.30444336	40.2842407227	30.2391319275
150.811235809	1009.30444336	40.2842407227	30.2391319275
150.81123581	1009.30444336	40.2842407227	30.2391319275
150.81123581	1009.30444336	40.2842407227	30.2391319275
150.81123581	1009.30444336	40.2842407227	30.2391319275
150.81123581	1009.30444336	40.2842407227	30.2391319275
150.81123581	1009.30444336	40.2842407227	30.2391319275
150.81123581	1009.30444336	40.2842407227	30.2391319275
150.81123581	1009.30444336	40.2842407227	30.2391319275
150.811235811	1009.30444336	40.2842407227	30.2391319275
150.811235811	1009.30444336	40.2842407227	30.2391319275
150.811235811	1009.30444336	40.2842407227	30.2391319275
150.811235811	1009.30444336	40.2842407227	30.2391319275
150.811235811	1009.31152344	40.2842407227	30.2391319275
150.811235811	1009.31152344	40.2842407227	30.2391319275
150.811235811	1009.31152344	40.2842407227	30.2391319275
150.811235812	1009.31152344	40.2842407227	30.2391319275
150.811235812	1009.31152344	40.2842407227	30.2391319275
150.811235812	1009.31152344	40.2842407227	30.2391319275
150.811235812	1009.31152344	40.2842407227	30.2391319275
150.811235812	1009.31152344	40.2842407227	30.1304359436
150.811235812	1009.31152344	40.2842407227	30.1304359436
150.811235813	1009.31152344	41.7472610474	30.1304359436
150.811235813	1009.31152344	41.7472610474	30.1304359436
150.811235813	1009.31152344	41.7472610474	30.1304359436
150.811235813	1009.31152344	41.7472610474	30.1304359436
150.811235813	1009.31152344	41.7472610474	30.1304359436
150.811235813	1009.31152344	41.7472610474	30.1304359436
150.811235813	1009.31152344	41.7472610474	30.1304359436
150.811235813	1009.31152344	41.7472610474	30.1304359436
150.811235814	1009.31152344	41.7472610474	30.1304359436
150.811235814	1009.31152344	41.7472610474	30.1304359436
150.811235814	1009.31152344	41.7472610474	30.1304359436
150.811235814	1009.31152344	41.7472610474	30.1304359436
150.811235814	1009.31152344	41.7472610474	30.1304359436
150.811235814	1009.31152344	41.7472610474	30.1304359436
150.811235814	1009.31152344	41.7472610474	30.1304359436
150.811235815	1009.31152344	41.7472610474	30.1304359436
150.811235815	1009.31152344	41.7472610474	30.1304359436
150.811235815	1009.31152344	41.7472610474	30.1304359436
150.811235815	1009.31152344	41.7472610474	30.1304359436
150.811235815	1009.30786133	41.7472610474	30.1304359436
150.811235815	1009.30786133	41.7472610474	30.1304359436
150.811235815	1009.30786133	41.7472610474	30.1304359436
150.811235816	1009.30786133	41.7472610474	30.1304359436
150.811235816	1009.30786133	41.7472610474	30.1304359436
150.811235816	1009.30786133	41.7472610474	30.1304359436
150.811235816	1009.30786133	41.7472610474	30.1304359436
150.811235816	1009.30786133	41.7472610474	30.1304359436
150.811235816	1009.30786133	41.7472610474	30.1304359436
150.811235816	1009.30786133	41.7472610474	30.1304359436
150.811235817	1009.30786133	41.7472610474	30.1304359436
150.811235817	1009.30786133	41.7472610474	30.1304359436
150.811235817	1009.30786133	41.7472610474	30.1304359436
150.811235817	1009.30786133	41.7472610474	30.1304359436
150.811235817	1009.30786133	41.7472610474	30.1304359436
150.811235817	1009.30786133	41.7472610474	30.1304359436
150.811235817	1009.30786133	41.7472610474	30.1304359436
150.811235818	1009.30786133	41.7472610474	30.1304359436
150.811235818	1009.30786133	41.7472610474	30.1304359436
150.811235818	1009.30786133	41.7472610474	30.1304359436
150.811235818	1009.30786133	41.7472610474	30.1304359436
150.811235818	1009.30786133	41.7472610474	30.1304359436
150.811235818	1009.30786133	41.7472610474	30.1304359436
150.811235818	1009.30786133	41.7472610474	30.1304359436
150.811235818	1009.30786133	41.7472610474	30.1304359436
150.811235819	1009.30786133	41.7472610474	30.1304359436
150.811235819	1009.30786133	41.7472610474	30.1304359436
150.811235819	1009.30786133	41.7472610474	30.1304359436
150.811235819	1009.30786133	41.7472610474	30.1304359436
150.811235819	1009.30932617	41.7472610474	30.1304359436
150.811235819	1009.30932617	41.7472610474	30.1304359436
150.81123582	1009.30932617	41.7472610474	30.1304359436
150.81123582	1009.30932617	41.7472610474	30.1304359436
150.81123582	1009.30932617	41.7472610474	30.1304359436
150.81123582	1009.30932617	41.7472610474	30.1304359436
150.81123582	1009.30932617	41.7472610474	30.1485519409
150.81123582	1009.30932617	39.8227500916	30.1485519409
150.81123582	1009.30932617	39.8227500916	30.1485519409
150.811235821	1009.30932617	39.8227500916	30.1485519409
150.811235821	1009.30932617	39.8227500916	30.1485519409
150.811235821	1009.30932617	39.8227500916	30.1485519409
150.811235821	1009.30932617	39.8227500916	30.1485519409
150.811235821	1009.30932617	39.8227500916	30.1485519409
150.811235821	1009.30932617	39.8227500916	30.1485519409
150.811235821	1009.30932617	39.8227500916	30.1485519409
150.811235822	1009.30932617	39.8227500916	30.1485519409
150.811235822	1009.30932617	39.8227500916	30.1485519409
150.811235822	1009.30932617	39.8227500916	30.1485519409
150.811235822	1009.30932617	39.8227500916	30.1485519409
150.811235822	1009.30932617	39.8227500916	30.1485519409
150.811235822	1009.30932617	39.8227500916	30.1485519409
150.811235822	1009.30932617	39.8227500916	30.1485519409
150.811235823	1009.30932617	39.8227500916	30.1485519409
150.811235823	1009.30932617	39.8227500916	30.1485519409
150.811235823	1009.30932617	39.8227500916	30.1485519409
150.811235823	1009.30932617	39.8227500916	30.1485519409
150.811235823	1009.30932617	39.8227500916	30.1485519409
150.811235823	1009.30761719	39.8227500916	30.1485519409
150.811235823	1009.30761719	39.8227500916	30.1485519409
150.811235824	1009.30761719	39.8227500916	30.1485519409
150.811235824	1009.30761719	39.8227500916	30.1485519409
150.811235824	1009.30761719	39.8227500916	30.1485519409
150.811235824	1009.30761719	39.8227500916	30.1485519409
150.811235824	1009.30761719	39.8227500916	30.1485519409
150.811235824	1009.30761719	39.8227500916	30.1485519409
150.811235824	1009.30761719	39.8227500916	30.1485519409
150.811235825	1009.30761719	39.8227500916	30.1485519409
150.811235825	1009.30761719	39.8227500916	30.1485519409
150.811235825	1009.30761719	39.8227500916	30.1485519409
150.811235825	1009.30761719	39.8227500916	30.1485519409
150.811235825	1009.30761719	39.8227500916	30.1485519409
150.811235825	1009.30761719	39.8227500916	30.1485519409
150.811235825	1009.30761719	39.8227500916	30.1485519409
150.811235826	1009.30761719	39.8227500916	30.1485519409
150.811235826	1009.30761719	39.8227500916	30.1485519409
150.811235826	1009.30761719	39.8227500916	30.1485519409
150.811235826	1009.30761719	39.8227500916	30.1485519409
150.811235826	1009.30761719	39.8227500916	30.1485519409
150.811235826	1009.30761719	39.8227500916	30.1485519409
150.811235826	1009.30761719	39.8227500916	30.1485519409
150.811235826	1009.30761719	39.8227500916	30.1485519409
150.811235827	1009.30761719	39.8227500916	30.1485519409
150.811235827	1009.30761719	39.8227500916	30.1485519409
150.811235827	1009.30761719	39.8227500916	30.1485519409
150.811235827	1009.30761719	39.8227500916	30.1485519409
150.811235827	1009.30761719	39.8227500916	30.1485519409
150.811235827	1009.30395508	39.8227500916	30.1485519409
150.811235828	1009.30395508	39.8227500916	30.1485519409
150.811235828	1009.30395508	39.8227500916	30.1485519409
150.811235828	1009.30395508	39.8227500916	30.1485519409
150.811235828	1009.30395508	39.8227500916	30.1847839355
150.811235828	1009.30395508	39.8227500916	30.1847839355
150.811235828	1009.30395508	38.7819442749	30.1847839355
150.811235828	1009.30395508	38.7819442749	30.1847839355
150.811235829	1009.30395508	38.7819442749	30.1847839355
150.811235829	1009.30395508	38.7819442749	30.1847839355
150.811235829	1009.30395508	38.7819442749	30.1847839355
150.811235829	1009.30395508	38.7819442749	30.1847839355
150.811235829	1009.30395508	38.7819442749	30.1847839355
150.811235829	1009.30395508	38.7819442749	30.1847839355
150.811235829	1009.30395508	38.7819442749	30.1847839355
150.81123583	1009.30395508	38.7819442749	30.1847839355
150.81123583	1009.30395508	38.7819442749	30.1847839355
150.81123583	1009.30395508	38.7819442749	30.1847839355
150.81123583	1009.30395508	38.7819442749	30.1847839355
150.81123583	1009.30395508	38.7819442749	30.1847839355
150.81123583	1009.30395508	38.7819442749	30.1847839355
150.81123583	1009.30395508	38.7819442749	30.1847839355
150.811235831	1009.30395508	38.7819442749	30.1847839355
150.811235831	1009.30395508	38.7819442749	30.1847839355
150.811235831	1009.30395508	38.7819442749	30.1847839355
150.811235831	1009.30395508	38.7819442749	30.1847839355
150.811235831	1009.30395508	38.7819442749	30.1847839355
150.811235831	1009.30395508	38.7819442749	30.1847839355
150.811235831	1009.30249023	38.7819442749	30.1847839355
150.811235832	1009.30249023	38.7819442749	30.1847839355
150.811235832	1009.30249023	38.7819442749	30.1847839355
150.811235832	1009.30249023	38.7819442749	30.1847839355
150.811235832	1009.30249023	38.7819442749	30.1847839355
150.811235832	1009.30249023	38.7819442749	30.1847839355
150.811235832	1009.30249023	38.7819442749	30.1847839355
150.811235832	1009.30249023	38.7819442749	30.1847839355
150.811235833	1009.30249023	38.7819442749	30.1847839355
150.811235833	1009.30249023	38.7819442749	30.1847839355
150.811235833	1009.30249023	38.7819442749	30.1847839355
150.811235833	1009.30249023	38.7819442749	30.1847839355
150.811235833	1009.30249023	38.7819442749	30.1847839355
150.811235833	1009.30249023	38.7819442749	30.1847839355
150.811235833	1009.30249023	38.7819442749	30.1847839355
150.811235834	1009.30249023	38.7819442749	30.1847839355
150.811235834	1009.30249023	38.7819442749	30.1847839355
150.811235834	1009.30249023	38.7819442749	30.1847839355
150.811235834	1009.30249023	38.7819442749	30.1847839355
150.811235834	1009.30249023	38.7819442749	30.1847839355
150.811235834	1009.30249023	38.7819442749	30.1847839355
150.811235834	1009.30249023	38.7819442749	30.1847839355
150.811235834	1009.30249023	38.7819442749	30.1847839355
150.811235835	1009.30249023	38.7819442749	30.1847839355
150.811235835	1009.30249023	38.7819442749	30.1847839355
150.811235835	1009.30249023	38.7819442749	30.1847839355
150.811235835	1009.30249023	38.7819442749	30.1847839355
150.811235835	1009.30249023	38.7819442749	30.1847839355
150.811235835	1009.30249023	38.7819442749	30.1847839355
150.811235835	1009.30175781	38.7819442749	30.1847839355
150.811235836	1009.30175781	38.7819442749	30.1847839355
150.811235836	1009.30175781	38.7819442749	30.1847839355
150.811235836	1009.30175781	38.7819442749	30.3659420013
150.811235836	1009.30175781	40.8340988159	30.3659420013
150.811235836	1009.30175781	40.8340988159	30.3659420013
150.811235836	1009.30175781	40.8340988159	30.3659420013
150.811235837	1009.30175781	40.8340988159	30.3659420013
150.811235837	1009.30175781	40.8340988159	30.3659420013
150.811235837	1009.30175781	40.8340988159	30.3659420013
150.811235837	1009.30175781	40.8340988159	30.3659420013
150.811235837	1009.30175781	40.8340988159	30.3659420013
150.811235837	1009.30175781	40.8340988159	30.3659420013
150.811235837	1009.30175781	40.8340988159	30.3659420013
150.811235838	1009.30175781	40.8340988159	30.3659420013
150.811235838	1009.30175781	40.8340988159	30.3659420013
150.811235838	1009.30175781	40.8340988159	30.3659420013
150.811235838	1009.30175781	40.8340988159	30.3659420013
150.811235838	1009.30175781	40.8340988159	30.3659420013
150.811235838	1009.30175781	40.8340988159	30.3659420013
150.811235838	1009.30175781	40.8340988159	30.3659420013
150.811235838	1009.30175781	40.8340988159	30.3659420013
150.811235839	1009.30175781	40.8340988159	30.3659420013
150.811235839	1009.30175781	40.8340988159	30.3659420013
150.811235839	1009.30175781	40.8340988159	30.3659420013
150.811235839	1009.30175781	40.8340988159	30.3659420013
150.811235839	1009.30175781	40.8340988159	30.3659420013
150.811235839	1009.30175781	40.8340988159	30.3659420013
150.811235839	1009.30029297	40.8340988159	30.3659420013
150.81123584	1009.30029297	40.8340988159	30.3659420013
150.81123584	1009.30029297	40.8340988159	30.3659420013
150.81123584	1009.30029297	40.8340988159	30.3659420013
150.81123584	1009.30029297	40.8340988159	30.3659420013
150.81123584	1009.30029297	40.8340988159	30.3659420013
150.81123584	1009.30029297	40.8340988159	30.3659420013
150.811235841	1009.30029297	40.8340988159	30.3659420013
150.811235841	1009.30029297	40.8340988159	30.3659420013
150.811235841	1009.30029297	40.8340988159	30.3659420013
150.811235841	1009.30029297	40.8340988159	30.3659420013
150.811235841	1009.30029297	40.8340988159	30.3659420013
150.811235841	1009.30029297	40.8340988159	30.3659420013
150.811235841	1009.30029297	40.8340988159	30.3659420013
150.811235841	1009.30029297	40.8340988159	30.3659420013
150.811235842	1009.30029297	40.8340988159	30.3659420013
150.811235842	1009.30029297	40.8340988159	30.3659420013
150.811235842	1009.30029297	40.8340988159	30.3659420013
150.811235842	1009.30029297	40.8340988159	30.3659420013
150.811235842	1009.30029297	40.8340988159	30.3659420013
150.811235842	1009.30029297	40.8340988159	30.3659420013
150.811235842	1009.30029297	40.8340988159	30.3659420013
150.811235843	1009.30029297	40.8340988159	30.3659420013
150.811235843	1009.30029297	40.8340988159	30.3659420013
150.811235843	1009.30029297	40.8340988159	30.3659420013
150.811235843	1009.30029297	40.8340988159	30.3659420013
150.811235843	1009.30029297	40.8340988159	30.3659420013
150.811235843	1009.30029297	40.8340988159	30.3659420013
150.811235843	1009.30029297	40.8340988159	30.3659420013
150.811235844	1009.30004883	40.8340988159	30.3659420013
150.811235844	1009.30004883	40.8340988159	30.2391319275
150.811235844	1009.30004883	40.8340988159	30.2391319275
150.811235844	1009.30004883	40.3333358765	30.2391319275
150.811235844	1009.30004883	40.3333358765	30.2391319275
150.811235844	1009.30004883	40.3333358765	30.2391319275
150.811235845	1009.30004883	40.3333358765	30.2391319275
150.811235845	1009.30004883	40.3333358765	30.2391319275
150.811235845	1009.30004883	40.3333358765	30.2391319275
150.811235845	1009.30004883	40.3333358765	30.2391319275
150.811235845	1009.30004883	40.3333358765	30.2391319275
150.811235845	1009.30004883	40.3333358765	30.2391319275
150.811235845	1009.30004883	40.3333358765	30.2391319275
150.811235845	1009.30004883	40.3333358765	30.2391319275
150.811235846	1009.30004883	40.3333358765	30.2391319275
150.811235846	1009.30004883	40.3333358765	30.2391319275
150.811235846	1009.30004883	40.3333358765	30.2391319275
150.811235846	1009.30004883	40.3333358765	30.2391319275
150.811235846	1009.30004883	40.3333358765	30.2391319275
150.811235846	1009.30004883	40.3333358765	30.2391319275
150.811235846	1009.30004883	40.3333358765	30.2391319275
150.811235847	1009.30004883	40.3333358765	30.2391319275
150.811235847	1009.30004883	40.3333358765	30.2391319275
150.811235847	1009.30004883	40.3333358765	30.2391319275
150.811235847	1009.30004883	40.3333358765	30.2391319275
150.811235847	1009.30004883	40.3333358765	30.2391319275
150.811235847	1009.30004883	40.3333358765	30.2391319275
150.811235847	1009.30004883	40.3333358765	30.2391319275
150.811235848	1009.29833984	40.3333358765	30.2391319275
150.811235848	1009.29833984	40.3333358765	30.2391319275
150.811235848	1009.29833984	40.3333358765	30.2391319275
150.811235848	1009.29833984	40.3333358765	30.2391319275
150.811235848	1009.29833984	40.3333358765	30.2391319275
150.811235848	1009.29833984	40.3333358765	30.2391319275
150.811235848	1009.29833984	40.3333358765	30.2391319275
150.811235849	1009.29833984	40.3333358765	30.2391319275
150.811235849	1009.29833984	40.3333358765	30.2391319275
150.811235849	1009.29833984	40.3333358765	30.2391319275
150.811235849	1009.29833984	40.3333358765	30.2391319275
150.811235849	1009.29833984	40.3333358765	30.2391319275
150.811235849	1009.29833984	40.3333358765	30.2391319275
150.811235849	1009.29833984	40.3333358765	30.2391319275
150.81123585	1009.29833984	40.3333358765	30.2391319275
150.81123585	1009.29833984	40.3333358765	30.2391319275
150.81123585	1009.29833984	40.3333358765	30.2391319275
150.81123585	1009.29833984	40.3333358765	30.2391319275
150.81123585	1009.29833984	40.3333358765	30.2391319275
150.81123585	1009.29833984	40.3333358765	30.2391319275
150.81123585	1009.29833984	40.3333358765	30.2391319275
150.811235851	1009.29833984	40.3333358765	30.2391319275
150.811235851	1009.29833984	40.3333358765	30.2391319275
150.811235851	1009.29833984	40.3333358765	30.2391319275
150.811235851	1009.29833984	40.3333358765	30.2391319275
150.811235851	1009.29833984	40.3333358765	30.2391319275
150.811235851	1009.29833984	40.3333358765	30.2391319275
150.811235851	1009.29833984	40.3333358765	30.2391319275
150.811235851	1009.29833984	40.3333358765	30.2391319275
150.811235852	1009.30004883	40.3333358765	30.1847839355
150.811235852	1009.30004883	40.3333358765	30.1847839355
150.811235852	1009.30004883	40.529712677	30.1847839355
150.811235852	1009.30004883	40.529712677	30.1847839355
150.811235852	1009.30004883	40.529712677	30.1847839355
150.811235853	1009.30004883	40.529712677	30.1847839355
150.811235853	1009.30004883	40.529712677	30.1847839355
150.811235853	1009.30004883	40.529712677	30.1847839355
150.811235853	1009.30004883	40.529712677	30.1847839355
150.811235853	1009.30004883	40.529712677	30.1847839355
150.811235853	1009.30004883	40.529712677	30.1847839355
150.811235853	1009.30004883	40.529712677	30.1847839355
150.811235853	1009.30004883	40.529712677	30.1847839355
150.811235854	1009.30004883	40.529712677	30.1847839355
150.811235854	1009.30004883	40.529712677	30.1847839355
150.811235854	1009.30004883	40.529712677	30.1847839355
150.811235854	1009.30004883	40.529712677	30.1847839355
150.811235855	1009.30004883	40.529712677	30.1847839355
150.811235855	1009.30004883	40.529712677	30.1847839355
150.811235855	1009.30004883	40.529712677	30.1847839355
150.811235855	1009.30004883	40.529712677	30.1847839355
150.811235855	1009.30004883	40.529712677	30.1847839355
150.811235856	1009.29370117	40.529712677	30.1847839355
150.811235856	1009.29370117	40.529712677	30.1847839355
150.811235856	1009.29370117	40.529712677	30.1847839355
150.811235857	1009.29370117	40.529712677	30.1847839355
150.811235857	1009.29370117	40.529712677	30.1847839355
150.811235857	1009.29370117	40.529712677	30.1847839355
150.811235857	1009.29370117	40.529712677	30.1847839355
150.811235857	1009.29370117	40.529712677	30.1847839355
150.811235858	1009.29370117	40.529712677	30.1847839355
150.811235858	1009.29370117	40.529712677	30.1847839355
150.811235858	1009.29370117	40.529712677	30.1847839355
150.811235858	1009.29370117	40.529712677	30.1847839355
150.811235858	1009.29370117	40.529712677	30.1847839355
150.811235859	1009.29370117	40.529712677	30.1847839355
150.811235859	1009.29370117	40.529712677	30.1847839355
150.811235859	1009.29370117	40.529712677	30.1847839355
150.811235859	1009.29370117	40.529712677	30.1847839355
150.81123586	1009.29370117	40.529712677	30.2210159302
150.81123586	1009.29443359	40.3235168457	30.2210159302
150.81123586	1009.29443359	40.3235168457	30.2210159302
150.811235861	1009.29443359	40.3235168457	30.2210159302
150.811235861	1009.29443359	40.3235168457	30.2210159302
150.811235861	1009.29443359	40.3235168457	30.2210159302
150.811235861	1009.29443359	40.3235168457	30.2210159302
150.811235862	1009.29443359	40.3235168457	30.2210159302
150.811235862	1009.29443359	40.3235168457	30.2210159302
150.811235862	1009.29443359	40.3235168457	30.2210159302
150.811235862	1009.29443359	40.3235168457	30.2210159302
150.811235862	1009.29443359	40.3235168457	30.2210159302
150.811235863	1009.29443359	40.3235168457	30.2210159302
150.811235863	1009.29443359	40.3235168457	30.2210159302
150.811235863	1009.29443359	40.3235168457	30.2210159302
150.811235863	1009.29443359	40.3235168457	30.2210159302
150.811235864	1009.29443359	40.3235168457	30.2210159302
150.811235864	1009.29174805	40.3235168457	30.2210159302
150.811235864	1009.29174805	40.3235168457	30.2210159302
150.811235864	1009.29174805	40.3235168457	30.2210159302
150.811235865	1009.29174805	40.3235168457	30.2210159302
150.811235865	1009.29174805	40.3235168457	30.2210159302
150.811235865	1009.29174805	40.3235168457	30.2210159302
150.811235865	1009.29174805	40.3235168457	30.2210159302
150.811235866	1009.29174805	40.3235168457	30.2210159302
150.811235866	1009.29174805	40.3235168457	30.2210159302
150.811235866	1009.29174805	40.3235168457	30.2210159302
150.811235866	1009.29174805	40.3235168457	30.2210159302
150.811235866	1009.29174805	40.3235168457	30.2210159302
150.811235867	1009.29174805	40.3235168457	30.2210159302
150.811235867	1009.29174805	40.3235168457	30.2210159302
150.811235867	1009.29174805	40.3235168457	30.2210159302
150.811235867	1009.29174805	40.3235168457	30.2210159302
150.811235867	1009.29174805	40.3235168457	30.2391319275
150.811235868	1009.29589844	41.8781776428	30.2391319275
150.811235868	1009.29589844	41.8781776428	30.2391319275
150.811235869	1009.29589844	41.8781776428	30.2391319275
150.811235869	1009.29589844	41.8781776428	30.2391319275
150.811235869	1009.29589844	41.8781776428	30.2391319275
150.811235869	1009.29589844	41.8781776428	30.2391319275
150.811235869	1009.29589844	41.8781776428	30.2391319275
150.81123587	1009.29589844	41.8781776428	30.2391319275
150.81123587	1009.29589844	41.8781776428	30.2391319275
150.81123587	1009.29589844	41.8781776428	30.2391319275
150.81123587	1009.29589844	41.8781776428	30.2391319275
150.811235871	1009.29589844	41.8781776428	30.2391319275
150.811235871	1009.29589844	41.8781776428	30.2391319275
150.811235871	1009.29589844	41.8781776428	30.2391319275
150.811235871	1009.29589844	41.8781776428	30.2391319275
150.811235871	1009.29589844	41.8781776428	30.2391319275
150.811235872	1009.29589844	41.8781776428	30.2391319275
150.811235872	1009.2902832	41.8781776428	30.2391319275
150.811235872	1009.2902832	41.8781776428	30.2391319275
150.811235872	1009.2902832	41.8781776428	30.2391319275
150.811235873	1009.2902832	41.8781776428	30.2391319275
150.811235873	1009.2902832	41.8781776428	30.2391319275
150.811235873	1009.2902832	41.8781776428	30.2391319275
150.811235873	1009.2902832	41.8781776428	30.2391319275
150.811235874	1009.2902832	41.8781776428	30.2391319275
150.811235874	1009.2902832	41.8781776428	30.2391319275
150.811235874	1009.2902832	41.8781776428	30.2391319275
150.811235874	1009.2902832	41.8781776428	30.2391319275
150.811235875	1009.2902832	41.8781776428	30.2391319275
150.811235875	1009.2902832	41.8781776428	30.2391319275
150.811235875	1009.2902832	41.8781776428	30.2391319275
150.811235875	1009.2902832	41.8781776428	30.2391319275
150.811235875	1009.2902832	41.8781776428	30.1304359436
150.811235876	1009.2902832	39.3350753784	30.1304359436
150.811235876	1009.29199219	39.3350753784	30.1304359436
150.811235876	1009.29199219	39.3350753784	30.1304359436
150.811235877	1009.29199219	39.3350753784	30.1304359436
150.811235877	1009.29199219	39.3350753784	30.1304359436
150.811235877	1009.29199219	39.3350753784	30.1304359436
150.811235877	1009.29199219	39.3350753784	30.1304359436
150.811235878	1009.29199219	39.3350753784	30.1304359436
150.811235878	1009.29199219	39.3350753784	30.1304359436
150.811235878	1009.29199219	39.3350753784	30.1304359436
150.811235878	1009.29199219	39.3350753784	30.1304359436
150.811235878	1009.29199219	39.3350753784	30.1304359436
150.811235879	1009.29199219	39.3350753784	30.1304359436
150.811235879	1009.29199219	39.3350753784	30.1304359436
150.811235879	1009.29199219	39.3350753784	30.1304359436
150.811235879	1009.29199219	39.3350753784	30.1304359436
150.81123588	1009.29199219	39.3350753784	30.1304359436
150.81123588	1009.29199219	39.3350753784	30.1304359436
150.81123588	1009.29101562	39.3350753784	30.1304359436
150.81123588	1009.29101562	39.3350753784	30.1304359436
150.811235881	1009.29101562	39.3350753784	30.1304359436
150.811235881	1009.29101562	39.3350753784	30.1304359436
150.811235881	1009.29101562	39.3350753784	30.1304359436
150.811235881	1009.29101562	39.3350753784	30.1304359436
150.811235882	1009.29101562	39.3350753784	30.1304359436
150.811235882	1009.29101562	39.3350753784	30.1304359436
150.811235882	1009.29101562	39.3350753784	30.1304359436
150.811235882	1009.29101562	39.3350753784	30.1304359436
150.811235882	1009.29101562	39.3350753784	30.1304359436
150.811235883	1009.29101562	39.3350753784	30.1304359436
150.811235883	1009.29101562	39.3350753784	30.1304359436
150.811235883	1009.29101562	39.3350753784	30.1304359436
150.811235883	1009.29101562	39.3350753784	30.2391319275
150.811235884	1009.29101562	39.3743515015	30.2391319275
150.811235884	1009.28662109	39.3743515015	30.2391319275
150.811235884	1009.28662109	39.3743515015	30.2391319275
150.811235885	1009.28662109	39.3743515015	30.2391319275
150.811235885	1009.28662109	39.3743515015	30.2391319275
150.811235885	1009.28662109	39.3743515015	30.2391319275
150.811235885	1009.28662109	39.3743515015	30.2391319275
150.811235885	1009.28662109	39.3743515015	30.2391319275
150.811235886	1009.28662109	39.3743515015	30.2391319275
150.811235886	1009.28662109	39.3743515015	30.2391319275
150.811235886	1009.28662109	39.3743515015	30.2391319275
150.811235886	1009.28662109	39.3743515015	30.2391319275
150.811235887	1009.28662109	39.3743515015	30.2391319275
150.811235887	1009.28662109	39.3743515015	30.2391319275
150.811235887	1009.28662109	39.3743515015	30.2391319275
150.811235887	1009.28662109	39.3743515015	30.2391319275
150.811235887	1009.28662109	39.3743515015	30.2391319275
150.811235888	1009.28662109	39.3743515015	30.2391319275
150.811235888	1009.28662109	39.3743515015	30.2391319275
150.811235888	1009.2878418	39.3743515015	30.2391319275
150.811235889	1009.2878418	39.3743515015	30.2391319275
150.811235889	1009.2878418	39.3743515015	30.2391319275
150.811235889	1009.2878418	39.3743515015	30.2391319275
150.811235889	1009.2878418	39.3743515015	30.2391319275
150.811235889	1009.2878418	39.3743515015	30.2391319275
150.81123589	1009.2878418	39.3743515015	30.2391319275
150.81123589	1009.2878418	39.3743515015	30.2391319275
150.81123589	1009.2878418	39.3743515015	30.2391319275
150.81123589	1009.2878418	39.3743515015	30.2391319275
150.811235891	1009.2878418	39.3743515015	30.2391319275
150.811235891	1009.2878418	39.3743515015	30.2391319275
150.811235891	1009.2878418	39.3743515015	30.2391319275
150.811235891	1009.2878418	39.3743515015	30.2934780121
150.811235892	1009.2878418	39.763835907	30.2934780121
150.811235892	1009.2878418	39.763835907	30.2934780121
150.811235892	1009.29223633	39.763835907	30.2934780121
150.811235892	1009.29223633	39.763835907	30.2934780121
150.811235893	1009.29223633	39.763835907	30.2934780121
150.811235893	1009.29223633	39.763835907	30.2934780121
150.811235893	1009.29223633	39.763835907	30.2934780121
150.811235893	1009.29223633	39.763835907	30.2934780121
150.811235894	1009.29223633	39.763835907	30.2934780121
150.811235894	1009.29223633	39.763835907	30.2934780121
150.811235894	1009.29223633	39.763835907	30.2934780121
150.811235894	1009.29223633	39.763835907	30.2934780121
150.811235894	1009.29223633	39.763835907	30.2934780121
150.811235895	1009.29223633	39.763835907	30.2934780121
150.811235895	1009.29223633	39.763835907	30.2934780121
150.811235895	1009.29223633	39.763835907	30.2934780121
150.811235895	1009.29223633	39.763835907	30.2934780121
150.811235896	1009.29223633	39.763835907	30.2934780121
150.811235896	1009.29223633	39.763835907	30.2934780121
150.811235896	1009.29077148	39.763835907	30.2934780121
150.811235896	1009.29077148	39.763835907	30.2934780121
150.811235897	1009.29077148	39.763835907	30.2934780121
150.811235897	1009.29077148	39.763835907	30.2934780121
150.811235897	1009.29077148	39.763835907	30.2934780121
150.811235897	1009.29077148	39.763835907	30.2934780121
150.811235898	1009.29077148	39.763835907	30.2934780121
150.811235898	1009.29077148	39.763835907	30.2934780121
150.811235898	1009.29077148	39.763835907	30.2934780121
150.811235898	1009.29077148	39.763835907	30.2934780121
150.811235898	1009.29077148	39.763835907	30.2934780121
150.811235899	1009.29077148	39.763835907	30.2934780121
150.811235899	1009.29077148	39.763835907	30.2934780121
150.811235899	1009.29077148	39.763835907	30.2934780121
150.811235899	1009.29077148	42.5655021667	30.2934780121
150.8112359	1009.29077148	42.5655021667	30.2934780121
150.8112359	1009.29077148	42.5655021667	30.2934780121
150.8112359	1009.28930664	42.5655021667	30.2934780121
150.811235901	1009.28930664	42.5655021667	30.2934780121
150.811235901	1009.28930664	42.5655021667	30.2934780121
150.811235901	1009.28930664	42.5655021667	30.2934780121
150.811235901	1009.28930664	42.5655021667	30.2934780121
150.811235902	1009.28930664	42.5655021667	30.2934780121
150.811235902	1009.28930664	42.5655021667	30.2934780121
150.811235902	1009.28930664	42.5655021667	30.2934780121
150.811235902	1009.28930664	42.5655021667	30.2934780121
150.811235902	1009.28930664	42.5655021667	30.2934780121
150.811235903	1009.28930664	42.5655021667	30.2934780121
150.811235903	1009.28930664	42.5655021667	30.2934780121
150.811235903	1009.28930664	42.5655021667	30.2934780121
150.811235903	1009.28930664	42.5655021667	30.2934780121
150.811235904	1009.28930664	42.5655021667	30.2934780121
150.811235904	1009.28930664	42.5655021667	30.2934780121
150.811235904	1009.28930664	42.5655021667	30.2934780121
150.811235904	1009.28710938	42.5655021667	30.2934780121
150.811235905	1009.28710938	42.5655021667	30.2934780121
150.811235905	1009.28710938	42.5655021667	30.2934780121
150.811235905	1009.28710938	42.5655021667	30.2934780121
150.811235905	1009.28710938	42.5655021667	30.2934780121
150.811235906	1009.28710938	42.5655021667	30.2934780121
150.811235906	1009.28710938	42.5655021667	30.2934780121
150.811235906	1009.28710938	42.5655021667	30.2934780121
150.811235906	1009.28710938	42.5655021667	30.2934780121
150.811235906	1009.28710938	42.5655021667	30.2934780121
150.811235907	1009.28710938	42.5655021667	30.2934780121
150.811235907	1009.28710938	42.5655021667	30.2934780121
150.811235907	1009.28710938	42.5655021667	30.3115940094
150.811235908	1009.28710938	40.0845870972	30.3115940094
150.811235908	1009.28710938	40.0845870972	30.3115940094
150.811235908	1009.28710938	40.0845870972	30.3115940094
150.811235908	1009.28710938	40.0845870972	30.3115940094
150.811235908	1009.28710938	40.0845870972	30.3115940094
150.811235909	1009.28710938	40.0845870972	30.3115940094
150.811235909	1009.28710938	40.0845870972	30.3115940094
150.811235909	1009.28710938	40.0845870972	30.3115940094
150.811235909	1009.28710938	40.0845870972	30.3115940094
150.81123591	1009.28710938	40.0845870972	30.3115940094
150.81123591	1009.28710938	40.0845870972	30.3115940094
150.81123591	1009.28710938	40.0845870972	30.3115940094
150.81123591	1009.28710938	40.0845870972	30.3115940094
150.811235911	1009.28710938	40.0845870972	30.3115940094
150.811235911	1009.28710938	40.0845870972	30.3115940094
150.811235911	1009.28710938	40.0845870972	30.3115940094
150.811235911	1009.28710938	40.0845870972	30.3115940094
150.811235911	1009.28710938	40.0845870972	30.3115940094
150.811235912	1009.28710938	40.0845870972	30.3115940094
150.811235912	1009.28710938	40.0845870972	30.3115940094
150.811235912	1009.28710938	40.0845870972	30.3115940094
150.811235912	1009.28735352	40.0845870972	30.3115940094
150.811235913	1009.28735352	40.0845870972	30.3115940094
150.811235913	1009.28735352	40.0845870972	30.3115940094
150.811235913	1009.28735352	40.0845870972	30.3115940094
150.811235913	1009.28735352	40.0845870972	30.3115940094
150.811235914	1009.28735352	40.0845870972	30.3115940094
150.811235914	1009.28735352	40.0845870972	30.3115940094
150.811235914	1009.28735352	40.0845870972	30.3115940094
150.811235914	1009.28735352	40.0845870972	30.3115940094
150.811235915	1009.28735352	40.0845870972	30.3115940094
150.811235915	1009.28735352	40.0845870972	30.3115940094
150.811235915	1009.28735352	40.0845870972	30.2572460175
150.811235915	1009.28735352	40.5526237488	30.2572460175
150.811235916	1009.28735352	40.5526237488	30.2572460175
150.811235916	1009.28735352	40.5526237488	30.2572460175
150.811235916	1009.28735352	40.5526237488	30.2572460175
150.811235916	1009.28735352	40.5526237488	30.2572460175
150.811235916	1009.28491211	40.5526237488	30.2572460175
150.811235917	1009.28491211	40.5526237488	30.2572460175
150.811235917	1009.28491211	40.5526237488	30.2572460175
150.811235917	1009.28491211	40.5526237488	30.2572460175
150.811235918	1009.28491211	40.5526237488	30.2572460175
150.811235918	1009.28491211	40.5526237488	30.2572460175
150.811235918	1009.28491211	40.5526237488	30.2572460175
150.811235918	1009.28491211	40.5526237488	30.2572460175
150.811235918	1009.28491211	40.5526237488	30.2572460175
150.811235919	1009.28491211	40.5526237488	30.2572460175
150.811235919	1009.28491211	40.5526237488	30.2572460175
150.811235919	1009.28491211	40.5526237488	30.2572460175
150.811235919	1009.28491211	40.5526237488	30.2572460175
150.81123592	1009.28491211	40.5526237488	30.2572460175
150.81123592	1009.28491211	40.5526237488	30.2572460175
150.81123592	1009.28491211	40.5526237488	30.2572460175
150.81123592	1009.28491211	40.5526237488	30.2572460175
150.81123592	1009.27807617	40.5526237488	30.2572460175
150.811235921	1009.27807617	40.5526237488	30.2572460175
150.811235921	1009.27807617	40.5526237488	30.2572460175
150.811235921	1009.27807617	40.5526237488	30.2572460175
150.811235922	1009.27807617	40.5526237488	30.2572460175
150.811235922	1009.27807617	40.5526237488	30.2572460175
150.811235922	1009.27807617	40.5526237488	30.2572460175
150.811235922	1009.27807617	40.5526237488	30.2572460175
150.811235922	1009.27807617	40.5526237488	30.2572460175
150.811235923	1009.27807617	40.5526237488	30.2572460175
150.811235923	1009.27807617	40.5526237488	30.3115940094
150.811235923	1009.27807617	39.5510940552	30.3115940094
150.811235924	1009.27807617	39.5510940552	30.3115940094
150.811235924	1009.27807617	39.5510940552	30.3115940094
150.811235924	1009.27807617	39.5510940552	30.3115940094
150.811235924	1009.27807617	39.5510940552	30.3115940094
150.811235924	1009.27807617	39.5510940552	30.3115940094
150.811235925	1009.27758789	39.5510940552	30.3115940094
150.811235925	1009.27758789	39.5510940552	30.3115940094
150.811235925	1009.27758789	39.5510940552	30.3115940094
150.811235925	1009.27758789	39.5510940552	30.3115940094
150.811235926	1009.27758789	39.5510940552	30.3115940094
150.811235926	1009.27758789	39.5510940552	30.3115940094
150.811235926	1009.27758789	39.5510940552	30.3115940094
150.811235926	1009.27758789	39.5510940552	30.3115940094
150.811235927	1009.27758789	39.5510940552	30.3115940094
150.811235927	1009.27758789	39.5510940552	30.3115940094
150.811235927	1009.27758789	39.5510940552	30.3115940094
150.811235927	1009.27758789	39.5510940552	30.3115940094
150.811235927	1009.27758789	39.5510940552	30.3115940094
150.811235928	1009.27758789	39.5510940552	30.3115940094
150.811235928	1009.27758789	39.5510940552	30.3115940094
150.811235928	1009.27758789	39.5510940552	30.3115940094
150.811235928	1009.27758789	39.5510940552	30.3115940094
150.811235929	1009.28076172	39.5510940552	30.3115940094
150.811235929	1009.28076172	39.5510940552	30.3115940094
150.811235929	1009.28076172	39.5510940552	30.3115940094
150.811235929	1009.28076172	39.5510940552	30.3115940094
150.81123593	1009.28076172	39.5510940552	30.3115940094
150.81123593	1009.28076172	39.5510940552	30.3115940094
150.81123593	1009.28076172	39.5510940552	30.3115940094
150.81123593	1009.28076172	39.5510940552	30.3115940094
