3.21708761838	1300
time	pressure	humidity	temperature
150.811215042	1008.23339844	38.1630477905	30.795425415
150.811215042	1008.23339844	38.1630477905	30.795425415
150.811215043	1008.23095703	38.1630477905	30.795425415
150.811215043	1008.23095703	38.1630477905	30.795425415
150.811215043	1008.23095703	38.1630477905	30.795425415
150.811215044	1008.23095703	38.1630477905	30.795425415
150.811215044	1008.23095703	38.1630477905	30.795425415
150.811215044	1008.23095703	38.1630477905	30.795425415
150.811215044	1008.23095703	38.1630477905	30.795425415
150.811215044	1008.23095703	38.1630477905	30.795425415
150.811215045	1008.23095703	38.1630477905	30.795425415
150.811215045	1008.23095703	38.1630477905	30.795425415
150.811215045	1008.23095703	38.1630477905	30.795425415
150.811215045	1008.23095703	38.1630477905	30.795425415
150.811215045	1008.23095703	38.1630477905	30.795425415
150.811215046	1008.23095703	38.1630477905	30.795425415
150.811215046	1008.23095703	38.1630477905	30.795425415
150.811215046	1008.23095703	38.1630477905	30.795425415
150.811215046	1008.23095703	38.1630477905	30.795425415
150.811215047	1008.23095703	38.1630477905	30.795425415
150.811215047	1008.23828125	38.1630477905	30.795425415
150.811215047	1008.23828125	38.1630477905	30.795425415
150.811215047	1008.23828125	38.1630477905	30.795425415
150.811215048	1008.23828125	38.1630477905	30.795425415
150.811215048	1008.23828125	38.1630477905	30.795425415
150.811215048	1008.23828125	38.1630477905	30.795425415
150.811215048	1008.23828125	38.1630477905	30.795425415
150.811215049	1008.23828125	38.1630477905	30.795425415
150.811215049	1008.23828125	38.1630477905	30.795425415
150.811215049	1008.23828125	38.1630477905	30.795425415
150.811215049	1008.23828125	38.1630477905	30.795425415
150.811215049	1008.23828125	38.1630477905	30.795425415
150.81121505	1008.23828125	38.1630477905	30.7063713074
150.81121505	1008.23828125	44.0238037109	30.7063713074
150.81121505	1008.23828125	44.0238037109	30.7063713074
150.811215051	1008.23828125	44.0238037109	30.7063713074
150.811215051	1008.23828125	44.0238037109	30.7063713074
150.811215051	1008.23828125	44.0238037109	30.7063713074
150.811215051	1008.23828125	44.0238037109	30.7063713074
150.811215052	1008.23828125	44.0238037109	30.7063713074
150.811215052	1008.23828125	44.0238037109	30.7063713074
150.811215052	1008.23828125	44.0238037109	30.7063713074
150.811215052	1008.23828125	44.0238037109	30.7063713074
150.811215053	1008.23828125	44.0238037109	30.7063713074
150.811215053	1008.23828125	44.0238037109	30.7063713074
150.811215053	1008.23828125	44.0238037109	30.7063713074
150.811215053	1008.23828125	44.0238037109	30.7063713074
150.811215053	1008.23828125	44.0238037109	30.7063713074
150.811215054	1008.23828125	44.0238037109	30.7063713074
150.811215054	1008.23828125	44.0238037109	30.7063713074
150.811215054	1008.23828125	44.0238037109	30.7063713074
150.811215054	1008.23828125	44.0238037109	30.7063713074
150.811215054	1008.23828125	44.0238037109	30.7063713074
150.811215055	1008.23828125	44.0238037109	30.7063713074
150.811215055	1008.24169922	44.0238037109	30.7063713074
150.811215055	1008.24169922	44.0238037109	30.7063713074
150.811215056	1008.24169922	44.0238037109	30.7063713074
150.811215056	1008.24169922	44.0238037109	30.7063713074
150.811215056	1008.24169922	44.0238037109	30.7063713074
150.811215056	1008.24169922	44.0238037109	30.7063713074
150.811215056	1008.24169922	44.0238037109	30.7063713074
150.811215057	1008.24169922	44.0238037109	30.7063713074
150.811215057	1008.24169922	44.0238037109	30.7063713074
150.811215057	1008.24169922	44.0238037109	30.7063713074
150.811215057	1008.24169922	44.0238037109	30.7063713074
150.811215058	1008.24169922	44.0238037109	30.7419929504
150.811215058	1008.24169922	37.9703025818	30.7419929504
150.811215058	1008.24169922	37.9703025818	30.7419929504
150.811215058	1008.24169922	37.9703025818	30.7419929504
150.811215059	1008.24169922	37.9703025818	30.7419929504
150.811215059	1008.24169922	37.9703025818	30.7419929504
150.811215059	1008.2409668	37.9703025818	30.7419929504
150.811215059	1008.2409668	37.9703025818	30.7419929504
150.81121506	1008.2409668	37.9703025818	30.7419929504
150.81121506	1008.2409668	37.9703025818	30.7419929504
150.81121506	1008.2409668	37.9703025818	30.7419929504
150.81121506	1008.2409668	37.9703025818	30.7419929504
150.811215061	1008.2409668	37.9703025818	30.7419929504
150.811215061	1008.2409668	37.9703025818	30.7419929504
150.811215061	1008.2409668	37.9703025818	30.7419929504
150.811215061	1008.2409668	37.9703025818	30.7419929504
150.811215061	1008.2409668	37.9703025818	30.7419929504
150.811215062	1008.2409668	37.9703025818	30.7419929504
150.811215062	1008.2409668	37.9703025818	30.7419929504
150.811215062	1008.2409668	37.9703025818	30.7419929504
150.811215062	1008.2409668	37.9703025818	30.7419929504
150.811215063	1008.2409668	37.9703025818	30.7419929504
150.811215063	1008.2409668	37.9703025818	30.7419929504
150.811215063	1008.2409668	37.9703025818	30.7419929504
150.811215063	1008.24047852	37.9703025818	30.7419929504
150.811215064	1008.24047852	37.9703025818	30.7419929504
150.811215064	1008.24047852	37.9703025818	30.7419929504
150.811215064	1008.24047852	37.9703025818	30.7419929504
150.811215064	1008.24047852	37.9703025818	30.7419929504
150.811215065	1008.24047852	37.9703025818	30.7419929504
150.811215065	1008.24047852	37.9703025818	30.7419929504
150.811215065	1008.24047852	37.9703025818	30.7419929504
150.811215065	1008.24047852	37.9703025818	30.7419929504
150.811215065	1008.24047852	37.9703025818	30.759803772
150.811215066	1008.24047852	39.3783187866	30.759803772
150.811215066	1008.24047852	39.3783187866	30.759803772
150.811215066	1008.24047852	39.3783187866	30.759803772
150.811215066	1008.24047852	39.3783187866	30.759803772
150.811215067	1008.24047852	39.3783187866	30.759803772
150.811215067	1008.24047852	39.3783187866	30.759803772
150.811215067	1008.24047852	39.3783187866	30.759803772
150.811215067	1008.23974609	39.3783187866	30.759803772
150.811215068	1008.23974609	39.3783187866	30.759803772
150.811215068	1008.23974609	39.3783187866	30.759803772
150.811215068	1008.23974609	39.3783187866	30.759803772
150.811215068	1008.23974609	39.3783187866	30.759803772
150.811215069	1008.23974609	39.3783187866	30.759803772
150.811215069	1008.23974609	39.3783187866	30.759803772
150.811215069	1008.23974609	39.3783187866	30.759803772
150.811215069	1008.23974609	39.3783187866	30.759803772
150.81121507	1008.23974609	39.3783187866	30.759803772
150.81121507	1008.23974609	39.3783187866	30.759803772
150.81121507	1008.23974609	39.3783187866	30.759803772
150.81121507	1008.23974609	39.3783187866	30.759803772
150.81121507	1008.23974609	39.3783187866	30.759803772
150.811215071	1008.23974609	39.3783187866	30.759803772
150.811215071	1008.23974609	39.3783187866	30.759803772
150.811215071	1008.23974609	39.3783187866	30.759803772
150.811215071	1008.23974609	39.3783187866	30.759803772
150.811215072	1008.23925781	39.3783187866	30.759803772
150.811215072	1008.23925781	39.3783187866	30.759803772
150.811215072	1008.23925781	39.3783187866	30.759803772
150.811215072	1008.23925781	39.3783187866	30.759803772
150.811215073	1008.23925781	39.3783187866	30.759803772
150.811215073	1008.23925781	39.3783187866	30.759803772
150.811215073	1008.23925781	39.3783187866	30.759803772
150.811215073	1008.23925781	39.3783187866	30.7241821289
150.811215074	1008.23925781	38.2153167725	30.7241821289
150.811215074	1008.23925781	38.2153167725	30.7241821289
150.811215074	1008.23925781	38.2153167725	30.7241821289
150.811215074	1008.23925781	38.2153167725	30.7241821289
150.811215075	1008.23925781	38.2153167725	30.7241821289
150.811215075	1008.23925781	38.2153167725	30.7241821289
150.811215075	1008.23925781	38.2153167725	30.7241821289
150.811215075	1008.23925781	38.2153167725	30.7241821289
150.811215075	1008.23925781	38.2153167725	30.7241821289
150.811215076	1008.23925781	38.2153167725	30.7241821289
150.811215076	1008.23925781	38.2153167725	30.7241821289
150.811215076	1008.23925781	38.2153167725	30.7241821289
150.811215077	1008.23925781	38.2153167725	30.7241821289
150.811215077	1008.23925781	38.2153167725	30.7241821289
150.811215077	1008.23925781	38.2153167725	30.7241821289
150.811215077	1008.23925781	38.2153167725	30.7241821289
150.811215077	1008.23925781	38.2153167725	30.7241821289
150.811215078	1008.23925781	38.2153167725	30.7241821289
150.811215078	1008.23925781	38.2153167725	30.7241821289
150.811215078	1008.23925781	38.2153167725	30.7241821289
150.811215078	1008.23925781	38.2153167725	30.7241821289
150.811215078	1008.23925781	38.2153167725	30.7241821289
150.811215079	1008.23925781	38.2153167725	30.7241821289
150.811215079	1008.23925781	38.2153167725	30.7241821289
150.811215079	1008.23925781	38.2153167725	30.7241821289
150.811215079	1008.23925781	38.2153167725	30.7241821289
150.81121508	1008.23779297	38.2153167725	30.7241821289
150.81121508	1008.23779297	38.2153167725	30.7241821289
150.81121508	1008.23779297	38.2153167725	30.7241821289
150.81121508	1008.23779297	38.2153167725	30.7241821289
150.811215081	1008.23779297	38.2153167725	30.7241821289
150.811215081	1008.23779297	38.2153167725	30.7241821289
150.811215081	1008.23779297	38.2153167725	30.7241821289
150.811215081	1008.23779297	42.837928772	30.7241821289
150.811215082	1008.23779297	42.837928772	30.7241821289
150.811215082	1008.23779297	42.837928772	30.7241821289
150.811215082	1008.23779297	42.837928772	30.7241821289
150.811215082	1008.23779297	42.837928772	30.7241821289
150.811215083	1008.23779297	42.837928772	30.7241821289
150.811215083	1008.23779297	42.837928772	30.7241821289
150.811215083	1008.23779297	42.837928772	30.7241821289
150.811215083	1008.23779297	42.837928772	30.7241821289
150.811215084	1008.23779297	42.837928772	30.7241821289
150.811215084	1008.2409668	42.837928772	30.7241821289
150.811215084	1008.2409668	42.837928772	30.7241821289
150.811215084	1008.2409668	42.837928772	30.7241821289
150.811215085	1008.2409668	42.837928772	30.7241821289
150.811215085	1008.2409668	42.837928772	30.7241821289
150.811215085	1008.2409668	42.837928772	30.7241821289
150.811215085	1008.2409668	42.837928772	30.7241821289
150.811215085	1008.2409668	42.837928772	30.7241821289
150.811215086	1008.2409668	42.837928772	30.7241821289
150.811215086	1008.2409668	42.837928772	30.7241821289
150.811215086	1008.2409668	42.837928772	30.7241821289
150.811215086	1008.2409668	42.837928772	30.7241821289
150.811215087	1008.2409668	42.837928772	30.7241821289
150.811215087	1008.2409668	42.837928772	30.7241821289
150.811215087	1008.2409668	42.837928772	30.7241821289
150.811215087	1008.2409668	42.837928772	30.7241821289
150.811215087	1008.2409668	42.837928772	30.7241821289
150.811215088	1008.2409668	42.837928772	30.7241821289
150.811215088	1008.23974609	42.837928772	30.7241821289
150.811215088	1008.23974609	42.837928772	30.7241821289
150.811215089	1008.23974609	42.837928772	30.7241821289
150.811215089	1008.23974609	42.837928772	30.7241821289
150.811215089	1008.23974609	42.837928772	30.6885604858
150.811215089	1008.23974609	40.7471389771	30.6885604858
150.81121509	1008.23974609	40.7471389771	30.6885604858
150.81121509	1008.23974609	40.7471389771	30.6885604858
150.81121509	1008.23974609	40.7471389771	30.6885604858
150.81121509	1008.23974609	40.7471389771	30.6885604858
150.81121509	1008.23974609	40.7471389771	30.6885604858
150.811215091	1008.23974609	40.7471389771	30.6885604858
150.811215091	1008.23974609	40.7471389771	30.6885604858
150.811215091	1008.23974609	40.7471389771	30.6885604858
150.811215091	1008.23974609	40.7471389771	30.6885604858
150.811215092	1008.23974609	40.7471389771	30.6885604858
150.811215092	1008.23974609	40.7471389771	30.6885604858
150.811215092	1008.2421875	40.7471389771	30.6885604858
150.811215092	1008.2421875	40.7471389771	30.6885604858
150.811215093	1008.2421875	40.7471389771	30.6885604858
150.811215093	1008.2421875	40.7471389771	30.6885604858
150.811215093	1008.2421875	40.7471389771	30.6885604858
150.811215093	1008.2421875	40.7471389771	30.6885604858
150.811215094	1008.2421875	40.7471389771	30.6885604858
150.811215094	1008.2421875	40.7471389771	30.6885604858
150.811215094	1008.2421875	40.7471389771	30.6885604858
150.811215094	1008.2421875	40.7471389771	30.6885604858
150.811215094	1008.2421875	40.7471389771	30.6885604858
150.811215095	1008.2421875	40.7471389771	30.6885604858
150.811215095	1008.2421875	40.7471389771	30.6885604858
150.811215095	1008.2421875	40.7471389771	30.6885604858
150.811215095	1008.2421875	40.7471389771	30.6885604858
150.811215096	1008.2421875	40.7471389771	30.6885604858
150.811215096	1008.2421875	40.7471389771	30.6885604858
150.811215096	1008.23828125	40.7471389771	30.6885604858
150.811215096	1008.23828125	40.7471389771	30.6885604858
150.811215097	1008.23828125	40.7471389771	30.6885604858
150.811215097	1008.23828125	40.7471389771	30.6707515717
150.811215097	1008.23828125	38.9634284973	30.6707515717
150.811215097	1008.23828125	38.9634284973	30.6707515717
150.811215098	1008.23828125	38.9634284973	30.6707515717
150.811215098	1008.23828125	38.9634284973	30.6707515717
150.811215098	1008.23828125	38.9634284973	30.6707515717
150.811215098	1008.23828125	38.9634284973	30.6707515717
150.811215099	1008.23828125	38.9634284973	30.6707515717
150.811215099	1008.23828125	38.9634284973	30.6707515717
150.811215099	1008.23828125	38.9634284973	30.6707515717
150.811215099	1008.23828125	38.9634284973	30.6707515717
150.811215099	1008.23828125	38.9634284973	30.6707515717
150.8112151	1008.23828125	38.9634284973	30.6707515717
150.8112151	1008.23828125	38.9634284973	30.6707515717
150.8112151	1008.23925781	38.9634284973	30.6707515717
150.811215101	1008.23925781	38.9634284973	30.6707515717
150.811215101	1008.23925781	38.9634284973	30.6707515717
150.811215101	1008.23925781	38.9634284973	30.6707515717
150.811215101	1008.23925781	38.9634284973	30.6707515717
150.811215101	1008.23925781	38.9634284973	30.6707515717
150.811215102	1008.23925781	38.9634284973	30.6707515717
150.811215102	1008.23925781	38.9634284973	30.6707515717
150.811215102	1008.23925781	38.9634284973	30.6707515717
150.811215102	1008.23925781	38.9634284973	30.6707515717
150.811215103	1008.23925781	38.9634284973	30.6707515717
150.811215103	1008.23925781	38.9634284973	30.6707515717
150.811215103	1008.23925781	38.9634284973	30.6707515717
150.811215103	1008.23925781	38.9634284973	30.6707515717
150.811215103	1008.23925781	38.9634284973	30.6707515717
150.811215104	1008.23925781	38.9634284973	30.6707515717
150.811215104	1008.23925781	38.9634284973	30.6707515717
150.811215104	1008.23925781	38.9634284973	30.6707515717
150.811215104	1008.24169922	38.9634284973	30.6707515717
150.811215105	1008.24169922	38.9634284973	30.795425415
150.811215105	1008.24169922	39.3489189148	30.795425415
150.811215105	1008.24169922	39.3489189148	30.795425415
150.811215105	1008.24169922	39.3489189148	30.795425415
150.811215106	1008.24169922	39.3489189148	30.795425415
150.811215106	1008.24169922	39.3489189148	30.795425415
150.811215106	1008.24169922	39.3489189148	30.795425415
150.811215106	1008.24169922	39.3489189148	30.795425415
150.811215107	1008.24169922	39.3489189148	30.795425415
150.811215107	1008.24169922	39.3489189148	30.795425415
150.811215107	1008.24169922	39.3489189148	30.795425415
150.811215107	1008.24169922	39.3489189148	30.795425415
150.811215107	1008.24169922	39.3489189148	30.795425415
150.811215108	1008.24169922	39.3489189148	30.795425415
150.811215108	1008.24169922	39.3489189148	30.795425415
150.811215108	1008.24169922	39.3489189148	30.795425415
150.811215108	1008.24291992	39.3489189148	30.795425415
150.811215109	1008.24291992	39.3489189148	30.795425415
150.811215109	1008.24291992	39.3489189148	30.795425415
150.811215109	1008.24291992	39.3489189148	30.795425415
150.811215109	1008.24291992	39.3489189148	30.795425415
150.81121511	1008.24291992	39.3489189148	30.795425415
150.81121511	1008.24291992	39.3489189148	30.795425415
150.81121511	1008.24291992	39.3489189148	30.795425415
150.81121511	1008.24291992	39.3489189148	30.795425415
150.811215111	1008.24291992	39.3489189148	30.795425415
150.811215111	1008.24291992	39.3489189148	30.795425415
150.811215111	1008.24291992	39.3489189148	30.795425415
150.811215111	1008.24291992	39.3489189148	30.795425415
150.811215111	1008.24291992	39.3489189148	30.795425415
150.811215112	1008.24291992	39.3489189148	30.795425415
150.811215112	1008.24291992	39.3489189148	30.795425415
150.811215112	1008.24291992	39.3489189148	30.795425415
150.811215112	1008.24291992	39.3489189148	30.795425415
150.811215113	1008.24072266	39.3489189148	30.6173210144
150.811215113	1008.24072266	41.4135780334	30.6173210144
150.811215113	1008.24072266	41.4135780334	30.6173210144
150.811215114	1008.24072266	41.4135780334	30.6173210144
150.811215114	1008.24072266	41.4135780334	30.6173210144
150.811215114	1008.24072266	41.4135780334	30.6173210144
150.811215114	1008.24072266	41.4135780334	30.6173210144
150.811215114	1008.24072266	41.4135780334	30.6173210144
150.811215115	1008.24072266	41.4135780334	30.6173210144
150.811215115	1008.24072266	41.4135780334	30.6173210144
150.811215115	1008.24072266	41.4135780334	30.6173210144
150.811215115	1008.24072266	41.4135780334	30.6173210144
150.811215116	1008.24072266	41.4135780334	30.6173210144
150.811215116	1008.24072266	41.4135780334	30.6173210144
150.811215116	1008.24072266	41.4135780334	30.6173210144
150.811215116	1008.24072266	41.4135780334	30.6173210144
150.811215116	1008.24072266	41.4135780334	30.6173210144
150.811215117	1008.24047852	41.4135780334	30.6173210144
150.811215117	1008.24047852	41.4135780334	30.6173210144
150.811215117	1008.24047852	41.4135780334	30.6173210144
150.811215118	1008.24047852	41.4135780334	30.6173210144
150.811215118	1008.24047852	41.4135780334	30.6173210144
150.811215118	1008.24047852	41.4135780334	30.6173210144
150.811215118	1008.24047852	41.4135780334	30.6173210144
150.811215118	1008.24047852	41.4135780334	30.6173210144
150.811215119	1008.24047852	41.4135780334	30.6173210144
150.811215119	1008.24047852	41.4135780334	30.6173210144
150.811215119	1008.24047852	41.4135780334	30.6173210144
150.811215119	1008.24047852	41.4135780334	30.6173210144
150.81121512	1008.24047852	41.4135780334	30.6173210144
150.81121512	1008.24047852	41.4135780334	30.6173210144
150.81121512	1008.24047852	41.4135780334	30.6173210144
150.81121512	1008.24047852	41.4135780334	30.6173210144
150.81121512	1008.24047852	41.4135780334	30.7419929504
150.811215121	1008.24414062	40.2342376709	30.7419929504
150.811215121	1008.24414062	40.2342376709	30.7419929504
150.811215121	1008.24414062	40.2342376709	30.7419929504
150.811215122	1008.24414062	40.2342376709	30.7419929504
150.811215122	1008.24414062	40.2342376709	30.7419929504
150.811215122	1008.24414062	40.2342376709	30.7419929504
150.811215122	1008.24414062	40.2342376709	30.7419929504
150.811215123	1008.24414062	40.2342376709	30.7419929504
150.811215123	1008.24414062	40.2342376709	30.7419929504
150.811215123	1008.24414062	40.2342376709	30.7419929504
150.811215123	1008.24414062	40.2342376709	30.7419929504
150.811215123	1008.24414062	40.2342376709	30.7419929504
150.811215124	1008.24414062	40.2342376709	30.7419929504
150.811215124	1008.24414062	40.2342376709	30.7419929504
150.811215124	1008.24414062	40.2342376709	30.7419929504
150.811215124	1008.24414062	40.2342376709	30.7419929504
150.811215125	1008.24414062	40.2342376709	30.7419929504
150.811215125	1008.24511719	40.2342376709	30.7419929504
150.811215125	1008.24511719	40.2342376709	30.7419929504
150.811215125	1008.24511719	40.2342376709	30.7419929504
150.811215126	1008.24511719	40.2342376709	30.7419929504
150.811215126	1008.24511719	40.2342376709	30.7419929504
150.811215126	1008.24511719	40.2342376709	30.7419929504
150.811215126	1008.24511719	40.2342376709	30.7419929504
150.811215127	1008.24511719	40.2342376709	30.7419929504
150.811215127	1008.24511719	40.2342376709	30.7419929504
150.811215127	1008.24511719	40.2342376709	30.7419929504
150.811215127	1008.24511719	40.2342376709	30.7419929504
150.811215127	1008.24511719	40.2342376709	30.7419929504
150.811215128	1008.24511719	40.2342376709	30.7419929504
150.811215128	1008.24511719	40.2342376709	30.7419929504
150.811215128	1008.24511719	40.2342376709	30.7419929504
150.811215128	1008.24511719	40.2342376709	30.5460777283
150.811215129	1008.24511719	42.7660598755	30.5460777283
150.811215129	1008.24194336	42.7660598755	30.5460777283
150.811215129	1008.24194336	42.7660598755	30.5460777283
150.81121513	1008.24194336	42.7660598755	30.5460777283
150.81121513	1008.24194336	42.7660598755	30.5460777283
150.81121513	1008.24194336	42.7660598755	30.5460777283
150.81121513	1008.24194336	42.7660598755	30.5460777283
150.81121513	1008.24194336	42.7660598755	30.5460777283
150.811215131	1008.24194336	42.7660598755	30.5460777283
150.811215131	1008.24194336	42.7660598755	30.5460777283
150.811215131	1008.24194336	42.7660598755	30.5460777283
150.811215131	1008.24194336	42.7660598755	30.5460777283
150.811215131	1008.24194336	42.7660598755	30.5460777283
150.811215132	1008.24194336	42.7660598755	30.5460777283
150.811215132	1008.24194336	42.7660598755	30.5460777283
150.811215132	1008.24194336	42.7660598755	30.5460777283
150.811215132	1008.24194336	42.7660598755	30.5460777283
150.811215133	1008.24194336	42.7660598755	30.5460777283
150.811215133	1008.24194336	42.7660598755	30.5460777283
150.811215133	1008.23999023	42.7660598755	30.5460777283
150.811215133	1008.23999023	42.7660598755	30.5460777283
150.811215134	1008.23999023	42.7660598755	30.5460777283
150.811215134	1008.23999023	42.7660598755	30.5460777283
150.811215134	1008.23999023	42.7660598755	30.5460777283
150.811215134	1008.23999023	42.7660598755	30.5460777283
150.811215135	1008.23999023	42.7660598755	30.5460777283
150.811215135	1008.23999023	42.7660598755	30.5460777283
150.811215135	1008.23999023	42.7660598755	30.5460777283
150.811215135	1008.23999023	42.7660598755	30.5460777283
150.811215135	1008.23999023	42.7660598755	30.5460777283
150.811215136	1008.23999023	42.7660598755	30.5460777283
150.811215136	1008.23999023	42.7660598755	30.5460777283
150.811215136	1008.23999023	42.7660598755	30.6885604858
150.811215136	1008.23999023	38.8490905762	30.6885604858
150.811215137	1008.23999023	38.8490905762	30.6885604858
150.811215137	1008.23999023	38.8490905762	30.6885604858
150.811215137	1008.24560547	38.8490905762	30.6885604858
150.811215138	1008.24560547	38.8490905762	30.6885604858
150.811215138	1008.24560547	38.8490905762	30.6885604858
150.811215138	1008.24560547	38.8490905762	30.6885604858
150.811215138	1008.24560547	38.8490905762	30.6885604858
150.811215138	1008.24560547	38.8490905762	30.6885604858
150.811215139	1008.24560547	38.8490905762	30.6885604858
150.811215139	1008.24560547	38.8490905762	30.6885604858
150.811215139	1008.24560547	38.8490905762	30.6885604858
150.811215139	1008.24560547	38.8490905762	30.6885604858
150.81121514	1008.24560547	38.8490905762	30.6885604858
150.81121514	1008.24560547	38.8490905762	30.6885604858
150.81121514	1008.24560547	38.8490905762	30.6885604858
150.81121514	1008.24560547	38.8490905762	30.6885604858
150.81121514	1008.24560547	38.8490905762	30.6885604858
150.811215141	1008.24560547	38.8490905762	30.6885604858
150.811215141	1008.24560547	38.8490905762	30.6885604858
150.811215141	1008.24560547	38.8490905762	30.6885604858
150.811215141	1008.24780273	38.8490905762	30.6885604858
150.811215142	1008.24780273	38.8490905762	30.6885604858
150.811215142	1008.24780273	38.8490905762	30.6885604858
150.811215142	1008.24780273	38.8490905762	30.6885604858
150.811215142	1008.24780273	38.8490905762	30.6885604858
150.811215143	1008.24780273	38.8490905762	30.6885604858
150.811215143	1008.24780273	38.8490905762	30.6885604858
150.811215143	1008.24780273	38.8490905762	30.6885604858
150.811215143	1008.24780273	38.8490905762	30.6885604858
150.811215144	1008.24780273	38.8490905762	30.6885604858
150.811215144	1008.24780273	38.8490905762	30.6885604858
150.811215144	1008.24780273	38.8490905762	30.7776145935
150.811215144	1008.24780273	41.7402648926	30.7776145935
150.811215145	1008.24780273	41.7402648926	30.7776145935
150.811215145	1008.24780273	41.7402648926	30.7776145935
150.811215145	1008.24780273	41.7402648926	30.7776145935
150.811215145	1008.24780273	41.7402648926	30.7776145935
150.811215145	1008.24780273	41.7402648926	30.7776145935
150.811215146	1008.24780273	41.7402648926	30.7776145935
150.811215146	1008.24780273	41.7402648926	30.7776145935
150.811215146	1008.24780273	41.7402648926	30.7776145935
150.811215147	1008.24780273	41.7402648926	30.7776145935
150.811215147	1008.24780273	41.7402648926	30.7776145935
150.811215147	1008.24780273	41.7402648926	30.7776145935
150.811215147	1008.24780273	41.7402648926	30.7776145935
150.811215147	1008.24780273	41.7402648926	30.7776145935
150.811215148	1008.24780273	41.7402648926	30.7776145935
150.811215148	1008.24780273	41.7402648926	30.7776145935
150.811215148	1008.24780273	41.7402648926	30.7776145935
150.811215148	1008.24780273	41.7402648926	30.7776145935
150.811215149	1008.24780273	41.7402648926	30.7776145935
150.811215149	1008.24780273	41.7402648926	30.7776145935
150.811215149	1008.24780273	41.7402648926	30.7776145935
150.811215149	1008.24780273	41.7402648926	30.7776145935
150.811215149	1008.24438477	41.7402648926	30.7776145935
150.81121515	1008.24438477	41.7402648926	30.7776145935
150.81121515	1008.24438477	41.7402648926	30.7776145935
150.81121515	1008.24438477	41.7402648926	30.7776145935
150.81121515	1008.24438477	41.7402648926	30.7776145935
150.811215151	1008.24438477	41.7402648926	30.7776145935
150.811215151	1008.24438477	41.7402648926	30.7776145935
150.811215151	1008.24438477	41.7402648926	30.7776145935
150.811215151	1008.24438477	41.7402648926	30.7776145935
150.811215152	1008.24438477	41.7402648926	30.7776145935
150.811215152	1008.24438477	41.7402648926	30.759803772
150.811215152	1008.24438477	38.6824798584	30.759803772
150.811215152	1008.24438477	38.6824798584	30.759803772
150.811215153	1008.24438477	38.6824798584	30.759803772
150.811215153	1008.24438477	38.6824798584	30.759803772
150.811215153	1008.24438477	38.6824798584	30.759803772
150.811215153	1008.24438477	38.6824798584	30.759803772
150.811215154	1008.24023438	38.6824798584	30.759803772
150.811215154	1008.24023438	38.6824798584	30.759803772
150.811215154	1008.24023438	38.6824798584	30.759803772
150.811215154	1008.24023438	38.6824798584	30.759803772
150.811215155	1008.24023438	38.6824798584	30.759803772
150.811215155	1008.24023438	38.6824798584	30.759803772
150.811215155	1008.24023438	38.6824798584	30.759803772
150.811215155	1008.24023438	38.6824798584	30.759803772
150.811215155	1008.24023438	38.6824798584	30.759803772
150.811215156	1008.24023438	38.6824798584	30.759803772
150.811215156	1008.24023438	38.6824798584	30.759803772
150.811215156	1008.24023438	38.6824798584	30.759803772
150.811215156	1008.24023438	38.6824798584	30.759803772
150.811215157	1008.24023438	38.6824798584	30.759803772
150.811215157	1008.24023438	38.6824798584	30.759803772
150.811215157	1008.24023438	38.6824798584	30.759803772
150.811215157	1008.24023438	38.6824798584	30.759803772
150.811215157	1008.24023438	38.6824798584	30.759803772
150.811215158	1008.2409668	38.6824798584	30.759803772
150.811215158	1008.2409668	38.6824798584	30.759803772
150.811215158	1008.2409668	38.6824798584	30.759803772
150.811215159	1008.2409668	38.6824798584	30.759803772
150.811215159	1008.2409668	38.6824798584	30.759803772
150.811215159	1008.2409668	38.6824798584	30.759803772
150.811215159	1008.2409668	38.6824798584	30.759803772
150.811215159	1008.2409668	38.6824798584	30.759803772
150.81121516	1008.2409668	38.6824798584	30.7241821289
150.81121516	1008.2409668	43.5795097351	30.7241821289
150.81121516	1008.2409668	43.5795097351	30.7241821289
150.811215161	1008.2409668	43.5795097351	30.7241821289
150.811215161	1008.2409668	43.5795097351	30.7241821289
150.811215161	1008.2409668	43.5795097351	30.7241821289
150.811215161	1008.2409668	43.5795097351	30.7241821289
150.811215161	1008.2409668	43.5795097351	30.7241821289
150.811215162	1008.2409668	43.5795097351	30.7241821289
150.811215162	1008.2409668	43.5795097351	30.7241821289
150.811215162	1008.2409668	43.5795097351	30.7241821289
150.811215162	1008.2409668	43.5795097351	30.7241821289
150.811215163	1008.2409668	43.5795097351	30.7241821289
150.811215163	1008.2409668	43.5795097351	30.7241821289
150.811215163	1008.2409668	43.5795097351	30.7241821289
150.811215163	1008.2409668	43.5795097351	30.7241821289
150.811215164	1008.2409668	43.5795097351	30.7241821289
150.811215164	1008.2409668	43.5795097351	30.7241821289
150.811215164	1008.2409668	43.5795097351	30.7241821289
150.811215164	1008.2409668	43.5795097351	30.7241821289
150.811215164	1008.2409668	43.5795097351	30.7241821289
150.811215165	1008.2409668	43.5795097351	30.7241821289
150.811215165	1008.2409668	43.5795097351	30.7241821289
150.811215165	1008.2409668	43.5795097351	30.7241821289
150.811215165	1008.2409668	43.5795097351	30.7241821289
150.811215166	1008.2409668	43.5795097351	30.7241821289
150.811215166	1008.2409668	43.5795097351	30.7241821289
150.811215166	1008.23950195	43.5795097351	30.7241821289
150.811215166	1008.23950195	43.5795097351	30.7241821289
150.811215167	1008.23950195	43.5795097351	30.7241821289
150.811215167	1008.23950195	43.5795097351	30.7241821289
150.811215167	1008.23950195	43.5795097351	30.7241821289
150.811215167	1008.23950195	43.5795097351	30.7241821289
150.811215168	1008.23950195	43.5795097351	30.7241821289
150.811215168	1008.23950195	42.7007217407	30.7241821289
150.811215168	1008.23950195	42.7007217407	30.7241821289
150.811215168	1008.23950195	42.7007217407	30.7241821289
150.811215169	1008.23950195	42.7007217407	30.7241821289
150.811215169	1008.23950195	42.7007217407	30.7241821289
150.811215169	1008.23950195	42.7007217407	30.7241821289
150.811215169	1008.23950195	42.7007217407	30.7241821289
150.811215169	1008.23950195	42.7007217407	30.7241821289
150.81121517	1008.23950195	42.7007217407	30.7241821289
150.81121517	1008.23950195	42.7007217407	30.7241821289
150.81121517	1008.23925781	42.7007217407	30.7241821289
150.811215171	1008.23925781	42.7007217407	30.7241821289
150.811215171	1008.23925781	42.7007217407	30.7241821289
150.811215171	1008.23925781	42.7007217407	30.7241821289
150.811215171	1008.23925781	42.7007217407	30.7241821289
150.811215171	1008.23925781	42.7007217407	30.7241821289
150.811215172	1008.23925781	42.7007217407	30.7241821289
150.811215172	1008.23925781	42.7007217407	30.7241821289
150.811215172	1008.23925781	42.7007217407	30.7241821289
150.811215172	1008.23925781	42.7007217407	30.7241821289
150.811215173	1008.23925781	42.7007217407	30.7241821289
150.811215173	1008.23925781	42.7007217407	30.7241821289
150.811215173	1008.23925781	42.7007217407	30.7241821289
150.811215173	1008.23925781	42.7007217407	30.7241821289
150.811215173	1008.23925781	42.7007217407	30.7241821289
150.811215174	1008.23925781	42.7007217407	30.7241821289
150.811215174	1008.23925781	42.7007217407	30.7241821289
150.811215174	1008.23828125	42.7007217407	30.7241821289
150.811215175	1008.23828125	42.7007217407	30.7241821289
150.811215175	1008.23828125	42.7007217407	30.7241821289
150.811215175	1008.23828125	42.7007217407	30.7241821289
150.811215175	1008.23828125	42.7007217407	30.7241821289
150.811215175	1008.23828125	42.7007217407	30.7063713074
150.811215176	1008.23828125	40.5837936401	30.7063713074
150.811215176	1008.23828125	40.5837936401	30.7063713074
150.811215176	1008.23828125	40.5837936401	30.7063713074
150.811215176	1008.23828125	40.5837936401	30.7063713074
150.811215177	1008.23828125	40.5837936401	30.7063713074
150.811215177	1008.23828125	40.5837936401	30.7063713074
150.811215177	1008.23828125	40.5837936401	30.7063713074
150.811215177	1008.23828125	40.5837936401	30.7063713074
150.811215178	1008.23828125	40.5837936401	30.7063713074
150.811215178	1008.23828125	40.5837936401	30.7063713074
150.811215178	1008.23828125	40.5837936401	30.7063713074
150.811215178	1008.23364258	40.5837936401	30.7063713074
150.811215179	1008.23364258	40.5837936401	30.7063713074
150.811215179	1008.23364258	40.5837936401	30.7063713074
150.811215179	1008.23364258	40.5837936401	30.7063713074
150.811215179	1008.23364258	40.5837936401	30.7063713074
150.81121518	1008.23364258	40.5837936401	30.7063713074
150.81121518	1008.23364258	40.5837936401	30.7063713074
150.81121518	1008.23364258	40.5837936401	30.7063713074
150.81121518	1008.23364258	40.5837936401	30.7063713074
150.81121518	1008.23364258	40.5837936401	30.7063713074
150.811215181	1008.23364258	40.5837936401	30.7063713074
150.811215181	1008.23364258	40.5837936401	30.7063713074
150.811215181	1008.23364258	40.5837936401	30.7063713074
150.811215181	1008.23364258	40.5837936401	30.7063713074
150.811215182	1008.23364258	40.5837936401	30.7063713074
150.811215182	1008.23364258	40.5837936401	30.7063713074
150.811215182	1008.23364258	40.5837936401	30.7063713074
150.811215182	1008.23364258	40.5837936401	30.7063713074
150.811215182	1008.2331543	40.5837936401	30.7063713074
150.811215183	1008.2331543	40.5837936401	30.7063713074
150.811215183	1008.2331543	40.5837936401	30.7063713074
150.811215183	1008.2331543	40.5837936401	30.7241821289
150.811215184	1008.2331543	39.7180747986	30.7241821289
150.811215184	1008.2331543	39.7180747986	30.7241821289
150.811215184	1008.2331543	39.7180747986	30.7241821289
150.811215184	1008.2331543	39.7180747986	30.7241821289
150.811215185	1008.2331543	39.7180747986	30.7241821289
150.811215185	1008.2331543	39.7180747986	30.7241821289
150.811215185	1008.2331543	39.7180747986	30.7241821289
150.811215185	1008.2331543	39.7180747986	30.7241821289
150.811215185	1008.2331543	39.7180747986	30.7241821289
150.811215186	1008.2331543	39.7180747986	30.7241821289
150.811215186	1008.2331543	39.7180747986	30.7241821289
150.811215186	1008.2331543	39.7180747986	30.7241821289
150.811215186	1008.2331543	39.7180747986	30.7241821289
150.811215187	1008.22900391	39.7180747986	30.7241821289
150.811215187	1008.22900391	39.7180747986	30.7241821289
150.811215187	1008.22900391	39.7180747986	30.7241821289
150.811215187	1008.22900391	39.7180747986	30.7241821289
150.811215188	1008.22900391	39.7180747986	30.7241821289
150.811215188	1008.22900391	39.7180747986	30.7241821289
150.811215188	1008.22900391	39.7180747986	30.7241821289
150.811215188	1008.22900391	39.7180747986	30.7241821289
150.811215188	1008.22900391	39.7180747986	30.7241821289
150.811215189	1008.22900391	39.7180747986	30.7241821289
150.811215189	1008.22900391	39.7180747986	30.7241821289
150.811215189	1008.22900391	39.7180747986	30.7241821289
150.811215189	1008.22900391	39.7180747986	30.7241821289
150.81121519	1008.22900391	39.7180747986	30.7241821289
150.81121519	1008.22900391	39.7180747986	30.7241821289
150.81121519	1008.22900391	39.7180747986	30.7241821289
150.81121519	1008.22900391	39.7180747986	30.7241821289
150.81121519	1008.22436523	39.7180747986	30.7241821289
150.811215191	1008.22436523	39.7180747986	30.7241821289
150.811215191	1008.22436523	39.7180747986	30.7776145935
150.811215191	1008.22436523	38.8654212952	30.7776145935
150.811215192	1008.22436523	38.8654212952	30.7776145935
150.811215192	1008.22436523	38.8654212952	30.7776145935
150.811215192	1008.22436523	38.8654212952	30.7776145935
150.811215192	1008.22436523	38.8654212952	30.7776145935
150.811215193	1008.22436523	38.8654212952	30.7776145935
150.811215193	1008.22436523	38.8654212952	30.7776145935
150.811215193	1008.22436523	38.8654212952	30.7776145935
150.811215193	1008.22436523	38.8654212952	30.7776145935
150.811215194	1008.22436523	38.8654212952	30.7776145935
150.811215194	1008.22436523	38.8654212952	30.7776145935
150.811215194	1008.22436523	38.8654212952	30.7776145935
150.811215194	1008.22436523	38.8654212952	30.7776145935
150.811215194	1008.22436523	38.8654212952	30.7776145935
150.811215195	1008.22119141	38.8654212952	30.7776145935
150.811215195	1008.22119141	38.8654212952	30.7776145935
150.811215195	1008.22119141	38.8654212952	30.7776145935
150.811215195	1008.22119141	38.8654212952	30.7776145935
150.811215196	1008.22119141	38.8654212952	30.7776145935
150.811215196	1008.22119141	38.8654212952	30.7776145935
150.811215196	1008.22119141	38.8654212952	30.7776145935
150.811215196	1008.22119141	38.8654212952	30.7776145935
150.811216211	1009.10107422	38.5264701843	31.3103141785
150.811216212	1009.10107422	38.5264701843	31.3103141785
150.811216212	1009.10473633	38.5264701843	31.3103141785
150.811216213	1009.10473633	38.5264701843	31.3103141785
150.811216213	1009.10473633	38.5264701843	31.3103141785
150.811216213	1009.10473633	38.5264701843	31.3103141785
150.811216213	1009.10473633	38.5264701843	31.3103141785
150.811216215	1009.10473633	38.5264701843	31.3103141785
150.811216215	1009.10473633	38.5264701843	31.3103141785
150.811216215	1009.10473633	38.5264701843	31.3103141785
150.811216215	1009.10473633	38.5264701843	31.3103141785
150.811216216	1009.10473633	38.5264701843	31.3103141785
150.811216216	1009.10473633	40.3694915771	31.3103141785
150.811216216	1009.10473633	40.3694915771	31.3103141785
150.811216217	1009.10424805	40.3694915771	31.3103141785
150.811216217	1009.10424805	40.3694915771	31.3103141785
150.811216217	1009.10424805	40.3694915771	31.3103141785
150.811216217	1009.10424805	40.3694915771	31.3103141785
150.811216218	1009.10424805	40.3694915771	31.3103141785
150.811216218	1009.10424805	40.3694915771	31.3103141785
150.811216218	1009.10424805	40.3694915771	31.3103141785
150.811216218	1009.10424805	40.3694915771	31.3103141785
150.811216218	1009.10424805	40.3694915771	31.3103141785
150.811216219	1009.10424805	40.3694915771	31.3103141785
150.811216219	1009.10424805	40.3694915771	31.3103141785
150.81121622	1009.10424805	40.3694915771	31.3103141785
150.81121622	1009.10424805	40.3694915771	31.3103141785
150.81121622	1009.10083008	40.3694915771	31.3103141785
150.811216221	1009.10083008	40.3694915771	31.3103141785
150.811216221	1009.10083008	40.3694915771	31.3103141785
150.811216221	1009.10083008	40.3694915771	31.3103141785
150.811216221	1009.10083008	40.3694915771	31.3103141785
150.811216222	1009.10083008	40.3694915771	31.3103141785
150.811216222	1009.10083008	40.3694915771	31.3103141785
150.811216222	1009.10083008	40.3694915771	31.3103141785
150.811216222	1009.10083008	40.3694915771	31.3103141785
150.811216223	1009.10083008	40.3694915771	31.3103141785
150.811216223	1009.10083008	40.3694915771	31.3103141785
150.811216223	1009.10083008	40.3694915771	31.3103141785
150.811216223	1009.10083008	40.3694915771	31.3103141785
150.811216223	1009.10083008	40.3694915771	31.3103141785
150.811216224	1009.10083008	40.3694915771	31.2920036316
150.811216224	1009.10083008	40.1021842957	31.2920036316
150.811216224	1009.10083008	40.1021842957	31.2920036316
150.811216225	1009.10058594	40.1021842957	31.2920036316
150.811216225	1009.10058594	40.1021842957	31.2920036316
150.811216225	1009.10058594	40.1021842957	31.2920036316
150.811216225	1009.10058594	40.1021842957	31.2920036316
150.811216226	1009.10058594	40.1021842957	31.2920036316
150.811216226	1009.10058594	40.1021842957	31.2920036316
150.811216226	1009.10058594	40.1021842957	31.2920036316
150.811216226	1009.10058594	40.1021842957	31.2920036316
150.811216227	1009.10058594	40.1021842957	31.2920036316
150.811216227	1009.10058594	40.1021842957	31.2920036316
150.811216227	1009.10058594	40.1021842957	31.2920036316
150.811216227	1009.10058594	40.1021842957	31.2920036316
150.811216227	1009.10058594	40.1021842957	31.2920036316
150.811216228	1009.10058594	40.1021842957	31.2920036316
150.811216228	1009.10058594	40.1021842957	31.2920036316
150.811216228	1009.10058594	40.1021842957	31.2920036316
150.811216228	1009.10058594	40.1021842957	31.2920036316
150.811216229	1009.10058594	40.1021842957	31.2920036316
150.811216229	1009.10205078	40.1021842957	31.2920036316
150.811216229	1009.10205078	40.1021842957	31.2920036316
150.811216229	1009.10205078	40.1021842957	31.2920036316
150.81121623	1009.10205078	40.1021842957	31.2920036316
150.81121623	1009.10205078	40.1021842957	31.2920036316
150.81121623	1009.10205078	40.1021842957	31.2920036316
150.81121623	1009.10205078	40.1021842957	31.2920036316
150.81121623	1009.10205078	40.1021842957	31.2920036316
150.811216231	1009.10205078	40.1021842957	31.2920036316
150.811216231	1009.10205078	40.1021842957	31.2920036316
150.811216231	1009.10205078	40.1021842957	31.2920036316
150.811216231	1009.10205078	40.1021842957	31.2920036316
150.811216232	1009.10205078	40.1021842957	31.2920036316
150.811216232	1009.10205078	40.1021842957	31.3103141785
150.811216232	1009.10205078	36.4055900574	31.3103141785
150.811216232	1009.10205078	36.4055900574	31.3103141785
150.811216233	1009.10180664	36.4055900574	31.3103141785
150.811216233	1009.10180664	36.4055900574	31.3103141785
150.811216233	1009.10180664	36.4055900574	31.3103141785
150.811216234	1009.10180664	36.4055900574	31.3103141785
150.811216234	1009.10180664	36.4055900574	31.3103141785
150.811216234	1009.10180664	36.4055900574	31.3103141785
150.811216234	1009.10180664	36.4055900574	31.3103141785
150.811216234	1009.10180664	36.4055900574	31.3103141785
150.811216235	1009.10180664	36.4055900574	31.3103141785
150.811216235	1009.10180664	36.4055900574	31.3103141785
150.811216235	1009.10180664	36.4055900574	31.3103141785
150.811216235	1009.10180664	36.4055900574	31.3103141785
150.811216236	1009.10180664	36.4055900574	31.3103141785
150.811216236	1009.10180664	36.4055900574	31.3103141785
150.811216236	1009.10180664	36.4055900574	31.3103141785
150.811216236	1009.10180664	36.4055900574	31.3103141785
150.811216236	1009.10180664	36.4055900574	31.3103141785
150.811216237	1009.10180664	36.4055900574	31.3103141785
150.811216237	1009.10302734	36.4055900574	31.3103141785
150.811216237	1009.10302734	36.4055900574	31.3103141785
150.811216237	1009.10302734	36.4055900574	31.3103141785
150.811216238	1009.10302734	36.4055900574	31.3103141785
150.811216238	1009.10302734	36.4055900574	31.3103141785
150.811216238	1009.10302734	36.4055900574	31.3103141785
150.811216238	1009.10302734	36.4055900574	31.3103141785
150.811216239	1009.10302734	36.4055900574	31.3103141785
150.811216239	1009.10302734	36.4055900574	31.3103141785
150.811216239	1009.10302734	36.4055900574	31.3103141785
150.811216239	1009.10302734	36.4055900574	31.3103141785
150.811216239	1009.10302734	36.4055900574	31.3103141785
150.81121624	1009.10302734	36.4055900574	31.3103141785
150.81121624	1009.10302734	36.4055900574	31.2553749084
150.81121624	1009.10302734	36.4583473206	31.2553749084
150.811216241	1009.10302734	36.4583473206	31.2553749084
150.811216241	1009.10107422	36.4583473206	31.2553749084
150.811216241	1009.10107422	36.4583473206	31.2553749084
150.811216241	1009.10107422	36.4583473206	31.2553749084
150.811216242	1009.10107422	36.4583473206	31.2553749084
150.811216242	1009.10107422	36.4583473206	31.2553749084
150.811216242	1009.10107422	36.4583473206	31.2553749084
150.811216242	1009.10107422	36.4583473206	31.2553749084
150.811216243	1009.10107422	36.4583473206	31.2553749084
150.811216243	1009.10107422	36.4583473206	31.2553749084
150.811216243	1009.10107422	36.4583473206	31.2553749084
150.811216243	1009.10107422	36.4583473206	31.2553749084
150.811216243	1009.10107422	36.4583473206	31.2553749084
150.811216244	1009.10107422	36.4583473206	31.2553749084
150.811216244	1009.10107422	36.4583473206	31.2553749084
150.811216244	1009.10107422	36.4583473206	31.2553749084
150.811216244	1009.10107422	36.4583473206	31.2553749084
150.811216246	1009.09985352	36.4583473206	31.2553749084
150.811216247	1009.09985352	36.4583473206	31.2553749084
150.811216247	1009.09985352	36.4583473206	31.2553749084
150.811216247	1009.09985352	36.4583473206	31.2553749084
150.811216247	1009.09985352	36.4583473206	31.2553749084
150.811216248	1009.09985352	36.4583473206	31.2553749084
150.811216248	1009.09985352	36.4583473206	31.2370624542
150.811216248	1009.09985352	38.0481300354	31.2370624542
150.811216249	1009.09985352	38.0481300354	31.2370624542
150.811216249	1009.09985352	38.0481300354	31.2370624542
150.811216249	1009.09814453	38.0481300354	31.2370624542
150.81121625	1009.09814453	38.0481300354	31.2370624542
150.81121625	1009.09814453	38.0481300354	31.2370624542
150.81121625	1009.09814453	38.0481300354	31.2370624542
150.81121625	1009.09814453	38.0481300354	31.2370624542
150.81121625	1009.09814453	38.0481300354	31.2370624542
150.811216251	1009.09814453	38.0481300354	31.2370624542
150.811216251	1009.09814453	38.0481300354	31.2370624542
150.811216251	1009.09814453	38.0481300354	31.2370624542
150.811216251	1009.09814453	38.0481300354	31.2370624542
150.811216252	1009.09814453	38.0481300354	31.2370624542
150.811216252	1009.09814453	38.0481300354	31.2370624542
150.811216252	1009.09814453	38.0481300354	31.2370624542
150.811216252	1009.09814453	38.0481300354	31.2370624542
150.811216253	1009.09814453	38.0481300354	31.2370624542
150.811216253	1009.09814453	38.0481300354	31.2370624542
150.811216253	1009.09814453	38.0481300354	31.2370624542
150.811216253	1009.09521484	38.0481300354	31.2370624542
150.811216254	1009.09521484	38.0481300354	31.2370624542
150.811216254	1009.09521484	38.0481300354	31.2370624542
150.811216254	1009.09521484	38.0481300354	31.2370624542
150.811216254	1009.09521484	38.0481300354	31.2370624542
150.811216255	1009.09521484	38.0481300354	31.2370624542
150.811216255	1009.09521484	38.0481300354	31.2370624542
150.811216255	1009.09521484	38.0481300354	31.2370624542
150.811216255	1009.09521484	38.0481300354	31.2370624542
150.811216256	1009.09521484	38.0481300354	31.2370624542
150.811216256	1009.09521484	38.0481300354	31.2370624542
150.811216256	1009.09521484	38.0481300354	31.27368927
150.811216256	1009.09521484	39.6590156555	31.27368927
150.811216257	1009.09521484	39.6590156555	31.27368927
150.811216257	1009.09521484	39.6590156555	31.27368927
150.811216257	1009.09521484	39.6590156555	31.27368927
150.811216257	1009.09521484	39.6590156555	31.27368927
150.811216257	1009.09521484	39.6590156555	31.27368927
150.811216257	1009.09936523	39.6590156555	31.27368927
150.811216257	1009.09936523	39.6590156555	31.27368927
150.811216258	1009.09936523	39.6590156555	31.27368927
150.811216258	1009.09936523	39.6590156555	31.27368927
150.811216258	1009.09936523	39.6590156555	31.27368927
150.811216258	1009.09936523	39.6590156555	31.27368927
150.811216258	1009.09936523	39.6590156555	31.27368927
150.811216258	1009.09936523	39.6590156555	31.27368927
150.811216258	1009.09936523	39.6590156555	31.27368927
150.811216259	1009.09936523	39.6590156555	31.27368927
150.811216259	1009.09936523	39.6590156555	31.27368927
150.811216259	1009.09936523	39.6590156555	31.27368927
150.811216259	1009.09936523	39.6590156555	31.27368927
150.811216259	1009.09936523	39.6590156555	31.27368927
150.811216259	1009.09936523	39.6590156555	31.27368927
150.811216259	1009.09936523	39.6590156555	31.27368927
150.81121626	1009.09936523	39.6590156555	31.27368927
150.81121626	1009.09936523	39.6590156555	31.27368927
150.81121626	1009.09936523	39.6590156555	31.27368927
150.81121626	1009.09936523	39.6590156555	31.27368927
150.81121626	1009.09936523	39.6590156555	31.27368927
150.81121626	1009.09936523	39.6590156555	31.27368927
150.811216261	1009.09936523	39.6590156555	31.27368927
150.811216261	1009.09936523	39.6590156555	31.27368927
150.811216261	1009.09936523	39.6590156555	31.27368927
150.811216261	1009.09936523	39.6590156555	31.27368927
150.811216261	1009.10107422	39.6590156555	31.27368927
150.811216261	1009.10107422	39.6590156555	31.27368927
150.811216262	1009.10107422	39.6590156555	31.27368927
150.811216262	1009.10107422	39.6590156555	31.27368927
150.811216262	1009.10107422	39.6590156555	31.27368927
150.811216262	1009.10107422	39.6590156555	31.27368927
150.811216262	1009.10107422	39.6590156555	31.27368927
150.811216262	1009.10107422	39.6590156555	31.27368927
150.811216262	1009.10107422	39.6590156555	31.27368927
150.811216263	1009.10107422	39.6590156555	31.27368927
150.811216263	1009.10107422	39.6590156555	31.27368927
150.811216263	1009.10107422	39.6590156555	31.27368927
150.811216263	1009.10107422	39.6590156555	31.27368927
150.811216263	1009.10107422	39.6590156555	31.27368927
150.811216263	1009.10107422	39.6590156555	31.27368927
150.811216263	1009.10107422	39.6590156555	31.27368927
150.811216264	1009.10107422	39.6590156555	31.27368927
150.811216264	1009.10107422	39.6590156555	31.27368927
150.811216264	1009.10107422	39.6590156555	31.27368927
150.811216264	1009.10107422	39.6590156555	31.2553749084
150.811216264	1009.10107422	39.6590156555	31.2553749084
150.811216264	1009.10107422	35.997592926	31.2553749084
150.811216265	1009.10107422	35.997592926	31.2553749084
150.811216265	1009.10107422	35.997592926	31.2553749084
150.811216265	1009.10107422	35.997592926	31.2553749084
150.811216265	1009.10107422	35.997592926	31.2553749084
150.811216265	1009.10107422	35.997592926	31.2553749084
150.811216265	1009.09545898	35.997592926	31.2553749084
150.811216266	1009.09545898	35.997592926	31.2553749084
150.811216266	1009.09545898	35.997592926	31.2553749084
150.811216266	1009.09545898	35.997592926	31.2553749084
150.811216266	1009.09545898	35.997592926	31.2553749084
150.811216266	1009.09545898	35.997592926	31.2553749084
150.811216266	1009.09545898	35.997592926	31.2553749084
150.811216266	1009.09545898	35.997592926	31.2553749084
150.811216266	1009.09545898	35.997592926	31.2553749084
150.811216267	1009.09545898	35.997592926	31.2553749084
150.811216267	1009.09545898	35.997592926	31.2553749084
150.811216267	1009.09545898	35.997592926	31.2553749084
150.811216267	1009.09545898	35.997592926	31.2553749084
150.811216267	1009.09545898	35.997592926	31.2553749084
150.811216267	1009.09545898	35.997592926	31.2553749084
150.811216267	1009.09545898	35.997592926	31.2553749084
150.811216268	1009.09545898	35.997592926	31.2553749084
150.811216268	1009.09545898	35.997592926	31.2553749084
150.811216268	1009.09545898	35.997592926	31.2553749084
150.811216268	1009.09545898	35.997592926	31.2553749084
150.811216268	1009.09545898	35.997592926	31.2553749084
150.811216268	1009.09545898	35.997592926	31.2553749084
150.811216268	1009.09545898	35.997592926	31.2553749084
150.811216269	1009.09545898	35.997592926	31.2553749084
150.811216269	1009.09545898	35.997592926	31.2553749084
150.811216269	1009.09545898	35.997592926	31.2553749084
150.811216269	1009.09545898	35.997592926	31.2553749084
150.811216269	1009.09545898	35.997592926	31.2553749084
150.811216269	1009.09545898	35.997592926	31.2553749084
150.811216269	1009.09594727	35.997592926	31.2553749084
150.81121627	1009.09594727	35.997592926	31.2553749084
150.81121627	1009.09594727	35.997592926	31.2553749084
150.81121627	1009.09594727	35.997592926	31.2553749084
150.81121627	1009.09594727	35.997592926	31.2553749084
150.81121627	1009.09594727	35.997592926	31.2553749084
150.81121627	1009.09594727	35.997592926	31.2553749084
150.81121627	1009.09594727	35.997592926	31.2553749084
150.811216271	1009.09594727	35.997592926	31.2553749084
150.811216271	1009.09594727	35.997592926	31.2553749084
150.811216271	1009.09594727	35.997592926	31.2553749084
150.811216271	1009.09594727	35.997592926	31.2553749084
150.811216271	1009.09594727	35.997592926	31.2553749084
150.811216271	1009.09594727	35.997592926	31.2553749084
150.811216271	1009.09594727	35.997592926	31.2553749084
150.811216271	1009.09594727	35.997592926	31.2553749084
150.811216272	1009.09594727	35.997592926	31.2553749084
150.811216272	1009.09594727	35.997592926	31.2553749084
150.811216272	1009.09594727	35.997592926	31.2553749084
150.811216272	1009.09594727	35.997592926	31.2553749084
150.811216272	1009.09594727	35.997592926	31.2553749084
150.811216272	1009.09594727	39.6414299011	31.2553749084
150.811216273	1009.09594727	39.6414299011	31.2553749084
150.811216273	1009.09594727	39.6414299011	31.2553749084
150.811216273	1009.09594727	39.6414299011	31.2553749084
150.811216273	1009.09594727	39.6414299011	31.2553749084
150.811216273	1009.09594727	39.6414299011	31.2553749084
150.811216273	1009.09594727	39.6414299011	31.2553749084
150.811216273	1009.09594727	39.6414299011	31.2553749084
150.811216274	1009.09570312	39.6414299011	31.2553749084
150.811216274	1009.09570312	39.6414299011	31.2553749084
150.811216274	1009.09570312	39.6414299011	31.2553749084
150.811216274	1009.09570312	39.6414299011	31.2553749084
150.811216274	1009.09570312	39.6414299011	31.2553749084
150.811216274	1009.09570312	39.6414299011	31.2553749084
150.811216274	1009.09570312	39.6414299011	31.2553749084
150.811216275	1009.09570312	39.6414299011	31.2553749084
150.811216275	1009.09570312	39.6414299011	31.2553749084
150.811216275	1009.09570312	39.6414299011	31.2553749084
150.811216275	1009.09570312	39.6414299011	31.2553749084
150.811216275	1009.09570312	39.6414299011	31.2553749084
150.811216275	1009.09570312	39.6414299011	31.2553749084
150.811216275	1009.09570312	39.6414299011	31.2553749084
150.811216276	1009.09570312	39.6414299011	31.2553749084
150.811216276	1009.09570312	39.6414299011	31.2553749084
150.811216276	1009.09570312	39.6414299011	31.2553749084
150.811216276	1009.09570312	39.6414299011	31.2553749084
150.811216276	1009.09570312	39.6414299011	31.2553749084
150.811216276	1009.09570312	39.6414299011	31.2553749084
150.811216276	1009.09570312	39.6414299011	31.2553749084
150.811216276	1009.09570312	39.6414299011	31.2553749084
150.811216277	1009.09570312	39.6414299011	31.2553749084
150.811216277	1009.09570312	39.6414299011	31.2553749084
150.811216277	1009.09570312	39.6414299011	31.2553749084
150.811216277	1009.09570312	39.6414299011	31.2553749084
150.811216277	1009.09570312	39.6414299011	31.2553749084
150.811216277	1009.09570312	39.6414299011	31.2553749084
150.811216277	1009.09570312	39.6414299011	31.2553749084
150.811216278	1009.10375977	39.6414299011	31.2553749084
150.811216278	1009.10375977	39.6414299011	31.2553749084
150.811216278	1009.10375977	39.6414299011	31.2553749084
150.811216278	1009.10375977	39.6414299011	31.2553749084
150.811216278	1009.10375977	39.6414299011	31.2553749084
150.811216278	1009.10375977	39.6414299011	31.2553749084
150.811216278	1009.10375977	39.6414299011	31.2553749084
150.811216279	1009.10375977	39.6414299011	31.2553749084
150.811216279	1009.10375977	39.6414299011	31.2553749084
150.811216279	1009.10375977	39.6414299011	31.2553749084
150.811216279	1009.10375977	39.6414299011	31.2553749084
150.811216279	1009.10375977	39.6414299011	31.2553749084
150.811216279	1009.10375977	39.6414299011	31.2553749084
150.811216279	1009.10375977	39.6414299011	31.2553749084
150.81121628	1009.10375977	39.6414299011	31.2553749084
150.81121628	1009.10375977	39.6414299011	31.2553749084
150.81121628	1009.10375977	39.6414299011	31.2553749084
150.81121628	1009.10375977	39.6414299011	31.2553749084
150.81121628	1009.10375977	39.6414299011	31.3103141785
150.81121628	1009.10375977	39.6414299011	31.3103141785
150.81121628	1009.10375977	37.8722686768	31.3103141785
150.811216281	1009.10375977	37.8722686768	31.3103141785
150.811216281	1009.10375977	37.8722686768	31.3103141785
150.811216281	1009.10375977	37.8722686768	31.3103141785
150.811216281	1009.10375977	37.8722686768	31.3103141785
150.811216281	1009.10375977	37.8722686768	31.3103141785
150.811216281	1009.10375977	37.8722686768	31.3103141785
150.811216281	1009.10375977	37.8722686768	31.3103141785
150.811216282	1009.10449219	37.8722686768	31.3103141785
150.811216282	1009.10449219	37.8722686768	31.3103141785
150.811216282	1009.10449219	37.8722686768	31.3103141785
150.811216282	1009.10449219	37.8722686768	31.3103141785
150.811216282	1009.10449219	37.8722686768	31.3103141785
150.811216282	1009.10449219	37.8722686768	31.3103141785
150.811216283	1009.10449219	37.8722686768	31.3103141785
150.811216283	1009.10449219	37.8722686768	31.3103141785
150.811216283	1009.10449219	37.8722686768	31.3103141785
150.811216283	1009.10449219	37.8722686768	31.3103141785
150.811216283	1009.10449219	37.8722686768	31.3103141785
150.811216283	1009.10449219	37.8722686768	31.3103141785
150.811216283	1009.10449219	37.8722686768	31.3103141785
150.811216283	1009.10449219	37.8722686768	31.3103141785
150.811216284	1009.10449219	37.8722686768	31.3103141785
150.811216284	1009.10449219	37.8722686768	31.3103141785
150.811216284	1009.10449219	37.8722686768	31.3103141785
150.811216284	1009.10449219	37.8722686768	31.3103141785
150.811216284	1009.10449219	37.8722686768	31.3103141785
150.811216284	1009.10449219	37.8722686768	31.3103141785
150.811216284	1009.10449219	37.8722686768	31.3103141785
150.811216285	1009.10449219	37.8722686768	31.3103141785
150.811216285	1009.10449219	37.8722686768	31.3103141785
150.811216285	1009.10449219	37.8722686768	31.3103141785
150.811216285	1009.10449219	37.8722686768	31.3103141785
150.811216285	1009.10449219	37.8722686768	31.3103141785
150.811216285	1009.10449219	37.8722686768	31.3103141785
150.811216285	1009.10449219	37.8722686768	31.3103141785
150.811216286	1009.10449219	37.8722686768	31.3103141785
150.811216286	1009.10302734	37.8722686768	31.3103141785
150.811216286	1009.10302734	37.8722686768	31.3103141785
150.811216286	1009.10302734	37.8722686768	31.3103141785
150.811216286	1009.10302734	37.8722686768	31.3103141785
150.811216286	1009.10302734	37.8722686768	31.3103141785
150.811216286	1009.10302734	37.8722686768	31.3103141785
150.811216287	1009.10302734	37.8722686768	31.3103141785
150.811216287	1009.10302734	37.8722686768	31.3103141785
150.811216287	1009.10302734	37.8722686768	31.3103141785
150.811216287	1009.10302734	37.8722686768	31.3103141785
150.811216287	1009.10302734	37.8722686768	31.3103141785
150.811216287	1009.10302734	37.8722686768	31.3103141785
150.811216287	1009.10302734	37.8722686768	31.3103141785
150.811216288	1009.10302734	37.8722686768	31.3103141785
150.811216288	1009.10302734	37.8722686768	31.3103141785
150.811216288	1009.10302734	37.8722686768	31.3103141785
150.811216288	1009.10302734	37.8722686768	31.3103141785
150.811216288	1009.10302734	37.8722686768	31.3103141785
150.811216288	1009.10302734	37.8722686768	31.32862854
150.811216288	1009.10302734	39.6554985046	31.32862854
150.811216289	1009.10302734	39.6554985046	31.32862854
150.811216289	1009.10302734	39.6554985046	31.32862854
150.811216289	1009.10302734	39.6554985046	31.32862854
150.811216289	1009.10302734	39.6554985046	31.32862854
150.811216289	1009.10302734	39.6554985046	31.32862854
150.811216289	1009.10302734	39.6554985046	31.32862854
150.811216289	1009.10302734	39.6554985046	31.32862854
150.81121629	1009.10302734	39.6554985046	31.32862854
150.81121629	1009.09887695	39.6554985046	31.32862854
150.81121629	1009.09887695	39.6554985046	31.32862854
150.81121629	1009.09887695	39.6554985046	31.32862854
150.81121629	1009.09887695	39.6554985046	31.32862854
150.81121629	1009.09887695	39.6554985046	31.32862854
150.811216291	1009.09887695	39.6554985046	31.32862854
150.811216291	1009.09887695	39.6554985046	31.32862854
150.811216291	1009.09887695	39.6554985046	31.32862854
150.811216291	1009.09887695	39.6554985046	31.32862854
150.811216291	1009.09887695	39.6554985046	31.32862854
150.811216291	1009.09887695	39.6554985046	31.32862854
150.811216291	1009.09887695	39.6554985046	31.32862854
150.811216291	1009.09887695	39.6554985046	31.32862854
150.811216292	1009.09887695	39.6554985046	31.32862854
150.811216292	1009.09887695	39.6554985046	31.32862854
150.811216292	1009.09887695	39.6554985046	31.32862854
150.811216292	1009.09887695	39.6554985046	31.32862854
150.811216292	1009.09887695	39.6554985046	31.32862854
150.811216292	1009.09887695	39.6554985046	31.32862854
150.811216292	1009.09887695	39.6554985046	31.32862854
150.811216293	1009.09887695	39.6554985046	31.32862854
150.811216293	1009.09887695	39.6554985046	31.32862854
150.811216293	1009.09887695	39.6554985046	31.32862854
150.811216293	1009.09887695	39.6554985046	31.32862854
150.811216293	1009.09887695	39.6554985046	31.32862854
150.811216293	1009.09887695	39.6554985046	31.32862854
150.811216293	1009.09887695	39.6554985046	31.32862854
150.811216294	1009.09887695	39.6554985046	31.32862854
150.811216294	1009.09887695	39.6554985046	31.32862854
150.811216294	1009.09716797	39.6554985046	31.32862854
150.811216294	1009.09716797	39.6554985046	31.32862854
150.811216294	1009.09716797	39.6554985046	31.32862854
150.811216294	1009.09716797	39.6554985046	31.32862854
150.811216294	1009.09716797	39.6554985046	31.32862854
150.811216295	1009.09716797	39.6554985046	31.32862854
150.811216295	1009.09716797	39.6554985046	31.32862854
150.811216295	1009.09716797	39.6554985046	31.32862854
150.811216295	1009.09716797	39.6554985046	31.32862854
150.811216295	1009.09716797	39.6554985046	31.32862854
150.811216295	1009.09716797	39.6554985046	31.32862854
150.811216295	1009.09716797	39.6554985046	31.32862854
150.811216296	1009.09716797	39.6554985046	31.32862854
150.811216296	1009.09716797	39.6554985046	31.32862854
150.811216296	1009.09716797	39.6554985046	31.32862854
150.811216296	1009.09716797	39.6554985046	31.32862854
150.811216296	1009.09716797	39.6554985046	31.32862854
150.811216296	1009.09716797	39.6554985046	31.3103141785
150.811216296	1009.09716797	39.6554985046	31.3103141785
150.811216297	1009.09716797	38.1466140747	31.3103141785
150.811216297	1009.09716797	38.1466140747	31.3103141785
150.811216297	1009.09716797	38.1466140747	31.3103141785
150.811216297	1009.09716797	38.1466140747	31.3103141785
150.811216297	1009.09716797	38.1466140747	31.3103141785
150.811216297	1009.09716797	38.1466140747	31.3103141785
150.811216297	1009.09716797	38.1466140747	31.3103141785
150.811216298	1009.09716797	38.1466140747	31.3103141785
150.811216298	1009.09716797	38.1466140747	31.3103141785
150.811216298	1009.09472656	38.1466140747	31.3103141785
150.811216298	1009.09472656	38.1466140747	31.3103141785
150.811216298	1009.09472656	38.1466140747	31.3103141785
150.811216298	1009.09472656	38.1466140747	31.3103141785
150.811216298	1009.09472656	38.1466140747	31.3103141785
150.811216299	1009.09472656	38.1466140747	31.3103141785
150.811216299	1009.09472656	38.1466140747	31.3103141785
150.811216299	1009.09472656	38.1466140747	31.3103141785
150.811216299	1009.09472656	38.1466140747	31.3103141785
150.811216299	1009.09472656	38.1466140747	31.3103141785
150.811216299	1009.09472656	38.1466140747	31.3103141785
150.811216299	1009.09472656	38.1466140747	31.3103141785
150.8112163	1009.09472656	38.1466140747	31.3103141785
150.8112163	1009.09472656	38.1466140747	31.3103141785
150.8112163	1009.09472656	38.1466140747	31.3103141785
150.8112163	1009.09472656	38.1466140747	31.3103141785
150.8112163	1009.09472656	38.1466140747	31.3103141785
150.8112163	1009.09472656	38.1466140747	31.3103141785
150.8112163	1009.09472656	38.1466140747	31.3103141785
150.811216301	1009.09472656	38.1466140747	31.3103141785
150.811216301	1009.09472656	38.1466140747	31.3103141785
150.811216301	1009.09472656	38.1466140747	31.3103141785
150.811216301	1009.09472656	38.1466140747	31.3103141785
150.811216301	1009.09472656	38.1466140747	31.3103141785
150.811216301	1009.09472656	38.1466140747	31.3103141785
150.811216301	1009.09472656	38.1466140747	31.3103141785
150.811216301	1009.09472656	38.1466140747	31.3103141785
150.811216302	1009.09472656	38.1466140747	31.3103141785
150.811216302	1009.09472656	38.1466140747	31.3103141785
150.811216302	1009.09594727	38.1466140747	31.3103141785
150.811216302	1009.09594727	38.1466140747	31.3103141785
150.811216302	1009.09594727	38.1466140747	31.3103141785
150.811216302	1009.09594727	38.1466140747	31.3103141785
150.811216303	1009.09594727	38.1466140747	31.3103141785
150.811216303	1009.09594727	38.1466140747	31.3103141785
150.811216303	1009.09594727	38.1466140747	31.3103141785
150.811216303	1009.09594727	38.1466140747	31.3103141785
150.811216303	1009.09594727	38.1466140747	31.3103141785
150.811216303	1009.09594727	38.1466140747	31.3103141785
150.811216303	1009.09594727	38.1466140747	31.3103141785
150.811216304	1009.09594727	38.1466140747	31.3103141785
150.811216304	1009.09594727	38.1466140747	31.3103141785
150.811216304	1009.09594727	38.1466140747	31.3103141785
150.811216304	1009.09594727	38.1466140747	31.3103141785
150.811216304	1009.09594727	38.1466140747	31.3103141785
150.811216304	1009.09594727	38.1466140747	31.3103141785
150.811216304	1009.09594727	38.1466140747	31.2553749084
150.811216305	1009.09594727	38.1466140747	31.2553749084
150.811216305	1009.09594727	39.0997772217	31.2553749084
150.811216305	1009.09594727	39.0997772217	31.2553749084
150.811216305	1009.09594727	39.0997772217	31.2553749084
150.811216305	1009.09594727	39.0997772217	31.2553749084
150.811216305	1009.09594727	39.0997772217	31.2553749084
150.811216305	1009.09594727	39.0997772217	31.2553749084
150.811216306	1009.09594727	39.0997772217	31.2553749084
150.811216306	1009.09594727	39.0997772217	31.2553749084
150.811216306	1009.09594727	39.0997772217	31.2553749084
150.811216306	1009.09594727	39.0997772217	31.2553749084
150.811216306	1009.09301758	39.0997772217	31.2553749084
150.811216306	1009.09301758	39.0997772217	31.2553749084
150.811216306	1009.09301758	39.0997772217	31.2553749084
150.811216307	1009.09301758	39.0997772217	31.2553749084
150.811216307	1009.09301758	39.0997772217	31.2553749084
150.811216307	1009.09301758	39.0997772217	31.2553749084
150.811216307	1009.09301758	39.0997772217	31.2553749084
150.811216307	1009.09301758	39.0997772217	31.2553749084
150.811216307	1009.09301758	39.0997772217	31.2553749084
150.811216307	1009.09301758	39.0997772217	31.2553749084
150.811216308	1009.09301758	39.0997772217	31.2553749084
150.811216308	1009.09301758	39.0997772217	31.2553749084
150.811216308	1009.09301758	39.0997772217	31.2553749084
150.811216308	1009.09301758	39.0997772217	31.2553749084
150.811216308	1009.09301758	39.0997772217	31.2553749084
150.811216308	1009.09301758	39.0997772217	31.2553749084
150.811216308	1009.09301758	39.0997772217	31.2553749084
150.811216309	1009.09301758	39.0997772217	31.2553749084
150.811216309	1009.09301758	39.0997772217	31.2553749084
150.811216309	1009.09301758	39.0997772217	31.2553749084
150.811216309	1009.09301758	39.0997772217	31.2553749084
150.811216309	1009.09301758	39.0997772217	31.2553749084
150.811216309	1009.09301758	39.0997772217	31.2553749084
150.811216309	1009.09301758	39.0997772217	31.2553749084
150.811216309	1009.09301758	39.0997772217	31.2553749084
150.81121631	1009.09301758	39.0997772217	31.2553749084
150.81121631	1009.09301758	39.0997772217	31.2553749084
150.81121631	1009.09301758	39.0997772217	31.2553749084
150.81121631	1009.09301758	39.0997772217	31.2553749084
150.81121631	1009.09399414	39.0997772217	31.2553749084
150.81121631	1009.09399414	39.0997772217	31.2553749084
150.811216311	1009.09399414	39.0997772217	31.2553749084
150.811216311	1009.09399414	39.0997772217	31.2553749084
150.811216311	1009.09399414	39.0997772217	31.2553749084
150.811216311	1009.09399414	39.0997772217	31.2553749084
150.811216311	1009.09399414	39.0997772217	31.2553749084
150.811216311	1009.09399414	39.0997772217	31.2553749084
150.811216311	1009.09399414	39.0997772217	31.2553749084
150.811216311	1009.09399414	39.0997772217	31.2553749084
150.811216312	1009.09399414	39.0997772217	31.2553749084
150.811216312	1009.09399414	39.0997772217	31.2553749084
150.811216312	1009.09399414	39.0997772217	31.2553749084
150.811216312	1009.09399414	39.0997772217	31.2553749084
150.811216312	1009.09399414	39.0997772217	31.2553749084
150.811216312	1009.09399414	39.0997772217	31.3103141785
150.811216313	1009.09399414	39.0997772217	31.3103141785
150.811216313	1009.09399414	37.5627555847	31.3103141785
150.811216313	1009.09399414	37.5627555847	31.3103141785
150.811216313	1009.09399414	37.5627555847	31.3103141785
150.811216313	1009.09399414	37.5627555847	31.3103141785
150.811216313	1009.09399414	37.5627555847	31.3103141785
150.811216313	1009.09399414	37.5627555847	31.3103141785
150.811216314	1009.09399414	37.5627555847	31.3103141785
150.811216314	1009.09399414	37.5627555847	31.3103141785
150.811216314	1009.09399414	37.5627555847	31.3103141785
150.811216314	1009.09399414	37.5627555847	31.3103141785
150.811216314	1009.09399414	37.5627555847	31.3103141785
150.811216314	1009.09423828	37.5627555847	31.3103141785
150.811216314	1009.09423828	37.5627555847	31.3103141785
150.811216315	1009.09423828	37.5627555847	31.3103141785
150.811216315	1009.09423828	37.5627555847	31.3103141785
150.811216315	1009.09423828	37.5627555847	31.3103141785
150.811216315	1009.09423828	37.5627555847	31.3103141785
150.811216315	1009.09423828	37.5627555847	31.3103141785
150.811216315	1009.09423828	37.5627555847	31.3103141785
150.811216315	1009.09423828	37.5627555847	31.3103141785
150.811216316	1009.09423828	37.5627555847	31.3103141785
150.811216316	1009.09423828	37.5627555847	31.3103141785
150.811216316	1009.09423828	37.5627555847	31.3103141785
150.811216316	1009.09423828	37.5627555847	31.3103141785
150.811216316	1009.09423828	37.5627555847	31.3103141785
150.811216316	1009.09423828	37.5627555847	31.3103141785
150.811216316	1009.09423828	37.5627555847	31.3103141785
150.811216316	1009.09423828	37.5627555847	31.3103141785
150.811216317	1009.09423828	37.5627555847	31.3103141785
150.811216317	1009.09423828	37.5627555847	31.3103141785
150.811216317	1009.09423828	37.5627555847	31.3103141785
150.811216317	1009.09423828	37.5627555847	31.3103141785
150.811216317	1009.09423828	37.5627555847	31.3103141785
150.811216317	1009.09423828	37.5627555847	31.3103141785
150.811216317	1009.09423828	37.5627555847	31.3103141785
150.811216318	1009.09423828	37.5627555847	31.3103141785
150.811216318	1009.09423828	37.5627555847	31.3103141785
150.811216318	1009.09423828	37.5627555847	31.3103141785
150.811216318	1009.09423828	37.5627555847	31.3103141785
150.811216318	1009.09423828	37.5627555847	31.3103141785
150.811216318	1009.09423828	37.5627555847	31.3103141785
150.811216318	1009.09423828	37.5627555847	31.3103141785
150.811216319	1009.09423828	37.5627555847	31.3103141785
150.811216319	1009.09423828	37.5627555847	31.3103141785
150.811216319	1009.09423828	37.5627555847	31.3103141785
150.811216319	1009.09423828	37.5627555847	31.3103141785
150.811216319	1009.09423828	37.5627555847	31.3103141785
150.811216319	1009.09423828	37.5627555847	31.3103141785
150.811216319	1009.09423828	37.5627555847	31.3103141785
150.81121632	1009.09423828	37.5627555847	31.3103141785
150.81121632	1009.09423828	37.5627555847	31.3103141785
150.81121632	1009.09423828	37.5627555847	31.3103141785
150.81121632	1009.09423828	37.5627555847	31.3103141785
150.81121632	1009.09423828	37.5627555847	31.3103141785
150.81121632	1009.09423828	37.5627555847	31.3103141785
150.81121632	1009.09423828	37.5627555847	31.27368927
150.811216321	1009.09423828	37.5627555847	31.27368927
150.811216321	1009.09423828	38.4701957703	31.27368927
150.811216321	1009.09423828	38.4701957703	31.27368927
150.811216321	1009.09423828	38.4701957703	31.27368927
150.811216321	1009.09423828	38.4701957703	31.27368927
150.811216321	1009.09423828	38.4701957703	31.27368927
150.811216321	1009.09423828	38.4701957703	31.27368927
150.811216322	1009.09423828	38.4701957703	31.27368927
150.811216322	1009.09423828	38.4701957703	31.27368927
150.811216322	1009.09423828	38.4701957703	31.27368927
150.811216322	1009.09423828	38.4701957703	31.27368927
150.811216322	1009.09423828	38.4701957703	31.27368927
150.811216322	1009.09130859	38.4701957703	31.27368927
150.811216323	1009.09130859	38.4701957703	31.27368927
150.811216323	1009.09130859	38.4701957703	31.27368927
150.811216323	1009.09130859	38.4701957703	31.27368927
150.811216323	1009.09130859	38.4701957703	31.27368927
150.811216323	1009.09130859	38.4701957703	31.27368927
150.811216323	1009.09130859	38.4701957703	31.27368927
150.811216323	1009.09130859	38.4701957703	31.27368927
150.811216324	1009.09130859	38.4701957703	31.27368927
150.811216324	1009.09130859	38.4701957703	31.27368927
150.811216324	1009.09130859	38.4701957703	31.27368927
150.811216324	1009.09130859	38.4701957703	31.27368927
150.811216324	1009.09130859	38.4701957703	31.27368927
150.811216324	1009.09130859	38.4701957703	31.27368927
150.811216324	1009.09130859	38.4701957703	31.27368927
150.811216324	1009.09130859	38.4701957703	31.27368927
150.811216325	1009.09130859	38.4701957703	31.27368927
150.811216325	1009.09130859	38.4701957703	31.27368927
150.811216325	1009.09130859	38.4701957703	31.27368927
150.811216325	1009.09130859	38.4701957703	31.27368927
150.811216325	1009.09130859	38.4701957703	31.27368927
150.811216325	1009.09130859	38.4701957703	31.27368927
150.811216325	1009.09130859	38.4701957703	31.27368927
