3.21708761838	1300
time	pressure	humidity	temperature
150.81121494	1006.84033203	37.0261917114	33.1614646912
150.811214942	1006.84033203	37.0261917114	33.1614646912
150.811214942	1006.84033203	37.0261917114	33.1614646912
150.811214942	1006.84033203	37.0261917114	33.1614646912
150.811214943	1006.84033203	37.0261917114	33.1614646912
150.811214943	1006.84033203	37.0261917114	33.1614646912
150.811214943	1006.84033203	37.0261917114	33.1614646912
150.811214943	1006.84033203	37.0261917114	33.1614646912
150.811214944	1006.84033203	37.0261917114	33.1614646912
150.811214944	1006.84033203	37.0261917114	33.1614646912
150.811214944	1006.84033203	37.0261917114	33.1614646912
150.811214944	1006.84033203	37.0261917114	33.1614646912
150.811214944	1006.84350586	37.0261917114	33.1614646912
150.811214945	1006.84350586	37.0261917114	33.125328064
150.811214945	1006.84350586	36.2811927795	33.125328064
150.811214945	1006.84350586	36.2811927795	33.125328064
150.811214946	1006.84350586	36.2811927795	33.125328064
150.811214946	1006.84350586	36.2811927795	33.125328064
150.811214946	1006.84350586	36.2811927795	33.125328064
150.811214946	1006.84350586	36.2811927795	33.125328064
150.811214947	1006.84350586	36.2811927795	33.125328064
150.811214947	1006.84350586	36.2811927795	33.125328064
150.811214947	1006.84350586	36.2811927795	33.125328064
150.811214947	1006.84350586	36.2811927795	33.125328064
150.811214947	1006.84350586	36.2811927795	33.125328064
150.811214948	1006.84350586	36.2811927795	33.125328064
150.811214948	1006.84350586	36.2811927795	33.125328064
150.811214948	1006.84350586	36.2811927795	33.125328064
150.811214948	1006.8449707	36.2811927795	33.125328064
150.811214949	1006.8449707	36.2811927795	33.125328064
150.811214949	1006.8449707	36.2811927795	33.125328064
150.811214949	1006.8449707	36.2811927795	33.125328064
150.811214949	1006.8449707	36.2811927795	33.125328064
150.81121495	1006.8449707	36.2811927795	33.125328064
150.81121495	1006.8449707	36.2811927795	33.125328064
150.81121495	1006.8449707	36.2811927795	33.125328064
150.81121495	1006.8449707	36.2811927795	33.125328064
150.811214951	1006.8449707	36.2811927795	33.125328064
150.811214951	1006.8449707	36.2811927795	33.125328064
150.811214951	1006.8449707	36.2811927795	33.125328064
150.811214951	1006.8449707	36.2811927795	33.125328064
150.811214951	1006.8449707	36.2811927795	33.125328064
150.811214952	1006.8449707	36.2811927795	33.125328064
150.811214952	1006.8449707	36.2811927795	33.125328064
150.811214952	1006.8449707	36.2811927795	33.125328064
150.811214952	1006.84130859	36.2811927795	33.125328064
150.811214953	1006.84130859	36.2811927795	33.125328064
150.811214953	1006.84130859	36.2811927795	33.2698745728
150.811214953	1006.84130859	36.076625824	33.2698745728
150.811214954	1006.84130859	36.076625824	33.2698745728
150.811214954	1006.84130859	36.076625824	33.2698745728
150.811214954	1006.84130859	36.076625824	33.2698745728
150.811214954	1006.84130859	36.076625824	33.2698745728
150.811214954	1006.84130859	36.076625824	33.2698745728
150.811214955	1006.84130859	36.076625824	33.2698745728
150.811214955	1006.84130859	36.076625824	33.2698745728
150.811214955	1006.84130859	36.076625824	33.2698745728
150.811214955	1006.84130859	36.076625824	33.2698745728
150.811214956	1006.84130859	36.076625824	33.2698745728
150.811214956	1006.84130859	36.076625824	33.2698745728
150.811214956	1006.84130859	36.076625824	33.2698745728
150.811214956	1006.84130859	36.076625824	33.2698745728
150.811214956	1006.83789062	36.076625824	33.2698745728
150.811214957	1006.83789062	36.076625824	33.2698745728
150.811214957	1006.83789062	36.076625824	33.2698745728
150.811214957	1006.83789062	36.076625824	33.2698745728
150.811214958	1006.83789062	36.076625824	33.2698745728
150.811214958	1006.83789062	36.076625824	33.2698745728
150.811214958	1006.83789062	36.076625824	33.2698745728
150.811214958	1006.83789062	36.076625824	33.2698745728
150.811214958	1006.83789062	36.076625824	33.2698745728
150.811214959	1006.83789062	36.076625824	33.2698745728
150.811214959	1006.83789062	36.076625824	33.2698745728
150.811214959	1006.83789062	36.076625824	33.2698745728
150.811214959	1006.83789062	36.076625824	33.2698745728
150.811214959	1006.83789062	36.076625824	33.2698745728
150.81121496	1006.83789062	36.076625824	33.2698745728
150.81121496	1006.83789062	36.076625824	33.2698745728
150.81121496	1006.83789062	36.076625824	33.2698745728
150.81121496	1006.83935547	36.076625824	33.2698745728
150.811214961	1006.83935547	36.076625824	33.2698745728
150.811214961	1006.83935547	36.076625824	33.2698745728
150.811214961	1006.83935547	36.076625824	33.1433944702
150.811214962	1006.83935547	34.9805030823	33.1433944702
150.811214962	1006.83935547	34.9805030823	33.1433944702
150.811214962	1006.83935547	34.9805030823	33.1433944702
150.811214962	1006.83935547	34.9805030823	33.1433944702
150.811214963	1006.83935547	34.9805030823	33.1433944702
150.811214963	1006.83935547	34.9805030823	33.1433944702
150.811214963	1006.83935547	34.9805030823	33.1433944702
150.811214963	1006.83935547	34.9805030823	33.1433944702
150.811214963	1006.83935547	34.9805030823	33.1433944702
150.811214964	1006.83935547	34.9805030823	33.1433944702
150.811214964	1006.83935547	34.9805030823	33.1433944702
150.811214964	1006.83935547	34.9805030823	33.1433944702
150.811214964	1006.83886719	34.9805030823	33.1433944702
150.811214965	1006.83886719	34.9805030823	33.1433944702
150.811214965	1006.83886719	34.9805030823	33.1433944702
150.811214965	1006.83886719	34.9805030823	33.1433944702
150.811214965	1006.83886719	34.9805030823	33.1433944702
150.811214966	1006.83886719	34.9805030823	33.1433944702
150.811214966	1006.83886719	34.9805030823	33.1433944702
150.811214966	1006.83886719	34.9805030823	33.1433944702
150.811214966	1006.83886719	34.9805030823	33.1433944702
150.811214966	1006.83886719	34.9805030823	33.1433944702
150.811214967	1006.83886719	34.9805030823	33.1433944702
150.811214967	1006.83886719	34.9805030823	33.1433944702
150.811214967	1006.83886719	34.9805030823	33.1433944702
150.811214967	1006.83886719	34.9805030823	33.1433944702
150.811214968	1006.83886719	34.9805030823	33.1433944702
150.811214968	1006.83886719	34.9805030823	33.1433944702
150.811214968	1006.83886719	34.9805030823	33.1433944702
150.811214968	1006.84033203	34.9805030823	33.1433944702
150.811214969	1006.84033203	34.9805030823	33.1433944702
150.811214969	1006.84033203	34.9805030823	33.1433944702
150.811214969	1006.84033203	34.9805030823	33.1433944702
150.811214969	1006.84033203	34.9805030823	32.9807815552
150.81121497	1006.84033203	36.7880363464	32.9807815552
150.81121497	1006.84033203	36.7880363464	32.9807815552
150.81121497	1006.84033203	36.7880363464	32.9807815552
150.81121497	1006.84033203	36.7880363464	32.9807815552
150.811214971	1006.84033203	36.7880363464	32.9807815552
150.811214971	1006.84033203	36.7880363464	32.9807815552
150.811214971	1006.84033203	36.7880363464	32.9807815552
150.811214971	1006.84033203	36.7880363464	32.9807815552
150.811214971	1006.84033203	36.7880363464	32.9807815552
150.811214972	1006.84033203	36.7880363464	32.9807815552
150.811214972	1006.84033203	36.7880363464	32.9807815552
150.811214972	1006.83984375	36.7880363464	32.9807815552
150.811214973	1006.83984375	36.7880363464	32.9807815552
150.811214973	1006.83984375	36.7880363464	32.9807815552
150.811214973	1006.83984375	36.7880363464	32.9807815552
150.811214973	1006.83984375	36.7880363464	32.9807815552
150.811214973	1006.83984375	36.7880363464	32.9807815552
150.811214974	1006.83984375	36.7880363464	32.9807815552
150.811214974	1006.83984375	36.7880363464	32.9807815552
150.811214974	1006.83984375	36.7880363464	32.9807815552
150.811214974	1006.83984375	36.7880363464	32.9807815552
150.811214975	1006.83984375	36.7880363464	32.9807815552
150.811214975	1006.83984375	36.7880363464	32.9807815552
150.811214975	1006.83984375	36.7880363464	32.9807815552
150.811214975	1006.83984375	36.7880363464	32.9807815552
150.811214975	1006.83984375	36.7880363464	32.9807815552
150.811214976	1006.83984375	36.7880363464	32.9807815552
150.811214976	1006.83984375	36.7880363464	32.9807815552
150.811214976	1006.84008789	36.7880363464	32.9807815552
150.811214976	1006.84008789	36.7880363464	32.9807815552
150.811214977	1006.84008789	36.7880363464	32.9807815552
150.811214977	1006.84008789	36.7880363464	32.9807815552
150.811214977	1006.84008789	36.7880363464	32.9807815552
150.811214977	1006.84008789	36.7880363464	33.125328064
150.811214978	1006.84008789	36.7880363464	33.125328064
150.811214978	1006.84008789	35.600315094	33.125328064
150.811214978	1006.84008789	35.600315094	33.125328064
150.811214978	1006.84008789	35.600315094	33.125328064
150.811214979	1006.84008789	35.600315094	33.125328064
150.811214979	1006.84008789	35.600315094	33.125328064
150.811214979	1006.84008789	35.600315094	33.125328064
150.811214979	1006.84008789	35.600315094	33.125328064
150.81121498	1006.84008789	35.600315094	33.125328064
150.81121498	1006.84008789	35.600315094	33.125328064
150.81121498	1006.84008789	35.600315094	33.125328064
150.81121498	1006.84350586	35.600315094	33.125328064
150.811214981	1006.84350586	35.600315094	33.125328064
150.811214981	1006.84350586	35.600315094	33.125328064
150.811214981	1006.84350586	35.600315094	33.125328064
150.811214981	1006.84350586	35.600315094	33.125328064
150.811214981	1006.84350586	35.600315094	33.125328064
150.811214982	1006.84350586	35.600315094	33.125328064
150.811214982	1006.84350586	35.600315094	33.125328064
150.811214982	1006.84350586	35.600315094	33.125328064
150.811214982	1006.84350586	35.600315094	33.125328064
150.811214983	1006.84350586	35.600315094	33.125328064
150.811214983	1006.84350586	35.600315094	33.125328064
150.811214983	1006.84350586	35.600315094	33.125328064
150.811214983	1006.84350586	35.600315094	33.125328064
150.811214983	1006.84350586	35.600315094	33.125328064
150.811214984	1006.84350586	35.600315094	33.125328064
150.811214984	1006.84350586	35.600315094	33.125328064
150.811214984	1006.84399414	35.600315094	33.125328064
150.811214985	1006.84399414	35.600315094	33.125328064
150.811214985	1006.84399414	35.600315094	33.125328064
150.811214985	1006.84399414	35.600315094	33.125328064
150.811214985	1006.84399414	35.600315094	33.125328064
150.811214985	1006.84399414	35.600315094	33.125328064
150.811214986	1006.84399414	35.600315094	33.0530548096
150.811214986	1006.84399414	37.8230934143	33.0530548096
150.811214986	1006.84399414	37.8230934143	33.0530548096
150.811214986	1006.84399414	37.8230934143	33.0530548096
150.811214987	1006.84399414	37.8230934143	33.0530548096
150.811214987	1006.84399414	37.8230934143	33.0530548096
150.811214987	1006.84399414	37.8230934143	33.0530548096
150.811214987	1006.84399414	37.8230934143	33.0530548096
150.811214988	1006.84399414	37.8230934143	33.0530548096
150.811214988	1006.84399414	37.8230934143	33.0530548096
150.811214988	1006.84375	37.8230934143	33.0530548096
150.811214988	1006.84375	37.8230934143	33.0530548096
150.811214989	1006.84375	37.8230934143	33.0530548096
150.811214989	1006.84375	37.8230934143	33.0530548096
150.811214989	1006.84375	37.8230934143	33.0530548096
150.811214989	1006.84375	37.8230934143	33.0530548096
150.81121499	1006.84375	37.8230934143	33.0530548096
150.81121499	1006.84375	37.8230934143	33.0530548096
150.81121499	1006.84375	37.8230934143	33.0530548096
150.81121499	1006.84375	37.8230934143	33.0530548096
150.81121499	1006.84375	37.8230934143	33.0530548096
150.811214991	1006.84375	37.8230934143	33.0530548096
150.811214991	1006.84375	37.8230934143	33.0530548096
150.811214991	1006.84375	37.8230934143	33.0530548096
150.811214991	1006.84375	37.8230934143	33.0530548096
150.811214992	1006.84375	37.8230934143	33.0530548096
150.811214992	1006.84375	37.8230934143	33.0530548096
150.811214992	1006.83886719	37.8230934143	33.0530548096
150.811214992	1006.83886719	37.8230934143	33.0530548096
150.811214993	1006.83886719	37.8230934143	33.0530548096
150.811214993	1006.83886719	37.8230934143	33.0530548096
150.811214993	1006.83886719	37.8230934143	33.0530548096
150.811214993	1006.83886719	37.8230934143	33.0530548096
150.811214994	1006.83886719	37.8230934143	33.0530548096
150.811214994	1006.83886719	37.8230934143	33.0711212158
150.811214994	1006.83886719	36.1315841675	33.0711212158
150.811214994	1006.83886719	36.1315841675	33.0711212158
150.811214995	1006.83886719	36.1315841675	33.0711212158
150.811214995	1006.83886719	36.1315841675	33.0711212158
150.811214995	1006.83886719	36.1315841675	33.0711212158
150.811214995	1006.83886719	36.1315841675	33.0711212158
150.811214995	1006.83886719	36.1315841675	33.0711212158
150.811214996	1006.83886719	36.1315841675	33.0711212158
150.811214996	1006.83618164	36.1315841675	33.0711212158
150.811214996	1006.83618164	36.1315841675	33.0711212158
150.811214997	1006.83618164	36.1315841675	33.0711212158
150.811214997	1006.83618164	36.1315841675	33.0711212158
150.811214997	1006.83618164	36.1315841675	33.0711212158
150.811214997	1006.83618164	36.1315841675	33.0711212158
150.811214997	1006.83618164	36.1315841675	33.0711212158
150.811214998	1006.83618164	36.1315841675	33.0711212158
150.811214998	1006.83618164	36.1315841675	33.0711212158
150.811214998	1006.83618164	36.1315841675	33.0711212158
150.811214998	1006.83618164	36.1315841675	33.0711212158
150.811214999	1006.83618164	36.1315841675	33.0711212158
150.811214999	1006.83618164	36.1315841675	33.0711212158
150.811214999	1006.83618164	36.1315841675	33.0711212158
150.811214999	1006.83618164	36.1315841675	33.0711212158
150.811214999	1006.83618164	36.1315841675	33.0711212158
150.811215	1006.83618164	36.1315841675	33.0711212158
150.811215	1006.83325195	36.1315841675	33.0711212158
150.811215	1006.83325195	36.1315841675	33.0711212158
150.811215	1006.83325195	36.1315841675	33.0711212158
150.811215001	1006.83325195	36.1315841675	33.0711212158
150.811215001	1006.83325195	36.1315841675	33.0711212158
150.811215001	1006.83325195	36.1315841675	33.0711212158
150.811215001	1006.83325195	36.1315841675	33.0711212158
150.811215002	1006.83325195	36.1315841675	33.0711212158
150.811215002	1006.83325195	36.1315841675	33.0711212158
150.811215002	1006.83325195	36.1315841675	33.0530548096
150.811215002	1006.83325195	36.8796348572	33.0530548096
150.811215003	1006.83325195	36.8796348572	33.0530548096
150.811215003	1006.83325195	36.8796348572	33.0530548096
150.811215003	1006.83325195	36.8796348572	33.0530548096
150.811215003	1006.83325195	36.8796348572	33.0530548096
150.811215004	1006.83325195	36.8796348572	33.0530548096
150.811215004	1006.83325195	36.8796348572	33.0530548096
150.811215004	1006.8347168	36.8796348572	33.0530548096
150.811215004	1006.8347168	36.8796348572	33.0530548096
150.811215005	1006.8347168	36.8796348572	33.0530548096
150.811215005	1006.8347168	36.8796348572	33.0530548096
150.811215005	1006.8347168	36.8796348572	33.0530548096
150.811215005	1006.8347168	36.8796348572	33.0530548096
150.811215005	1006.8347168	36.8796348572	33.0530548096
150.811215006	1006.8347168	36.8796348572	33.0530548096
150.811215006	1006.8347168	36.8796348572	33.0530548096
150.811215006	1006.8347168	36.8796348572	33.0530548096
150.811215006	1006.8347168	36.8796348572	33.0530548096
150.811215007	1006.8347168	36.8796348572	33.0530548096
150.811215007	1006.8347168	36.8796348572	33.0530548096
150.811215007	1006.8347168	36.8796348572	33.0530548096
150.811215007	1006.8347168	36.8796348572	33.0530548096
150.811215007	1006.8347168	36.8796348572	33.0530548096
150.811215008	1006.8347168	36.8796348572	33.0530548096
150.811215008	1006.83422852	36.8796348572	33.0530548096
150.811215008	1006.83422852	36.8796348572	33.0530548096
150.811215009	1006.83422852	36.8796348572	33.0530548096
150.811215009	1006.83422852	36.8796348572	33.0530548096
150.811215009	1006.83422852	36.8796348572	33.0530548096
150.811215009	1006.83422852	36.8796348572	33.0530548096
150.811215009	1006.83422852	36.8796348572	33.0530548096
150.81121501	1006.83422852	36.8796348572	33.0530548096
150.81121501	1006.83422852	36.8796348572	33.0530548096
150.81121501	1006.83422852	36.8796348572	33.2156677246
150.81121501	1006.83422852	34.5683135986	33.2156677246
150.811215011	1006.83422852	34.5683135986	33.2156677246
150.811215011	1006.83422852	34.5683135986	33.2156677246
150.811215011	1006.83422852	34.5683135986	33.2156677246
150.811215011	1006.83422852	34.5683135986	33.2156677246
150.811215012	1006.83422852	34.5683135986	33.2156677246
150.811215012	1006.83935547	34.5683135986	33.2156677246
150.811215012	1006.83935547	34.5683135986	33.2156677246
150.811215012	1006.83935547	34.5683135986	33.2156677246
150.811215013	1006.83935547	34.5683135986	33.2156677246
150.811215013	1006.83935547	34.5683135986	33.2156677246
150.811215013	1006.83935547	34.5683135986	33.2156677246
150.811215013	1006.83935547	34.5683135986	33.2156677246
150.811215014	1006.83935547	34.5683135986	33.2156677246
150.811215014	1006.83935547	34.5683135986	33.2156677246
150.811215014	1006.83935547	34.5683135986	33.2156677246
150.811215014	1006.83935547	34.5683135986	33.2156677246
150.811215014	1006.83935547	34.5683135986	33.2156677246
150.811215015	1006.83935547	34.5683135986	33.2156677246
150.811215015	1006.83935547	34.5683135986	33.2156677246
150.811215015	1006.83935547	34.5683135986	33.2156677246
150.811215015	1006.83935547	34.5683135986	33.2156677246
150.811215016	1006.83935547	34.5683135986	33.2156677246
150.811215016	1006.83789062	34.5683135986	33.2156677246
150.811215016	1006.83789062	34.5683135986	33.2156677246
150.811215016	1006.83789062	34.5683135986	33.2156677246
150.811215017	1006.83789062	34.5683135986	33.2156677246
150.811215017	1006.83789062	34.5683135986	33.2156677246
150.811215017	1006.83789062	34.5683135986	33.2156677246
150.811215017	1006.83789062	34.5683135986	33.2156677246
150.811215018	1006.83789062	34.5683135986	33.2156677246
150.811215018	1006.83789062	34.5683135986	33.2156677246
150.811215018	1006.83789062	34.5683135986	33.2156677246
150.811215018	1006.83789062	34.5683135986	33.0530548096
150.811215018	1006.83789062	34.079788208	33.0530548096
150.811215019	1006.83789062	34.079788208	33.0530548096
150.811215019	1006.83789062	34.079788208	33.0530548096
150.811215019	1006.83789062	34.079788208	33.0530548096
150.811215019	1006.83789062	34.079788208	33.0530548096
150.81121502	1006.83813477	34.079788208	33.0530548096
150.81121502	1006.83813477	34.079788208	33.0530548096
150.81121502	1006.83813477	34.079788208	33.0530548096
150.811215021	1006.83813477	34.079788208	33.0530548096
150.811215021	1006.83813477	34.079788208	33.0530548096
150.811215021	1006.83813477	34.079788208	33.0530548096
150.811215021	1006.83813477	34.079788208	33.0530548096
150.811215021	1006.83813477	34.079788208	33.0530548096
150.811215022	1006.83813477	34.079788208	33.0530548096
150.811215022	1006.83813477	34.079788208	33.0530548096
150.811215022	1006.83813477	34.079788208	33.0530548096
150.811215022	1006.83813477	34.079788208	33.0530548096
150.811215023	1006.83813477	34.079788208	33.0530548096
150.811215023	1006.83813477	34.079788208	33.0530548096
150.811215023	1006.83813477	34.079788208	33.0530548096
150.811215023	1006.83813477	34.079788208	33.0530548096
150.811215023	1006.83813477	34.079788208	33.0530548096
150.811215024	1006.83325195	34.079788208	33.0530548096
150.811215024	1006.83325195	34.079788208	33.0530548096
150.811215024	1006.83325195	34.079788208	33.0530548096
150.811215024	1006.83325195	34.079788208	33.0530548096
150.811215025	1006.83325195	34.079788208	33.0530548096
150.811215025	1006.83325195	34.079788208	33.0530548096
150.811215025	1006.83325195	34.079788208	33.0530548096
150.811215025	1006.83325195	34.079788208	33.0530548096
150.811215026	1006.83325195	34.079788208	33.0530548096
150.811215026	1006.83325195	34.079788208	33.0530548096
150.811215026	1006.83325195	34.079788208	33.0530548096
150.811215026	1006.83325195	34.079788208	33.0530548096
150.811215026	1006.83325195	34.079788208	33.1795349121
150.811215027	1006.83325195	33.9790306091	33.1795349121
150.811215027	1006.83325195	33.9790306091	33.1795349121
150.811215027	1006.83325195	33.9790306091	33.1795349121
150.811215028	1006.83520508	33.9790306091	33.1795349121
150.811215028	1006.83520508	33.9790306091	33.1795349121
150.811215028	1006.83520508	33.9790306091	33.1795349121
150.811215028	1006.83520508	33.9790306091	33.1795349121
150.811215029	1006.83520508	33.9790306091	33.1795349121
150.811215029	1006.83520508	33.9790306091	33.1795349121
150.811215029	1006.83520508	33.9790306091	33.1795349121
150.811215029	1006.83520508	33.9790306091	33.1795349121
150.81121503	1006.83520508	33.9790306091	33.1795349121
150.81121503	1006.83520508	33.9790306091	33.1795349121
150.81121503	1006.83520508	33.9790306091	33.1795349121
150.81121503	1006.83520508	33.9790306091	33.1795349121
150.81121503	1006.83520508	33.9790306091	33.1795349121
150.811215031	1006.83520508	33.9790306091	33.1795349121
150.811215031	1006.83520508	33.9790306091	33.1795349121
150.811215031	1006.83520508	33.9790306091	33.1795349121
150.811215031	1006.83520508	33.9790306091	33.1795349121
150.811215031	1006.83251953	33.9790306091	33.1795349121
150.811215032	1006.83251953	33.9790306091	33.1795349121
150.811215032	1006.83251953	33.9790306091	33.1795349121
150.811215032	1006.83251953	33.9790306091	33.1795349121
150.811215033	1006.83251953	33.9790306091	33.1795349121
150.811215033	1006.83251953	33.9790306091	33.1795349121
150.811215033	1006.83251953	33.9790306091	33.1795349121
150.811215033	1006.83251953	33.9790306091	33.1795349121
150.811215033	1006.83251953	33.9790306091	33.1795349121
150.811215034	1006.83251953	33.9790306091	33.1795349121
150.811215034	1006.83251953	33.9790306091	33.1795349121
150.811215034	1006.83251953	33.9790306091	33.1795349121
150.811215034	1006.83251953	33.9790306091	33.1795349121
150.811215035	1006.83251953	33.9790306091	33.1795349121
150.811215035	1006.83251953	36.0399856567	33.1795349121
150.811215035	1006.83251953	36.0399856567	33.1795349121
150.811215035	1006.83251953	36.0399856567	33.1795349121
150.811215036	1006.82910156	36.0399856567	33.1795349121
150.811215036	1006.82910156	36.0399856567	33.1795349121
150.811215036	1006.82910156	36.0399856567	33.1795349121
150.811215036	1006.82910156	36.0399856567	33.1795349121
150.811215037	1006.82910156	36.0399856567	33.1795349121
150.811215037	1006.82910156	36.0399856567	33.1795349121
150.811215037	1006.82910156	36.0399856567	33.1795349121
150.811215037	1006.82910156	36.0399856567	33.1795349121
150.811215038	1006.82910156	36.0399856567	33.1795349121
150.811215038	1006.82910156	36.0399856567	33.1795349121
150.811215038	1006.82910156	36.0399856567	33.1795349121
150.811215038	1006.82910156	36.0399856567	33.1795349121
150.811215038	1006.82910156	36.0399856567	33.1795349121
150.811215039	1006.82910156	36.0399856567	33.1795349121
150.811215039	1006.82910156	36.0399856567	33.1795349121
150.811215039	1006.82910156	36.0399856567	33.1795349121
150.811215039	1006.82910156	36.0399856567	33.1795349121
150.81121504	1006.82910156	36.0399856567	33.1795349121
150.81121504	1006.82910156	36.0399856567	33.1795349121
150.81121504	1006.82910156	36.0399856567	33.1795349121
150.81121504	1006.82910156	36.0399856567	33.1795349121
150.811215041	1006.82910156	36.0399856567	33.1795349121
150.811215041	1006.82910156	36.0399856567	33.1795349121
150.811215041	1006.82910156	36.0399856567	33.1795349121
150.811215041	1006.82910156	36.0399856567	33.1795349121
150.811215042	1006.82910156	36.0399856567	33.1795349121
150.811215042	1006.82910156	36.0399856567	33.1795349121
150.811215042	1006.82910156	36.0399856567	33.1795349121
150.811215042	1006.82910156	36.0399856567	33.1795349121
150.811215042	1006.82910156	36.0399856567	33.1795349121
150.811215043	1006.82910156	36.0399856567	33.0349884033
150.811215043	1006.82910156	34.0523109436	33.0349884033
150.811215043	1006.82910156	34.0523109436	33.0349884033
150.811215043	1006.82763672	34.0523109436	33.0349884033
150.811215044	1006.82763672	34.0523109436	33.0349884033
150.811215044	1006.82763672	34.0523109436	33.0349884033
150.811215044	1006.82763672	34.0523109436	33.0349884033
150.811215045	1006.82763672	34.0523109436	33.0349884033
150.811215045	1006.82763672	34.0523109436	33.0349884033
150.811215045	1006.82763672	34.0523109436	33.0349884033
150.811215045	1006.82763672	34.0523109436	33.0349884033
150.811215045	1006.82763672	34.0523109436	33.0349884033
150.811215046	1006.82763672	34.0523109436	33.0349884033
150.811215046	1006.82763672	34.0523109436	33.0349884033
150.811215046	1006.82763672	34.0523109436	33.0349884033
150.811215046	1006.82763672	34.0523109436	33.0349884033
150.811215047	1006.82763672	34.0523109436	33.0349884033
150.811215047	1006.82763672	34.0523109436	33.0349884033
150.811215047	1006.82763672	34.0523109436	33.0349884033
150.811215047	1006.82763672	34.0523109436	33.0349884033
150.811215047	1006.82714844	34.0523109436	33.0349884033
150.811215048	1006.82714844	34.0523109436	33.0349884033
150.811215048	1006.82714844	34.0523109436	33.0349884033
150.811215048	1006.82714844	34.0523109436	33.0349884033
150.811215049	1006.82714844	34.0523109436	33.0349884033
150.811215049	1006.82714844	34.0523109436	33.0349884033
150.811215049	1006.82714844	34.0523109436	33.0349884033
150.811215049	1006.82714844	34.0523109436	33.0349884033
150.811215049	1006.82714844	34.0523109436	33.0349884033
150.81121505	1006.82714844	34.0523109436	33.0349884033
150.81121505	1006.82714844	34.0523109436	33.0349884033
150.81121505	1006.82714844	34.0523109436	33.0349884033
150.81121505	1006.82714844	34.0523109436	33.0349884033
150.811215051	1006.82714844	34.0523109436	33.0349884033
150.811215051	1006.82714844	34.0523109436	33.0349884033
150.811215051	1006.82714844	34.0523109436	33.2156677246
150.811215051	1006.83081055	33.9851379395	33.2156677246
150.811215052	1006.83081055	33.9851379395	33.2156677246
150.811215052	1006.83081055	33.9851379395	33.2156677246
150.811215052	1006.83081055	33.9851379395	33.2156677246
150.811215052	1006.83081055	33.9851379395	33.2156677246
150.811215053	1006.83081055	33.9851379395	33.2156677246
150.811215053	1006.83081055	33.9851379395	33.2156677246
150.811215053	1006.83081055	33.9851379395	33.2156677246
150.811215053	1006.83081055	33.9851379395	33.2156677246
150.811215054	1006.83081055	33.9851379395	33.2156677246
150.811215054	1006.83081055	33.9851379395	33.2156677246
150.811215054	1006.83081055	33.9851379395	33.2156677246
150.811215054	1006.83081055	33.9851379395	33.2156677246
150.811215054	1006.83081055	33.9851379395	33.2156677246
150.811215055	1006.83081055	33.9851379395	33.2156677246
150.811215055	1006.83081055	33.9851379395	33.2156677246
150.811215055	1006.83081055	33.9851379395	33.2156677246
150.811215055	1006.83520508	33.9851379395	33.2156677246
150.811215056	1006.83520508	33.9851379395	33.2156677246
150.811215056	1006.83520508	33.9851379395	33.2156677246
150.811215056	1006.83520508	33.9851379395	33.2156677246
150.811215056	1006.83520508	33.9851379395	33.2156677246
150.811215057	1006.83520508	33.9851379395	33.2156677246
150.811215057	1006.83520508	33.9851379395	33.2156677246
150.811215057	1006.83520508	33.9851379395	33.2156677246
150.811215057	1006.83520508	33.9851379395	33.2156677246
150.811215057	1006.83520508	33.9851379395	33.2156677246
150.811215058	1006.83520508	33.9851379395	33.2156677246
150.811215058	1006.83520508	33.9851379395	33.2156677246
150.811215058	1006.83520508	33.9851379395	33.2156677246
150.811215058	1006.83520508	33.9851379395	33.2156677246
150.811215059	1006.83520508	33.9851379395	33.2156677246
150.811215059	1006.83520508	33.9851379395	33.2156677246
150.811215059	1006.83520508	33.9851379395	33.1614646912
150.811215059	1006.82885742	35.2094955444	33.1614646912
150.81121506	1006.82885742	35.2094955444	33.1614646912
150.81121506	1006.82885742	35.2094955444	33.1614646912
150.81121506	1006.82885742	35.2094955444	33.1614646912
150.811215061	1006.82885742	35.2094955444	33.1614646912
150.811215061	1006.82885742	35.2094955444	33.1614646912
150.811215061	1006.82885742	35.2094955444	33.1614646912
150.811215061	1006.82885742	35.2094955444	33.1614646912
150.811215061	1006.82885742	35.2094955444	33.1614646912
150.811215062	1006.82885742	35.2094955444	33.1614646912
150.811215062	1006.82885742	35.2094955444	33.1614646912
150.811215062	1006.82885742	35.2094955444	33.1614646912
150.811215062	1006.82885742	35.2094955444	33.1614646912
150.811215063	1006.82885742	35.2094955444	33.1614646912
150.811215063	1006.82885742	35.2094955444	33.1614646912
150.811215063	1006.82885742	35.2094955444	33.1614646912
150.811215063	1006.8269043	35.2094955444	33.1614646912
150.811215064	1006.8269043	35.2094955444	33.1614646912
150.811215064	1006.8269043	35.2094955444	33.1614646912
150.811215064	1006.8269043	35.2094955444	33.1614646912
150.811215064	1006.8269043	35.2094955444	33.1614646912
150.811215064	1006.8269043	35.2094955444	33.1614646912
150.811215065	1006.8269043	35.2094955444	33.1614646912
150.811215065	1006.8269043	35.2094955444	33.1614646912
150.811215065	1006.8269043	35.2094955444	33.1614646912
150.811215065	1006.8269043	35.2094955444	33.1614646912
150.811215066	1006.8269043	35.2094955444	33.1614646912
150.811215066	1006.8269043	35.2094955444	33.1614646912
150.811215066	1006.8269043	35.2094955444	33.1614646912
150.811215066	1006.8269043	35.2094955444	33.1614646912
150.811215066	1006.8269043	35.2094955444	33.1614646912
150.811215067	1006.8269043	35.2094955444	33.1614646912
150.811215067	1006.8269043	35.2094955444	33.1614646912
150.811215067	1006.83056641	35.2094955444	33.2337379456
150.811215068	1006.83056641	37.1758003235	33.2337379456
150.811215068	1006.83056641	37.1758003235	33.2337379456
150.811215068	1006.83056641	37.1758003235	33.2337379456
150.811215068	1006.83056641	37.1758003235	33.2337379456
150.811215069	1006.83056641	37.1758003235	33.2337379456
150.811215069	1006.83056641	37.1758003235	33.2337379456
150.811215069	1006.83056641	37.1758003235	33.2337379456
150.811215069	1006.83056641	37.1758003235	33.2337379456
150.811215069	1006.83056641	37.1758003235	33.2337379456
150.81121507	1006.83056641	37.1758003235	33.2337379456
150.81121507	1006.83056641	37.1758003235	33.2337379456
150.81121507	1006.83056641	37.1758003235	33.2337379456
150.81121507	1006.83056641	37.1758003235	33.2337379456
150.811215071	1006.83056641	37.1758003235	33.2337379456
150.811215071	1006.83056641	37.1758003235	33.2337379456
150.811215071	1006.83056641	37.1758003235	33.2337379456
150.811215071	1006.82592773	37.1758003235	33.2337379456
150.811215072	1006.82592773	37.1758003235	33.2337379456
150.811215072	1006.82592773	37.1758003235	33.2337379456
150.811215072	1006.82592773	37.1758003235	33.2337379456
150.811215072	1006.82592773	37.1758003235	33.2337379456
150.811215073	1006.82592773	37.1758003235	33.2337379456
150.811215073	1006.82592773	37.1758003235	33.2337379456
150.811215073	1006.82592773	37.1758003235	33.2337379456
150.811215073	1006.82592773	37.1758003235	33.2337379456
150.811215073	1006.82592773	37.1758003235	33.2337379456
150.811215074	1006.82592773	37.1758003235	33.2337379456
150.811215074	1006.82592773	37.1758003235	33.2337379456
150.811215074	1006.82592773	37.1758003235	33.2337379456
150.811215074	1006.82592773	37.1758003235	33.2337379456
150.811215075	1006.82592773	37.1758003235	33.2337379456
150.811215075	1006.82592773	37.1758003235	33.2337379456
150.811215075	1006.82592773	37.1758003235	33.2337379456
150.811215075	1006.82250977	37.1758003235	33.1433944702
150.811215076	1006.82250977	37.8780517578	33.1433944702
150.811215076	1006.82250977	37.8780517578	33.1433944702
150.811215076	1006.82250977	37.8780517578	33.1433944702
150.811215076	1006.82250977	37.8780517578	33.1433944702
150.811215077	1006.82250977	37.8780517578	33.1433944702
150.811215077	1006.82250977	37.8780517578	33.1433944702
150.811215077	1006.82250977	37.8780517578	33.1433944702
150.811215077	1006.82250977	37.8780517578	33.1433944702
150.811215078	1006.82250977	37.8780517578	33.1433944702
150.811215078	1006.82250977	37.8780517578	33.1433944702
150.811215078	1006.82250977	37.8780517578	33.1433944702
150.811215078	1006.82250977	37.8780517578	33.1433944702
150.811215078	1006.82250977	37.8780517578	33.1433944702
150.811215079	1006.82250977	37.8780517578	33.1433944702
150.811215079	1006.82250977	37.8780517578	33.1433944702
150.811215079	1006.8269043	37.8780517578	33.1433944702
150.81121508	1006.8269043	37.8780517578	33.1433944702
150.81121508	1006.8269043	37.8780517578	33.1433944702
150.81121508	1006.8269043	37.8780517578	33.1433944702
150.81121508	1006.8269043	37.8780517578	33.1433944702
150.81121508	1006.8269043	37.8780517578	33.1433944702
150.811215081	1006.8269043	37.8780517578	33.1433944702
150.811215081	1006.8269043	37.8780517578	33.1433944702
150.811215081	1006.8269043	37.8780517578	33.1433944702
150.811215081	1006.8269043	37.8780517578	33.1433944702
150.811215082	1006.8269043	37.8780517578	33.1433944702
150.811215082	1006.8269043	37.8780517578	33.1433944702
150.811215082	1006.8269043	37.8780517578	33.1433944702
150.811215082	1006.8269043	37.8780517578	33.1433944702
150.811215082	1006.8269043	37.8780517578	33.1433944702
150.811215083	1006.8269043	37.8780517578	33.1433944702
150.811215083	1006.8269043	37.8780517578	33.1433944702
150.811215083	1006.8269043	37.8780517578	33.1433944702
150.811215083	1006.8269043	37.8780517578	33.2156677246
150.811215084	1006.8269043	34.4339675903	33.2156677246
150.811215084	1006.8269043	34.4339675903	33.2156677246
150.811215084	1006.8269043	34.4339675903	33.2156677246
150.811215085	1006.8269043	34.4339675903	33.2156677246
150.811215085	1006.8269043	34.4339675903	33.2156677246
150.811215085	1006.8269043	34.4339675903	33.2156677246
150.811215085	1006.8269043	34.4339675903	33.2156677246
150.811215085	1006.8269043	34.4339675903	33.2156677246
150.811215086	1006.8269043	34.4339675903	33.2156677246
150.811215086	1006.8269043	34.4339675903	33.2156677246
150.811215086	1006.8269043	34.4339675903	33.2156677246
150.811215086	1006.8269043	34.4339675903	33.2156677246
150.811215087	1006.8269043	34.4339675903	33.2156677246
150.811215087	1006.8269043	34.4339675903	33.2156677246
150.811215087	1006.82714844	34.4339675903	33.2156677246
150.811215087	1006.82714844	34.4339675903	33.2156677246
150.811215088	1006.82714844	34.4339675903	33.2156677246
150.811215088	1006.82714844	34.4339675903	33.2156677246
150.811215088	1006.82714844	34.4339675903	33.2156677246
150.811215088	1006.82714844	34.4339675903	33.2156677246
150.811215088	1006.82714844	34.4339675903	33.2156677246
150.811215089	1006.82714844	34.4339675903	33.2156677246
150.811215089	1006.82714844	34.4339675903	33.2156677246
150.811215089	1006.82714844	34.4339675903	33.2156677246
150.811215089	1006.82714844	34.4339675903	33.2156677246
150.81121509	1006.82714844	34.4339675903	33.2156677246
150.81121509	1006.82714844	34.4339675903	33.2156677246
150.81121509	1006.82714844	34.4339675903	33.2156677246
150.81121509	1006.82714844	34.4339675903	33.2156677246
150.81121509	1006.82714844	34.4339675903	33.2156677246
150.811215091	1006.82714844	34.4339675903	33.2156677246
150.811215091	1006.82226562	34.4339675903	33.2156677246
150.811215091	1006.82226562	34.4339675903	33.2156677246
150.811215092	1006.82226562	34.4339675903	33.1614646912
150.811215092	1006.82226562	34.4339675903	33.1614646912
150.811215092	1006.82226562	37.7376022339	33.1614646912
150.811215092	1006.82226562	37.7376022339	33.1614646912
150.811215093	1006.82226562	37.7376022339	33.1614646912
150.811215093	1006.82226562	37.7376022339	33.1614646912
150.811215093	1006.82226562	37.7376022339	33.1614646912
150.811215093	1006.82226562	37.7376022339	33.1614646912
150.811215093	1006.82226562	37.7376022339	33.1614646912
150.811215094	1006.82226562	37.7376022339	33.1614646912
150.811215094	1006.82226562	37.7376022339	33.1614646912
150.811215094	1006.82226562	37.7376022339	33.1614646912
150.811215094	1006.82226562	37.7376022339	33.1614646912
150.811215095	1006.82226562	37.7376022339	33.1614646912
150.811215095	1006.82080078	37.7376022339	33.1614646912
150.811215095	1006.82080078	37.7376022339	33.1614646912
150.811215095	1006.82080078	37.7376022339	33.1614646912
150.811215096	1006.82080078	37.7376022339	33.1614646912
150.811215096	1006.82080078	37.7376022339	33.1614646912
150.811215096	1006.82080078	37.7376022339	33.1614646912
150.811216208	1008.00512695	39.2412643433	32.8619308472
150.81121621	1008.00585938	39.2412643433	32.8619308472
150.81121621	1008.00585938	39.2412643433	32.8619308472
150.811216211	1008.00585938	39.2412643433	32.8619308472
150.811216211	1008.00585938	39.2412643433	32.8619308472
150.811216211	1008.00585938	39.2412643433	32.8619308472
150.811216211	1008.00585938	39.2412643433	32.8619308472
150.811216211	1008.00585938	39.2412643433	32.8619308472
150.811216211	1008.00585938	39.2412643433	32.8619308472
150.811216211	1008.00585938	39.2412643433	32.8619308472
150.811216212	1008.00585938	39.2412643433	32.8619308472
150.811216212	1008.00585938	39.2412643433	32.8619308472
150.811216212	1008.00585938	39.2412643433	32.8619308472
150.811216212	1008.00585938	39.2412643433	32.8619308472
150.811216212	1008.00585938	39.2412643433	32.8619308472
150.811216212	1008.00585938	39.2412643433	32.8619308472
150.811216212	1008.00585938	39.2412643433	32.8619308472
150.811216212	1008.00537109	39.2412643433	32.8619308472
150.811216213	1008.00537109	39.2412643433	32.8619308472
150.811216213	1008.00537109	39.2412643433	32.8619308472
150.811216213	1008.00537109	39.2412643433	32.8619308472
150.811216213	1008.00537109	39.2412643433	32.8619308472
150.811216213	1008.00537109	39.2412643433	32.8619308472
150.811216213	1008.00537109	39.2412643433	32.8619308472
150.811216214	1008.00537109	39.2412643433	32.8619308472
150.811216214	1008.00537109	39.2412643433	32.8619308472
150.811216214	1008.00537109	39.2412643433	32.8619308472
150.811216214	1008.00537109	39.2412643433	32.8801956177
150.811216214	1008.00537109	39.2412643433	32.8801956177
150.811216214	1008.00537109	36.3595542908	32.8801956177
150.811216214	1008.00537109	36.3595542908	32.8801956177
150.811216215	1008.00537109	36.3595542908	32.8801956177
150.811216215	1008.00537109	36.3595542908	32.8801956177
150.811216215	1008.00537109	36.3595542908	32.8801956177
150.811216215	1008.00537109	36.3595542908	32.8801956177
150.811216215	1008.00537109	36.3595542908	32.8801956177
150.811216215	1008.00537109	36.3595542908	32.8801956177
150.811216215	1008.00537109	36.3595542908	32.8801956177
150.811216216	1008.00537109	36.3595542908	32.8801956177
150.811216216	1008.00537109	36.3595542908	32.8801956177
150.811216216	1008.00537109	36.3595542908	32.8801956177
150.811216216	1008.00537109	36.3595542908	32.8801956177
150.811216216	1008.00537109	36.3595542908	32.8801956177
150.811216216	1008.00537109	36.3595542908	32.8801956177
150.811216216	1008.00537109	36.3595542908	32.8801956177
150.811216217	1008.00073242	36.3595542908	32.8801956177
150.811216217	1008.00073242	36.3595542908	32.8801956177
150.811216217	1008.00073242	36.3595542908	32.8801956177
150.811216217	1008.00073242	36.3595542908	32.8801956177
150.811216217	1008.00073242	36.3595542908	32.8801956177
150.811216217	1008.00073242	36.3595542908	32.8801956177
150.811216217	1008.00073242	36.3595542908	32.8801956177
150.811216218	1008.00073242	36.3595542908	32.8801956177
150.811216218	1008.00073242	36.3595542908	32.8801956177
150.811216218	1008.00073242	36.3595542908	32.8801956177
150.811216218	1008.00073242	36.3595542908	32.8801956177
150.811216218	1008.00073242	36.3595542908	32.8801956177
150.811216218	1008.00073242	36.3595542908	32.8801956177
150.811216218	1008.00073242	36.3595542908	32.8801956177
150.811216219	1008.00073242	36.3595542908	32.8801956177
150.811216219	1008.00073242	36.3595542908	32.8801956177
150.811216219	1008.00073242	36.3595542908	32.8801956177
150.811216219	1008.00073242	36.3595542908	32.8801956177
150.811216219	1008.00073242	36.3595542908	32.8801956177
150.811216219	1008.00073242	36.3595542908	32.8801956177
150.811216219	1008.00073242	36.3595542908	32.8801956177
150.81121622	1008.00073242	36.3595542908	32.8801956177
150.81121622	1008.00073242	36.3595542908	32.8801956177
150.81121622	1008.00073242	36.3595542908	32.8801956177
150.81121622	1008.00073242	36.3595542908	32.8801956177
150.81121622	1008.00073242	36.3595542908	32.8801956177
150.81121622	1008.00073242	36.3595542908	32.8801956177
150.81121622	1008.00073242	36.3595542908	32.8801956177
150.81121622	1008.00073242	36.3595542908	32.8801956177
150.811216221	1008.00561523	36.3595542908	32.8801956177
150.811216221	1008.00561523	36.3595542908	32.8801956177
150.811216221	1008.00561523	36.3595542908	32.8801956177
150.811216221	1008.00561523	36.3595542908	32.8801956177
150.811216221	1008.00561523	36.3595542908	32.8801956177
150.811216221	1008.00561523	36.3595542908	32.8801956177
150.811216222	1008.00561523	36.3595542908	32.8801956177
150.811216222	1008.00561523	36.3595542908	32.8801956177
150.811216222	1008.00561523	36.3595542908	32.8801956177
150.811216222	1008.00561523	36.3595542908	33.0628356934
150.811216222	1008.00561523	36.3595542908	33.0628356934
150.811216222	1008.00561523	38.3548698425	33.0628356934
150.811216222	1008.00561523	38.3548698425	33.0628356934
150.811216223	1008.00561523	38.3548698425	33.0628356934
150.811216223	1008.00561523	38.3548698425	33.0628356934
150.811216223	1008.00561523	38.3548698425	33.0628356934
150.811216223	1008.00561523	38.3548698425	33.0628356934
150.811216223	1008.00561523	38.3548698425	33.0628356934
150.811216223	1008.00561523	38.3548698425	33.0628356934
150.811216223	1008.00561523	38.3548698425	33.0628356934
150.811216224	1008.00561523	38.3548698425	33.0628356934
150.811216224	1008.00561523	38.3548698425	33.0628356934
150.811216224	1008.00561523	38.3548698425	33.0628356934
150.811216224	1008.00561523	38.3548698425	33.0628356934
150.811216224	1008.00561523	38.3548698425	33.0628356934
150.811216224	1008.00561523	38.3548698425	33.0628356934
150.811216224	1008.00561523	38.3548698425	33.0628356934
150.811216225	1008.00561523	38.3548698425	33.0628356934
150.811216225	1008.00463867	38.3548698425	33.0628356934
150.811216225	1008.00463867	38.3548698425	33.0628356934
150.811216225	1008.00463867	38.3548698425	33.0628356934
150.811216225	1008.00463867	38.3548698425	33.0628356934
150.811216225	1008.00463867	38.3548698425	33.0628356934
150.811216225	1008.00463867	38.3548698425	33.0628356934
150.811216226	1008.00463867	38.3548698425	33.0628356934
150.811216226	1008.00463867	38.3548698425	33.0628356934
150.811216226	1008.00463867	38.3548698425	33.0628356934
150.811216226	1008.00463867	38.3548698425	33.0628356934
150.811216226	1008.00463867	38.3548698425	33.0628356934
150.811216226	1008.00463867	38.3548698425	33.0628356934
150.811216226	1008.00463867	38.3548698425	33.0628356934
150.811216227	1008.00463867	38.3548698425	33.0628356934
150.811216227	1008.00463867	38.3548698425	33.0628356934
150.811216227	1008.00463867	38.3548698425	33.0628356934
150.811216227	1008.00463867	38.3548698425	33.0628356934
150.811216227	1008.00463867	38.3548698425	33.0628356934
150.811216227	1008.00463867	38.3548698425	33.0628356934
150.811216227	1008.00463867	38.3548698425	33.0628356934
150.811216227	1008.00463867	38.3548698425	33.0628356934
150.811216228	1008.00463867	38.3548698425	33.0628356934
150.811216228	1008.00463867	38.3548698425	33.0628356934
150.811216228	1008.00463867	38.3548698425	33.0628356934
150.811216228	1008.00463867	38.3548698425	33.0628356934
150.811216228	1008.00463867	38.3548698425	33.0628356934
150.811216228	1008.00463867	38.3548698425	33.0628356934
150.811216228	1008.00463867	38.3548698425	33.0628356934
150.811216229	1008.00463867	38.3548698425	33.0628356934
150.811216229	1008.01000977	38.3548698425	33.0628356934
150.811216229	1008.01000977	38.3548698425	33.0628356934
150.811216229	1008.01000977	38.3548698425	33.0628356934
150.811216229	1008.01000977	38.3548698425	33.0628356934
150.811216229	1008.01000977	38.3548698425	33.0628356934
150.81121623	1008.01000977	38.3548698425	33.0628356934
150.81121623	1008.01000977	38.3548698425	33.0628356934
150.81121623	1008.01000977	38.3548698425	33.0628356934
150.81121623	1008.01000977	38.3548698425	33.0628356934
150.81121623	1008.01000977	38.3548698425	32.953250885
150.81121623	1008.01000977	38.3548698425	32.953250885
150.81121623	1008.01000977	38.2658615112	32.953250885
150.811216231	1008.01000977	38.2658615112	32.953250885
150.811216231	1008.01000977	38.2658615112	32.953250885
150.811216231	1008.01000977	38.2658615112	32.953250885
150.811216231	1008.01000977	38.2658615112	32.953250885
150.811216231	1008.01000977	38.2658615112	32.953250885
150.811216231	1008.01000977	38.2658615112	32.953250885
150.811216231	1008.01000977	38.2658615112	32.953250885
150.811216232	1008.01000977	38.2658615112	32.953250885
150.811216232	1008.01000977	38.2658615112	32.953250885
150.811216232	1008.01000977	38.2658615112	32.953250885
150.811216232	1008.01000977	38.2658615112	32.953250885
150.811216232	1008.01000977	38.2658615112	32.953250885
150.811216232	1008.01000977	38.2658615112	32.953250885
150.811216232	1008.01000977	38.2658615112	32.953250885
150.811216232	1008.01000977	38.2658615112	32.953250885
150.811216233	1008.01000977	38.2658615112	32.953250885
150.811216233	1008.0078125	38.2658615112	32.953250885
150.811216233	1008.0078125	38.2658615112	32.953250885
150.811216233	1008.0078125	38.2658615112	32.953250885
150.811216233	1008.0078125	38.2658615112	32.953250885
150.811216233	1008.0078125	38.2658615112	32.953250885
150.811216234	1008.0078125	38.2658615112	32.953250885
150.811216234	1008.0078125	38.2658615112	32.953250885
150.811216234	1008.0078125	38.2658615112	32.953250885
150.811216234	1008.0078125	38.2658615112	32.953250885
150.811216234	1008.0078125	38.2658615112	32.953250885
150.811216234	1008.0078125	38.2658615112	32.953250885
150.811216234	1008.0078125	38.2658615112	32.953250885
150.811216235	1008.0078125	38.2658615112	32.953250885
150.811216235	1008.0078125	38.2658615112	32.953250885
150.811216235	1008.0078125	38.2658615112	32.953250885
150.811216235	1008.0078125	38.2658615112	32.953250885
150.811216235	1008.0078125	38.2658615112	32.953250885
150.811216235	1008.0078125	38.2658615112	32.953250885
150.811216235	1008.0078125	38.2658615112	32.953250885
150.811216235	1008.0078125	38.2658615112	32.953250885
150.811216236	1008.0078125	38.2658615112	32.953250885
150.811216236	1008.0078125	38.2658615112	32.953250885
150.811216236	1008.0078125	38.2658615112	32.953250885
150.811216236	1008.0078125	38.2658615112	32.953250885
150.811216236	1008.0078125	38.2658615112	32.953250885
150.811216236	1008.0078125	38.2658615112	32.953250885
150.811216236	1008.0078125	38.2658615112	32.953250885
150.811216237	1008.0078125	38.2658615112	32.953250885
150.811216237	1008.0078125	38.2658615112	32.953250885
150.811216237	1008.01147461	38.2658615112	32.953250885
150.811216237	1008.01147461	38.2658615112	32.953250885
150.811216237	1008.01147461	38.2658615112	32.953250885
150.811216237	1008.01147461	38.2658615112	32.953250885
150.811216237	1008.01147461	38.2658615112	32.953250885
150.811216238	1008.01147461	38.2658615112	32.953250885
150.811216238	1008.01147461	38.2658615112	32.953250885
150.811216238	1008.01147461	38.2658615112	32.953250885
150.811216238	1008.01147461	38.2658615112	32.916721344
150.811216238	1008.01147461	38.2658615112	32.916721344
150.811216238	1008.01147461	38.9074783325	32.916721344
150.811216239	1008.01147461	38.9074783325	32.916721344
150.811216239	1008.01147461	38.9074783325	32.916721344
150.811216239	1008.01147461	38.9074783325	32.916721344
150.811216239	1008.01147461	38.9074783325	32.916721344
150.811216239	1008.01147461	38.9074783325	32.916721344
150.811216239	1008.01147461	38.9074783325	32.916721344
150.811216239	1008.01147461	38.9074783325	32.916721344
150.81121624	1008.01147461	38.9074783325	32.916721344
150.81121624	1008.01147461	38.9074783325	32.916721344
150.81121624	1008.01147461	38.9074783325	32.916721344
150.81121624	1008.01147461	38.9074783325	32.916721344
150.81121624	1008.01147461	38.9074783325	32.916721344
150.81121624	1008.01147461	38.9074783325	32.916721344
150.81121624	1008.01147461	38.9074783325	32.916721344
150.81121624	1008.01147461	38.9074783325	32.916721344
150.811216241	1008.01147461	38.9074783325	32.916721344
150.811216241	1008.01147461	38.9074783325	32.916721344
150.811216241	1008.01147461	38.9074783325	32.916721344
150.811216241	1008.01586914	38.9074783325	32.916721344
150.811216241	1008.01586914	38.9074783325	32.916721344
150.811216241	1008.01586914	38.9074783325	32.916721344
150.811216242	1008.01586914	38.9074783325	32.916721344
150.811216242	1008.01586914	38.9074783325	32.916721344
150.811216242	1008.01586914	38.9074783325	32.916721344
150.811216242	1008.01586914	38.9074783325	32.916721344
150.811216242	1008.01586914	38.9074783325	32.916721344
150.811216242	1008.01586914	38.9074783325	32.916721344
150.811216242	1008.01586914	38.9074783325	32.916721344
150.811216242	1008.01586914	38.9074783325	32.916721344
150.811216243	1008.01586914	38.9074783325	32.916721344
150.811216243	1008.01586914	38.9074783325	32.916721344
150.811216243	1008.01586914	38.9074783325	32.916721344
150.811216243	1008.01586914	38.9074783325	32.916721344
150.811216243	1008.01586914	38.9074783325	32.916721344
150.811216243	1008.01586914	38.9074783325	32.916721344
150.811216243	1008.01586914	38.9074783325	32.916721344
150.811216244	1008.01586914	38.9074783325	32.916721344
150.811216244	1008.01586914	38.9074783325	32.916721344
150.811216244	1008.01586914	38.9074783325	32.916721344
150.811216244	1008.01586914	38.9074783325	32.916721344
150.811216244	1008.01586914	38.9074783325	32.916721344
150.811216244	1008.01586914	38.9074783325	32.916721344
150.811216244	1008.01586914	38.9074783325	32.916721344
150.811216245	1008.01586914	38.9074783325	32.916721344
150.811216245	1008.01586914	38.9074783325	32.916721344
150.811216245	1008.01586914	38.9074783325	32.916721344
150.811216245	1008.01586914	38.9074783325	32.916721344
150.811216245	1008.01953125	38.9074783325	32.916721344
150.811216245	1008.01953125	38.9074783325	32.916721344
150.811216245	1008.01953125	38.9074783325	32.916721344
150.811216246	1008.01953125	38.9074783325	32.916721344
150.811216246	1008.01953125	38.9074783325	32.916721344
150.811216246	1008.01953125	38.9074783325	32.916721344
150.811216246	1008.01953125	38.9074783325	32.916721344
150.811216246	1008.01953125	38.9074783325	32.8801956177
150.811216246	1008.01953125	38.9074783325	32.8801956177
150.811216246	1008.01953125	38.0062484741	32.8801956177
150.811216247	1008.01953125	38.0062484741	32.8801956177
150.811216247	1008.01953125	38.0062484741	32.8801956177
150.811216247	1008.01953125	38.0062484741	32.8801956177
150.811216247	1008.01953125	38.0062484741	32.8801956177
150.811216247	1008.01953125	38.0062484741	32.8801956177
150.811216247	1008.01953125	38.0062484741	32.8801956177
150.811216247	1008.01953125	38.0062484741	32.8801956177
150.811216248	1008.01953125	38.0062484741	32.8801956177
150.811216248	1008.01953125	38.0062484741	32.8801956177
150.811216248	1008.01953125	38.0062484741	32.8801956177
150.811216248	1008.01953125	38.0062484741	32.8801956177
150.811216248	1008.01953125	38.0062484741	32.8801956177
150.811216248	1008.01953125	38.0062484741	32.8801956177
150.811216248	1008.01953125	38.0062484741	32.8801956177
150.811216249	1008.01953125	38.0062484741	32.8801956177
150.811216249	1008.01953125	38.0062484741	32.8801956177
150.811216249	1008.01953125	38.0062484741	32.8801956177
150.811216249	1008.01953125	38.0062484741	32.8801956177
150.811216249	1008.01660156	38.0062484741	32.8801956177
150.811216249	1008.01660156	38.0062484741	32.8801956177
150.811216249	1008.01660156	38.0062484741	32.8801956177
150.81121625	1008.01660156	38.0062484741	32.8801956177
150.81121625	1008.01660156	38.0062484741	32.8801956177
150.81121625	1008.01660156	38.0062484741	32.8801956177
150.81121625	1008.01660156	38.0062484741	32.8801956177
150.81121625	1008.01660156	38.0062484741	32.8801956177
150.81121625	1008.01660156	38.0062484741	32.8801956177
150.81121625	1008.01660156	38.0062484741	32.8801956177
150.811216251	1008.01660156	38.0062484741	32.8801956177
150.811216251	1008.01660156	38.0062484741	32.8801956177
150.811216251	1008.01660156	38.0062484741	32.8801956177
150.811216251	1008.01660156	38.0062484741	32.8801956177
150.811216251	1008.01660156	38.0062484741	32.8801956177
150.811216251	1008.01660156	38.0062484741	32.8801956177
150.811216251	1008.01660156	38.0062484741	32.8801956177
150.811216252	1008.01660156	38.0062484741	32.8801956177
150.811216252	1008.01660156	38.0062484741	32.8801956177
150.811216252	1008.01660156	38.0062484741	32.8801956177
150.811216252	1008.01660156	38.0062484741	32.8801956177
150.811216252	1008.01660156	38.0062484741	32.8801956177
150.811216252	1008.01660156	38.0062484741	32.8801956177
150.811216252	1008.01660156	38.0062484741	32.8801956177
150.811216252	1008.01660156	38.0062484741	32.8801956177
150.811216253	1008.01660156	38.0062484741	32.8801956177
150.811216253	1008.01660156	38.0062484741	32.8801956177
150.811216253	1008.01660156	38.0062484741	32.8801956177
150.811216253	1008.01660156	38.0062484741	32.8801956177
150.811216253	1008.01782227	38.0062484741	32.8801956177
150.811216253	1008.01782227	38.0062484741	32.8801956177
150.811216254	1008.01782227	38.0062484741	32.8801956177
150.811216254	1008.01782227	38.0062484741	32.8801956177
150.811216254	1008.01782227	38.0062484741	32.8801956177
150.811216254	1008.01782227	38.0062484741	32.8801956177
150.811216254	1008.01782227	38.0062484741	32.8801956177
150.811216254	1008.01782227	38.0062484741	32.916721344
150.811216254	1008.01782227	38.0062484741	32.916721344
150.811216255	1008.01782227	38.2324829102	32.916721344
150.811216255	1008.01782227	38.2324829102	32.916721344
150.811216255	1008.01782227	38.2324829102	32.916721344
150.811216255	1008.01782227	38.2324829102	32.916721344
150.811216255	1008.01782227	38.2324829102	32.916721344
150.811216255	1008.01782227	38.2324829102	32.916721344
150.811216255	1008.01782227	38.2324829102	32.916721344
150.811216256	1008.01782227	38.2324829102	32.916721344
150.811216256	1008.01782227	38.2324829102	32.916721344
150.811216256	1008.01782227	38.2324829102	32.916721344
150.811216256	1008.01782227	38.2324829102	32.916721344
150.811216256	1008.01782227	38.2324829102	32.916721344
150.811216256	1008.01782227	38.2324829102	32.916721344
150.811216256	1008.01782227	38.2324829102	32.916721344
150.811216257	1008.01782227	38.2324829102	32.916721344
150.811216257	1008.01782227	38.2324829102	32.916721344
150.811216257	1008.01782227	38.2324829102	32.916721344
150.811216257	1008.01782227	38.2324829102	32.916721344
150.811216257	1008.01782227	38.2324829102	32.916721344
150.811216257	1008.01586914	38.2324829102	32.916721344
150.811216257	1008.01586914	38.2324829102	32.916721344
150.811216258	1008.01586914	38.2324829102	32.916721344
150.811216258	1008.01586914	38.2324829102	32.916721344
150.811216258	1008.01586914	38.2324829102	32.916721344
150.811216258	1008.01586914	38.2324829102	32.916721344
150.811216258	1008.01586914	38.2324829102	32.916721344
150.811216258	1008.01586914	38.2324829102	32.916721344
150.811216258	1008.01586914	38.2324829102	32.916721344
150.811216259	1008.01586914	38.2324829102	32.916721344
150.811216259	1008.01586914	38.2324829102	32.916721344
150.811216259	1008.01586914	38.2324829102	32.916721344
150.811216259	1008.01586914	38.2324829102	32.916721344
150.811216259	1008.01586914	38.2324829102	32.916721344
150.811216259	1008.01586914	38.2324829102	32.916721344
150.811216259	1008.01586914	38.2324829102	32.916721344
150.811216259	1008.01586914	38.2324829102	32.916721344
150.81121626	1008.01586914	38.2324829102	32.916721344
150.81121626	1008.01586914	38.2324829102	32.916721344
150.81121626	1008.01586914	38.2324829102	32.916721344
150.81121626	1008.01586914	38.2324829102	32.916721344
150.81121626	1008.01586914	38.2324829102	32.916721344
150.81121626	1008.01586914	38.2324829102	32.916721344
150.81121626	1008.01586914	38.2324829102	32.916721344
150.811216261	1008.01586914	38.2324829102	32.916721344
150.811216261	1008.01586914	38.2324829102	32.916721344
150.811216261	1008.01586914	38.2324829102	32.916721344
150.811216261	1008.01586914	38.2324829102	32.916721344
150.811216261	1008.01586914	38.2324829102	32.916721344
150.811216261	1008.01245117	38.2324829102	32.916721344
150.811216262	1008.01245117	38.2324829102	32.916721344
150.811216262	1008.01245117	38.2324829102	32.916721344
150.811216262	1008.01245117	38.2324829102	32.916721344
150.811216262	1008.01245117	38.2324829102	32.916721344
150.811216262	1008.01245117	38.2324829102	32.916721344
150.811216262	1008.01245117	38.2324829102	32.7888717651
150.811216262	1008.01245117	38.2324829102	32.7888717651
150.811216263	1008.01245117	39.753074646	32.7888717651
150.811216263	1008.01245117	39.753074646	32.7888717651
150.811216263	1008.01245117	39.753074646	32.7888717651
150.811216263	1008.01245117	39.753074646	32.7888717651
150.811216263	1008.01245117	39.753074646	32.7888717651
150.811216263	1008.01245117	39.753074646	32.7888717651
150.811216263	1008.01245117	39.753074646	32.7888717651
150.811216264	1008.01245117	39.753074646	32.7888717651
150.811216264	1008.01245117	39.753074646	32.7888717651
150.811216264	1008.01245117	39.753074646	32.7888717651
150.811216264	1008.01245117	39.753074646	32.7888717651
150.811216264	1008.01245117	39.753074646	32.7888717651
150.811216264	1008.01245117	39.753074646	32.7888717651
150.811216264	1008.01245117	39.753074646	32.7888717651
150.811216264	1008.01245117	39.753074646	32.7888717651
150.811216265	1008.01245117	39.753074646	32.7888717651
150.811216265	1008.01245117	39.753074646	32.7888717651
150.811216265	1008.01245117	39.753074646	32.7888717651
150.811216265	1008.01245117	39.753074646	32.7888717651
150.811216265	1008.01245117	39.753074646	32.7888717651
150.811216265	1008.01245117	39.753074646	32.7888717651
150.811216265	1008.01513672	39.753074646	32.7888717651
150.811216266	1008.01513672	39.753074646	32.7888717651
150.811216266	1008.01513672	39.753074646	32.7888717651
150.811216266	1008.01513672	39.753074646	32.7888717651
150.811216266	1008.01513672	39.753074646	32.7888717651
150.811216266	1008.01513672	39.753074646	32.7888717651
150.811216266	1008.01513672	39.753074646	32.7888717651
150.811216267	1008.01513672	39.753074646	32.7888717651
150.811216267	1008.01513672	39.753074646	32.7888717651
150.811216267	1008.01513672	39.753074646	32.7888717651
150.811216267	1008.01513672	39.753074646	32.7888717651
150.811216267	1008.01513672	39.753074646	32.7888717651
150.811216267	1008.01513672	39.753074646	32.7888717651
150.811216267	1008.01513672	39.753074646	32.7888717651
150.811216267	1008.01513672	39.753074646	32.7888717651
150.811216268	1008.01513672	39.753074646	32.7888717651
150.811216268	1008.01513672	39.753074646	32.7888717651
150.811216268	1008.01513672	39.753074646	32.7888717651
150.811216268	1008.01513672	39.753074646	32.7888717651
150.811216268	1008.01513672	39.753074646	32.7888717651
150.811216268	1008.01513672	39.753074646	32.7888717651
150.811216268	1008.01513672	39.753074646	32.7888717651
150.811216269	1008.01513672	39.753074646	32.7888717651
150.811216269	1008.01513672	39.753074646	32.7888717651
150.811216269	1008.01513672	39.753074646	32.7888717651
150.811216269	1008.01513672	39.753074646	32.7888717651
150.811216269	1008.01513672	39.753074646	32.7888717651
150.811216269	1008.01513672	39.753074646	32.7888717651
150.811216269	1008.01513672	39.753074646	32.7888717651
150.81121627	1008.01391602	39.753074646	32.7888717651
150.81121627	1008.01391602	39.753074646	32.7888717651
150.81121627	1008.01391602	39.753074646	32.7888717651
150.81121627	1008.01391602	39.753074646	32.7888717651
150.81121627	1008.01391602	39.753074646	32.7888717651
150.81121627	1008.01391602	39.753074646	32.9349861145
150.81121627	1008.01391602	39.753074646	32.9349861145
150.811216271	1008.01391602	39.2857704163	32.9349861145
150.811216271	1008.01391602	39.2857704163	32.9349861145
150.811216271	1008.01391602	39.2857704163	32.9349861145
150.811216271	1008.01391602	39.2857704163	32.9349861145
150.811216271	1008.01391602	39.2857704163	32.9349861145
150.811216271	1008.01391602	39.2857704163	32.9349861145
150.811216271	1008.01391602	39.2857704163	32.9349861145
150.811216272	1008.01391602	39.2857704163	32.9349861145
150.811216272	1008.01391602	39.2857704163	32.9349861145
150.811216272	1008.01391602	39.2857704163	32.9349861145
150.811216272	1008.01391602	39.2857704163	32.9349861145
150.811216272	1008.01391602	39.2857704163	32.9349861145
150.811216272	1008.01391602	39.2857704163	32.9349861145
150.811216272	1008.01391602	39.2857704163	32.9349861145
150.811216273	1008.01391602	39.2857704163	32.9349861145
150.811216273	1008.01391602	39.2857704163	32.9349861145
150.811216273	1008.01391602	39.2857704163	32.9349861145
150.811216273	1008.01391602	39.2857704163	32.9349861145
150.811216273	1008.01391602	39.2857704163	32.9349861145
150.811216273	1008.01391602	39.2857704163	32.9349861145
150.811216273	1008.01391602	39.2857704163	32.9349861145
150.811216274	1008.01049805	39.2857704163	32.9349861145
150.811216274	1008.01049805	39.2857704163	32.9349861145
150.811216274	1008.01049805	39.2857704163	32.9349861145
150.811216274	1008.01049805	39.2857704163	32.9349861145
150.811216274	1008.01049805	39.2857704163	32.9349861145
150.811216274	1008.01049805	39.2857704163	32.9349861145
150.811216274	1008.01049805	39.2857704163	32.9349861145
150.811216275	1008.01049805	39.2857704163	32.9349861145
150.811216275	1008.01049805	39.2857704163	32.9349861145
150.811216275	1008.01049805	39.2857704163	32.9349861145
150.811216275	1008.01049805	39.2857704163	32.9349861145
150.811216275	1008.01049805	39.2857704163	32.9349861145
150.811216275	1008.01049805	39.2857704163	32.9349861145
150.811216275	1008.01049805	39.2857704163	32.9349861145
150.811216276	1008.01049805	39.2857704163	32.9349861145
150.811216276	1008.01049805	39.2857704163	32.9349861145
150.811216276	1008.01049805	39.2857704163	32.9349861145
150.811216276	1008.01049805	39.2857704163	32.9349861145
150.811216276	1008.01049805	39.2857704163	32.9349861145
150.811216276	1008.01049805	39.2857704163	32.9349861145
150.811216276	1008.01049805	39.2857704163	32.9349861145
150.811216277	1008.01049805	39.2857704163	32.9349861145
150.811216277	1008.01049805	39.2857704163	32.9349861145
150.811216277	1008.01049805	39.2857704163	32.9349861145
150.811216277	1008.01049805	39.2857704163	32.9349861145
150.811216277	1008.01049805	39.2857704163	32.9349861145
150.811216277	1008.01049805	39.2857704163	32.9349861145
150.811216277	1008.01049805	39.2857704163	32.9349861145
150.811216277	1008.01049805	39.2857704163	32.9349861145
150.811216278	1008.01123047	39.2857704163	32.9349861145
150.811216278	1008.01123047	39.2857704163	32.9349861145
150.811216278	1008.01123047	39.2857704163	32.9349861145
150.811216278	1008.01123047	39.2857704163	32.9349861145
150.811216278	1008.01123047	39.2857704163	32.9349861145
150.811216278	1008.01123047	39.2857704163	32.9715156555
150.811216279	1008.01123047	40.6060905457	32.9715156555
150.811216279	1008.01123047	40.6060905457	32.9715156555
150.811216279	1008.01123047	40.6060905457	32.9715156555
150.811216279	1008.01123047	40.6060905457	32.9715156555
150.811216279	1008.01123047	40.6060905457	32.9715156555
150.811216279	1008.01123047	40.6060905457	32.9715156555
150.811216279	1008.01123047	40.6060905457	32.9715156555
150.81121628	1008.01123047	40.6060905457	32.9715156555
150.81121628	1008.01123047	40.6060905457	32.9715156555
150.81121628	1008.01123047	40.6060905457	32.9715156555
150.81121628	1008.01123047	40.6060905457	32.9715156555
150.81121628	1008.01123047	40.6060905457	32.9715156555
150.81121628	1008.01123047	40.6060905457	32.9715156555
150.81121628	1008.01123047	40.6060905457	32.9715156555
150.811216281	1008.01123047	40.6060905457	32.9715156555
150.811216281	1008.01123047	40.6060905457	32.9715156555
150.811216281	1008.01123047	40.6060905457	32.9715156555
150.811216281	1008.01123047	40.6060905457	32.9715156555
150.811216281	1008.01123047	40.6060905457	32.9715156555
150.811216281	1008.01123047	40.6060905457	32.9715156555
150.811216281	1008.01123047	40.6060905457	32.9715156555
150.811216282	1008.01123047	40.6060905457	32.9715156555
150.811216282	1008.00805664	40.6060905457	32.9715156555
150.811216282	1008.00805664	40.6060905457	32.9715156555
150.811216282	1008.00805664	40.6060905457	32.9715156555
150.811216282	1008.00805664	40.6060905457	32.9715156555
150.811216282	1008.00805664	40.6060905457	32.9715156555
150.811216282	1008.00805664	40.6060905457	32.9715156555
150.811216283	1008.00805664	40.6060905457	32.9715156555
150.811216283	1008.00805664	40.6060905457	32.9715156555
150.811216283	1008.00805664	40.6060905457	32.9715156555
150.811216283	1008.00805664	40.6060905457	32.9715156555
150.811216283	1008.00805664	40.6060905457	32.9715156555
150.811216283	1008.00805664	40.6060905457	32.9715156555
150.811216283	1008.00805664	40.6060905457	32.9715156555
150.811216284	1008.00805664	40.6060905457	32.9715156555
150.811216284	1008.00805664	40.6060905457	32.9715156555
150.811216284	1008.00805664	40.6060905457	32.9715156555
150.811216284	1008.00805664	40.6060905457	32.9715156555
150.811216284	1008.00805664	40.6060905457	32.9715156555
150.811216284	1008.00805664	40.6060905457	32.9715156555
150.811216284	1008.00805664	40.6060905457	32.9715156555
150.811216284	1008.00805664	40.6060905457	32.9715156555
150.811216285	1008.00805664	40.6060905457	32.9715156555
150.811216285	1008.00805664	40.6060905457	32.9715156555
150.811216285	1008.00805664	40.6060905457	32.9715156555
150.811216285	1008.00805664	40.6060905457	32.9715156555
150.811216285	1008.00805664	40.6060905457	32.9715156555
150.811216285	1008.00805664	40.6060905457	32.9715156555
150.811216285	1008.00805664	40.6060905457	32.9715156555
150.811216286	1008.00805664	40.6060905457	32.9715156555
150.811216286	1008.00927734	40.6060905457	32.9715156555
150.811216286	1008.00927734	40.6060905457	32.9715156555
150.811216286	1008.00927734	40.6060905457	32.9715156555
150.811216286	1008.00927734	40.6060905457	32.9715156555
150.811216286	1008.00927734	40.6060905457	33.0263061523
150.811216287	1008.00927734	40.6060905457	33.0263061523
150.811216287	1008.00927734	41.473941803	33.0263061523
150.811216287	1008.00927734	41.473941803	33.0263061523
150.811216287	1008.00927734	41.473941803	33.0263061523
150.811216287	1008.00927734	41.473941803	33.0263061523
150.811216287	1008.00927734	41.473941803	33.0263061523
150.811216287	1008.00927734	41.473941803	33.0263061523
150.811216288	1008.00927734	41.473941803	33.0263061523
150.811216288	1008.00927734	41.473941803	33.0263061523
150.811216288	1008.00927734	41.473941803	33.0263061523
150.811216288	1008.00927734	41.473941803	33.0263061523
150.811216288	1008.00927734	41.473941803	33.0263061523
150.811216288	1008.00927734	41.473941803	33.0263061523
150.811216288	1008.00927734	41.473941803	33.0263061523
150.811216289	1008.00927734	41.473941803	33.0263061523
150.811216289	1008.00927734	41.473941803	33.0263061523
150.811216289	1008.00927734	41.473941803	33.0263061523
150.811216289	1008.00927734	41.473941803	33.0263061523
150.811216289	1008.00927734	41.473941803	33.0263061523
150.811216289	1008.00927734	41.473941803	33.0263061523
150.811216289	1008.00927734	41.473941803	33.0263061523
150.81121629	1008.00927734	41.473941803	33.0263061523
150.81121629	1008.00927734	41.473941803	33.0263061523
150.81121629	1008.00805664	41.473941803	33.0263061523
150.81121629	1008.00805664	41.473941803	33.0263061523
150.81121629	1008.00805664	41.473941803	33.0263061523
150.81121629	1008.00805664	41.473941803	33.0263061523
150.811216291	1008.00805664	41.473941803	33.0263061523
150.811216291	1008.00805664	41.473941803	33.0263061523
150.811216291	1008.00805664	41.473941803	33.0263061523
150.811216291	1008.00805664	41.473941803	33.0263061523
150.811216291	1008.00805664	41.473941803	33.0263061523
150.811216291	1008.00805664	41.473941803	33.0263061523
150.811216291	1008.00805664	41.473941803	33.0263061523
150.811216292	1008.00805664	41.473941803	33.0263061523
150.811216292	1008.00805664	41.473941803	33.0263061523
150.811216292	1008.00805664	41.473941803	33.0263061523
150.811216292	1008.00805664	41.473941803	33.0263061523
150.811216292	1008.00805664	41.473941803	33.0263061523
150.811216292	1008.00805664	41.473941803	33.0263061523
150.811216292	1008.00805664	41.473941803	33.0263061523
150.811216293	1008.00805664	41.473941803	33.0263061523
150.811216293	1008.00805664	41.473941803	33.0263061523
150.811216293	1008.00805664	41.473941803	33.0263061523
150.811216293	1008.00805664	41.473941803	33.0263061523
150.811216293	1008.00805664	41.473941803	33.0263061523
150.811216293	1008.00805664	41.473941803	33.0263061523
150.811216293	1008.00805664	41.473941803	33.0263061523
150.811216294	1008.00805664	41.473941803	33.0263061523
150.811216294	1008.00805664	41.473941803	33.0263061523
150.811216294	1008.00927734	41.473941803	33.0263061523
150.811216294	1008.00927734	41.473941803	33.0263061523
150.811216294	1008.00927734	41.473941803	33.0263061523
150.811216294	1008.00927734	41.473941803	32.8801956177
150.811216295	1008.00927734	41.473941803	32.8801956177
150.811216295	1008.00927734	37.9654502869	32.8801956177
150.811216295	1008.00927734	37.9654502869	32.8801956177
150.811216295	1008.00927734	37.9654502869	32.8801956177
150.811216295	1008.00927734	37.9654502869	32.8801956177
150.811216295	1008.00927734	37.9654502869	32.8801956177
150.811216295	1008.00927734	37.9654502869	32.8801956177
150.811216296	1008.00927734	37.9654502869	32.8801956177
150.811216296	1008.00927734	37.9654502869	32.8801956177
150.811216296	1008.00927734	37.9654502869	32.8801956177
150.811216296	1008.00927734	37.9654502869	32.8801956177
150.811216296	1008.00927734	37.9654502869	32.8801956177
150.811216296	1008.00927734	37.9654502869	32.8801956177
150.811216297	1008.00927734	37.9654502869	32.8801956177
150.811216297	1008.00927734	37.9654502869	32.8801956177
150.811216297	1008.00927734	37.9654502869	32.8801956177
150.811216297	1008.00927734	37.9654502869	32.8801956177
150.811216297	1008.00927734	37.9654502869	32.8801956177
150.811216297	1008.00927734	37.9654502869	32.8801956177
150.811216297	1008.00927734	37.9654502869	32.8801956177
150.811216297	1008.00927734	37.9654502869	32.8801956177
150.811216298	1008.00927734	37.9654502869	32.8801956177
150.811216298	1008.00927734	37.9654502869	32.8801956177
150.811216298	1008.0090332	37.9654502869	32.8801956177
150.811216298	1008.0090332	37.9654502869	32.8801956177
150.811216298	1008.0090332	37.9654502869	32.8801956177
150.811216298	1008.0090332	37.9654502869	32.8801956177
150.811216299	1008.0090332	37.9654502869	32.8801956177
150.811216299	1008.0090332	37.9654502869	32.8801956177
150.811216299	1008.0090332	37.9654502869	32.8801956177
150.811216299	1008.0090332	37.9654502869	32.8801956177
150.811216299	1008.0090332	37.9654502869	32.8801956177
150.811216299	1008.0090332	37.9654502869	32.8801956177
150.8112163	1008.0090332	37.9654502869	32.8801956177
150.8112163	1008.0090332	37.9654502869	32.8801956177
150.8112163	1008.0090332	37.9654502869	32.8801956177
150.8112163	1008.0090332	37.9654502869	32.8801956177
150.8112163	1008.0090332	37.9654502869	32.8801956177
150.8112163	1008.0090332	37.9654502869	32.8801956177
150.8112163	1008.0090332	37.9654502869	32.8801956177
150.811216301	1008.0090332	37.9654502869	32.8801956177
150.811216301	1008.0090332	37.9654502869	32.8801956177
150.811216301	1008.0090332	37.9654502869	32.8801956177
150.811216301	1008.0090332	37.9654502869	32.8801956177
150.811216301	1008.0090332	37.9654502869	32.8801956177
150.811216301	1008.0090332	37.9654502869	32.8801956177
150.811216301	1008.0090332	37.9654502869	32.8801956177
150.811216302	1008.0090332	37.9654502869	32.8801956177
150.811216302	1008.0090332	37.9654502869	32.8801956177
150.811216302	1008.0090332	37.9654502869	32.8801956177
150.811216302	1008.00927734	37.9654502869	32.8801956177
150.811216302	1008.00927734	37.9654502869	32.8801956177
150.811216302	1008.00927734	37.9654502869	32.8984603882
150.811216303	1008.00927734	37.9654502869	32.8984603882
150.811216303	1008.00927734	38.722038269	32.8984603882
150.811216303	1008.00927734	38.722038269	32.8984603882
150.811216303	1008.00927734	38.722038269	32.8984603882
150.811216303	1008.00927734	38.722038269	32.8984603882
150.811216303	1008.00927734	38.722038269	32.8984603882
