3.27528224872	1300
time	pressure	humidity	temperature
150.811225072	1008.24731445	39.5318641663	30.8488559723
150.811225074	1008.24731445	39.5318641663	30.8488559723
150.811225075	1008.2487793	39.5318641663	30.8488559723
150.811225075	1008.2487793	39.5318641663	30.8488559723
150.811225075	1008.2487793	39.5318641663	30.8488559723
150.811225075	1008.2487793	39.5318641663	30.8488559723
150.811225076	1008.2487793	39.5318641663	30.8488559723
150.811225076	1008.2487793	39.5318641663	30.8488559723
150.811225076	1008.2487793	39.5318641663	30.8488559723
150.811225076	1008.2487793	39.5318641663	30.8488559723
150.811225077	1008.2487793	39.5318641663	30.8488559723
150.811225077	1008.2487793	39.5318641663	30.8488559723
150.811225077	1008.2487793	39.5318641663	30.8488559723
150.811225077	1008.2487793	39.5318641663	30.8488559723
150.811225077	1008.2487793	39.5318641663	30.8488559723
150.811225078	1008.2487793	39.5318641663	30.8488559723
150.811225078	1008.2487793	39.5318641663	30.8488559723
150.811225078	1008.2487793	39.5318641663	30.8488559723
150.811225078	1008.2487793	39.5318641663	30.8488559723
150.811225078	1008.2487793	39.5318641663	30.8488559723
150.811225079	1008.24975586	39.5318641663	30.9200973511
150.811225079	1008.24975586	38.7445487976	30.9200973511
150.81122508	1008.24975586	38.7445487976	30.9200973511
150.81122508	1008.24975586	38.7445487976	30.9200973511
150.81122508	1008.24975586	38.7445487976	30.9200973511
150.81122508	1008.24975586	38.7445487976	30.9200973511
150.81122508	1008.24975586	38.7445487976	30.9200973511
150.811225081	1008.24975586	38.7445487976	30.9200973511
150.811225081	1008.24975586	38.7445487976	30.9200973511
150.811225081	1008.24975586	38.7445487976	30.9200973511
150.811225081	1008.24975586	38.7445487976	30.9200973511
150.811225082	1008.24975586	38.7445487976	30.9200973511
150.811225082	1008.24975586	38.7445487976	30.9200973511
150.811225082	1008.24975586	38.7445487976	30.9200973511
150.811225082	1008.24975586	38.7445487976	30.9200973511
150.811225082	1008.24975586	38.7445487976	30.9200973511
150.811225083	1008.25488281	38.7445487976	30.9200973511
150.811225083	1008.25488281	38.7445487976	30.9200973511
150.811225083	1008.25488281	38.7445487976	30.9200973511
150.811225083	1008.25488281	38.7445487976	30.9200973511
150.811225084	1008.25488281	38.7445487976	30.9200973511
150.811225084	1008.25488281	38.7445487976	30.9200973511
150.811225084	1008.25488281	38.7445487976	30.9200973511
150.811225084	1008.25488281	38.7445487976	30.9200973511
150.811225085	1008.25488281	38.7445487976	30.9200973511
150.811225085	1008.25488281	38.7445487976	30.9200973511
150.811225085	1008.25488281	38.7445487976	30.9200973511
150.811225085	1008.25488281	38.7445487976	30.9200973511
150.811225085	1008.25488281	38.7445487976	30.9200973511
150.811225086	1008.25488281	38.7445487976	30.9200973511
150.811225086	1008.25488281	38.7445487976	30.9200973511
150.811225086	1008.25488281	38.7445487976	30.9200973511
150.811225086	1008.25488281	38.7445487976	30.9200973511
150.811225087	1008.25488281	38.7445487976	30.9200973511
150.811225087	1008.2565918	40.1656341553	30.9200973511
150.811225087	1008.2565918	40.1656341553	30.9200973511
150.811225088	1008.2565918	40.1656341553	30.9200973511
150.811225088	1008.2565918	40.1656341553	30.9200973511
150.811225088	1008.2565918	40.1656341553	30.9200973511
150.811225088	1008.2565918	40.1656341553	30.9200973511
150.811225088	1008.2565918	40.1656341553	30.9200973511
150.811225089	1008.2565918	40.1656341553	30.9200973511
150.811225089	1008.2565918	40.1656341553	30.9200973511
150.811225089	1008.2565918	40.1656341553	30.9200973511
150.811225089	1008.2565918	40.1656341553	30.9200973511
150.81122509	1008.2565918	40.1656341553	30.9200973511
150.81122509	1008.2565918	40.1656341553	30.9200973511
150.81122509	1008.2565918	40.1656341553	30.9200973511
150.81122509	1008.2565918	40.1656341553	30.9200973511
150.81122509	1008.2565918	40.1656341553	30.9200973511
150.811225091	1008.2565918	40.1656341553	30.9200973511
150.811225091	1008.26000977	40.1656341553	30.9200973511
150.811225091	1008.26000977	40.1656341553	30.9200973511
150.811225092	1008.26000977	40.1656341553	30.9200973511
150.811225092	1008.26000977	40.1656341553	30.9200973511
150.811225092	1008.26000977	40.1656341553	30.9200973511
150.811225092	1008.26000977	40.1656341553	30.9200973511
150.811225092	1008.26000977	40.1656341553	30.9200973511
150.811225093	1008.26000977	40.1656341553	30.9200973511
150.811225093	1008.26000977	40.1656341553	30.9200973511
150.811225093	1008.26000977	40.1656341553	30.9200973511
150.811225093	1008.26000977	40.1656341553	30.9200973511
150.811225094	1008.26000977	40.1656341553	30.9200973511
150.811225094	1008.26000977	40.1656341553	30.9200973511
150.811225094	1008.26000977	40.1656341553	30.9200973511
150.811225094	1008.26000977	40.1656341553	30.9200973511
150.811225094	1008.26000977	40.1656341553	30.9200973511
150.811225095	1008.26000977	40.1656341553	30.9200973511
150.811225095	1008.25927734	40.1656341553	30.9200973511
150.811225095	1008.25927734	40.1656341553	30.9200973511
150.811225096	1008.25927734	40.1656341553	30.9200973511
150.811225096	1008.25927734	40.1656341553	30.9200973511
150.811225096	1008.25927734	40.1656341553	30.9200973511
150.811225096	1008.25927734	40.1656341553	30.9200973511
150.811225097	1008.25927734	40.1656341553	30.9200973511
150.811225097	1008.25927734	40.1656341553	30.9200973511
150.811225097	1008.25927734	40.1656341553	30.9200973511
150.811225097	1008.25927734	40.1656341553	30.9200973511
150.811225097	1008.25927734	40.1656341553	30.9200973511
150.811225098	1008.25927734	40.1656341553	30.9200973511
150.811225098	1008.25927734	40.1656341553	30.9200973511
150.811225098	1008.25927734	40.1656341553	30.9200973511
150.811225098	1008.25927734	40.1656341553	30.9200973511
150.811225099	1008.25927734	40.1656341553	30.9200973511
150.811225099	1008.25927734	40.1656341553	30.9200973511
150.811225099	1008.25927734	40.1656341553	30.9200973511
150.811225099	1008.25732422	40.1656341553	30.9200973511
150.8112251	1008.25732422	40.1656341553	30.9200973511
150.8112251	1008.25732422	40.1656341553	30.9200973511
150.8112251	1008.25732422	40.1656341553	30.9200973511
150.8112251	1008.25732422	40.1656341553	30.9200973511
150.8112251	1008.25732422	40.1656341553	30.9200973511
150.811225101	1008.25732422	40.1656341553	30.9200973511
150.811225101	1008.25732422	40.1656341553	30.9200973511
150.811225101	1008.25732422	40.1656341553	30.9200973511
150.811225101	1008.25732422	40.1656341553	30.9200973511
150.811225102	1008.25732422	40.1656341553	30.9200973511
150.811225102	1008.25732422	40.1656341553	30.9200973511
150.811225102	1008.25732422	40.1656341553	30.9200973511
150.811225102	1008.25732422	40.1656341553	30.8666648865
150.811225103	1008.25732422	40.1656341553	30.8666648865
150.811225103	1008.25732422	42.0408172607	30.8666648865
150.811225103	1008.25732422	42.0408172607	30.8666648865
150.811225103	1008.25878906	42.0408172607	30.8666648865
150.811225104	1008.25878906	42.0408172607	30.8666648865
150.811225104	1008.25878906	42.0408172607	30.8666648865
150.811225104	1008.25878906	42.0408172607	30.8666648865
150.811225104	1008.25878906	42.0408172607	30.8666648865
150.811225105	1008.25878906	42.0408172607	30.8666648865
150.811225105	1008.25878906	42.0408172607	30.8666648865
150.811225105	1008.25878906	42.0408172607	30.8666648865
150.811225105	1008.25878906	42.0408172607	30.8666648865
150.811225106	1008.25878906	42.0408172607	30.8666648865
150.811225106	1008.25878906	42.0408172607	30.8666648865
150.811225106	1008.25878906	42.0408172607	30.8666648865
150.811225106	1008.25878906	42.0408172607	30.8666648865
150.811225106	1008.25878906	42.0408172607	30.8666648865
150.811225107	1008.25878906	42.0408172607	30.8666648865
150.811225107	1008.25878906	42.0408172607	30.8666648865
150.811225107	1008.25878906	42.0408172607	30.8666648865
150.811225107	1008.26147461	42.0408172607	30.8666648865
150.811225108	1008.26147461	42.0408172607	30.8666648865
150.811225108	1008.26147461	42.0408172607	30.8666648865
150.811225108	1008.26147461	42.0408172607	30.8666648865
150.811225108	1008.26147461	42.0408172607	30.8666648865
150.811225109	1008.26147461	42.0408172607	30.8666648865
150.811225109	1008.26147461	42.0408172607	30.8666648865
150.811225109	1008.26147461	42.0408172607	30.8666648865
150.811225109	1008.26147461	42.0408172607	30.8666648865
150.811225109	1008.26147461	42.0408172607	30.8666648865
150.81122511	1008.26147461	42.0408172607	30.8666648865
150.81122511	1008.26147461	42.0408172607	30.8666648865
150.81122511	1008.26147461	42.0408172607	31.0091495514
150.81122511	1008.26147461	42.0408172607	31.0091495514
150.811225111	1008.26147461	38.6857452393	31.0091495514
150.811225111	1008.26147461	38.6857452393	31.0091495514
150.811225111	1008.26147461	38.6857452393	31.0091495514
150.811225111	1008.26220703	38.6857452393	31.0091495514
150.811225112	1008.26220703	38.6857452393	31.0091495514
150.811225112	1008.26220703	38.6857452393	31.0091495514
150.811225112	1008.26220703	38.6857452393	31.0091495514
150.811225112	1008.26220703	38.6857452393	31.0091495514
150.811225113	1008.26220703	38.6857452393	31.0091495514
150.811225113	1008.26220703	38.6857452393	31.0091495514
150.811225113	1008.26220703	38.6857452393	31.0091495514
150.811225113	1008.26220703	38.6857452393	31.0091495514
150.811225114	1008.26220703	38.6857452393	31.0091495514
150.811225114	1008.26220703	38.6857452393	31.0091495514
150.811225114	1008.26220703	38.6857452393	31.0091495514
150.811225114	1008.26220703	38.6857452393	31.0091495514
150.811225114	1008.26220703	38.6857452393	31.0091495514
150.811225115	1008.26220703	38.6857452393	31.0091495514
150.811225115	1008.26220703	38.6857452393	31.0091495514
150.811225115	1008.26220703	38.6857452393	31.0091495514
150.811225115	1008.26220703	38.6857452393	31.0091495514
150.811225116	1008.25683594	38.6857452393	31.0091495514
150.811225116	1008.25683594	38.6857452393	31.0091495514
150.811225116	1008.25683594	38.6857452393	31.0091495514
150.811225116	1008.25683594	38.6857452393	31.0091495514
150.811225117	1008.25683594	38.6857452393	31.0091495514
150.811225117	1008.25683594	38.6857452393	31.0091495514
150.811225117	1008.25683594	38.6857452393	31.0091495514
150.811225117	1008.25683594	38.6857452393	31.0091495514
150.811225118	1008.25683594	38.6857452393	31.0091495514
150.811225118	1008.25683594	38.6857452393	31.0091495514
150.811225118	1008.25683594	38.6857452393	30.9557189941
150.811225118	1008.25683594	38.6857452393	30.9557189941
150.811225119	1008.25683594	38.8066177368	30.9557189941
150.811225119	1008.25683594	38.8066177368	30.9557189941
150.811225119	1008.25683594	38.8066177368	30.9557189941
150.811225119	1008.25683594	38.8066177368	30.9557189941
150.811225119	1008.25683594	38.8066177368	30.9557189941
150.81122512	1008.25756836	38.8066177368	30.9557189941
150.81122512	1008.25756836	38.8066177368	30.9557189941
150.81122512	1008.25756836	38.8066177368	30.9557189941
150.811225121	1008.25756836	38.8066177368	30.9557189941
150.811225121	1008.25756836	38.8066177368	30.9557189941
150.811225121	1008.25756836	38.8066177368	30.9557189941
150.811225121	1008.25756836	38.8066177368	30.9557189941
150.811225121	1008.25756836	38.8066177368	30.9557189941
150.811225122	1008.25756836	38.8066177368	30.9557189941
150.811225122	1008.25756836	38.8066177368	30.9557189941
150.811225122	1008.25756836	38.8066177368	30.9557189941
150.811225122	1008.25756836	38.8066177368	30.9557189941
150.811225123	1008.25756836	38.8066177368	30.9557189941
150.811225123	1008.25756836	38.8066177368	30.9557189941
150.811225123	1008.25756836	38.8066177368	30.9557189941
150.811225123	1008.25756836	38.8066177368	30.9557189941
150.811225123	1008.25756836	38.8066177368	30.9557189941
150.811225124	1008.25756836	38.8066177368	30.9557189941
150.811225124	1008.2512207	38.8066177368	30.9557189941
150.811225124	1008.2512207	38.8066177368	30.9557189941
150.811225124	1008.2512207	38.8066177368	30.9557189941
150.811225125	1008.2512207	38.8066177368	30.9557189941
150.811225125	1008.2512207	38.8066177368	30.9557189941
150.811225125	1008.2512207	38.8066177368	30.9557189941
150.811225125	1008.2512207	38.8066177368	30.9557189941
150.811225126	1008.2512207	38.8066177368	30.9557189941
150.811225126	1008.2512207	38.8066177368	30.8666648865
150.811225126	1008.2512207	38.8066177368	30.8666648865
150.811225126	1008.2512207	41.9297409058	30.8666648865
150.811225127	1008.2512207	41.9297409058	30.8666648865
150.811225127	1008.2512207	41.9297409058	30.8666648865
150.811225127	1008.2512207	41.9297409058	30.8666648865
150.811225127	1008.2512207	41.9297409058	30.8666648865
150.811225128	1008.2512207	41.9297409058	30.8666648865
150.811225128	1008.2512207	41.9297409058	30.8666648865
150.811225128	1008.25390625	41.9297409058	30.8666648865
150.811225128	1008.25390625	41.9297409058	30.8666648865
150.811225129	1008.25390625	41.9297409058	30.8666648865
150.811225129	1008.25390625	41.9297409058	30.8666648865
150.811225129	1008.25390625	41.9297409058	30.8666648865
150.811225129	1008.25390625	41.9297409058	30.8666648865
150.81122513	1008.25390625	41.9297409058	30.8666648865
150.81122513	1008.25390625	41.9297409058	30.8666648865
150.81122513	1008.25390625	41.9297409058	30.8666648865
150.81122513	1008.25390625	41.9297409058	30.8666648865
150.81122513	1008.25390625	41.9297409058	30.8666648865
150.811225131	1008.25390625	41.9297409058	30.8666648865
150.811225131	1008.25390625	41.9297409058	30.8666648865
150.811225131	1008.25390625	41.9297409058	30.8666648865
150.811225131	1008.25390625	41.9297409058	30.8666648865
150.811225132	1008.25390625	41.9297409058	30.8666648865
150.811225132	1008.25390625	41.9297409058	30.8666648865
150.811225132	1008.25317383	41.9297409058	30.8666648865
150.811225132	1008.25317383	41.9297409058	30.8666648865
150.811225133	1008.25317383	41.9297409058	30.8666648865
150.811225133	1008.25317383	41.9297409058	30.8666648865
150.811225133	1008.25317383	41.9297409058	30.8666648865
150.811225133	1008.25317383	41.9297409058	30.8666648865
150.811225133	1008.25317383	41.9297409058	30.8666648865
150.811225134	1008.25317383	41.9297409058	30.9913406372
150.811225134	1008.25317383	41.9297409058	30.9913406372
150.811225134	1008.25317383	39.852016449	30.9913406372
150.811225135	1008.25317383	39.852016449	30.9913406372
150.811225135	1008.25317383	39.852016449	30.9913406372
150.811225135	1008.25317383	39.852016449	30.9913406372
150.811225135	1008.25317383	39.852016449	30.9913406372
150.811225135	1008.25317383	39.852016449	30.9913406372
150.811225136	1008.25317383	39.852016449	30.9913406372
150.811225136	1008.25317383	39.852016449	30.9913406372
150.811225136	1008.25317383	39.852016449	30.9913406372
150.811225136	1008.25317383	39.852016449	30.9913406372
150.811225137	1008.25317383	39.852016449	30.9913406372
150.811225137	1008.25317383	39.852016449	30.9913406372
150.811225137	1008.25317383	39.852016449	30.9913406372
150.811225137	1008.25317383	39.852016449	30.9913406372
150.811225138	1008.25317383	39.852016449	30.9913406372
150.811225138	1008.25317383	39.852016449	30.9913406372
150.811225138	1008.25317383	39.852016449	30.9913406372
150.811225138	1008.25317383	39.852016449	30.9913406372
150.811225138	1008.25317383	39.852016449	30.9913406372
150.811225139	1008.25317383	39.852016449	30.9913406372
150.811225139	1008.25317383	39.852016449	30.9913406372
150.811225139	1008.25317383	39.852016449	30.9913406372
150.811225139	1008.25317383	39.852016449	30.9913406372
150.81122514	1008.25317383	39.852016449	30.9913406372
150.81122514	1008.25317383	39.852016449	30.9913406372
150.81122514	1008.25317383	39.852016449	30.9913406372
150.81122514	1008.2590332	39.852016449	30.9913406372
150.811225141	1008.2590332	39.852016449	30.9913406372
150.811225141	1008.2590332	39.852016449	30.9913406372
150.811225141	1008.2590332	39.852016449	30.9913406372
150.811225141	1008.2590332	39.852016449	30.9913406372
150.811225142	1008.2590332	39.852016449	30.884475708
150.811225142	1008.2590332	39.852016449	30.884475708
150.811225142	1008.2590332	40.129699707	30.884475708
150.811225142	1008.2590332	40.129699707	30.884475708
150.811225143	1008.2590332	40.129699707	30.884475708
150.811225143	1008.2590332	40.129699707	30.884475708
150.811225143	1008.2590332	40.129699707	30.884475708
150.811225143	1008.2590332	40.129699707	30.884475708
150.811225143	1008.2590332	40.129699707	30.884475708
150.811225144	1008.2590332	40.129699707	30.884475708
150.811225144	1008.2590332	40.129699707	30.884475708
150.811225144	1008.2590332	40.129699707	30.884475708
150.811225144	1008.26049805	40.129699707	30.884475708
150.811225145	1008.26049805	40.129699707	30.884475708
150.811225145	1008.26049805	40.129699707	30.884475708
150.811225145	1008.26049805	40.129699707	30.884475708
150.811225145	1008.26049805	40.129699707	30.884475708
150.811225146	1008.26049805	40.129699707	30.884475708
150.811225146	1008.26049805	40.129699707	30.884475708
150.811225146	1008.26049805	40.129699707	30.884475708
150.811225146	1008.26049805	40.129699707	30.884475708
150.811225147	1008.26049805	40.129699707	30.884475708
150.811225147	1008.26049805	40.129699707	30.884475708
150.811225147	1008.26049805	40.129699707	30.884475708
150.811225147	1008.26049805	40.129699707	30.884475708
150.811225147	1008.26049805	40.129699707	30.884475708
150.811225148	1008.26049805	40.129699707	30.884475708
150.811225148	1008.26049805	40.129699707	30.884475708
150.811225148	1008.26049805	40.129699707	30.884475708
150.811225148	1008.26049805	40.129699707	30.884475708
150.811225149	1008.25854492	40.129699707	30.884475708
150.811225149	1008.25854492	40.129699707	30.884475708
150.811225149	1008.25854492	40.129699707	30.884475708
150.811225149	1008.25854492	40.129699707	30.884475708
150.81122515	1008.25854492	40.129699707	30.8666648865
150.81122515	1008.25854492	39.0451011658	30.8666648865
150.81122515	1008.25854492	39.0451011658	30.8666648865
150.81122515	1008.25854492	39.0451011658	30.8666648865
150.811225151	1008.25854492	39.0451011658	30.8666648865
150.811225151	1008.25854492	39.0451011658	30.8666648865
150.811225151	1008.25854492	39.0451011658	30.8666648865
150.811225151	1008.25854492	39.0451011658	30.8666648865
150.811225152	1008.25854492	39.0451011658	30.8666648865
150.811225152	1008.25854492	39.0451011658	30.8666648865
150.811225152	1008.25854492	39.0451011658	30.8666648865
150.811225152	1008.25854492	39.0451011658	30.8666648865
150.811225152	1008.25854492	39.0451011658	30.8666648865
150.811225153	1008.25317383	39.0451011658	30.8666648865
150.811225153	1008.25317383	39.0451011658	30.8666648865
150.811225153	1008.25317383	39.0451011658	30.8666648865
150.811225153	1008.25317383	39.0451011658	30.8666648865
150.811225154	1008.25317383	39.0451011658	30.8666648865
150.811225154	1008.25317383	39.0451011658	30.8666648865
150.811225154	1008.25317383	39.0451011658	30.8666648865
150.811225154	1008.25317383	39.0451011658	30.8666648865
150.811225155	1008.25317383	39.0451011658	30.8666648865
150.811225155	1008.25317383	39.0451011658	30.8666648865
150.811225155	1008.25317383	39.0451011658	30.8666648865
150.811225155	1008.25317383	39.0451011658	30.8666648865
150.811225155	1008.25317383	39.0451011658	30.8666648865
150.811225156	1008.25317383	39.0451011658	30.8666648865
150.811225156	1008.25317383	39.0451011658	30.8666648865
150.811225156	1008.25317383	39.0451011658	30.8666648865
150.811225156	1008.25317383	39.0451011658	30.8666648865
150.811225157	1008.25317383	39.0451011658	30.8666648865
150.811225157	1008.24926758	39.0451011658	30.8666648865
150.811225157	1008.24926758	39.0451011658	30.8666648865
150.811225157	1008.24926758	39.0451011658	30.8310451508
150.811225158	1008.24926758	40.4759864807	30.8310451508
150.811225158	1008.24926758	40.4759864807	30.8310451508
150.811225158	1008.24926758	40.4759864807	30.8310451508
150.811225158	1008.24926758	40.4759864807	30.8310451508
150.811225159	1008.24926758	40.4759864807	30.8310451508
150.811225159	1008.24926758	40.4759864807	30.8310451508
150.811225159	1008.24926758	40.4759864807	30.8310451508
150.811225159	1008.24926758	40.4759864807	30.8310451508
150.81122516	1008.24926758	40.4759864807	30.8310451508
150.81122516	1008.24926758	40.4759864807	30.8310451508
150.81122516	1008.24926758	40.4759864807	30.8310451508
150.81122516	1008.24926758	40.4759864807	30.8310451508
150.81122516	1008.24926758	40.4759864807	30.8310451508
150.811225161	1008.24804688	40.4759864807	30.8310451508
150.811225161	1008.24804688	40.4759864807	30.8310451508
150.811225161	1008.24804688	40.4759864807	30.8310451508
150.811225162	1008.24804688	40.4759864807	30.8310451508
150.811225162	1008.24804688	40.4759864807	30.8310451508
150.811225162	1008.24804688	40.4759864807	30.8310451508
150.811225162	1008.24804688	40.4759864807	30.8310451508
150.811225162	1008.24804688	40.4759864807	30.8310451508
150.811225163	1008.24804688	40.4759864807	30.8310451508
150.811225163	1008.24804688	40.4759864807	30.8310451508
150.811225163	1008.24804688	40.4759864807	30.8310451508
150.811225163	1008.24804688	40.4759864807	30.8310451508
150.811225164	1008.24804688	40.4759864807	30.8310451508
150.811225164	1008.24804688	40.4759864807	30.8310451508
150.811225164	1008.24804688	40.4759864807	30.8310451508
150.811225164	1008.24804688	40.4759864807	30.8310451508
150.811225164	1008.24804688	40.4759864807	30.8310451508
150.811225165	1008.24804688	40.4759864807	30.8310451508
150.811225165	1008.24438477	40.4759864807	30.8310451508
150.811225165	1008.24438477	40.4759864807	30.9022865295
150.811225166	1008.24438477	39.4991950989	30.9022865295
150.811225166	1008.24438477	39.4991950989	30.9022865295
150.811225166	1008.24438477	39.4991950989	30.9022865295
150.811225166	1008.24438477	39.4991950989	30.9022865295
150.811225167	1008.24438477	39.4991950989	30.9022865295
150.811225167	1008.24438477	39.4991950989	30.9022865295
150.811225167	1008.24438477	39.4991950989	30.9022865295
150.811225167	1008.24438477	39.4991950989	30.9022865295
150.811225167	1008.24438477	39.4991950989	30.9022865295
150.811225168	1008.24438477	39.4991950989	30.9022865295
150.811225168	1008.24438477	39.4991950989	30.9022865295
150.811225168	1008.24438477	39.4991950989	30.9022865295
150.811225168	1008.24438477	39.4991950989	30.9022865295
150.811225169	1008.24438477	39.4991950989	30.9022865295
150.811225169	1008.24438477	39.4991950989	30.9022865295
150.811225169	1008.24047852	39.4991950989	30.9022865295
150.811225169	1008.24047852	39.4991950989	30.9022865295
150.81122517	1008.24047852	39.4991950989	30.9022865295
150.81122517	1008.24047852	39.4991950989	30.9022865295
150.81122517	1008.24047852	39.4991950989	30.9022865295
150.81122517	1008.24047852	39.4991950989	30.9022865295
150.811225171	1008.24047852	39.4991950989	30.9022865295
150.811225171	1008.24047852	39.4991950989	30.9022865295
150.811225171	1008.24047852	39.4991950989	30.9022865295
150.811225171	1008.24047852	39.4991950989	30.9022865295
150.811225171	1008.24047852	39.4991950989	30.9022865295
150.811225172	1008.24047852	39.4991950989	30.9022865295
150.811225172	1008.24047852	39.4991950989	30.9022865295
150.811225172	1008.24047852	39.4991950989	30.9022865295
150.811225172	1008.24047852	39.4991950989	30.9022865295
150.811225173	1008.24047852	39.4991950989	30.9022865295
150.811225173	1008.24047852	39.4991950989	30.9022865295
150.811225173	1008.24047852	39.4991950989	30.9022865295
150.811225173	1008.23730469	39.7540092468	30.8666648865
150.811225174	1008.23730469	39.7540092468	30.8666648865
150.811225174	1008.23730469	39.7540092468	30.8666648865
150.811225174	1008.23730469	39.7540092468	30.8666648865
150.811225174	1008.23730469	39.7540092468	30.8666648865
150.811225175	1008.23730469	39.7540092468	30.8666648865
150.811225175	1008.23730469	39.7540092468	30.8666648865
150.811225175	1008.23730469	39.7540092468	30.8666648865
150.811225175	1008.23730469	39.7540092468	30.8666648865
150.811225176	1008.23730469	39.7540092468	30.8666648865
150.811225176	1008.23730469	39.7540092468	30.8666648865
150.811225176	1008.23730469	39.7540092468	30.8666648865
150.811225176	1008.23730469	39.7540092468	30.8666648865
150.811225176	1008.23730469	39.7540092468	30.8666648865
150.811225177	1008.23730469	39.7540092468	30.8666648865
150.811225177	1008.23730469	39.7540092468	30.8666648865
150.811225177	1008.23730469	39.7540092468	30.8666648865
150.811225177	1008.23608398	39.7540092468	30.8666648865
150.811225178	1008.23608398	39.7540092468	30.8666648865
150.811225178	1008.23608398	39.7540092468	30.8666648865
150.811225178	1008.23608398	39.7540092468	30.8666648865
150.811225178	1008.23608398	39.7540092468	30.8666648865
150.811225179	1008.23608398	39.7540092468	30.8666648865
150.811225179	1008.23608398	39.7540092468	30.8666648865
150.811225179	1008.23608398	39.7540092468	30.8666648865
150.811225179	1008.23608398	39.7540092468	30.8666648865
150.81122518	1008.23608398	39.7540092468	30.8666648865
150.81122518	1008.23608398	39.7540092468	30.8666648865
150.81122518	1008.23608398	39.7540092468	30.8666648865
150.81122518	1008.23608398	39.7540092468	30.8666648865
150.81122518	1008.23608398	39.7540092468	30.8666648865
150.811225181	1008.23608398	39.7540092468	30.8666648865
150.811225181	1008.23608398	39.7540092468	30.8310451508
150.811225181	1008.23608398	39.2411117554	30.8310451508
150.811225181	1008.23071289	39.2411117554	30.8310451508
150.811225182	1008.23071289	39.2411117554	30.8310451508
150.811225182	1008.23071289	39.2411117554	30.8310451508
150.811225182	1008.23071289	39.2411117554	30.8310451508
150.811225183	1008.23071289	39.2411117554	30.8310451508
150.811225183	1008.23071289	39.2411117554	30.8310451508
150.811225183	1008.23071289	39.2411117554	30.8310451508
150.811225183	1008.23071289	39.2411117554	30.8310451508
150.811225183	1008.23071289	39.2411117554	30.8310451508
150.811225184	1008.23071289	39.2411117554	30.8310451508
150.811225184	1008.23071289	39.2411117554	30.8310451508
150.811225184	1008.23071289	39.2411117554	30.8310451508
150.811225184	1008.23071289	39.2411117554	30.8310451508
150.811225185	1008.23071289	39.2411117554	30.8310451508
150.811225185	1008.23071289	39.2411117554	30.8310451508
150.811225185	1008.23071289	39.2411117554	30.8310451508
150.811225185	1008.23071289	39.2411117554	30.8310451508
150.811225185	1008.22631836	39.2411117554	30.8310451508
150.811225186	1008.22631836	39.2411117554	30.8310451508
150.811225186	1008.22631836	39.2411117554	30.8310451508
150.811225186	1008.22631836	39.2411117554	30.8310451508
150.811225187	1008.22631836	39.2411117554	30.8310451508
150.811225187	1008.22631836	39.2411117554	30.8310451508
150.811225187	1008.22631836	39.2411117554	30.8310451508
150.811225187	1008.22631836	39.2411117554	30.8310451508
150.811225187	1008.22631836	39.2411117554	30.8310451508
150.811225188	1008.22631836	39.2411117554	30.8310451508
150.811225188	1008.22631836	39.2411117554	30.8310451508
150.811225188	1008.22631836	39.2411117554	30.8310451508
150.811225188	1008.22631836	39.2411117554	30.8310451508
150.811225189	1008.22631836	39.2411117554	30.8310451508
150.811225189	1008.22631836	39.2411117554	30.8666648865
150.811225189	1008.22631836	40.1002960205	30.8666648865
150.811225189	1008.22631836	40.1002960205	30.8666648865
150.81122519	1008.2265625	40.1002960205	30.8666648865
150.81122519	1008.2265625	40.1002960205	30.8666648865
150.81122519	1008.2265625	40.1002960205	30.8666648865
150.81122519	1008.2265625	40.1002960205	30.8666648865
150.811225191	1008.2265625	40.1002960205	30.8666648865
150.811225191	1008.2265625	40.1002960205	30.8666648865
150.811225191	1008.2265625	40.1002960205	30.8666648865
150.811225191	1008.2265625	40.1002960205	30.8666648865
150.811225192	1008.2265625	40.1002960205	30.8666648865
150.811225192	1008.2265625	40.1002960205	30.8666648865
150.811225192	1008.2265625	40.1002960205	30.8666648865
150.811225192	1008.2265625	40.1002960205	30.8666648865
150.811225192	1008.2265625	40.1002960205	30.8666648865
150.811225193	1008.2265625	40.1002960205	30.8666648865
150.811225193	1008.2265625	40.1002960205	30.8666648865
150.811225193	1008.2265625	40.1002960205	30.8666648865
150.811225193	1008.2265625	40.1002960205	30.8666648865
150.811225194	1008.2265625	40.1002960205	30.8666648865
150.811225194	1008.22436523	40.1002960205	30.8666648865
150.811225194	1008.22436523	40.1002960205	30.8666648865
150.811225194	1008.22436523	40.1002960205	30.8666648865
150.811225195	1008.22436523	40.1002960205	30.8666648865
150.811225195	1008.22436523	40.1002960205	30.8666648865
150.811225195	1008.22436523	40.1002960205	30.8666648865
150.811225195	1008.22436523	40.1002960205	30.8666648865
150.811225195	1008.22436523	40.1002960205	30.8666648865
150.811225196	1008.22436523	40.1002960205	30.8666648865
150.811225196	1008.22436523	40.1002960205	30.8666648865
150.811225196	1008.22436523	40.1002960205	30.8666648865
150.811225196	1008.22436523	40.1002960205	30.8666648865
150.811225197	1008.22436523	40.1002960205	30.8666648865
150.811225197	1008.22436523	40.1002960205	30.8666648865
150.811225197	1008.22436523	39.0614356995	30.8666648865
150.811225197	1008.22436523	39.0614356995	30.8666648865
150.811225198	1008.22436523	39.0614356995	30.8666648865
150.811225198	1008.22070312	39.0614356995	30.8666648865
150.811225198	1008.22070312	39.0614356995	30.8666648865
150.811225198	1008.22070312	39.0614356995	30.8666648865
150.811225199	1008.22070312	39.0614356995	30.8666648865
150.811225199	1008.22070312	39.0614356995	30.8666648865
150.811225199	1008.22070312	39.0614356995	30.8666648865
150.811225199	1008.22070312	39.0614356995	30.8666648865
150.8112252	1008.22070312	39.0614356995	30.8666648865
150.8112252	1008.22070312	39.0614356995	30.8666648865
150.8112252	1008.22070312	39.0614356995	30.8666648865
150.8112252	1008.22070312	39.0614356995	30.8666648865
150.8112252	1008.22070312	39.0614356995	30.8666648865
150.811225201	1008.22070312	39.0614356995	30.8666648865
150.811225201	1008.22070312	39.0614356995	30.8666648865
150.811225201	1008.22070312	39.0614356995	30.8666648865
150.811225201	1008.22070312	39.0614356995	30.8666648865
150.811225202	1008.22070312	39.0614356995	30.8666648865
150.811225202	1008.22363281	39.0614356995	30.8666648865
150.811225202	1008.22363281	39.0614356995	30.8666648865
150.811225202	1008.22363281	39.0614356995	30.8666648865
150.811225203	1008.22363281	39.0614356995	30.8666648865
150.811225203	1008.22363281	39.0614356995	30.8666648865
150.811225203	1008.22363281	39.0614356995	30.8666648865
150.811225203	1008.22363281	39.0614356995	30.8666648865
150.811225204	1008.22363281	39.0614356995	30.8666648865
150.811225204	1008.22363281	39.0614356995	30.8666648865
150.811225204	1008.22363281	39.0614356995	30.8666648865
150.811225204	1008.22363281	39.0614356995	30.8666648865
150.811225204	1008.22363281	39.0614356995	30.9735298157
150.811225205	1008.22363281	42.8313980103	30.9735298157
150.811225205	1008.22363281	42.8313980103	30.9735298157
150.811225205	1008.22363281	42.8313980103	30.9735298157
150.811225206	1008.22363281	42.8313980103	30.9735298157
150.811225206	1008.22363281	42.8313980103	30.9735298157
150.811225206	1008.22143555	42.8313980103	30.9735298157
150.811225206	1008.22143555	42.8313980103	30.9735298157
150.811225207	1008.22143555	42.8313980103	30.9735298157
150.811225207	1008.22143555	42.8313980103	30.9735298157
150.811225207	1008.22143555	42.8313980103	30.9735298157
150.811225207	1008.22143555	42.8313980103	30.9735298157
150.811225207	1008.22143555	42.8313980103	30.9735298157
150.811225208	1008.22143555	42.8313980103	30.9735298157
150.811225208	1008.22143555	42.8313980103	30.9735298157
150.811225208	1008.22143555	42.8313980103	30.9735298157
150.811225208	1008.22143555	42.8313980103	30.9735298157
150.811225209	1008.22143555	42.8313980103	30.9735298157
150.811225209	1008.22143555	42.8313980103	30.9735298157
150.811225209	1008.22143555	42.8313980103	30.9735298157
150.811225209	1008.22143555	42.8313980103	30.9735298157
150.811225209	1008.22143555	42.8313980103	30.9735298157
150.81122521	1008.22143555	42.8313980103	30.9735298157
150.81122521	1008.22143555	42.8313980103	30.9735298157
150.81122521	1008.21923828	42.8313980103	30.9735298157
150.811225211	1008.21923828	42.8313980103	30.9735298157
150.811225211	1008.21923828	42.8313980103	30.9735298157
150.811225211	1008.21923828	42.8313980103	30.9735298157
150.811225211	1008.21923828	42.8313980103	30.9735298157
150.811225211	1008.21923828	42.8313980103	30.9735298157
150.811225212	1008.21923828	42.8313980103	30.9735298157
150.811225212	1008.21923828	42.8313980103	30.9735298157
150.811225212	1008.21923828	42.8313980103	30.9735298157
150.811225212	1008.21923828	42.8313980103	30.7776145935
150.811225213	1008.21923828	41.8709373474	30.7776145935
150.811225213	1008.21923828	41.8709373474	30.7776145935
150.811225213	1008.21923828	41.8709373474	30.7776145935
150.811225213	1008.21923828	41.8709373474	30.7776145935
150.811225214	1008.21923828	41.8709373474	30.7776145935
150.811225214	1008.21923828	41.8709373474	30.7776145935
150.811225214	1008.21923828	41.8709373474	30.7776145935
150.811225214	1008.21289062	41.8709373474	30.7776145935
150.811225215	1008.21289062	41.8709373474	30.7776145935
150.811225215	1008.21289062	41.8709373474	30.7776145935
150.811225215	1008.21289062	41.8709373474	30.7776145935
150.811225215	1008.21289062	41.8709373474	30.7776145935
150.811225216	1008.21289062	41.8709373474	30.7776145935
150.811225216	1008.21289062	41.8709373474	30.7776145935
150.811225216	1008.21289062	41.8709373474	30.7776145935
150.811225216	1008.21289062	41.8709373474	30.7776145935
150.811225216	1008.21289062	41.8709373474	30.7776145935
150.811225217	1008.21289062	41.8709373474	30.7776145935
150.811225217	1008.21289062	41.8709373474	30.7776145935
150.811225217	1008.21289062	41.8709373474	30.7776145935
150.811225217	1008.21289062	41.8709373474	30.7776145935
150.811225218	1008.21289062	41.8709373474	30.7776145935
150.811225218	1008.21289062	41.8709373474	30.7776145935
150.811225218	1008.21289062	41.8709373474	30.7776145935
150.811225218	1008.21289062	41.8709373474	30.7776145935
150.811225218	1008.20947266	41.8709373474	30.7776145935
150.811225219	1008.20947266	41.8709373474	30.7776145935
150.811225219	1008.20947266	41.8709373474	30.7776145935
150.811225219	1008.20947266	41.8709373474	30.7776145935
150.811225219	1008.20947266	41.8709373474	30.7776145935
150.81122522	1008.20947266	41.8709373474	30.7776145935
150.81122522	1008.20947266	41.8709373474	30.7776145935
150.81122522	1008.20947266	41.8709373474	30.9735298157
150.81122522	1008.20947266	41.8709373474	30.9735298157
150.811225221	1008.20947266	37.3855323792	30.9735298157
150.811225221	1008.20947266	37.3855323792	30.9735298157
150.811225221	1008.20947266	37.3855323792	30.9735298157
150.811225221	1008.20947266	37.3855323792	30.9735298157
150.811225222	1008.20947266	37.3855323792	30.9735298157
150.811225222	1008.20947266	37.3855323792	30.9735298157
150.811225222	1008.20947266	37.3855323792	30.9735298157
150.811225222	1008.20947266	37.3855323792	30.9735298157
150.811225223	1008.20849609	37.3855323792	30.9735298157
150.811225223	1008.20849609	37.3855323792	30.9735298157
150.811225223	1008.20849609	37.3855323792	30.9735298157
150.811225223	1008.20849609	37.3855323792	30.9735298157
150.811225224	1008.20849609	37.3855323792	30.9735298157
150.811225224	1008.20849609	37.3855323792	30.9735298157
150.811225224	1008.20849609	37.3855323792	30.9735298157
150.811225224	1008.20849609	37.3855323792	30.9735298157
150.811225225	1008.20849609	37.3855323792	30.9735298157
150.811225225	1008.20849609	37.3855323792	30.9735298157
150.811225225	1008.20849609	37.3855323792	30.9735298157
150.811225225	1008.20849609	37.3855323792	30.9735298157
150.811225225	1008.20849609	37.3855323792	30.9735298157
150.811225226	1008.20849609	37.3855323792	30.9735298157
150.811225226	1008.20849609	37.3855323792	30.9735298157
150.811225226	1008.20849609	37.3855323792	30.9735298157
150.811225226	1008.20849609	37.3855323792	30.9735298157
150.811225227	1008.21313477	37.3855323792	30.9735298157
150.811225227	1008.21313477	37.3855323792	30.9735298157
150.811225227	1008.21313477	37.3855323792	30.9735298157
150.811225227	1008.21313477	37.3855323792	30.9735298157
150.811225228	1008.21313477	37.3855323792	30.9735298157
150.811225228	1008.21313477	37.3855323792	30.9735298157
150.811225228	1008.21313477	37.3855323792	30.9557189941
150.811225228	1008.21313477	37.3789978027	30.9557189941
150.8112262	1009.05541992	37.6542015076	31.32862854
150.811226203	1009.05541992	38.3189544678	31.32862854
150.811226203	1009.05541992	38.3189544678	31.32862854
150.811226203	1009.05541992	38.3189544678	31.32862854
150.811226203	1009.05541992	38.3189544678	31.32862854
150.811226204	1009.05541992	38.3189544678	31.32862854
150.811226204	1009.05541992	38.3189544678	31.32862854
150.811226204	1009.05541992	38.3189544678	31.32862854
150.811226205	1009.05371094	38.3189544678	31.32862854
150.811226205	1009.05371094	38.3189544678	31.32862854
150.811226205	1009.05371094	38.3189544678	31.32862854
150.811226205	1009.05371094	38.3189544678	31.32862854
150.811226205	1009.05371094	38.3189544678	31.32862854
150.811226206	1009.05371094	38.3189544678	31.32862854
150.811226206	1009.05371094	38.3189544678	31.32862854
150.811226206	1009.05371094	38.3189544678	31.32862854
150.811226206	1009.05371094	38.3189544678	31.32862854
150.811226206	1009.05371094	38.3189544678	31.32862854
150.811226206	1009.05371094	38.3189544678	31.32862854
150.811226206	1009.05371094	38.3189544678	31.32862854
150.811226207	1009.05371094	38.3189544678	31.32862854
150.811226207	1009.05371094	38.3189544678	31.32862854
150.811226207	1009.05371094	38.3189544678	31.32862854
150.811226207	1009.05371094	38.3189544678	31.32862854
150.811226207	1009.05371094	38.3189544678	31.32862854
150.811226207	1009.05371094	38.3189544678	31.32862854
150.811226207	1009.05371094	38.3189544678	31.32862854
150.811226208	1009.05371094	38.3189544678	31.32862854
150.811226208	1009.05371094	38.3189544678	31.32862854
150.811226208	1009.05371094	38.3189544678	31.32862854
150.811226208	1009.05371094	38.3189544678	31.32862854
150.811226208	1009.05371094	38.3189544678	31.32862854
150.811226208	1009.05371094	38.3189544678	31.32862854
150.811226208	1009.05371094	38.3189544678	31.32862854
150.811226209	1009.05371094	38.3189544678	31.32862854
150.811226209	1009.05029297	38.3189544678	31.32862854
150.811226209	1009.05029297	38.3189544678	31.3652553558
150.811226209	1009.05029297	38.3189544678	31.3652553558
150.811226209	1009.05029297	39.4550170898	31.3652553558
150.81122621	1009.05029297	39.4550170898	31.3652553558
150.81122621	1009.05029297	39.4550170898	31.3652553558
150.81122621	1009.05029297	39.4550170898	31.3652553558
150.81122621	1009.05029297	39.4550170898	31.3652553558
150.81122621	1009.05029297	39.4550170898	31.3652553558
150.81122621	1009.05029297	39.4550170898	31.3652553558
150.81122621	1009.05029297	39.4550170898	31.3652553558
150.811226211	1009.05029297	39.4550170898	31.3652553558
150.811226211	1009.05029297	39.4550170898	31.3652553558
150.811226211	1009.05029297	39.4550170898	31.3652553558
150.811226211	1009.05029297	39.4550170898	31.3652553558
150.811226211	1009.05029297	39.4550170898	31.3652553558
150.811226211	1009.05029297	39.4550170898	31.3652553558
150.811226211	1009.05029297	39.4550170898	31.3652553558
150.811226212	1009.05029297	39.4550170898	31.3652553558
150.811226212	1009.05029297	39.4550170898	31.3652553558
150.811226212	1009.05029297	39.4550170898	31.3652553558
150.811226212	1009.05029297	39.4550170898	31.3652553558
150.811226212	1009.05029297	39.4550170898	31.3652553558
150.811226212	1009.05029297	39.4550170898	31.3652553558
150.811226212	1009.05029297	39.4550170898	31.3652553558
150.811226213	1009.05029297	39.4550170898	31.3652553558
150.811226213	1009.05029297	39.4550170898	31.3652553558
150.811226213	1009.04638672	39.4550170898	31.3652553558
150.811226213	1009.04638672	39.4550170898	31.3652553558
150.811226213	1009.04638672	39.4550170898	31.3652553558
150.811226213	1009.04638672	39.4550170898	31.3652553558
150.811226213	1009.04638672	39.4550170898	31.3652553558
150.811226214	1009.04638672	39.4550170898	31.3652553558
150.811226214	1009.04638672	39.4550170898	31.3652553558
150.811226214	1009.04638672	39.4550170898	31.3652553558
150.811226214	1009.04638672	39.4550170898	31.3652553558
150.811226214	1009.04638672	39.4550170898	31.3652553558
150.811226214	1009.04638672	39.4550170898	31.3652553558
150.811226214	1009.04638672	39.4550170898	31.3652553558
150.811226215	1009.04638672	39.4550170898	31.3652553558
150.811226215	1009.04638672	39.4550170898	31.3652553558
150.811226215	1009.04638672	39.4550170898	31.3652553558
150.811226215	1009.04638672	39.4550170898	31.3652553558
150.811226215	1009.04638672	39.4550170898	31.3652553558
150.811226215	1009.04638672	39.4550170898	31.3652553558
150.811226215	1009.04638672	39.4550170898	31.3652553558
150.811226216	1009.04638672	39.4550170898	31.3652553558
150.811226216	1009.04638672	39.4550170898	31.3652553558
150.811226216	1009.04638672	39.4550170898	31.3652553558
150.811226216	1009.04638672	39.4550170898	31.3652553558
150.811226216	1009.04638672	39.4550170898	31.3652553558
150.811226216	1009.04638672	39.4550170898	31.3652553558
150.811226216	1009.04638672	39.4550170898	31.3652553558
150.811226217	1009.04638672	39.4550170898	31.3652553558
150.811226217	1009.04614258	39.4550170898	31.3652553558
150.811226217	1009.04614258	39.4550170898	31.3652553558
150.811226217	1009.04614258	39.4550170898	31.27368927
150.811226217	1009.04614258	37.4783401489	31.27368927
150.811226218	1009.04614258	37.4783401489	31.27368927
150.811226218	1009.04614258	37.4783401489	31.27368927
150.811226218	1009.04614258	37.4783401489	31.27368927
150.811226218	1009.04614258	37.4783401489	31.27368927
150.811226218	1009.04614258	37.4783401489	31.27368927
150.811226218	1009.04614258	37.4783401489	31.27368927
150.811226218	1009.04614258	37.4783401489	31.27368927
150.811226218	1009.04614258	37.4783401489	31.27368927
150.811226219	1009.04614258	37.4783401489	31.27368927
150.811226219	1009.04614258	37.4783401489	31.27368927
150.811226219	1009.04614258	37.4783401489	31.27368927
150.811226219	1009.04614258	37.4783401489	31.27368927
150.811226219	1009.04614258	37.4783401489	31.27368927
150.811226219	1009.04614258	37.4783401489	31.27368927
150.811226219	1009.04614258	37.4783401489	31.27368927
150.81122622	1009.04614258	37.4783401489	31.27368927
150.81122622	1009.04614258	37.4783401489	31.27368927
150.81122622	1009.04614258	37.4783401489	31.27368927
150.81122622	1009.04614258	37.4783401489	31.27368927
150.81122622	1009.04614258	37.4783401489	31.27368927
150.81122622	1009.04614258	37.4783401489	31.27368927
150.81122622	1009.04614258	37.4783401489	31.27368927
150.811226221	1009.04614258	37.4783401489	31.27368927
150.811226221	1009.04614258	37.4783401489	31.27368927
150.811226221	1009.04614258	37.4783401489	31.27368927
150.811226221	1009.04516602	37.4783401489	31.27368927
150.811226221	1009.04516602	37.4783401489	31.27368927
150.811226221	1009.04516602	37.4783401489	31.27368927
150.811226221	1009.04516602	37.4783401489	31.27368927
150.811226222	1009.04516602	37.4783401489	31.27368927
150.811226222	1009.04516602	37.4783401489	31.27368927
150.811226222	1009.04516602	37.4783401489	31.27368927
150.811226222	1009.04516602	37.4783401489	31.27368927
150.811226222	1009.04516602	37.4783401489	31.27368927
150.811226222	1009.04516602	37.4783401489	31.27368927
150.811226222	1009.04516602	37.4783401489	31.27368927
150.811226223	1009.04516602	37.4783401489	31.27368927
150.811226223	1009.04516602	37.4783401489	31.27368927
150.811226223	1009.04516602	37.4783401489	31.27368927
150.811226223	1009.04516602	37.4783401489	31.27368927
150.811226223	1009.04516602	37.4783401489	31.27368927
150.811226223	1009.04516602	37.4783401489	31.27368927
150.811226223	1009.04516602	37.4783401489	31.27368927
150.811226224	1009.04516602	37.4783401489	31.27368927
150.811226224	1009.04516602	37.4783401489	31.27368927
150.811226224	1009.04516602	37.4783401489	31.27368927
150.811226224	1009.04516602	37.4783401489	31.27368927
150.811226224	1009.04516602	37.4783401489	31.27368927
150.811226224	1009.04516602	37.4783401489	31.27368927
150.811226224	1009.04516602	37.4783401489	31.27368927
150.811226224	1009.04516602	37.4783401489	31.27368927
150.811226225	1009.04516602	37.4783401489	31.27368927
150.811226225	1009.04516602	37.4783401489	31.27368927
150.811226225	1009.04516602	37.4783401489	31.27368927
150.811226225	1009.04101562	37.4783401489	31.3469429016
150.811226225	1009.04101562	37.4783401489	31.3469429016
150.811226225	1009.04101562	37.8441314697	31.3469429016
150.811226226	1009.04101562	37.8441314697	31.3469429016
150.811226226	1009.04101562	37.8441314697	31.3469429016
150.811226226	1009.04101562	37.8441314697	31.3469429016
150.811226226	1009.04101562	37.8441314697	31.3469429016
150.811226226	1009.04101562	37.8441314697	31.3469429016
150.811226226	1009.04101562	37.8441314697	31.3469429016
150.811226226	1009.04101562	37.8441314697	31.3469429016
150.811226227	1009.04101562	37.8441314697	31.3469429016
150.811226227	1009.04101562	37.8441314697	31.3469429016
150.811226227	1009.04101562	37.8441314697	31.3469429016
150.811226227	1009.04101562	37.8441314697	31.3469429016
150.811226227	1009.04101562	37.8441314697	31.3469429016
150.811226227	1009.04101562	37.8441314697	31.3469429016
150.811226227	1009.04101562	37.8441314697	31.3469429016
150.811226228	1009.04101562	37.8441314697	31.3469429016
150.811226228	1009.04101562	37.8441314697	31.3469429016
150.811226228	1009.04101562	37.8441314697	31.3469429016
150.811226228	1009.04101562	37.8441314697	31.3469429016
150.811226228	1009.04101562	37.8441314697	31.3469429016
150.811226228	1009.04101562	37.8441314697	31.3469429016
150.811226228	1009.04101562	37.8441314697	31.3469429016
150.811226228	1009.04101562	37.8441314697	31.3469429016
150.811226229	1009.04101562	37.8441314697	31.3469429016
150.811226229	1009.04101562	37.8441314697	31.3469429016
150.811226229	1009.04101562	37.8441314697	31.3469429016
150.811226229	1009.04101562	37.8441314697	31.3469429016
150.811226229	1009.04101562	37.8441314697	31.3469429016
150.811226229	1009.04101562	37.8441314697	31.3469429016
150.81122623	1009.04101562	37.8441314697	31.3469429016
150.81122623	1009.04101562	37.8441314697	31.3469429016
150.81122623	1009.04101562	37.8441314697	31.3469429016
150.81122623	1009.04101562	37.8441314697	31.3469429016
150.81122623	1009.04101562	37.8441314697	31.3469429016
150.81122623	1009.04101562	37.8441314697	31.3469429016
150.81122623	1009.04101562	37.8441314697	31.3469429016
150.811226231	1009.04101562	37.8441314697	31.3469429016
150.811226231	1009.04101562	37.8441314697	31.3469429016
150.811226231	1009.04101562	37.8441314697	31.3469429016
150.811226231	1009.04101562	37.8441314697	31.3469429016
150.811226231	1009.04101562	37.8441314697	31.3469429016
150.811226231	1009.04101562	37.8441314697	31.3469429016
150.811226231	1009.04101562	37.8441314697	31.3469429016
150.811226231	1009.04101562	37.8441314697	31.3469429016
150.811226232	1009.04101562	37.8441314697	31.3469429016
150.811226232	1009.04101562	37.8441314697	31.3469429016
150.811226232	1009.04101562	37.8441314697	31.3469429016
150.811226232	1009.04101562	37.8441314697	31.3469429016
150.811226232	1009.04101562	37.8441314697	31.3469429016
150.811226233	1009.04101562	37.8441314697	31.3469429016
150.811226233	1009.04101562	37.8441314697	31.3469429016
150.811226233	1009.04711914	37.8441314697	31.2920036316
150.811226234	1009.04711914	35.1393928528	31.2920036316
150.811226234	1009.04711914	35.1393928528	31.2920036316
150.811226234	1009.04711914	35.1393928528	31.2920036316
150.811226234	1009.04711914	35.1393928528	31.2920036316
150.811226235	1009.04711914	35.1393928528	31.2920036316
150.811226235	1009.04711914	35.1393928528	31.2920036316
150.811226235	1009.04711914	35.1393928528	31.2920036316
150.811226235	1009.04711914	35.1393928528	31.2920036316
150.811226235	1009.04711914	35.1393928528	31.2920036316
150.811226236	1009.04711914	35.1393928528	31.2920036316
150.811226236	1009.04711914	35.1393928528	31.2920036316
150.811226236	1009.04711914	35.1393928528	31.2920036316
150.811226237	1009.04711914	35.1393928528	31.2920036316
150.811226237	1009.04711914	35.1393928528	31.2920036316
150.811226237	1009.05224609	35.1393928528	31.2920036316
150.811226238	1009.05224609	35.1393928528	31.2920036316
150.811226238	1009.05224609	35.1393928528	31.2920036316
150.811226238	1009.05224609	35.1393928528	31.2920036316
150.811226238	1009.05224609	35.1393928528	31.2920036316
150.811226238	1009.05224609	35.1393928528	31.2920036316
150.811226239	1009.05224609	35.1393928528	31.2920036316
150.811226239	1009.05224609	35.1393928528	31.2920036316
150.811226239	1009.05224609	35.1393928528	31.2920036316
150.811226239	1009.05224609	35.1393928528	31.2920036316
150.81122624	1009.05224609	35.1393928528	31.2920036316
150.81122624	1009.05224609	35.1393928528	31.2920036316
150.81122624	1009.05224609	35.1393928528	31.2920036316
150.81122624	1009.05224609	35.1393928528	31.2920036316
150.81122624	1009.05224609	35.1393928528	31.2920036316
150.811226241	1009.05224609	35.1393928528	31.2920036316
150.811226241	1009.05224609	35.1393928528	31.2920036316
150.811226241	1009.05224609	35.1393928528	31.2920036316
150.811226241	1009.05517578	38.9837112427	31.2370624542
150.811226242	1009.05517578	38.9837112427	31.2370624542
150.811226242	1009.05517578	38.9837112427	31.2370624542
150.811226242	1009.05517578	38.9837112427	31.2370624542
150.811226243	1009.05517578	38.9837112427	31.2370624542
150.811226243	1009.05517578	38.9837112427	31.2370624542
150.811226243	1009.05517578	38.9837112427	31.2370624542
150.811226243	1009.05517578	38.9837112427	31.2370624542
150.811226243	1009.05517578	38.9837112427	31.2370624542
150.811226244	1009.05517578	38.9837112427	31.2370624542
150.811226244	1009.05517578	38.9837112427	31.2370624542
150.811226244	1009.05517578	38.9837112427	31.2370624542
150.811226244	1009.05517578	38.9837112427	31.2370624542
150.811226244	1009.05517578	38.9837112427	31.2370624542
150.811226245	1009.05517578	38.9837112427	31.2370624542
150.811226245	1009.05517578	38.9837112427	31.2370624542
150.811226245	1009.05517578	38.9837112427	31.2370624542
150.811226245	1009.05981445	38.9837112427	31.2370624542
150.811226246	1009.05981445	38.9837112427	31.2370624542
150.811226246	1009.05981445	38.9837112427	31.2370624542
150.811226246	1009.05981445	38.9837112427	31.2370624542
150.811226246	1009.05981445	38.9837112427	31.2370624542
150.811226247	1009.05981445	38.9837112427	31.2370624542
150.811226247	1009.05981445	38.9837112427	31.2370624542
150.811226247	1009.05981445	38.9837112427	31.2370624542
150.811226247	1009.05981445	38.9837112427	31.2370624542
150.811226248	1009.05981445	38.9837112427	31.2370624542
150.811226248	1009.05981445	38.9837112427	31.2370624542
150.811226248	1009.05981445	38.9837112427	31.2370624542
150.811226248	1009.05981445	38.9837112427	31.2370624542
150.811226248	1009.05981445	38.9837112427	31.2370624542
150.811226249	1009.05981445	38.9837112427	31.2370624542
150.811226249	1009.05981445	38.9837112427	31.2370624542
150.811226249	1009.05981445	38.9837112427	31.2370624542
150.811226249	1009.06762695	40.9639015198	31.3652553558
150.81122625	1009.06762695	40.9639015198	31.3652553558
150.81122625	1009.06762695	40.9639015198	31.3652553558
150.81122625	1009.06762695	40.9639015198	31.3652553558
150.811226251	1009.06762695	40.9639015198	31.3652553558
150.811226251	1009.06762695	40.9639015198	31.3652553558
150.811226251	1009.06762695	40.9639015198	31.3652553558
150.811226251	1009.06762695	40.9639015198	31.3652553558
150.811226252	1009.06762695	40.9639015198	31.3652553558
150.811226252	1009.06762695	40.9639015198	31.3652553558
150.811226252	1009.06762695	40.9639015198	31.3652553558
150.811226252	1009.06762695	40.9639015198	31.3652553558
150.811226252	1009.06762695	40.9639015198	31.3652553558
150.811226253	1009.06762695	40.9639015198	31.3652553558
150.811226253	1009.06762695	40.9639015198	31.3652553558
150.811226253	1009.06762695	40.9639015198	31.3652553558
150.811226253	1009.06762695	40.9639015198	31.3652553558
150.811226254	1009.06542969	40.9639015198	31.3652553558
150.811226254	1009.06542969	40.9639015198	31.3652553558
150.811226254	1009.06542969	40.9639015198	31.3652553558
150.811226254	1009.06542969	40.9639015198	31.3652553558
150.811226255	1009.06542969	40.9639015198	31.3652553558
150.811226255	1009.06542969	40.9639015198	31.3652553558
150.811226255	1009.06542969	40.9639015198	31.3652553558
150.811226255	1009.06542969	40.9639015198	31.3652553558
150.811226255	1009.06542969	40.9639015198	31.3652553558
150.811226256	1009.06542969	40.9639015198	31.3652553558
150.811226256	1009.06542969	40.9639015198	31.3652553558
150.811226256	1009.06542969	40.9639015198	31.3652553558
150.811226256	1009.06542969	40.9639015198	31.3652553558
150.811226257	1009.06542969	40.9639015198	31.3652553558
150.811226257	1009.06542969	40.9639015198	31.3652553558
150.811226257	1009.06542969	40.9639015198	31.3652553558
150.811226257	1009.06542969	40.9639015198	31.3652553558
150.811226257	1009.06542969	40.9639015198	31.3469429016
150.811226258	1009.06347656	36.9894485474	31.3469429016
150.811226258	1009.06347656	36.9894485474	31.3469429016
150.811226258	1009.06347656	36.9894485474	31.3469429016
150.811226259	1009.06347656	36.9894485474	31.3469429016
150.811226259	1009.06347656	36.9894485474	31.3469429016
150.811226259	1009.06347656	36.9894485474	31.3469429016
150.811226259	1009.06347656	36.9894485474	31.3469429016
150.81122626	1009.06347656	36.9894485474	31.3469429016
150.81122626	1009.06347656	36.9894485474	31.3469429016
150.81122626	1009.06347656	36.9894485474	31.3469429016
150.81122626	1009.06347656	36.9894485474	31.3469429016
150.81122626	1009.06347656	36.9894485474	31.3469429016
150.811226261	1009.06347656	36.9894485474	31.3469429016
150.811226261	1009.06347656	36.9894485474	31.3469429016
150.811226261	1009.06347656	36.9894485474	31.3469429016
150.811226261	1009.06347656	36.9894485474	31.3469429016
150.811226262	1009.06860352	36.9894485474	31.3469429016
150.811226262	1009.06860352	36.9894485474	31.3469429016
150.811226262	1009.06860352	36.9894485474	31.3469429016
150.811226262	1009.06860352	36.9894485474	31.3469429016
150.811226263	1009.06860352	36.9894485474	31.3469429016
150.811226263	1009.06860352	36.9894485474	31.3469429016
150.811226263	1009.06860352	36.9894485474	31.3469429016
150.811226263	1009.06860352	36.9894485474	31.3469429016
150.811226264	1009.06860352	36.9894485474	31.3469429016
150.811226264	1009.06860352	36.9894485474	31.3469429016
150.811226264	1009.06860352	36.9894485474	31.3469429016
150.811226264	1009.06860352	36.9894485474	31.3469429016
150.811226264	1009.06860352	36.9894485474	31.3469429016
150.811226265	1009.06860352	36.9894485474	31.3469429016
150.811226265	1009.06860352	36.9894485474	31.3469429016
150.811226265	1009.06860352	36.9894485474	31.3469429016
150.811226265	1009.06860352	36.9894485474	31.2920036316
150.811226266	1009.06665039	37.0562744141	31.2920036316
150.811226266	1009.06665039	37.0562744141	31.2920036316
150.811226266	1009.06665039	37.0562744141	31.2920036316
150.811226267	1009.06665039	37.0562744141	31.2920036316
150.811226267	1009.06665039	37.0562744141	31.2920036316
150.811226267	1009.06665039	37.0562744141	31.2920036316
150.811226267	1009.06665039	37.0562744141	31.2920036316
150.811226267	1009.06665039	37.0562744141	31.2920036316
150.811226268	1009.06665039	37.0562744141	31.2920036316
150.811226268	1009.06665039	37.0562744141	31.2920036316
150.811226268	1009.06665039	37.0562744141	31.2920036316
150.811226268	1009.06665039	37.0562744141	31.2920036316
150.811226269	1009.06665039	37.0562744141	31.2920036316
150.811226269	1009.06665039	37.0562744141	31.2920036316
150.811226269	1009.06665039	37.0562744141	31.2920036316
150.811226269	1009.06665039	37.0562744141	31.2920036316
150.811226269	1009.06665039	37.0562744141	31.2920036316
150.81122627	1009.06616211	37.0562744141	31.2920036316
150.81122627	1009.06616211	37.0562744141	31.2920036316
150.81122627	1009.06616211	37.0562744141	31.2920036316
150.811226271	1009.06616211	37.0562744141	31.2920036316
150.811226271	1009.06616211	37.0562744141	31.2920036316
150.811226271	1009.06616211	37.0562744141	31.2920036316
150.811226271	1009.06616211	37.0562744141	31.2920036316
150.811226271	1009.06616211	37.0562744141	31.2920036316
150.811226272	1009.06616211	37.0562744141	31.2920036316
150.811226272	1009.06616211	37.0562744141	31.2920036316
150.811226272	1009.06616211	37.0562744141	31.2920036316
150.811226272	1009.06616211	37.0562744141	31.2920036316
150.811226273	1009.06616211	37.0562744141	31.2920036316
150.811226273	1009.06616211	37.0562744141	31.2920036316
150.811226273	1009.06616211	37.0562744141	31.2920036316
150.811226273	1009.06616211	37.0562744141	31.2920036316
150.811226273	1009.06616211	37.0562744141	31.32862854
150.811226274	1009.06835938	36.3985557556	31.32862854
150.811226274	1009.06835938	36.3985557556	31.32862854
150.811226274	1009.06835938	36.3985557556	31.32862854
150.811226275	1009.06835938	36.3985557556	31.32862854
150.811226275	1009.06835938	36.3985557556	31.32862854
150.811226275	1009.06835938	36.3985557556	31.32862854
150.811226275	1009.06835938	36.3985557556	31.32862854
150.811226276	1009.06835938	36.3985557556	31.32862854
150.811226276	1009.06835938	36.3985557556	31.32862854
150.811226276	1009.06835938	36.3985557556	31.32862854
150.811226276	1009.06835938	36.3985557556	31.32862854
150.811226276	1009.06835938	36.3985557556	31.32862854
150.811226277	1009.06835938	36.3985557556	31.32862854
150.811226277	1009.06835938	36.3985557556	31.32862854
150.811226277	1009.06835938	36.3985557556	31.32862854
150.811226277	1009.06835938	36.3985557556	31.32862854
150.811226278	1009.06835938	36.3985557556	31.32862854
150.811226278	1009.06835938	36.3985557556	31.32862854
150.811226278	1009.07177734	36.3985557556	31.32862854
150.811226278	1009.07177734	36.3985557556	31.32862854
150.811226279	1009.07177734	36.3985557556	31.32862854
150.811226279	1009.07177734	36.3985557556	31.32862854
150.811226279	1009.07177734	36.3985557556	31.32862854
150.811226279	1009.07177734	36.3985557556	31.32862854
150.81122628	1009.07177734	36.3985557556	31.32862854
150.81122628	1009.07177734	36.3985557556	31.32862854
150.81122628	1009.07177734	36.3985557556	31.32862854
150.81122628	1009.07177734	36.3985557556	31.32862854
150.81122628	1009.07177734	36.3985557556	31.32862854
150.811226281	1009.07177734	36.3985557556	31.32862854
150.811226281	1009.07177734	36.3985557556	31.32862854
150.811226281	1009.07177734	36.3985557556	31.32862854
150.811226281	1009.07177734	36.3985557556	31.32862854
150.811226282	1009.07177734	36.3985557556	31.3469429016
150.811226282	1009.07177734	36.6834487915	31.3469429016
150.811226282	1009.07470703	36.6834487915	31.3469429016
150.811226283	1009.07470703	36.6834487915	31.3469429016
150.811226283	1009.07470703	36.6834487915	31.3469429016
150.811226283	1009.07470703	36.6834487915	31.3469429016
150.811226283	1009.07470703	36.6834487915	31.3469429016
150.811226283	1009.07470703	36.6834487915	31.3469429016
150.811226284	1009.07470703	36.6834487915	31.3469429016
150.811226284	1009.07470703	36.6834487915	31.3469429016
150.811226284	1009.07470703	36.6834487915	31.3469429016
150.811226284	1009.07470703	36.6834487915	31.3469429016
150.811226285	1009.07470703	36.6834487915	31.3469429016
150.811226285	1009.07470703	36.6834487915	31.3469429016
150.811226285	1009.07470703	36.6834487915	31.3469429016
150.811226285	1009.07470703	36.6834487915	31.3469429016
150.811226285	1009.07470703	36.6834487915	31.3469429016
150.811226286	1009.07470703	36.6834487915	31.3469429016
150.811226286	1009.07470703	36.6834487915	31.3469429016
150.811226286	1009.07495117	36.6834487915	31.3469429016
150.811226286	1009.07495117	36.6834487915	31.3469429016
150.811226287	1009.07495117	36.6834487915	31.3469429016
150.811226287	1009.07495117	36.6834487915	31.3469429016
150.811226287	1009.07495117	36.6834487915	31.3469429016
150.811226287	1009.07495117	36.6834487915	31.3469429016
150.811226288	1009.07495117	36.6834487915	31.3469429016
150.811226288	1009.07495117	36.6834487915	31.3469429016
150.811226288	1009.07495117	36.6834487915	31.3469429016
150.811226288	1009.07495117	36.6834487915	31.3469429016
150.811226289	1009.07495117	36.6834487915	31.3469429016
150.811226289	1009.07495117	36.6834487915	31.3469429016
150.811226289	1009.07495117	36.6834487915	31.3469429016
150.811226289	1009.07495117	36.6834487915	31.3469429016
150.811226289	1009.07495117	36.6834487915	31.3469429016
150.81122629	1009.07495117	36.6834487915	31.3835678101
150.81122629	1009.07495117	40.2956314087	31.3835678101
150.81122629	1009.07592773	40.2956314087	31.3835678101
150.811226291	1009.07592773	40.2956314087	31.3835678101
150.811226291	1009.07592773	40.2956314087	31.3835678101
150.811226291	1009.07592773	40.2956314087	31.3835678101
150.811226291	1009.07592773	40.2956314087	31.3835678101
150.811226292	1009.07592773	40.2956314087	31.3835678101
150.811226292	1009.07592773	40.2956314087	31.3835678101
150.811226292	1009.07592773	40.2956314087	31.3835678101
150.811226292	1009.07592773	40.2956314087	31.3835678101
150.811226292	1009.07592773	40.2956314087	31.3835678101
150.811226293	1009.07592773	40.2956314087	31.3835678101
150.811226293	1009.07592773	40.2956314087	31.3835678101
150.811226293	1009.07592773	40.2956314087	31.3835678101
150.811226293	1009.07592773	40.2956314087	31.3835678101
150.811226294	1009.07592773	40.2956314087	31.3835678101
150.811226294	1009.07592773	40.2956314087	31.3835678101
150.811226294	1009.07592773	40.2956314087	31.3835678101
150.811226294	1009.07470703	40.2956314087	31.3835678101
150.811226295	1009.07470703	40.2956314087	31.3835678101
150.811226295	1009.07470703	40.2956314087	31.3835678101
150.811226295	1009.07470703	40.2956314087	31.3835678101
150.811226295	1009.07470703	40.2956314087	31.3835678101
150.811226295	1009.07470703	40.2956314087	31.3835678101
150.811226296	1009.07470703	40.2956314087	31.3835678101
150.811226296	1009.07470703	40.2956314087	31.3835678101
150.811226296	1009.07470703	40.2956314087	31.3835678101
150.811226296	1009.07470703	40.2956314087	31.3835678101
150.811226297	1009.07470703	40.2956314087	31.3835678101
150.811226297	1009.07470703	40.2956314087	31.3835678101
150.811226297	1009.07470703	40.2956314087	31.3835678101
150.811226297	1009.07470703	40.2956314087	31.3835678101
150.811226297	1009.07470703	40.2956314087	31.2920036316
150.811226298	1009.07470703	40.2956314087	31.2920036316
150.811226298	1009.07470703	37.5803413391	31.2920036316
150.811226298	1009.07983398	37.5803413391	31.2920036316
150.811226299	1009.07983398	37.5803413391	31.2920036316
150.811226299	1009.07983398	37.5803413391	31.2920036316
150.811226299	1009.07983398	37.5803413391	31.2920036316
150.811226299	1009.07983398	37.5803413391	31.2920036316
150.8112263	1009.07983398	37.5803413391	31.2920036316
150.8112263	1009.07983398	37.5803413391	31.2920036316
150.8112263	1009.07983398	37.5803413391	31.2920036316
150.8112263	1009.07983398	37.5803413391	31.2920036316
150.811226301	1009.07983398	37.5803413391	31.2920036316
150.811226301	1009.07983398	37.5803413391	31.2920036316
150.811226301	1009.07983398	37.5803413391	31.2920036316
150.811226301	1009.07983398	37.5803413391	31.2920036316
150.811226301	1009.07983398	37.5803413391	31.2920036316
150.811226302	1009.07983398	37.5803413391	31.2920036316
150.811226302	1009.07983398	37.5803413391	31.2920036316
150.811226302	1009.07983398	37.5803413391	31.2920036316
150.811226302	1009.07397461	37.5803413391	31.2920036316
150.811226303	1009.07397461	37.5803413391	31.2920036316
150.811226303	1009.07397461	37.5803413391	31.2920036316
150.811226303	1009.07397461	37.5803413391	31.2920036316
150.811226303	1009.07397461	37.5803413391	31.2920036316
150.811226304	1009.07397461	37.5803413391	31.2920036316
150.811226304	1009.07397461	37.5803413391	31.2920036316
150.811226304	1009.07397461	37.5803413391	31.2920036316
150.811226304	1009.07397461	37.5803413391	31.2920036316
150.811226304	1009.07397461	37.5803413391	31.2920036316
150.811226305	1009.07397461	37.5803413391	31.2920036316
150.811226305	1009.07397461	37.5803413391	31.2920036316
150.811226305	1009.07397461	37.5803413391	31.2920036316
150.811226305	1009.07397461	37.5803413391	31.2920036316
150.811226306	1009.07397461	37.5803413391	31.4385070801
150.811226306	1009.07397461	36.4583473206	31.4385070801
150.811226306	1009.07397461	36.4583473206	31.4385070801
150.811226306	1009.07226562	36.4583473206	31.4385070801
150.811226307	1009.07226562	36.4583473206	31.4385070801
150.811226307	1009.07226562	36.4583473206	31.4385070801
150.811226307	1009.07226562	36.4583473206	31.4385070801
150.811226307	1009.07226562	36.4583473206	31.4385070801
150.811226308	1009.07226562	36.4583473206	31.4385070801
150.811226308	1009.07226562	36.4583473206	31.4385070801
150.811226308	1009.07226562	36.4583473206	31.4385070801
150.811226308	1009.07226562	36.4583473206	31.4385070801
150.811226309	1009.07226562	36.4583473206	31.4385070801
150.811226309	1009.07226562	36.4583473206	31.4385070801
150.811226309	1009.07226562	36.4583473206	31.4385070801
150.811226309	1009.07226562	36.4583473206	31.4385070801
150.811226309	1009.07226562	36.4583473206	31.4385070801
150.81122631	1009.07226562	36.4583473206	31.4385070801
150.81122631	1009.07226562	36.4583473206	31.4385070801
150.81122631	1009.07226562	36.4583473206	31.4385070801
150.81122631	1009.07226562	36.4583473206	31.4385070801
150.811226311	1009.07324219	36.4583473206	31.4385070801
150.811226311	1009.07324219	36.4583473206	31.4385070801
150.811226311	1009.07324219	36.4583473206	31.4385070801
150.811226311	1009.07324219	36.4583473206	31.4385070801
150.811226312	1009.07324219	36.4583473206	31.4385070801
150.811226312	1009.07324219	36.4583473206	31.4385070801
150.811226312	1009.07324219	36.4583473206	31.4385070801
150.811226312	1009.07324219	36.4583473206	31.4385070801
150.811226313	1009.07324219	36.4583473206	31.4385070801
150.811226313	1009.07324219	36.4583473206	31.4385070801
150.811226313	1009.07324219	36.4583473206	31.4385070801
150.811226313	1009.07324219	36.4583473206	31.4385070801
150.811226313	1009.07324219	36.4583473206	31.4385070801
150.811226314	1009.07324219	36.4583473206	31.3652553558
150.811226314	1009.07324219	38.2310256958	31.3652553558
150.811226314	1009.07324219	38.2310256958	31.3652553558
150.811226315	1009.07373047	38.2310256958	31.3652553558
150.811226315	1009.07373047	38.2310256958	31.3652553558
150.811226315	1009.07373047	38.2310256958	31.3652553558
150.811226315	1009.07373047	38.2310256958	31.3652553558
150.811226316	1009.07373047	38.2310256958	31.3652553558
150.811226316	1009.07373047	38.2310256958	31.3652553558
150.811226316	1009.07373047	38.2310256958	31.3652553558
150.811226316	1009.07373047	38.2310256958	31.3652553558
150.811226316	1009.07373047	38.2310256958	31.3652553558
150.811226317	1009.07373047	38.2310256958	31.3652553558
150.811226317	1009.07373047	38.2310256958	31.3652553558
150.811226317	1009.07373047	38.2310256958	31.3652553558
150.811226317	1009.07373047	38.2310256958	31.3652553558
150.811226318	1009.07373047	38.2310256958	31.3652553558
150.811226318	1009.07373047	38.2310256958	31.3652553558
150.811226318	1009.07373047	38.2310256958	31.3652553558
150.811226318	1009.07373047	38.2310256958	31.3652553558
150.811226318	1009.07373047	38.2310256958	31.3652553558
150.811226319	1009.07592773	38.2310256958	31.3652553558
150.811226319	1009.07592773	38.2310256958	31.3652553558
150.811226319	1009.07592773	38.2310256958	31.3652553558
150.81122632	1009.07592773	38.2310256958	31.3652553558
150.81122632	1009.07592773	38.2310256958	31.3652553558
150.81122632	1009.07592773	38.2310256958	31.3652553558
150.81122632	1009.07592773	38.2310256958	31.3652553558
150.81122632	1009.07592773	38.2310256958	31.3652553558
150.811226321	1009.07592773	38.2310256958	31.3652553558
150.811226321	1009.07592773	38.2310256958	31.3652553558
150.811226321	1009.07592773	38.2310256958	31.3652553558
150.811226321	1009.07592773	38.2310256958	31.3652553558
150.811226322	1009.07592773	38.2310256958	31.3652553558
150.811226322	1009.07592773	38.2310256958	31.4385070801
150.811226322	1009.07592773	37.4783401489	31.4385070801
150.811226322	1009.07592773	37.4783401489	31.4385070801
150.811226323	1009.08007812	37.4783401489	31.4385070801
150.811226323	1009.08007812	37.4783401489	31.4385070801
150.811226323	1009.08007812	37.4783401489	31.4385070801
150.811226323	1009.08007812	37.4783401489	31.4385070801
150.811226324	1009.08007812	37.4783401489	31.4385070801
150.811226324	1009.08007812	37.4783401489	31.4385070801
150.811226324	1009.08007812	37.4783401489	31.4385070801
150.811226324	1009.08007812	37.4783401489	31.4385070801
150.811226325	1009.08007812	37.4783401489	31.4385070801
150.811226325	1009.08007812	37.4783401489	31.4385070801
150.811226325	1009.08007812	37.4783401489	31.4385070801
150.811226325	1009.08007812	37.4783401489	31.4385070801
150.811226325	1009.08007812	37.4783401489	31.4385070801
150.811226326	1009.08007812	37.4783401489	31.4385070801
150.811226326	1009.08007812	37.4783401489	31.4385070801
150.811226326	1009.08007812	37.4783401489	31.4385070801
150.811226326	1009.08007812	37.4783401489	31.4385070801
150.811226327	1009.08007812	37.4783401489	31.4385070801
150.811226327	1009.08349609	37.4783401489	31.4385070801
150.811226327	1009.08349609	37.4783401489	31.4385070801
150.811226327	1009.08349609	37.4783401489	31.4385070801
150.811226328	1009.08349609	37.4783401489	31.4385070801
150.811226328	1009.08349609	37.4783401489	31.4385070801
150.811226328	1009.08349609	37.4783401489	31.4385070801
150.811226328	1009.08349609	37.4783401489	31.4385070801
150.811226329	1009.08349609	37.4783401489	31.4385070801
150.811226329	1009.08349609	37.4783401489	31.4385070801
150.811226329	1009.08349609	37.4783401489	31.4385070801
150.811226329	1009.08349609	37.4783401489	31.4385070801
150.811226329	1009.08349609	37.4783401489	31.4385070801
150.81122633	1009.08349609	37.4783401489	31.4385070801
150.81122633	1009.08349609	37.4783401489	31.4568214417
150.81122633	1009.08349609	39.149017334	31.4568214417
150.81122633	1009.08349609	39.149017334	31.4568214417
150.811226331	1009.08349609	39.149017334	31.4568214417
150.811226331	1009.08837891	39.149017334	31.4568214417
150.811226331	1009.08837891	39.149017334	31.4568214417
150.811226332	1009.08837891	39.149017334	31.4568214417
150.811226332	1009.08837891	39.149017334	31.4568214417
150.811226332	1009.08837891	39.149017334	31.4568214417
150.811226332	1009.08837891	39.149017334	31.4568214417
150.811226332	1009.08837891	39.149017334	31.4568214417
150.811226333	1009.08837891	39.149017334	31.4568214417
150.811226333	1009.08837891	39.149017334	31.4568214417
150.811226333	1009.08837891	39.149017334	31.4568214417
150.811226333	1009.08837891	39.149017334	31.4568214417
150.811226334	1009.08837891	39.149017334	31.4568214417
150.811226334	1009.08837891	39.149017334	31.4568214417
150.811226334	1009.08837891	39.149017334	31.4568214417
150.811226334	1009.08837891	39.149017334	31.4568214417
150.811226334	1009.08837891	39.149017334	31.4568214417
150.811226335	1009.08837891	39.149017334	31.4568214417
150.811226335	1009.08959961	39.149017334	31.4568214417
150.811226335	1009.08959961	39.149017334	31.4568214417
150.811226336	1009.08959961	39.149017334	31.4568214417
150.811226336	1009.08959961	39.149017334	31.4568214417
150.811226336	1009.08959961	39.149017334	31.4568214417
150.811226336	1009.08959961	39.149017334	31.4568214417
150.811226336	1009.08959961	39.149017334	31.4568214417
150.811226337	1009.08959961	39.149017334	31.4568214417
150.811226337	1009.08959961	39.149017334	31.4568214417
150.811226337	1009.08959961	39.149017334	31.4568214417
150.811226337	1009.08959961	39.149017334	31.4568214417
150.811226338	1009.08959961	39.149017334	31.4568214417
150.811226338	1009.08959961	39.149017334	31.4751338959
150.811226338	1009.08959961	35.7232513428	31.4751338959
150.811226338	1009.08959961	35.7232513428	31.4751338959
150.811226339	1009.08959961	35.7232513428	31.4751338959
150.811226339	1009.08959961	35.7232513428	31.4751338959
150.811226339	1009.09106445	35.7232513428	31.4751338959
150.811226339	1009.09106445	35.7232513428	31.4751338959
150.81122634	1009.09106445	35.7232513428	31.4751338959
150.81122634	1009.09106445	35.7232513428	31.4751338959
150.81122634	1009.09106445	35.7232513428	31.4751338959
150.81122634	1009.09106445	35.7232513428	31.4751338959
150.811226341	1009.09106445	35.7232513428	31.4751338959
