3.27528224872	1300
time	pressure	humidity	temperature
150.8112249	1006.85107422	36.3483657837	33.2156677246
150.811224901	1006.85107422	36.3483657837	33.2156677246
150.811224901	1006.85107422	36.3483657837	33.2156677246
150.811224902	1006.85107422	36.3483657837	33.2156677246
150.811224902	1006.85107422	36.3483657837	33.2156677246
150.811224902	1006.85107422	36.3483657837	33.2156677246
150.811224902	1006.85107422	36.3483657837	33.2156677246
150.811224903	1006.84887695	36.3483657837	33.2156677246
150.811224903	1006.84887695	36.3483657837	33.2156677246
150.811224903	1006.84887695	36.3483657837	33.2156677246
150.811224903	1006.84887695	36.3483657837	33.0530548096
150.811224904	1006.84887695	34.8186798096	33.0530548096
150.811224904	1006.84887695	34.8186798096	33.0530548096
150.811224904	1006.84887695	34.8186798096	33.0530548096
150.811224904	1006.84887695	34.8186798096	33.0530548096
150.811224905	1006.84887695	34.8186798096	33.0530548096
150.811224905	1006.84887695	34.8186798096	33.0530548096
150.811224905	1006.84887695	34.8186798096	33.0530548096
150.811224905	1006.84887695	34.8186798096	33.0530548096
150.811224906	1006.84887695	34.8186798096	33.0530548096
150.811224906	1006.84887695	34.8186798096	33.0530548096
150.811224906	1006.84887695	34.8186798096	33.0530548096
150.811224906	1006.84887695	34.8186798096	33.0530548096
150.811224906	1006.84692383	34.8186798096	33.0530548096
150.811224907	1006.84692383	34.8186798096	33.0530548096
150.811224907	1006.84692383	34.8186798096	33.0530548096
150.811224907	1006.84692383	34.8186798096	33.0530548096
150.811224907	1006.84692383	34.8186798096	33.0530548096
150.811224908	1006.84692383	34.8186798096	33.0530548096
150.811224908	1006.84692383	34.8186798096	33.0530548096
150.811224908	1006.84692383	34.8186798096	33.0530548096
150.811224908	1006.84692383	34.8186798096	33.0530548096
150.811224909	1006.84692383	34.8186798096	33.0530548096
150.811224909	1006.84692383	34.8186798096	33.0530548096
150.811224909	1006.84692383	34.8186798096	33.0530548096
150.811224909	1006.84692383	34.8186798096	33.0530548096
150.811224909	1006.84692383	34.8186798096	33.0530548096
150.81122491	1006.84692383	34.8186798096	33.0530548096
150.81122491	1006.84692383	34.8186798096	33.0530548096
150.81122491	1006.84692383	34.8186798096	33.0530548096
150.81122491	1006.84692383	34.8186798096	33.0530548096
150.811224911	1006.84765625	34.8186798096	33.0530548096
150.811224911	1006.84765625	34.8186798096	33.0530548096
150.811224911	1006.84765625	34.8186798096	33.0530548096
150.811224911	1006.84765625	34.8186798096	33.1614646912
150.811224912	1006.84765625	38.9772262573	33.1614646912
150.811224912	1006.84765625	38.9772262573	33.1614646912
150.811224912	1006.84765625	38.9772262573	33.1614646912
150.811224913	1006.84765625	38.9772262573	33.1614646912
150.811224913	1006.84765625	38.9772262573	33.1614646912
150.811224913	1006.84765625	38.9772262573	33.1614646912
150.811224913	1006.84765625	38.9772262573	33.1614646912
150.811224913	1006.84765625	38.9772262573	33.1614646912
150.811224914	1006.84765625	38.9772262573	33.1614646912
150.811224914	1006.84765625	38.9772262573	33.1614646912
150.811224914	1006.84765625	38.9772262573	33.1614646912
150.811224914	1006.84765625	38.9772262573	33.1614646912
150.811224914	1006.85424805	38.9772262573	33.1614646912
150.811224915	1006.85424805	38.9772262573	33.1614646912
150.811224915	1006.85424805	38.9772262573	33.1614646912
150.811224915	1006.85424805	38.9772262573	33.1614646912
150.811224916	1006.85424805	38.9772262573	33.1614646912
150.811224916	1006.85424805	38.9772262573	33.1614646912
150.811224916	1006.85424805	38.9772262573	33.1614646912
150.811224916	1006.85424805	38.9772262573	33.1614646912
150.811224916	1006.85424805	38.9772262573	33.1614646912
150.811224917	1006.85424805	38.9772262573	33.1614646912
150.811224917	1006.85424805	38.9772262573	33.1614646912
150.811224917	1006.85424805	38.9772262573	33.1614646912
150.811224917	1006.85424805	38.9772262573	33.1614646912
150.811224918	1006.85424805	38.9772262573	33.1614646912
150.811224918	1006.85424805	38.9772262573	33.1614646912
150.811224918	1006.85424805	38.9772262573	33.1614646912
150.811224918	1006.85424805	38.9772262573	33.1614646912
150.811224918	1006.85522461	38.9772262573	33.1614646912
150.811224919	1006.85522461	38.9772262573	33.1614646912
150.811224919	1006.85522461	38.9772262573	33.1614646912
150.811224919	1006.85522461	38.9772262573	33.1614646912
150.81122492	1006.85522461	38.9772262573	33.1976013184
150.81122492	1006.85522461	38.9772262573	33.1976013184
150.81122492	1006.85522461	36.5437774658	33.1976013184
150.81122492	1006.85522461	36.5437774658	33.1976013184
150.811224921	1006.85522461	36.5437774658	33.1976013184
150.811224921	1006.85522461	36.5437774658	33.1976013184
150.811224921	1006.85522461	36.5437774658	33.1976013184
150.811224921	1006.85522461	36.5437774658	33.1976013184
150.811224921	1006.85522461	36.5437774658	33.1976013184
150.811224922	1006.85522461	36.5437774658	33.1976013184
150.811224922	1006.85522461	36.5437774658	33.1976013184
150.811224922	1006.85522461	36.5437774658	33.1976013184
150.811224922	1006.8515625	36.5437774658	33.1976013184
150.811224923	1006.8515625	36.5437774658	33.1976013184
150.811224923	1006.8515625	36.5437774658	33.1976013184
150.811224923	1006.8515625	36.5437774658	33.1976013184
150.811224923	1006.8515625	36.5437774658	33.1976013184
150.811224924	1006.8515625	36.5437774658	33.1976013184
150.811224924	1006.8515625	36.5437774658	33.1976013184
150.811224924	1006.8515625	36.5437774658	33.1976013184
150.811224924	1006.8515625	36.5437774658	33.1976013184
150.811224925	1006.8515625	36.5437774658	33.1976013184
150.811224925	1006.8515625	36.5437774658	33.1976013184
150.811224925	1006.8515625	36.5437774658	33.1976013184
150.811224925	1006.8515625	36.5437774658	33.1976013184
150.811224925	1006.8515625	36.5437774658	33.1976013184
150.811224926	1006.8515625	36.5437774658	33.1976013184
150.811224926	1006.8515625	36.5437774658	33.1976013184
150.811224926	1006.8515625	36.5437774658	33.1976013184
150.811224926	1006.84960938	36.5437774658	33.1976013184
150.811224927	1006.84960938	36.5437774658	33.1976013184
150.811224927	1006.84960938	36.5437774658	33.1976013184
150.811224927	1006.84960938	36.5437774658	33.1976013184
150.811224927	1006.84960938	36.5437774658	33.1976013184
150.811224928	1006.84960938	36.5437774658	33.1976013184
150.811224928	1006.84960938	36.5437774658	33.1614646912
150.811224928	1006.84960938	36.4063796997	33.1614646912
150.811224928	1006.84960938	36.4063796997	33.1614646912
150.811224929	1006.84960938	36.4063796997	33.1614646912
150.811224929	1006.84960938	36.4063796997	33.1614646912
150.811224929	1006.84960938	36.4063796997	33.1614646912
150.811224929	1006.84960938	36.4063796997	33.1614646912
150.81122493	1006.84960938	36.4063796997	33.1614646912
150.81122493	1006.84960938	36.4063796997	33.1614646912
150.81122493	1006.84960938	36.4063796997	33.1614646912
150.81122493	1006.85083008	36.4063796997	33.1614646912
150.811224931	1006.85083008	36.4063796997	33.1614646912
150.811224931	1006.85083008	36.4063796997	33.1614646912
150.811224931	1006.85083008	36.4063796997	33.1614646912
150.811224931	1006.85083008	36.4063796997	33.1614646912
150.811224932	1006.85083008	36.4063796997	33.1614646912
150.811224932	1006.85083008	36.4063796997	33.1614646912
150.811224932	1006.85083008	36.4063796997	33.1614646912
150.811224932	1006.85083008	36.4063796997	33.1614646912
150.811224932	1006.85083008	36.4063796997	33.1614646912
150.811224933	1006.85083008	36.4063796997	33.1614646912
150.811224933	1006.85083008	36.4063796997	33.1614646912
150.811224933	1006.85083008	36.4063796997	33.1614646912
150.811224933	1006.85083008	36.4063796997	33.1614646912
150.811224933	1006.85083008	36.4063796997	33.1614646912
150.811224934	1006.85083008	36.4063796997	33.1614646912
150.811224934	1006.85083008	36.4063796997	33.1614646912
150.811224934	1006.85058594	36.4063796997	33.1614646912
150.811224935	1006.85058594	36.4063796997	33.1614646912
150.811224935	1006.85058594	36.4063796997	33.1614646912
150.811224935	1006.85058594	36.4063796997	33.1614646912
150.811224935	1006.85058594	36.4063796997	33.1614646912
150.811224935	1006.85058594	36.4063796997	33.1614646912
150.811224936	1006.85058594	36.4063796997	33.1614646912
150.811224936	1006.85058594	36.4063796997	33.1433944702
150.811224936	1006.85058594	37.0048179626	33.1433944702
150.811224937	1006.85058594	37.0048179626	33.1433944702
150.811224937	1006.85058594	37.0048179626	33.1433944702
150.811224937	1006.85058594	37.0048179626	33.1433944702
150.811224937	1006.85058594	37.0048179626	33.1433944702
150.811224937	1006.85058594	37.0048179626	33.1433944702
150.811224938	1006.85058594	37.0048179626	33.1433944702
150.811224938	1006.85058594	37.0048179626	33.1433944702
150.811224938	1006.85058594	37.0048179626	33.1433944702
150.811224938	1006.85498047	37.0048179626	33.1433944702
150.811224939	1006.85498047	37.0048179626	33.1433944702
150.811224939	1006.85498047	37.0048179626	33.1433944702
150.811224939	1006.85498047	37.0048179626	33.1433944702
150.811224939	1006.85498047	37.0048179626	33.1433944702
150.81122494	1006.85498047	37.0048179626	33.1433944702
150.81122494	1006.85498047	37.0048179626	33.1433944702
150.81122494	1006.85498047	37.0048179626	33.1433944702
150.81122494	1006.85498047	37.0048179626	33.1433944702
150.81122494	1006.85498047	37.0048179626	33.1433944702
150.811224941	1006.85498047	37.0048179626	33.1433944702
150.811224941	1006.85498047	37.0048179626	33.1433944702
150.811224941	1006.85498047	37.0048179626	33.1433944702
150.811224941	1006.85498047	37.0048179626	33.1433944702
150.811224942	1006.85498047	37.0048179626	33.1433944702
150.811224942	1006.85498047	37.0048179626	33.1433944702
150.811224942	1006.85498047	37.0048179626	33.1433944702
150.811224942	1006.85253906	37.0048179626	33.1433944702
150.811224943	1006.85253906	37.0048179626	33.1433944702
150.811224943	1006.85253906	37.0048179626	33.1433944702
150.811224943	1006.85253906	37.0048179626	33.1433944702
150.811224943	1006.85253906	37.0048179626	33.1433944702
150.811224944	1006.85253906	37.0048179626	33.1433944702
150.811224944	1006.85253906	37.0048179626	33.1433944702
150.811224944	1006.85253906	37.0048179626	33.1433944702
150.811224944	1006.85253906	37.0048179626	33.0891914368
150.811224945	1006.85253906	36.9956588745	33.0891914368
150.811224945	1006.85253906	36.9956588745	33.0891914368
150.811224945	1006.85253906	36.9956588745	33.0891914368
150.811224945	1006.85253906	36.9956588745	33.0891914368
150.811224945	1006.85253906	36.9956588745	33.0891914368
150.811224946	1006.85253906	36.9956588745	33.0891914368
150.811224946	1006.85253906	36.9956588745	33.0891914368
150.811224946	1006.85327148	36.9956588745	33.0891914368
150.811224947	1006.85327148	36.9956588745	33.0891914368
150.811224947	1006.85327148	36.9956588745	33.0891914368
150.811224947	1006.85327148	36.9956588745	33.0891914368
150.811224947	1006.85327148	36.9956588745	33.0891914368
150.811224947	1006.85327148	36.9956588745	33.0891914368
150.811224948	1006.85327148	36.9956588745	33.0891914368
150.811224948	1006.85327148	36.9956588745	33.0891914368
150.811224948	1006.85327148	36.9956588745	33.0891914368
150.811224948	1006.85327148	36.9956588745	33.0891914368
150.811224949	1006.85327148	36.9956588745	33.0891914368
150.811224949	1006.85327148	36.9956588745	33.0891914368
150.811224949	1006.85327148	36.9956588745	33.0891914368
150.811224949	1006.85327148	36.9956588745	33.0891914368
150.811224949	1006.85327148	36.9956588745	33.0891914368
150.81122495	1006.85327148	36.9956588745	33.0891914368
150.81122495	1006.85327148	36.9956588745	33.0891914368
150.81122495	1006.85571289	36.9956588745	33.0891914368
150.81122495	1006.85571289	36.9956588745	33.0891914368
150.811224951	1006.85571289	36.9956588745	33.0891914368
150.811224951	1006.85571289	36.9956588745	33.0891914368
150.811224951	1006.85571289	36.9956588745	33.0891914368
150.811224951	1006.85571289	36.9956588745	33.0891914368
150.811224952	1006.85571289	36.9956588745	33.0891914368
150.811224952	1006.85571289	36.9956588745	33.0891914368
150.811224952	1006.85571289	36.9956588745	33.0891914368
150.811224952	1006.85571289	36.9956588745	33.1614646912
150.811224953	1006.85571289	37.3864746094	33.1614646912
150.811224953	1006.85571289	37.3864746094	33.1614646912
150.811224953	1006.85571289	37.3864746094	33.1614646912
150.811224953	1006.85571289	37.3864746094	33.1614646912
150.811224954	1006.85571289	37.3864746094	33.1614646912
150.811224954	1006.85571289	37.3864746094	33.1614646912
150.811224954	1006.85644531	37.3864746094	33.1614646912
150.811224954	1006.85644531	37.3864746094	33.1614646912
150.811224955	1006.85644531	37.3864746094	33.1614646912
150.811224955	1006.85644531	37.3864746094	33.1614646912
150.811224955	1006.85644531	37.3864746094	33.1614646912
150.811224955	1006.85644531	37.3864746094	33.1614646912
150.811224955	1006.85644531	37.3864746094	33.1614646912
150.811224956	1006.85644531	37.3864746094	33.1614646912
150.811224956	1006.85644531	37.3864746094	33.1614646912
150.811224956	1006.85644531	37.3864746094	33.1614646912
150.811224956	1006.85644531	37.3864746094	33.1614646912
150.811224957	1006.85644531	37.3864746094	33.1614646912
150.811224957	1006.85644531	37.3864746094	33.1614646912
150.811224957	1006.85644531	37.3864746094	33.1614646912
150.811224957	1006.85644531	37.3864746094	33.1614646912
150.811224957	1006.85644531	37.3864746094	33.1614646912
150.811224958	1006.85644531	37.3864746094	33.1614646912
150.811224958	1006.85668945	37.3864746094	33.1614646912
150.811224958	1006.85668945	37.3864746094	33.1614646912
150.811224959	1006.85668945	37.3864746094	33.1614646912
150.811224959	1006.85668945	37.3864746094	33.1614646912
150.811224959	1006.85668945	37.3864746094	33.1614646912
150.811224959	1006.85668945	37.3864746094	33.1614646912
150.811224959	1006.85668945	37.3864746094	33.1614646912
150.81122496	1006.85668945	37.3864746094	33.1614646912
150.81122496	1006.85668945	37.3864746094	33.1614646912
150.81122496	1006.85668945	37.3864746094	33.1614646912
150.81122496	1006.85668945	37.3864746094	33.0711212158
150.811224961	1006.85668945	34.3362617493	33.0711212158
150.811224961	1006.85668945	34.3362617493	33.0711212158
150.811224961	1006.85668945	34.3362617493	33.0711212158
150.811224961	1006.85668945	34.3362617493	33.0711212158
150.811224962	1006.85668945	34.3362617493	33.0711212158
150.811224962	1006.85668945	34.3362617493	33.0711212158
150.811224962	1006.85717773	34.3362617493	33.0711212158
150.811224962	1006.85717773	34.3362617493	33.0711212158
150.811224963	1006.85717773	34.3362617493	33.0711212158
150.811224963	1006.85717773	34.3362617493	33.0711212158
150.811224963	1006.85717773	34.3362617493	33.0711212158
150.811224963	1006.85717773	34.3362617493	33.0711212158
150.811224964	1006.85717773	34.3362617493	33.0711212158
150.811224964	1006.85717773	34.3362617493	33.0711212158
150.811224964	1006.85717773	34.3362617493	33.0711212158
150.811224964	1006.85717773	34.3362617493	33.0711212158
150.811224964	1006.85717773	34.3362617493	33.0711212158
150.811224965	1006.85717773	34.3362617493	33.0711212158
150.811224965	1006.85717773	34.3362617493	33.0711212158
150.811224965	1006.85717773	34.3362617493	33.0711212158
150.811224965	1006.85717773	34.3362617493	33.0711212158
150.811224966	1006.85717773	34.3362617493	33.0711212158
150.811224966	1006.85717773	34.3362617493	33.0711212158
150.811224966	1006.86230469	34.3362617493	33.0711212158
150.811224966	1006.86230469	34.3362617493	33.0711212158
150.811224967	1006.86230469	34.3362617493	33.0711212158
150.811224967	1006.86230469	34.3362617493	33.0711212158
150.811224967	1006.86230469	34.3362617493	33.0711212158
150.811224967	1006.86230469	34.3362617493	33.0711212158
150.811224968	1006.86230469	34.3362617493	33.0711212158
150.811224968	1006.86230469	34.3362617493	33.0711212158
150.811224968	1006.86230469	34.3362617493	33.0711212158
150.811224968	1006.86230469	34.3362617493	33.0711212158
150.811224968	1006.86230469	34.3362617493	33.0711212158
150.811224969	1006.86230469	34.3362617493	33.1976013184
150.811224969	1006.86230469	34.2232933044	33.1976013184
150.811224969	1006.86230469	34.2232933044	33.1976013184
150.811224969	1006.86230469	34.2232933044	33.1976013184
150.81122497	1006.86230469	34.2232933044	33.1976013184
150.81122497	1006.86035156	34.2232933044	33.1976013184
150.81122497	1006.86035156	34.2232933044	33.1976013184
150.811224971	1006.86035156	34.2232933044	33.1976013184
150.811224971	1006.86035156	34.2232933044	33.1976013184
150.811224971	1006.86035156	34.2232933044	33.1976013184
150.811224971	1006.86035156	34.2232933044	33.1976013184
150.811224971	1006.86035156	34.2232933044	33.1976013184
150.811224972	1006.86035156	34.2232933044	33.1976013184
150.811224972	1006.86035156	34.2232933044	33.1976013184
150.811224972	1006.86035156	34.2232933044	33.1976013184
150.811224972	1006.86035156	34.2232933044	33.1976013184
150.811224973	1006.86035156	34.2232933044	33.1976013184
150.811224973	1006.86035156	34.2232933044	33.1976013184
150.811224973	1006.86035156	34.2232933044	33.1976013184
150.811224973	1006.86035156	34.2232933044	33.1976013184
150.811224973	1006.86035156	34.2232933044	33.1976013184
150.811224974	1006.86035156	34.2232933044	33.1976013184
150.811224974	1006.85693359	34.2232933044	33.1976013184
150.811224974	1006.85693359	34.2232933044	33.1976013184
150.811224974	1006.85693359	34.2232933044	33.1976013184
150.811224975	1006.85693359	34.2232933044	33.1976013184
150.811224975	1006.85693359	34.2232933044	33.1976013184
150.811224975	1006.85693359	34.2232933044	33.1976013184
150.811224975	1006.85693359	34.2232933044	33.1976013184
150.811224976	1006.85693359	34.2232933044	33.1976013184
150.811224976	1006.85693359	34.2232933044	33.1976013184
150.811224976	1006.85693359	34.2232933044	33.1976013184
150.811224976	1006.85693359	34.2232933044	33.1976013184
150.811224976	1006.85693359	34.2232933044	33.1976013184
150.811224977	1006.85693359	34.2232933044	33.2337379456
150.811224977	1006.85693359	33.4050178528	33.2337379456
150.811224977	1006.85693359	33.4050178528	33.2337379456
150.811224978	1006.85693359	33.4050178528	33.2337379456
150.811224978	1006.86083984	33.4050178528	33.2337379456
150.811224978	1006.86083984	33.4050178528	33.2337379456
150.811224978	1006.86083984	33.4050178528	33.2337379456
150.811224979	1006.86083984	33.4050178528	33.2337379456
150.811224979	1006.86083984	33.4050178528	33.2337379456
150.811224979	1006.86083984	33.4050178528	33.2337379456
150.811224979	1006.86083984	33.4050178528	33.2337379456
150.811224979	1006.86083984	33.4050178528	33.2337379456
150.81122498	1006.86083984	33.4050178528	33.2337379456
150.81122498	1006.86083984	33.4050178528	33.2337379456
150.81122498	1006.86083984	33.4050178528	33.2337379456
150.81122498	1006.86083984	33.4050178528	33.2337379456
150.811224981	1006.86083984	33.4050178528	33.2337379456
150.811224981	1006.86083984	33.4050178528	33.2337379456
150.811224981	1006.86083984	33.4050178528	33.2337379456
150.811224981	1006.86083984	33.4050178528	33.2337379456
150.811224981	1006.86083984	33.4050178528	33.2337379456
150.811224982	1006.86206055	33.4050178528	33.2337379456
150.811224982	1006.86206055	33.4050178528	33.2337379456
150.811224982	1006.86206055	33.4050178528	33.2337379456
150.811224983	1006.86206055	33.4050178528	33.2337379456
150.811224983	1006.86206055	33.4050178528	33.2337379456
150.811224983	1006.86206055	33.4050178528	33.2337379456
150.811224983	1006.86206055	33.4050178528	33.2337379456
150.811224983	1006.86206055	33.4050178528	33.2337379456
150.811224984	1006.86206055	33.4050178528	33.2337379456
150.811224984	1006.86206055	33.4050178528	33.2337379456
150.811224984	1006.86206055	33.4050178528	33.2337379456
150.811224984	1006.86206055	33.4050178528	33.2337379456
150.811224985	1006.86206055	33.4050178528	33.2337379456
150.811224985	1006.86206055	33.4050178528	33.1614646912
150.811224985	1006.86206055	34.9713439941	33.1614646912
150.811224985	1006.86206055	34.9713439941	33.1614646912
150.811224986	1006.85888672	34.9713439941	33.1614646912
150.811224986	1006.85888672	34.9713439941	33.1614646912
150.811224986	1006.85888672	34.9713439941	33.1614646912
150.811224986	1006.85888672	34.9713439941	33.1614646912
150.811224987	1006.85888672	34.9713439941	33.1614646912
150.811224987	1006.85888672	34.9713439941	33.1614646912
150.811224987	1006.85888672	34.9713439941	33.1614646912
150.811224987	1006.85888672	34.9713439941	33.1614646912
150.811224988	1006.85888672	34.9713439941	33.1614646912
150.811224988	1006.85888672	34.9713439941	33.1614646912
150.811224988	1006.85888672	34.9713439941	33.1614646912
150.811224988	1006.85888672	34.9713439941	33.1614646912
150.811224988	1006.85888672	34.9713439941	33.1614646912
150.811224989	1006.85888672	34.9713439941	33.1614646912
150.811224989	1006.85888672	34.9713439941	33.1614646912
150.811224989	1006.85888672	34.9713439941	33.1614646912
150.811224989	1006.85888672	34.9713439941	33.1614646912
150.81122499	1006.86035156	34.9713439941	33.1614646912
150.81122499	1006.86035156	34.9713439941	33.1614646912
150.81122499	1006.86035156	34.9713439941	33.1614646912
150.81122499	1006.86035156	34.9713439941	33.1614646912
150.811224991	1006.86035156	34.9713439941	33.1614646912
150.811224991	1006.86035156	34.9713439941	33.1614646912
150.811224991	1006.86035156	34.9713439941	33.1614646912
150.811224991	1006.86035156	34.9713439941	33.1614646912
150.811224992	1006.86035156	34.9713439941	33.1614646912
150.811224992	1006.86035156	34.9713439941	33.1614646912
150.811224992	1006.86035156	34.9713439941	33.1614646912
150.811224992	1006.86035156	34.9713439941	33.1614646912
150.811224992	1006.86035156	34.9713439941	33.1614646912
150.811224993	1006.86035156	34.9713439941	33.1614646912
150.811224993	1006.86035156	34.9713439941	33.1614646912
150.811224993	1006.86035156	34.9713439941	32.9988479614
150.811224993	1006.86035156	33.8324737549	32.9988479614
150.811224994	1006.85693359	33.8324737549	32.9988479614
150.811224994	1006.85693359	33.8324737549	32.9988479614
150.811224994	1006.85693359	33.8324737549	32.9988479614
150.811224995	1006.85693359	33.8324737549	32.9988479614
150.811224995	1006.85693359	33.8324737549	32.9988479614
150.811224995	1006.85693359	33.8324737549	32.9988479614
150.811224995	1006.85693359	33.8324737549	32.9988479614
150.811224995	1006.85693359	33.8324737549	32.9988479614
150.811224996	1006.85693359	33.8324737549	32.9988479614
150.811224996	1006.85693359	33.8324737549	32.9988479614
150.811224996	1006.85693359	33.8324737549	32.9988479614
150.811224996	1006.85693359	33.8324737549	32.9988479614
150.811224997	1006.85693359	33.8324737549	32.9988479614
150.811224997	1006.85693359	33.8324737549	32.9988479614
150.811224997	1006.85693359	33.8324737549	32.9988479614
150.811224997	1006.85693359	33.8324737549	32.9988479614
150.811224997	1006.85693359	33.8324737549	32.9988479614
150.811224998	1006.8527832	33.8324737549	32.9988479614
150.811224998	1006.8527832	33.8324737549	32.9988479614
150.811224998	1006.8527832	33.8324737549	32.9988479614
150.811224999	1006.8527832	33.8324737549	32.9988479614
150.811224999	1006.8527832	33.8324737549	32.9988479614
150.811224999	1006.8527832	33.8324737549	32.9988479614
150.811224999	1006.8527832	33.8324737549	32.9988479614
150.811224999	1006.8527832	33.8324737549	32.9988479614
150.811225	1006.8527832	33.8324737549	32.9988479614
150.811225	1006.8527832	33.8324737549	32.9988479614
150.811225	1006.8527832	33.8324737549	32.9988479614
150.811225	1006.8527832	33.8324737549	32.9988479614
150.811225	1006.8527832	33.8324737549	32.9988479614
150.811225001	1006.8527832	33.8324737549	32.9988479614
150.811225001	1006.8527832	33.8324737549	32.9988479614
150.811225001	1006.8527832	33.8324737549	33.1795349121
150.811225001	1006.85205078	38.2566566467	33.1795349121
150.811225002	1006.85205078	38.2566566467	33.1795349121
150.811225002	1006.85205078	38.2566566467	33.1795349121
150.811225002	1006.85205078	38.2566566467	33.1795349121
150.811225003	1006.85205078	38.2566566467	33.1795349121
150.811225003	1006.85205078	38.2566566467	33.1795349121
150.811225003	1006.85205078	38.2566566467	33.1795349121
150.811225003	1006.85205078	38.2566566467	33.1795349121
150.811225004	1006.85205078	38.2566566467	33.1795349121
150.811225004	1006.85205078	38.2566566467	33.1795349121
150.811225004	1006.85205078	38.2566566467	33.1795349121
150.811225004	1006.85205078	38.2566566467	33.1795349121
150.811225004	1006.85205078	38.2566566467	33.1795349121
150.811225005	1006.85205078	38.2566566467	33.1795349121
150.811225005	1006.85205078	38.2566566467	33.1795349121
150.811225005	1006.85205078	38.2566566467	33.1795349121
150.811225005	1006.85205078	38.2566566467	33.1795349121
150.811225005	1006.85131836	38.2566566467	33.1795349121
150.811225006	1006.85131836	38.2566566467	33.1795349121
150.811225006	1006.85131836	38.2566566467	33.1795349121
150.811225006	1006.85131836	38.2566566467	33.1795349121
150.811225007	1006.85131836	38.2566566467	33.1795349121
150.811225007	1006.85131836	38.2566566467	33.1795349121
150.811225007	1006.85131836	38.2566566467	33.1795349121
150.811225007	1006.85131836	38.2566566467	33.1795349121
150.811225007	1006.85131836	38.2566566467	33.1795349121
150.811225008	1006.85131836	38.2566566467	33.1795349121
150.811225008	1006.85131836	38.2566566467	33.1795349121
150.811225008	1006.85131836	38.2566566467	33.1795349121
150.811225008	1006.85131836	38.2566566467	33.1795349121
150.811225009	1006.85131836	38.2566566467	33.1795349121
150.811225009	1006.85131836	38.2566566467	33.1795349121
150.811225009	1006.85131836	38.2566566467	33.1795349121
150.811225009	1006.85131836	38.2566566467	33.0349884033
150.81122501	1006.85375977	36.4949226379	33.0349884033
150.81122501	1006.85375977	36.4949226379	33.0349884033
150.81122501	1006.85375977	36.4949226379	33.0349884033
150.81122501	1006.85375977	36.4949226379	33.0349884033
150.811225011	1006.85375977	36.4949226379	33.0349884033
150.811225011	1006.85375977	36.4949226379	33.0349884033
150.811225011	1006.85375977	36.4949226379	33.0349884033
150.811225011	1006.85375977	36.4949226379	33.0349884033
150.811225012	1006.85375977	36.4949226379	33.0349884033
150.811225012	1006.85375977	36.4949226379	33.0349884033
150.811225012	1006.85375977	36.4949226379	33.0349884033
150.811225012	1006.85375977	36.4949226379	33.0349884033
150.811225012	1006.85375977	36.4949226379	33.0349884033
150.811225013	1006.85375977	36.4949226379	33.0349884033
150.811225013	1006.85375977	36.4949226379	33.0349884033
150.811225013	1006.85375977	36.4949226379	33.0349884033
150.811225013	1006.85986328	36.4949226379	33.0349884033
150.811225014	1006.85986328	36.4949226379	33.0349884033
150.811225014	1006.85986328	36.4949226379	33.0349884033
150.811225014	1006.85986328	36.4949226379	33.0349884033
150.811225014	1006.85986328	36.4949226379	33.0349884033
150.811225015	1006.85986328	36.4949226379	33.0349884033
150.811225015	1006.85986328	36.4949226379	33.0349884033
150.811225015	1006.85986328	36.4949226379	33.0349884033
150.811225015	1006.85986328	36.4949226379	33.0349884033
150.811225016	1006.85986328	36.4949226379	33.0349884033
150.811225016	1006.85986328	36.4949226379	33.0349884033
150.811225016	1006.85986328	36.4949226379	33.0349884033
150.811225016	1006.85986328	36.4949226379	33.0349884033
150.811225016	1006.85986328	36.4949226379	33.0349884033
150.811225017	1006.85986328	36.4949226379	33.0349884033
150.811225017	1006.85986328	36.4949226379	33.0349884033
150.811225017	1006.85986328	36.4949226379	33.0349884033
150.811225017	1006.8581543	36.4949226379	33.1433944702
150.811225018	1006.8581543	38.4764938354	33.1433944702
150.811225018	1006.8581543	38.4764938354	33.1433944702
150.811225018	1006.8581543	38.4764938354	33.1433944702
150.811225019	1006.8581543	38.4764938354	33.1433944702
150.811225019	1006.8581543	38.4764938354	33.1433944702
150.811225019	1006.8581543	38.4764938354	33.1433944702
150.811225019	1006.8581543	38.4764938354	33.1433944702
150.811225019	1006.8581543	38.4764938354	33.1433944702
150.81122502	1006.8581543	38.4764938354	33.1433944702
150.81122502	1006.8581543	38.4764938354	33.1433944702
150.81122502	1006.8581543	38.4764938354	33.1433944702
150.81122502	1006.8581543	38.4764938354	33.1433944702
150.811225021	1006.8581543	38.4764938354	33.1433944702
150.811225021	1006.8581543	38.4764938354	33.1433944702
150.811225021	1006.8581543	38.4764938354	33.1433944702
150.811225021	1006.8581543	38.4764938354	33.1433944702
150.811225021	1006.86499023	38.4764938354	33.1433944702
150.811225022	1006.86499023	38.4764938354	33.1433944702
150.811225022	1006.86499023	38.4764938354	33.1433944702
150.811225022	1006.86499023	38.4764938354	33.1433944702
150.811225022	1006.86499023	38.4764938354	33.1433944702
150.811225023	1006.86499023	38.4764938354	33.1433944702
150.811225023	1006.86499023	38.4764938354	33.1433944702
150.811225023	1006.86499023	38.4764938354	33.1433944702
150.811225023	1006.86499023	38.4764938354	33.1433944702
150.811225024	1006.86499023	38.4764938354	33.1433944702
150.811225024	1006.86499023	38.4764938354	33.1433944702
150.811225024	1006.86499023	38.4764938354	33.1433944702
150.811225024	1006.86499023	38.4764938354	33.1433944702
150.811225024	1006.86499023	38.4764938354	33.1433944702
150.811225025	1006.86499023	38.4764938354	33.1433944702
150.811225025	1006.86499023	38.4764938354	33.1433944702
150.811225025	1006.86499023	38.4764938354	33.1433944702
150.811225025	1006.86816406	38.4764938354	33.1433944702
150.811225026	1006.86816406	38.4764938354	33.1433944702
150.811225026	1006.86816406	33.273727417	33.1433944702
150.811225026	1006.86816406	33.273727417	33.1433944702
150.811225027	1006.86816406	33.273727417	33.1433944702
150.811225027	1006.86816406	33.273727417	33.1433944702
150.811225027	1006.86816406	33.273727417	33.1433944702
150.811225027	1006.86816406	33.273727417	33.1433944702
150.811225027	1006.86816406	33.273727417	33.1433944702
150.811225028	1006.86816406	33.273727417	33.1433944702
150.811225028	1006.86816406	33.273727417	33.1433944702
150.811225028	1006.86816406	33.273727417	33.1433944702
150.811225028	1006.86816406	33.273727417	33.1433944702
150.811225029	1006.86816406	33.273727417	33.1433944702
150.811225029	1006.86816406	33.273727417	33.1433944702
150.811225029	1006.86816406	33.273727417	33.1433944702
150.811225029	1006.86694336	33.273727417	33.1433944702
150.81122503	1006.86694336	33.273727417	33.1433944702
150.81122503	1006.86694336	33.273727417	33.1433944702
150.81122503	1006.86694336	33.273727417	33.1433944702
150.81122503	1006.86694336	33.273727417	33.1433944702
150.811225031	1006.86694336	33.273727417	33.1433944702
150.811225031	1006.86694336	33.273727417	33.1433944702
150.811225031	1006.86694336	33.273727417	33.1433944702
150.811225031	1006.86694336	33.273727417	33.1433944702
150.811225031	1006.86694336	33.273727417	33.1433944702
150.811225032	1006.86694336	33.273727417	33.1433944702
150.811225032	1006.86694336	33.273727417	33.1433944702
150.811225032	1006.86694336	33.273727417	33.1433944702
150.811225032	1006.86694336	33.273727417	33.1433944702
150.811225033	1006.86694336	33.273727417	33.1433944702
150.811225033	1006.86694336	33.273727417	33.1433944702
150.811225033	1006.86694336	33.273727417	33.1433944702
150.811225033	1006.86767578	33.273727417	33.1433944702
150.811225034	1006.86767578	33.273727417	33.1433944702
150.811225034	1006.86767578	33.273727417	33.1795349121
150.811225034	1006.86767578	35.4873428345	33.1795349121
150.811225034	1006.86767578	35.4873428345	33.1795349121
150.811225035	1006.86767578	35.4873428345	33.1795349121
150.811225035	1006.86767578	35.4873428345	33.1795349121
150.811225035	1006.86767578	35.4873428345	33.1795349121
150.811225035	1006.86767578	35.4873428345	33.1795349121
150.811225036	1006.86767578	35.4873428345	33.1795349121
150.811225036	1006.86767578	35.4873428345	33.1795349121
150.811225036	1006.86767578	35.4873428345	33.1795349121
150.811225036	1006.86767578	35.4873428345	33.1795349121
150.811225036	1006.86767578	35.4873428345	33.1795349121
150.811225037	1006.86767578	35.4873428345	33.1795349121
150.811225037	1006.86767578	35.4873428345	33.1795349121
150.811225037	1006.86401367	35.4873428345	33.1795349121
150.811225038	1006.86401367	35.4873428345	33.1795349121
150.811225038	1006.86401367	35.4873428345	33.1795349121
150.811225038	1006.86401367	35.4873428345	33.1795349121
150.811225038	1006.86401367	35.4873428345	33.1795349121
150.811225038	1006.86401367	35.4873428345	33.1795349121
150.811225039	1006.86401367	35.4873428345	33.1795349121
150.811225039	1006.86401367	35.4873428345	33.1795349121
150.811225039	1006.86401367	35.4873428345	33.1795349121
150.811225039	1006.86401367	35.4873428345	33.1795349121
150.811225039	1006.86401367	35.4873428345	33.1795349121
150.81122504	1006.86401367	35.4873428345	33.1795349121
150.81122504	1006.86401367	35.4873428345	33.1795349121
150.81122504	1006.86401367	35.4873428345	33.1795349121
150.81122504	1006.86401367	35.4873428345	33.1795349121
150.811225041	1006.86401367	35.4873428345	33.1795349121
150.811225041	1006.86401367	35.4873428345	33.1795349121
150.811225041	1006.859375	35.4873428345	33.1795349121
150.811225041	1006.859375	35.4873428345	33.1795349121
150.811225042	1006.859375	35.4873428345	33.1795349121
150.811225042	1006.859375	35.4873428345	33.1433944702
150.811225042	1006.859375	35.5697822571	33.1433944702
150.811225043	1006.859375	35.5697822571	33.1433944702
150.811225043	1006.859375	35.5697822571	33.1433944702
150.811225043	1006.859375	35.5697822571	33.1433944702
150.811225043	1006.859375	35.5697822571	33.1433944702
150.811225043	1006.859375	35.5697822571	33.1433944702
150.811225044	1006.859375	35.5697822571	33.1433944702
150.811225044	1006.859375	35.5697822571	33.1433944702
150.811225044	1006.859375	35.5697822571	33.1433944702
150.811225044	1006.859375	35.5697822571	33.1433944702
150.811225044	1006.859375	35.5697822571	33.1433944702
150.811225045	1006.859375	35.5697822571	33.1433944702
150.811225045	1006.859375	35.5697822571	33.1433944702
150.811225045	1006.85351562	35.5697822571	33.1433944702
150.811225046	1006.85351562	35.5697822571	33.1433944702
150.811225046	1006.85351562	35.5697822571	33.1433944702
150.811225046	1006.85351562	35.5697822571	33.1433944702
150.811225046	1006.85351562	35.5697822571	33.1433944702
150.811225046	1006.85351562	35.5697822571	33.1433944702
150.811225047	1006.85351562	35.5697822571	33.1433944702
150.811225047	1006.85351562	35.5697822571	33.1433944702
150.811225047	1006.85351562	35.5697822571	33.1433944702
150.811225047	1006.85351562	35.5697822571	33.1433944702
150.811225048	1006.85351562	35.5697822571	33.1433944702
150.811225048	1006.85351562	35.5697822571	33.1433944702
150.811225048	1006.85351562	35.5697822571	33.1433944702
150.811225048	1006.85351562	35.5697822571	33.1433944702
150.811225048	1006.85351562	35.5697822571	33.1433944702
150.811225049	1006.85351562	35.5697822571	33.1433944702
150.811225049	1006.85351562	35.5697822571	33.1433944702
150.811225049	1006.85791016	35.5697822571	33.1433944702
150.81122505	1006.85791016	35.5697822571	33.1433944702
150.81122505	1006.85791016	35.5697822571	33.1433944702
150.81122505	1006.85791016	35.5697822571	33.1433944702
150.81122505	1006.85791016	35.5697822571	33.1433944702
150.811225051	1006.85791016	38.1406326294	33.1433944702
150.811225051	1006.85791016	38.1406326294	33.1433944702
150.811225051	1006.85791016	38.1406326294	33.1433944702
150.811225051	1006.85791016	38.1406326294	33.1433944702
150.811225051	1006.85791016	38.1406326294	33.1433944702
150.811225052	1006.85791016	38.1406326294	33.1433944702
150.811225052	1006.85791016	38.1406326294	33.1433944702
150.811225052	1006.85791016	38.1406326294	33.1433944702
150.811225052	1006.85791016	38.1406326294	33.1433944702
150.811225053	1006.85791016	38.1406326294	33.1433944702
150.811225053	1006.85791016	38.1406326294	33.1433944702
150.811225053	1006.85961914	38.1406326294	33.1433944702
150.811225053	1006.85961914	38.1406326294	33.1433944702
150.811225054	1006.85961914	38.1406326294	33.1433944702
150.811225054	1006.85961914	38.1406326294	33.1433944702
150.811225054	1006.85961914	38.1406326294	33.1433944702
150.811225054	1006.85961914	38.1406326294	33.1433944702
150.811225055	1006.85961914	38.1406326294	33.1433944702
150.811225055	1006.85961914	38.1406326294	33.1433944702
150.811225055	1006.85961914	38.1406326294	33.1433944702
150.811225055	1006.85961914	38.1406326294	33.1433944702
150.811226111	1008.05151367	38.6107749939	32.8619308472
150.811226113	1008.05151367	38.6107749939	32.8619308472
150.811226113	1008.05151367	38.6107749939	32.8619308472
150.811226113	1008.05151367	38.6107749939	32.8619308472
150.811226114	1008.05151367	38.6107749939	32.8619308472
150.811226114	1008.05151367	38.6107749939	32.8619308472
150.811226114	1008.05151367	38.6107749939	32.8619308472
150.811226114	1008.05151367	38.6107749939	32.8619308472
150.811226114	1008.05151367	38.6107749939	32.8619308472
150.811226114	1008.05151367	38.6107749939	32.8619308472
150.811226114	1008.05151367	38.6107749939	32.8619308472
150.811226115	1008.05151367	38.6107749939	32.8619308472
150.811226115	1008.05151367	38.6107749939	32.8619308472
150.811226115	1008.05151367	38.6107749939	32.8619308472
150.811226115	1008.04980469	38.6107749939	32.8619308472
150.811226115	1008.04980469	38.6107749939	32.8619308472
150.811226115	1008.04980469	38.6107749939	32.8619308472
150.811226116	1008.04980469	38.6107749939	32.8619308472
150.811226116	1008.04980469	38.6107749939	32.8619308472
150.811226116	1008.04980469	38.6107749939	32.8619308472
150.811226116	1008.04980469	38.6107749939	32.8619308472
150.811226116	1008.04980469	38.6107749939	32.8619308472
150.811226116	1008.04980469	38.6107749939	32.8619308472
150.811226116	1008.04980469	38.6107749939	32.8619308472
150.811226116	1008.04980469	38.6107749939	32.8619308472
150.811226117	1008.04980469	38.6107749939	32.8619308472
150.811226117	1008.04980469	38.6107749939	32.8619308472
150.811226117	1008.04980469	38.6107749939	32.8619308472
150.811226117	1008.04980469	38.6107749939	32.8619308472
150.811226117	1008.04980469	38.6107749939	32.8801956177
150.811226117	1008.04980469	38.6107749939	32.8801956177
150.811226117	1008.04980469	38.3251991272	32.8801956177
150.811226118	1008.04980469	38.3251991272	32.8801956177
150.811226118	1008.04980469	38.3251991272	32.8801956177
150.811226118	1008.04980469	38.3251991272	32.8801956177
150.811226118	1008.04980469	38.3251991272	32.8801956177
150.811226118	1008.04980469	38.3251991272	32.8801956177
150.811226118	1008.04980469	38.3251991272	32.8801956177
150.811226118	1008.04980469	38.3251991272	32.8801956177
150.811226119	1008.04980469	38.3251991272	32.8801956177
150.811226119	1008.04980469	38.3251991272	32.8801956177
150.811226119	1008.04980469	38.3251991272	32.8801956177
150.811226119	1008.04614258	38.3251991272	32.8801956177
150.811226119	1008.04614258	38.3251991272	32.8801956177
150.811226119	1008.04614258	38.3251991272	32.8801956177
150.81122612	1008.04614258	38.3251991272	32.8801956177
150.81122612	1008.04614258	38.3251991272	32.8801956177
150.81122612	1008.04614258	38.3251991272	32.8801956177
150.81122612	1008.04614258	38.3251991272	32.8801956177
150.81122612	1008.04614258	38.3251991272	32.8801956177
150.81122612	1008.04614258	38.3251991272	32.8801956177
150.81122612	1008.04614258	38.3251991272	32.8801956177
150.81122612	1008.04614258	38.3251991272	32.8801956177
150.811226121	1008.04614258	38.3251991272	32.8801956177
150.811226121	1008.04614258	38.3251991272	32.8801956177
150.811226121	1008.04614258	38.3251991272	32.8801956177
150.811226121	1008.04614258	38.3251991272	32.8801956177
150.811226121	1008.04614258	38.3251991272	32.8801956177
150.811226121	1008.04614258	38.3251991272	32.8801956177
150.811226121	1008.04614258	38.3251991272	32.8801956177
150.811226122	1008.04614258	38.3251991272	32.8801956177
150.811226122	1008.04614258	38.3251991272	32.8801956177
150.811226122	1008.04614258	38.3251991272	32.8801956177
150.811226122	1008.04614258	38.3251991272	32.8801956177
150.811226122	1008.04614258	38.3251991272	32.8801956177
150.811226122	1008.04614258	38.3251991272	32.8801956177
150.811226122	1008.04614258	38.3251991272	32.8801956177
150.811226123	1008.04614258	38.3251991272	32.8801956177
150.811226123	1008.04614258	38.3251991272	32.8801956177
150.811226123	1008.04614258	38.3251991272	32.8801956177
150.811226123	1008.04614258	38.3251991272	32.8801956177
150.811226123	1008.04150391	38.3251991272	32.8801956177
150.811226123	1008.04150391	38.3251991272	32.8801956177
150.811226123	1008.04150391	38.3251991272	32.8801956177
150.811226124	1008.04150391	38.3251991272	32.8801956177
150.811226124	1008.04150391	38.3251991272	32.8801956177
150.811226124	1008.04150391	38.3251991272	32.8801956177
150.811226124	1008.04150391	38.3251991272	32.8801956177
150.811226124	1008.04150391	38.3251991272	32.8801956177
150.811226124	1008.04150391	38.3251991272	32.8801956177
150.811226124	1008.04150391	38.3251991272	32.8801956177
150.811226125	1008.04150391	38.3251991272	32.8801956177
150.811226125	1008.04150391	38.3251991272	32.8801956177
150.811226125	1008.04150391	38.3251991272	32.8801956177
150.811226125	1008.04150391	38.3251991272	32.8801956177
150.811226125	1008.04150391	38.3251991272	32.8801956177
150.811226125	1008.04150391	38.3251991272	32.8436660767
150.811226125	1008.04150391	38.3251991272	32.8436660767
150.811226126	1008.04150391	38.4995117188	32.8436660767
150.811226126	1008.04150391	38.4995117188	32.8436660767
150.811226126	1008.04150391	38.4995117188	32.8436660767
150.811226126	1008.04150391	38.4995117188	32.8436660767
150.811226126	1008.04150391	38.4995117188	32.8436660767
150.811226126	1008.04150391	38.4995117188	32.8436660767
150.811226126	1008.04150391	38.4995117188	32.8436660767
150.811226127	1008.04150391	38.4995117188	32.8436660767
150.811226127	1008.04150391	38.4995117188	32.8436660767
150.811226127	1008.04150391	38.4995117188	32.8436660767
150.811226127	1008.04150391	38.4995117188	32.8436660767
150.811226127	1008.04394531	38.4995117188	32.8436660767
150.811226127	1008.04394531	38.4995117188	32.8436660767
150.811226128	1008.04394531	38.4995117188	32.8436660767
150.811226128	1008.04394531	38.4995117188	32.8436660767
150.811226128	1008.04394531	38.4995117188	32.8436660767
150.811226128	1008.04394531	38.4995117188	32.8436660767
150.811226128	1008.04394531	38.4995117188	32.8436660767
150.811226128	1008.04394531	38.4995117188	32.8436660767
150.811226128	1008.04394531	38.4995117188	32.8436660767
150.811226128	1008.04394531	38.4995117188	32.8436660767
150.811226129	1008.04394531	38.4995117188	32.8436660767
150.811226129	1008.04394531	38.4995117188	32.8436660767
150.811226129	1008.04394531	38.4995117188	32.8436660767
150.811226129	1008.04394531	38.4995117188	32.8436660767
150.811226129	1008.04394531	38.4995117188	32.8436660767
150.811226129	1008.04394531	38.4995117188	32.8436660767
150.811226129	1008.04394531	38.4995117188	32.8436660767
150.81122613	1008.04394531	38.4995117188	32.8436660767
150.81122613	1008.04394531	38.4995117188	32.8436660767
150.81122613	1008.04394531	38.4995117188	32.8436660767
150.81122613	1008.04394531	38.4995117188	32.8436660767
150.81122613	1008.04394531	38.4995117188	32.8436660767
150.81122613	1008.04394531	38.4995117188	32.8436660767
150.81122613	1008.04394531	38.4995117188	32.8436660767
150.81122613	1008.04394531	38.4995117188	32.8436660767
150.811226131	1008.04394531	38.4995117188	32.8436660767
150.811226131	1008.04394531	38.4995117188	32.8436660767
150.811226131	1008.04394531	38.4995117188	32.8436660767
150.811226131	1008.04394531	38.4995117188	32.8436660767
150.811226131	1008.04223633	38.4995117188	32.8436660767
150.811226131	1008.04223633	38.4995117188	32.8436660767
150.811226132	1008.04223633	38.4995117188	32.8436660767
150.811226132	1008.04223633	38.4995117188	32.8436660767
150.811226132	1008.04223633	38.4995117188	32.8436660767
150.811226132	1008.04223633	38.4995117188	32.8436660767
150.811226132	1008.04223633	38.4995117188	32.8436660767
150.811226132	1008.04223633	38.4995117188	32.8436660767
150.811226132	1008.04223633	38.4995117188	32.8436660767
150.811226133	1008.04223633	38.4995117188	32.8436660767
150.811226133	1008.04223633	38.4995117188	32.8436660767
150.811226133	1008.04223633	38.4995117188	32.8436660767
150.811226133	1008.04223633	38.4995117188	32.8436660767
150.811226133	1008.04223633	38.4995117188	32.8436660767
150.811226133	1008.04223633	38.4995117188	32.8436660767
150.811226133	1008.04223633	38.4995117188	32.953250885
150.811226134	1008.04223633	38.2881126404	32.953250885
150.811226134	1008.04223633	38.2881126404	32.953250885
150.811226134	1008.04223633	38.2881126404	32.953250885
150.811226134	1008.04223633	38.2881126404	32.953250885
150.811226134	1008.04223633	38.2881126404	32.953250885
150.811226134	1008.04223633	38.2881126404	32.953250885
150.811226134	1008.04223633	38.2881126404	32.953250885
150.811226135	1008.04223633	38.2881126404	32.953250885
150.811226135	1008.04223633	38.2881126404	32.953250885
150.811226135	1008.04223633	38.2881126404	32.953250885
150.811226135	1008.04223633	38.2881126404	32.953250885
150.811226135	1008.04223633	38.2881126404	32.953250885
150.811226135	1008.04223633	38.2881126404	32.953250885
150.811226135	1008.04272461	38.2881126404	32.953250885
150.811226136	1008.04272461	38.2881126404	32.953250885
150.811226136	1008.04272461	38.2881126404	32.953250885
150.811226136	1008.04272461	38.2881126404	32.953250885
150.811226136	1008.04272461	38.2881126404	32.953250885
150.811226136	1008.04272461	38.2881126404	32.953250885
150.811226136	1008.04272461	38.2881126404	32.953250885
150.811226136	1008.04272461	38.2881126404	32.953250885
150.811226137	1008.04272461	38.2881126404	32.953250885
150.811226137	1008.04272461	38.2881126404	32.953250885
150.811226137	1008.04272461	38.2881126404	32.953250885
150.811226137	1008.04272461	38.2881126404	32.953250885
150.811226137	1008.04272461	38.2881126404	32.953250885
150.811226137	1008.04272461	38.2881126404	32.953250885
150.811226137	1008.04272461	38.2881126404	32.953250885
150.811226138	1008.04272461	38.2881126404	32.953250885
150.811226138	1008.04272461	38.2881126404	32.953250885
150.811226138	1008.04272461	38.2881126404	32.953250885
150.811226138	1008.04272461	38.2881126404	32.953250885
150.811226138	1008.04272461	38.2881126404	32.953250885
150.811226138	1008.04272461	38.2881126404	32.953250885
150.811226138	1008.04272461	38.2881126404	32.953250885
150.811226138	1008.04272461	38.2881126404	32.953250885
150.811226139	1008.04272461	38.2881126404	32.953250885
150.811226139	1008.04272461	38.2881126404	32.953250885
150.811226139	1008.04272461	38.2881126404	32.953250885
150.811226139	1008.04272461	38.2881126404	32.953250885
150.811226139	1008.04272461	38.2881126404	32.953250885
150.811226139	1008.04272461	38.2881126404	32.953250885
150.811226139	1008.04443359	38.2881126404	32.953250885
150.81122614	1008.04443359	38.2881126404	32.953250885
150.81122614	1008.04443359	38.2881126404	32.953250885
150.81122614	1008.04443359	38.2881126404	32.953250885
150.81122614	1008.04443359	38.2881126404	32.953250885
150.81122614	1008.04443359	38.2881126404	32.953250885
150.81122614	1008.04443359	38.2881126404	32.953250885
150.81122614	1008.04443359	38.2881126404	32.953250885
150.811226141	1008.04443359	38.2881126404	32.953250885
150.811226141	1008.04443359	38.2881126404	32.953250885
150.811226141	1008.04443359	38.2881126404	32.953250885
150.811226141	1008.04443359	38.2881126404	32.953250885
150.811226141	1008.04443359	38.2881126404	32.953250885
150.811226141	1008.04443359	38.2881126404	32.916721344
150.811226141	1008.04443359	38.2881126404	32.916721344
150.811226142	1008.04443359	38.8147583008	32.916721344
150.811226142	1008.04443359	38.8147583008	32.916721344
150.811226142	1008.04443359	38.8147583008	32.916721344
150.811226142	1008.04443359	38.8147583008	32.916721344
150.811226142	1008.04443359	38.8147583008	32.916721344
150.811226142	1008.04443359	38.8147583008	32.916721344
150.811226142	1008.04443359	38.8147583008	32.916721344
150.811226143	1008.04443359	38.8147583008	32.916721344
150.811226143	1008.04443359	38.8147583008	32.916721344
150.811226143	1008.04443359	38.8147583008	32.916721344
150.811226143	1008.04443359	38.8147583008	32.916721344
150.811226143	1008.04443359	38.8147583008	32.916721344
150.811226143	1008.04443359	38.8147583008	32.916721344
150.811226143	1008.04760742	38.8147583008	32.916721344
150.811226144	1008.04760742	38.8147583008	32.916721344
150.811226144	1008.04760742	38.8147583008	32.916721344
150.811226144	1008.04760742	38.8147583008	32.916721344
150.811226144	1008.04760742	38.8147583008	32.916721344
150.811226144	1008.04760742	38.8147583008	32.916721344
150.811226144	1008.04760742	38.8147583008	32.916721344
150.811226145	1008.04760742	38.8147583008	32.916721344
150.811226145	1008.04760742	38.8147583008	32.916721344
150.811226145	1008.04760742	38.8147583008	32.916721344
150.811226145	1008.04760742	38.8147583008	32.916721344
150.811226145	1008.04760742	38.8147583008	32.916721344
150.811226145	1008.04760742	38.8147583008	32.916721344
150.811226145	1008.04760742	38.8147583008	32.916721344
150.811226145	1008.04760742	38.8147583008	32.916721344
150.811226146	1008.04760742	38.8147583008	32.916721344
150.811226146	1008.04760742	38.8147583008	32.916721344
150.811226146	1008.04760742	38.8147583008	32.916721344
150.811226146	1008.04760742	38.8147583008	32.916721344
150.811226146	1008.04760742	38.8147583008	32.916721344
150.811226146	1008.04760742	38.8147583008	32.916721344
150.811226146	1008.04760742	38.8147583008	32.916721344
150.811226147	1008.04760742	38.8147583008	32.916721344
150.811226147	1008.04760742	38.8147583008	32.916721344
150.811226147	1008.04760742	38.8147583008	32.916721344
150.811226147	1008.04760742	38.8147583008	32.916721344
150.811226147	1008.04760742	38.8147583008	32.916721344
150.811226147	1008.04760742	38.8147583008	32.916721344
150.811226147	1008.04760742	38.8147583008	32.916721344
150.811226148	1008.05004883	38.8147583008	32.916721344
150.811226148	1008.05004883	38.8147583008	32.916721344
150.811226148	1008.05004883	38.8147583008	32.916721344
150.811226148	1008.05004883	38.8147583008	32.916721344
150.811226148	1008.05004883	38.8147583008	32.916721344
150.811226148	1008.05004883	38.8147583008	32.916721344
150.811226148	1008.05004883	38.8147583008	32.916721344
150.811226149	1008.05004883	38.8147583008	32.916721344
150.811226149	1008.05004883	38.8147583008	32.916721344
150.811226149	1008.05004883	38.8147583008	32.916721344
150.811226149	1008.05004883	38.8147583008	32.916721344
150.811226149	1008.05004883	38.8147583008	32.916721344
150.811226149	1008.05004883	38.8147583008	32.916721344
150.811226149	1008.05004883	38.8147583008	32.953250885
150.81122615	1008.05004883	38.8147583008	32.953250885
150.81122615	1008.05004883	37.9802856445	32.953250885
150.81122615	1008.05004883	37.9802856445	32.953250885
150.81122615	1008.05004883	37.9802856445	32.953250885
150.81122615	1008.05004883	37.9802856445	32.953250885
150.81122615	1008.05004883	37.9802856445	32.953250885
150.81122615	1008.05004883	37.9802856445	32.953250885
150.811226151	1008.05004883	37.9802856445	32.953250885
150.811226151	1008.05004883	37.9802856445	32.953250885
150.811226151	1008.05004883	37.9802856445	32.953250885
150.811226151	1008.05004883	37.9802856445	32.953250885
150.811226151	1008.05004883	37.9802856445	32.953250885
150.811226151	1008.05004883	37.9802856445	32.953250885
150.811226152	1008.05151367	37.9802856445	32.953250885
150.811226152	1008.05151367	37.9802856445	32.953250885
150.811226152	1008.05151367	37.9802856445	32.953250885
150.811226153	1008.05151367	37.9802856445	32.953250885
150.811226153	1008.05151367	37.9802856445	32.953250885
150.811226153	1008.05151367	37.9802856445	32.953250885
150.811226153	1008.05151367	37.9802856445	32.953250885
150.811226153	1008.05151367	37.9802856445	32.953250885
150.811226154	1008.05151367	37.9802856445	32.953250885
150.811226154	1008.05151367	37.9802856445	32.953250885
150.811226154	1008.05151367	37.9802856445	32.953250885
150.811226154	1008.05151367	37.9802856445	32.953250885
150.811226154	1008.05151367	37.9802856445	32.953250885
150.811226154	1008.05151367	37.9802856445	32.953250885
150.811226154	1008.05151367	37.9802856445	32.953250885
150.811226155	1008.05151367	37.9802856445	32.953250885
150.811226155	1008.05151367	37.9802856445	32.953250885
150.811226155	1008.05151367	37.9802856445	32.953250885
150.811226155	1008.05151367	37.9802856445	32.953250885
150.811226155	1008.05151367	37.9802856445	32.953250885
150.811226155	1008.05151367	37.9802856445	32.953250885
150.811226155	1008.05151367	37.9802856445	32.953250885
150.811226156	1008.05151367	37.9802856445	32.953250885
150.811226156	1008.04931641	37.9802856445	32.953250885
150.811226156	1008.04931641	37.9802856445	32.953250885
150.811226156	1008.04931641	37.9802856445	32.953250885
150.811226156	1008.04931641	37.9802856445	32.953250885
150.811226156	1008.04931641	37.9802856445	32.953250885
150.811226157	1008.04931641	37.9802856445	32.953250885
150.811226157	1008.04931641	37.9802856445	32.953250885
150.811226157	1008.04931641	37.9802856445	32.953250885
150.811226157	1008.04931641	37.9802856445	32.953250885
150.811226157	1008.04931641	37.9802856445	32.953250885
150.811226157	1008.04931641	37.9802856445	32.953250885
150.811226157	1008.04931641	37.9802856445	32.953250885
150.811226158	1008.04931641	37.9802856445	32.953250885
150.811226158	1008.04931641	38.644153595	32.953250885
150.811226158	1008.04931641	38.644153595	32.953250885
150.811226158	1008.04931641	38.644153595	32.953250885
150.811226158	1008.04931641	38.644153595	32.953250885
150.811226158	1008.04931641	38.644153595	32.953250885
150.811226158	1008.04931641	38.644153595	32.953250885
150.811226159	1008.04931641	38.644153595	32.953250885
150.811226159	1008.04931641	38.644153595	32.953250885
150.811226159	1008.04931641	38.644153595	32.953250885
150.811226159	1008.04931641	38.644153595	32.953250885
150.811226159	1008.04931641	38.644153595	32.953250885
150.811226159	1008.04931641	38.644153595	32.953250885
150.811226159	1008.04931641	38.644153595	32.953250885
150.81122616	1008.04931641	38.644153595	32.953250885
150.81122616	1008.04638672	38.644153595	32.953250885
150.81122616	1008.04638672	38.644153595	32.953250885
150.81122616	1008.04638672	38.644153595	32.953250885
150.81122616	1008.04638672	38.644153595	32.953250885
150.81122616	1008.04638672	38.644153595	32.953250885
150.811226161	1008.04638672	38.644153595	32.953250885
150.811226161	1008.04638672	38.644153595	32.953250885
150.811226161	1008.04638672	38.644153595	32.953250885
150.811226161	1008.04638672	38.644153595	32.953250885
150.811226161	1008.04638672	38.644153595	32.953250885
150.811226161	1008.04638672	38.644153595	32.953250885
150.811226161	1008.04638672	38.644153595	32.953250885
150.811226162	1008.04638672	38.644153595	32.953250885
150.811226162	1008.04638672	38.644153595	32.953250885
150.811226162	1008.04638672	38.644153595	32.953250885
150.811226162	1008.04638672	38.644153595	32.953250885
150.811226162	1008.04638672	38.644153595	32.953250885
150.811226162	1008.04638672	38.644153595	32.953250885
150.811226162	1008.04638672	38.644153595	32.953250885
150.811226163	1008.04638672	38.644153595	32.953250885
150.811226163	1008.04638672	38.644153595	32.953250885
150.811226163	1008.04638672	38.644153595	32.953250885
150.811226163	1008.04638672	38.644153595	32.953250885
150.811226163	1008.04638672	38.644153595	32.953250885
150.811226163	1008.04638672	38.644153595	32.953250885
150.811226163	1008.04638672	38.644153595	32.953250885
150.811226164	1008.04638672	38.644153595	32.953250885
150.811226164	1008.04223633	38.644153595	32.953250885
150.811226164	1008.04223633	38.644153595	32.953250885
150.811226164	1008.04223633	38.644153595	32.953250885
150.811226164	1008.04223633	38.644153595	32.953250885
150.811226164	1008.04223633	38.644153595	32.953250885
150.811226165	1008.04223633	38.644153595	32.953250885
150.811226165	1008.04223633	38.644153595	32.953250885
150.811226165	1008.04223633	38.644153595	32.953250885
150.811226165	1008.04223633	38.644153595	32.953250885
150.811226165	1008.04223633	38.644153595	32.953250885
150.811226165	1008.04223633	38.644153595	32.953250885
150.811226166	1008.04223633	38.644153595	33.0445709229
150.811226166	1008.04223633	36.9492492676	33.0445709229
150.811226166	1008.04223633	36.9492492676	33.0445709229
150.811226166	1008.04223633	36.9492492676	33.0445709229
150.811226166	1008.04223633	36.9492492676	33.0445709229
150.811226166	1008.04223633	36.9492492676	33.0445709229
150.811226167	1008.04223633	36.9492492676	33.0445709229
150.811226167	1008.04223633	36.9492492676	33.0445709229
150.811226167	1008.04223633	36.9492492676	33.0445709229
150.811226167	1008.04223633	36.9492492676	33.0445709229
150.811226167	1008.04223633	36.9492492676	33.0445709229
150.811226167	1008.04223633	36.9492492676	33.0445709229
150.811226167	1008.04223633	36.9492492676	33.0445709229
150.811226168	1008.04223633	36.9492492676	33.0445709229
150.811226168	1008.04223633	36.9492492676	33.0445709229
150.811226168	1008.04541016	36.9492492676	33.0445709229
150.811226168	1008.04541016	36.9492492676	33.0445709229
150.811226168	1008.04541016	36.9492492676	33.0445709229
150.811226168	1008.04541016	36.9492492676	33.0445709229
150.811226169	1008.04541016	36.9492492676	33.0445709229
150.811226169	1008.04541016	36.9492492676	33.0445709229
150.811226169	1008.04541016	36.9492492676	33.0445709229
150.811226169	1008.04541016	36.9492492676	33.0445709229
150.811226169	1008.04541016	36.9492492676	33.0445709229
150.811226169	1008.04541016	36.9492492676	33.0445709229
150.811226169	1008.04541016	36.9492492676	33.0445709229
150.811226169	1008.04541016	36.9492492676	33.0445709229
150.81122617	1008.04541016	36.9492492676	33.0445709229
150.81122617	1008.04541016	36.9492492676	33.0445709229
150.81122617	1008.04541016	36.9492492676	33.0445709229
150.81122617	1008.04541016	36.9492492676	33.0445709229
150.81122617	1008.04541016	36.9492492676	33.0445709229
150.81122617	1008.04541016	36.9492492676	33.0445709229
150.81122617	1008.04541016	36.9492492676	33.0445709229
150.811226171	1008.04541016	36.9492492676	33.0445709229
150.811226171	1008.04541016	36.9492492676	33.0445709229
150.811226171	1008.04541016	36.9492492676	33.0445709229
150.811226171	1008.04541016	36.9492492676	33.0445709229
150.811226171	1008.04541016	36.9492492676	33.0445709229
150.811226171	1008.04541016	36.9492492676	33.0445709229
150.811226171	1008.04541016	36.9492492676	33.0445709229
150.811226171	1008.04541016	36.9492492676	33.0445709229
150.811226172	1008.04541016	36.9492492676	33.0445709229
150.811226172	1008.04541016	36.9492492676	33.0445709229
150.811226172	1008.04711914	36.9492492676	33.0445709229
150.811226172	1008.04711914	36.9492492676	33.0445709229
150.811226172	1008.04711914	36.9492492676	33.0445709229
150.811226172	1008.04711914	36.9492492676	33.0445709229
150.811226173	1008.04711914	36.9492492676	33.0445709229
150.811226173	1008.04711914	36.9492492676	33.0445709229
150.811226173	1008.04711914	36.9492492676	33.0445709229
150.811226173	1008.04711914	36.9492492676	33.0445709229
150.811226173	1008.04711914	36.9492492676	33.0445709229
150.811226173	1008.04711914	36.9492492676	33.0445709229
150.811226173	1008.04711914	36.9492492676	33.0445709229
150.811226174	1008.04711914	36.9492492676	32.953250885
150.811226174	1008.04711914	36.9492492676	32.953250885
150.811226174	1008.04711914	40.3501853943	32.953250885
150.811226174	1008.04711914	40.3501853943	32.953250885
150.811226174	1008.04711914	40.3501853943	32.953250885
150.811226174	1008.04711914	40.3501853943	32.953250885
150.811226174	1008.04711914	40.3501853943	32.953250885
150.811226175	1008.04711914	40.3501853943	32.953250885
150.811226175	1008.04711914	40.3501853943	32.953250885
150.811226175	1008.04711914	40.3501853943	32.953250885
150.811226175	1008.04711914	40.3501853943	32.953250885
150.811226175	1008.04711914	40.3501853943	32.953250885
150.811226175	1008.04711914	40.3501853943	32.953250885
150.811226175	1008.04711914	40.3501853943	32.953250885
150.811226176	1008.04711914	40.3501853943	32.953250885
150.811226176	1008.04711914	40.3501853943	32.953250885
150.811226176	1008.04711914	40.3501853943	32.953250885
150.811226176	1008.04711914	40.3501853943	32.953250885
150.811226176	1008.04516602	40.3501853943	32.953250885
150.811226176	1008.04516602	40.3501853943	32.953250885
150.811226176	1008.04516602	40.3501853943	32.953250885
150.811226177	1008.04516602	40.3501853943	32.953250885
150.811226177	1008.04516602	40.3501853943	32.953250885
150.811226177	1008.04516602	40.3501853943	32.953250885
150.811226177	1008.04516602	40.3501853943	32.953250885
150.811226177	1008.04516602	40.3501853943	32.953250885
150.811226177	1008.04516602	40.3501853943	32.953250885
150.811226177	1008.04516602	40.3501853943	32.953250885
150.811226178	1008.04516602	40.3501853943	32.953250885
150.811226178	1008.04516602	40.3501853943	32.953250885
150.811226178	1008.04516602	40.3501853943	32.953250885
150.811226178	1008.04516602	40.3501853943	32.953250885
150.811226178	1008.04516602	40.3501853943	32.953250885
150.811226178	1008.04516602	40.3501853943	32.953250885
150.811226178	1008.04516602	40.3501853943	32.953250885
150.811226179	1008.04516602	40.3501853943	32.953250885
150.811226179	1008.04516602	40.3501853943	32.953250885
150.811226179	1008.04516602	40.3501853943	32.953250885
150.811226179	1008.04516602	40.3501853943	32.953250885
150.811226179	1008.04516602	40.3501853943	32.953250885
150.811226179	1008.04516602	40.3501853943	32.953250885
150.811226179	1008.04516602	40.3501853943	32.953250885
150.811226179	1008.04516602	40.3501853943	32.953250885
150.81122618	1008.04516602	40.3501853943	32.953250885
150.81122618	1008.04516602	40.3501853943	32.953250885
150.81122618	1008.04516602	40.3501853943	32.953250885
150.81122618	1008.04516602	40.3501853943	32.953250885
150.81122618	1008.04418945	40.3501853943	32.953250885
150.81122618	1008.04418945	40.3501853943	32.953250885
150.811226181	1008.04418945	40.3501853943	32.953250885
150.811226181	1008.04418945	40.3501853943	32.953250885
150.811226181	1008.04418945	40.3501853943	32.953250885
150.811226181	1008.04418945	40.3501853943	32.953250885
150.811226181	1008.04418945	40.3501853943	32.953250885
150.811226181	1008.04418945	40.3501853943	32.953250885
150.811226181	1008.04418945	40.3501853943	32.953250885
150.811226181	1008.04418945	40.3501853943	32.953250885
150.811226182	1008.04418945	40.3501853943	32.8619308472
150.811226182	1008.04418945	40.3501853943	32.8619308472
150.811226182	1008.04418945	39.2931900024	32.8619308472
150.811226182	1008.04418945	39.2931900024	32.8619308472
150.811226182	1008.04418945	39.2931900024	32.8619308472
150.811226182	1008.04418945	39.2931900024	32.8619308472
150.811226183	1008.04418945	39.2931900024	32.8619308472
150.811226183	1008.04418945	39.2931900024	32.8619308472
150.811226183	1008.04418945	39.2931900024	32.8619308472
150.811226183	1008.04418945	39.2931900024	32.8619308472
150.811226183	1008.04418945	39.2931900024	32.8619308472
150.811226183	1008.04418945	39.2931900024	32.8619308472
150.811226183	1008.04418945	39.2931900024	32.8619308472
150.811226183	1008.04418945	39.2931900024	32.8619308472
150.811226184	1008.04418945	39.2931900024	32.8619308472
150.811226184	1008.04418945	39.2931900024	32.8619308472
150.811226184	1008.04418945	39.2931900024	32.8619308472
150.811226184	1008.04418945	39.2931900024	32.8619308472
150.811226184	1008.0402832	39.2931900024	32.8619308472
150.811226184	1008.0402832	39.2931900024	32.8619308472
150.811226185	1008.0402832	39.2931900024	32.8619308472
150.811226185	1008.0402832	39.2931900024	32.8619308472
150.811226185	1008.0402832	39.2931900024	32.8619308472
150.811226185	1008.0402832	39.2931900024	32.8619308472
150.811226185	1008.0402832	39.2931900024	32.8619308472
150.811226185	1008.0402832	39.2931900024	32.8619308472
150.811226185	1008.0402832	39.2931900024	32.8619308472
150.811226186	1008.0402832	39.2931900024	32.8619308472
150.811226186	1008.0402832	39.2931900024	32.8619308472
150.811226186	1008.0402832	39.2931900024	32.8619308472
150.811226186	1008.0402832	39.2931900024	32.8619308472
150.811226186	1008.0402832	39.2931900024	32.8619308472
150.811226186	1008.0402832	39.2931900024	32.8619308472
150.811226186	1008.0402832	39.2931900024	32.8619308472
150.811226186	1008.0402832	39.2931900024	32.8619308472
150.811226187	1008.0402832	39.2931900024	32.8619308472
150.811226187	1008.0402832	39.2931900024	32.8619308472
150.811226187	1008.0402832	39.2931900024	32.8619308472
150.811226187	1008.0402832	39.2931900024	32.8619308472
150.811226187	1008.0402832	39.2931900024	32.8619308472
150.811226187	1008.0402832	39.2931900024	32.8619308472
150.811226187	1008.0402832	39.2931900024	32.8619308472
150.811226188	1008.0402832	39.2931900024	32.8619308472
150.811226188	1008.0402832	39.2931900024	32.8619308472
150.811226188	1008.0402832	39.2931900024	32.8619308472
150.811226188	1008.0402832	39.2931900024	32.8619308472
150.811226188	1008.0402832	39.2931900024	32.8619308472
150.811226188	1008.03833008	39.2931900024	32.8619308472
150.811226188	1008.03833008	39.2931900024	32.8619308472
150.811226189	1008.03833008	39.2931900024	32.8619308472
150.811226189	1008.03833008	39.2931900024	32.8619308472
150.811226189	1008.03833008	39.2931900024	32.8619308472
150.811226189	1008.03833008	39.2931900024	32.8619308472
150.811226189	1008.03833008	39.2931900024	32.8619308472
150.811226189	1008.03833008	39.2931900024	32.8619308472
150.811226189	1008.03833008	39.2931900024	32.8619308472
150.81122619	1008.03833008	39.2931900024	32.916721344
150.81122619	1008.03833008	39.2931900024	32.916721344
150.81122619	1008.03833008	37.9320716858	32.916721344
150.81122619	1008.03833008	37.9320716858	32.916721344
150.81122619	1008.03833008	37.9320716858	32.916721344
150.81122619	1008.03833008	37.9320716858	32.916721344
150.811226191	1008.03833008	37.9320716858	32.916721344
150.811226191	1008.03833008	37.9320716858	32.916721344
150.811226191	1008.03833008	37.9320716858	32.916721344
150.811226191	1008.03833008	37.9320716858	32.916721344
150.811226191	1008.03833008	37.9320716858	32.916721344
150.811226191	1008.03833008	37.9320716858	32.916721344
150.811226191	1008.03833008	37.9320716858	32.916721344
150.811226191	1008.03833008	37.9320716858	32.916721344
150.811226192	1008.03833008	37.9320716858	32.916721344
150.811226192	1008.03833008	37.9320716858	32.916721344
150.811226192	1008.03833008	37.9320716858	32.916721344
150.811226192	1008.03833008	37.9320716858	32.916721344
150.811226192	1008.03833008	37.9320716858	32.916721344
150.811226192	1008.04272461	37.9320716858	32.916721344
150.811226193	1008.04272461	37.9320716858	32.916721344
150.811226193	1008.04272461	37.9320716858	32.916721344
150.811226193	1008.04272461	37.9320716858	32.916721344
150.811226193	1008.04272461	37.9320716858	32.916721344
150.811226193	1008.04272461	37.9320716858	32.916721344
150.811226193	1008.04272461	37.9320716858	32.916721344
150.811226193	1008.04272461	37.9320716858	32.916721344
150.811226193	1008.04272461	37.9320716858	32.916721344
150.811226194	1008.04272461	37.9320716858	32.916721344
150.811226194	1008.04272461	37.9320716858	32.916721344
150.811226194	1008.04272461	37.9320716858	32.916721344
150.811226194	1008.04272461	37.9320716858	32.916721344
150.811226194	1008.04272461	37.9320716858	32.916721344
150.811226194	1008.04272461	37.9320716858	32.916721344
150.811226194	1008.04272461	37.9320716858	32.916721344
150.811226195	1008.04272461	37.9320716858	32.916721344
150.811226195	1008.04272461	37.9320716858	32.916721344
150.811226195	1008.04272461	37.9320716858	32.916721344
150.811226195	1008.04272461	37.9320716858	32.916721344
150.811226195	1008.04272461	37.9320716858	32.916721344
150.811226195	1008.04272461	37.9320716858	32.916721344
150.811226195	1008.04272461	37.9320716858	32.916721344
150.811226196	1008.04272461	37.9320716858	32.916721344
150.811226196	1008.04272461	37.9320716858	32.916721344
150.811226196	1008.04272461	37.9320716858	32.916721344
150.811226196	1008.04272461	37.9320716858	32.916721344
150.811226196	1008.04272461	37.9320716858	32.916721344
150.811226196	1008.04272461	37.9320716858	32.916721344
150.811226196	1008.04223633	37.9320716858	32.916721344
150.811226197	1008.04223633	37.9320716858	32.916721344
150.811226197	1008.04223633	37.9320716858	32.916721344
150.811226197	1008.04223633	37.9320716858	32.916721344
150.811226197	1008.04223633	37.9320716858	32.916721344
150.811226197	1008.04223633	37.9320716858	32.916721344
150.811226197	1008.04223633	37.9320716858	32.916721344
150.811226197	1008.04223633	37.9320716858	32.916721344
150.811226198	1008.04223633	37.9320716858	32.916721344
150.811226198	1008.04223633	37.9320716858	32.953250885
150.811226198	1008.04223633	37.9320716858	32.953250885
150.811226198	1008.04223633	38.3771209717	32.953250885
150.811226198	1008.04223633	38.3771209717	32.953250885
150.811226198	1008.04223633	38.3771209717	32.953250885
150.811226199	1008.04223633	38.3771209717	32.953250885
150.811226199	1008.04223633	38.3771209717	32.953250885
150.811226199	1008.04223633	38.3771209717	32.953250885
150.811226199	1008.04223633	38.3771209717	32.953250885
150.811226199	1008.04223633	38.3771209717	32.953250885
150.811226199	1008.04223633	38.3771209717	32.953250885
150.811226199	1008.04223633	38.3771209717	32.953250885
150.811226199	1008.04223633	38.3771209717	32.953250885
150.8112262	1008.04223633	38.3771209717	32.953250885
150.8112262	1008.04223633	38.3771209717	32.953250885
150.8112262	1008.04223633	38.3771209717	32.953250885
150.8112262	1008.04223633	38.3771209717	32.953250885
150.8112262	1008.04223633	38.3771209717	32.953250885
150.8112262	1008.04223633	38.3771209717	32.953250885
150.8112262	1008.04052734	38.3771209717	32.953250885
150.811226201	1008.04052734	38.3771209717	32.953250885
150.811226201	1008.04052734	38.3771209717	32.953250885
150.811226201	1008.04052734	38.3771209717	32.953250885
150.811226201	1008.04052734	38.3771209717	32.953250885
150.811226201	1008.04052734	38.3771209717	32.953250885
150.811226201	1008.04052734	38.3771209717	32.953250885
150.811226201	1008.04052734	38.3771209717	32.953250885
150.811226202	1008.04052734	38.3771209717	32.953250885
150.811226202	1008.04052734	38.3771209717	32.953250885
150.811226202	1008.04052734	38.3771209717	32.953250885
150.811226202	1008.04052734	38.3771209717	32.953250885
150.811226202	1008.04052734	38.3771209717	32.953250885
150.811226202	1008.04052734	38.3771209717	32.953250885
150.811226202	1008.04052734	38.3771209717	32.953250885
150.811226203	1008.04052734	38.3771209717	32.953250885
150.811226203	1008.04052734	38.3771209717	32.953250885
150.811226203	1008.04052734	38.3771209717	32.953250885
150.811226203	1008.04052734	38.3771209717	32.953250885
150.811226203	1008.04052734	38.3771209717	32.953250885
150.811226203	1008.04052734	38.3771209717	32.953250885
150.811226203	1008.04052734	38.3771209717	32.953250885
150.811226204	1008.04052734	38.3771209717	32.953250885
150.811226204	1008.04052734	38.3771209717	32.953250885
150.811226204	1008.04052734	38.3771209717	32.953250885
150.811226204	1008.04052734	38.3771209717	32.953250885
150.811226204	1008.04052734	38.3771209717	32.953250885
150.811226204	1008.04052734	38.3771209717	32.953250885
150.811226204	1008.04052734	38.3771209717	32.953250885
150.811226204	1008.04174805	38.3771209717	32.953250885
150.811226205	1008.04174805	38.3771209717	32.953250885
150.811226205	1008.04174805	38.3771209717	32.953250885
150.811226205	1008.04174805	38.3771209717	32.953250885
150.811226205	1008.04174805	38.3771209717	32.953250885
150.811226205	1008.04174805	38.3771209717	32.953250885
150.811226205	1008.04174805	38.3771209717	32.953250885
150.811226206	1008.04174805	38.3771209717	32.953250885
150.811226206	1008.04174805	38.3771209717	32.9715156555
150.811226206	1008.04174805	38.3771209717	32.9715156555
150.811226206	1008.04174805	38.7813796997	32.9715156555
150.811226206	1008.04174805	38.7813796997	32.9715156555
150.811226206	1008.04174805	38.7813796997	32.9715156555
150.811226206	1008.04174805	38.7813796997	32.9715156555
150.811226207	1008.04174805	38.7813796997	32.9715156555
150.811226207	1008.04174805	38.7813796997	32.9715156555
150.811226207	1008.04174805	38.7813796997	32.9715156555
150.811226207	1008.04174805	38.7813796997	32.9715156555
150.811226207	1008.04174805	38.7813796997	32.9715156555
