3.27528224872	1300
time	pressure	humidity	temperature
150.811225109	1007.85644531	40.4402389526	30.5832767487
150.81122511	1007.85644531	40.4402389526	30.5832767487
150.81122511	1007.85644531	40.4402389526	30.5832767487
150.811225111	1007.85400391	40.4402389526	30.5832767487
150.811225111	1007.85400391	40.4402389526	30.5832767487
150.811225111	1007.85400391	40.4402389526	30.5832767487
150.811225112	1007.85400391	40.4402389526	30.5832767487
150.811225112	1007.85400391	40.4402389526	30.5832767487
150.811225112	1007.85400391	40.4402389526	30.5832767487
150.811225112	1007.85400391	40.4402389526	30.5832767487
150.811225112	1007.85400391	40.4402389526	30.5832767487
150.811225113	1007.85400391	40.4402389526	30.5832767487
150.811225113	1007.85400391	40.4402389526	30.5832767487
150.811225113	1007.85400391	40.4402389526	30.5832767487
150.811225113	1007.85400391	40.4402389526	30.5832767487
150.811225114	1007.85400391	40.4402389526	30.5832767487
150.811225114	1007.85400391	40.4402389526	30.5832767487
150.811225114	1007.85400391	40.4402389526	30.5832767487
150.811225114	1007.85400391	40.4402389526	30.5832767487
150.811225114	1007.85400391	40.4402389526	30.5832767487
150.811225115	1007.85864258	40.4402389526	30.5832767487
150.811225115	1007.85864258	40.4402389526	30.5832767487
150.811225115	1007.85864258	40.4402389526	30.5832767487
150.811225115	1007.85864258	40.4402389526	30.5832767487
150.811225116	1007.85864258	40.4402389526	30.5832767487
150.811225116	1007.85864258	40.4402389526	30.5832767487
150.811225116	1007.85864258	40.4402389526	30.6389656067
150.811225116	1007.85864258	42.7708892822	30.6389656067
150.811225117	1007.85864258	42.7708892822	30.6389656067
150.811225117	1007.85864258	42.7708892822	30.6389656067
150.811225117	1007.85864258	42.7708892822	30.6389656067
150.811225117	1007.85864258	42.7708892822	30.6389656067
150.811225118	1007.85864258	42.7708892822	30.6389656067
150.811225118	1007.85864258	42.7708892822	30.6389656067
150.811225118	1007.85864258	42.7708892822	30.6389656067
150.811225118	1007.85864258	42.7708892822	30.6389656067
150.811225119	1007.86157227	42.7708892822	30.6389656067
150.811225119	1007.86157227	42.7708892822	30.6389656067
150.811225119	1007.86157227	42.7708892822	30.6389656067
150.811225119	1007.86157227	42.7708892822	30.6389656067
150.81122512	1007.86157227	42.7708892822	30.6389656067
150.81122512	1007.86157227	42.7708892822	30.6389656067
150.81122512	1007.86157227	42.7708892822	30.6389656067
150.81122512	1007.86157227	42.7708892822	30.6389656067
150.811225121	1007.86157227	42.7708892822	30.6389656067
150.811225121	1007.86157227	42.7708892822	30.6389656067
150.811225121	1007.86157227	42.7708892822	30.6389656067
150.811225121	1007.86157227	42.7708892822	30.6389656067
150.811225121	1007.86157227	42.7708892822	30.6389656067
150.811225122	1007.86157227	42.7708892822	30.6389656067
150.811225122	1007.86157227	42.7708892822	30.6389656067
150.811225122	1007.86157227	42.7708892822	30.6389656067
150.811225122	1007.86157227	42.7708892822	30.6389656067
150.811225123	1007.86450195	42.7708892822	30.6389656067
150.811225123	1007.86450195	42.7708892822	30.6389656067
150.811225123	1007.86450195	42.7708892822	30.6389656067
150.811225123	1007.86450195	42.7708892822	30.6389656067
150.811225124	1007.86450195	42.7708892822	30.6389656067
150.811225124	1007.86450195	42.7708892822	30.6389656067
150.811225124	1007.86450195	42.7708892822	30.6389656067
150.811225124	1007.86450195	42.7708892822	30.5461521149
150.811225125	1007.86450195	40.2449493408	30.5461521149
150.811225125	1007.86450195	40.2449493408	30.5461521149
150.811225125	1007.86450195	40.2449493408	30.5461521149
150.811225125	1007.86450195	40.2449493408	30.5461521149
150.811225126	1007.86450195	40.2449493408	30.5461521149
150.811225126	1007.86450195	40.2449493408	30.5461521149
150.811225126	1007.86450195	40.2449493408	30.5461521149
150.811225126	1007.86450195	40.2449493408	30.5461521149
150.811225126	1007.86230469	40.2449493408	30.5461521149
150.811225127	1007.86230469	40.2449493408	30.5461521149
150.811225127	1007.86230469	40.2449493408	30.5461521149
150.811225127	1007.86230469	40.2449493408	30.5461521149
150.811225128	1007.86230469	40.2449493408	30.5461521149
150.811225128	1007.86230469	40.2449493408	30.5461521149
150.811225128	1007.86230469	40.2449493408	30.5461521149
150.811225128	1007.86230469	40.2449493408	30.5461521149
150.811225128	1007.86230469	40.2449493408	30.5461521149
150.811225129	1007.86230469	40.2449493408	30.5461521149
150.811225129	1007.86230469	40.2449493408	30.5461521149
150.811225129	1007.86230469	40.2449493408	30.5461521149
150.811225129	1007.86230469	40.2449493408	30.5461521149
150.811225129	1007.86230469	40.2449493408	30.5461521149
150.81122513	1007.86230469	40.2449493408	30.5461521149
150.81122513	1007.86230469	40.2449493408	30.5461521149
150.81122513	1007.86230469	40.2449493408	30.5461521149
150.81122513	1007.86352539	40.2449493408	30.5461521149
150.811225131	1007.86352539	40.2449493408	30.5461521149
150.811225131	1007.86352539	40.2449493408	30.5461521149
150.811225131	1007.86352539	40.2449493408	30.5461521149
150.811225131	1007.86352539	40.2449493408	30.5461521149
150.811225132	1007.86352539	40.2449493408	30.5461521149
150.811225132	1007.86352539	40.2449493408	30.5461521149
150.811225132	1007.86352539	40.2449493408	30.5461521149
150.811225132	1007.86352539	40.2449493408	30.5275878906
150.811225133	1007.86352539	41.813659668	30.5275878906
150.811225133	1007.86352539	41.813659668	30.5275878906
150.811225133	1007.86352539	41.813659668	30.5275878906
150.811225133	1007.86352539	41.813659668	30.5275878906
150.811225134	1007.86352539	41.813659668	30.5275878906
150.811225134	1007.86352539	41.813659668	30.5275878906
150.811225134	1007.86352539	41.813659668	30.5275878906
150.811225134	1007.86694336	41.813659668	30.5275878906
150.811225135	1007.86694336	41.813659668	30.5275878906
150.811225135	1007.86694336	41.813659668	30.5275878906
150.811225135	1007.86694336	41.813659668	30.5275878906
150.811225135	1007.86694336	41.813659668	30.5275878906
150.811225136	1007.86694336	41.813659668	30.5275878906
150.811225136	1007.86694336	41.813659668	30.5275878906
150.811225136	1007.86694336	41.813659668	30.5275878906
150.811225136	1007.86694336	41.813659668	30.5275878906
150.811225136	1007.86694336	41.813659668	30.5275878906
150.811225137	1007.86694336	41.813659668	30.5275878906
150.811225137	1007.86694336	41.813659668	30.5275878906
150.811225137	1007.86694336	41.813659668	30.5275878906
150.811225137	1007.86694336	41.813659668	30.5275878906
150.811225138	1007.86694336	41.813659668	30.5275878906
150.811225138	1007.86694336	41.813659668	30.5275878906
150.811225138	1007.86694336	41.813659668	30.5275878906
150.811225138	1007.8671875	41.813659668	30.5275878906
150.811225139	1007.8671875	41.813659668	30.5275878906
150.811225139	1007.8671875	41.813659668	30.5275878906
150.811225139	1007.8671875	41.813659668	30.5275878906
150.811225139	1007.8671875	41.813659668	30.5275878906
150.81122514	1007.8671875	41.813659668	30.5275878906
150.81122514	1007.8671875	41.813659668	30.5275878906
150.81122514	1007.8671875	41.813659668	30.5275878906
150.81122514	1007.8671875	41.813659668	30.5275878906
150.81122514	1007.8671875	41.813659668	30.5461521149
150.811225141	1007.8671875	42.8253173828	30.5461521149
150.811225141	1007.8671875	42.8253173828	30.5461521149
150.811225141	1007.8671875	42.8253173828	30.5461521149
150.811225141	1007.8671875	42.8253173828	30.5461521149
150.811225142	1007.8671875	42.8253173828	30.5461521149
150.811225142	1007.8671875	42.8253173828	30.5461521149
150.811225142	1007.86328125	42.8253173828	30.5461521149
150.811225143	1007.86328125	42.8253173828	30.5461521149
150.811225143	1007.86328125	42.8253173828	30.5461521149
150.811225143	1007.86328125	42.8253173828	30.5461521149
150.811225143	1007.86328125	42.8253173828	30.5461521149
150.811225143	1007.86328125	42.8253173828	30.5461521149
150.811225144	1007.86328125	42.8253173828	30.5461521149
150.811225144	1007.86328125	42.8253173828	30.5461521149
150.811225144	1007.86328125	42.8253173828	30.5461521149
150.811225144	1007.86328125	42.8253173828	30.5461521149
150.811225145	1007.86328125	42.8253173828	30.5461521149
150.811225145	1007.86328125	42.8253173828	30.5461521149
150.811225145	1007.86328125	42.8253173828	30.5461521149
150.811225145	1007.86328125	42.8253173828	30.5461521149
150.811225145	1007.86328125	42.8253173828	30.5461521149
150.811225146	1007.86328125	42.8253173828	30.5461521149
150.811225146	1007.86328125	42.8253173828	30.5461521149
150.811225146	1007.8659668	42.8253173828	30.5461521149
150.811225146	1007.8659668	42.8253173828	30.5461521149
150.811225147	1007.8659668	42.8253173828	30.5461521149
150.811225147	1007.8659668	42.8253173828	30.5461521149
150.811225147	1007.8659668	42.8253173828	30.5461521149
150.811225147	1007.8659668	42.8253173828	30.5461521149
150.811225148	1007.8659668	42.8253173828	30.5461521149
150.811225148	1007.8659668	42.8253173828	30.5461521149
150.811225148	1007.8659668	42.8253173828	30.5461521149
150.811225148	1007.8659668	42.8253173828	30.5461521149
150.811225148	1007.8659668	42.8253173828	30.6204032898
150.811225149	1007.8659668	38.3625030518	30.6204032898
150.811225149	1007.8659668	38.3625030518	30.6204032898
150.811225149	1007.8659668	38.3625030518	30.6204032898
150.81122515	1007.8659668	38.3625030518	30.6204032898
150.81122515	1007.8659668	38.3625030518	30.6204032898
150.81122515	1007.8659668	38.3625030518	30.6204032898
150.81122515	1007.8659668	38.3625030518	30.6204032898
150.811225151	1007.8659668	38.3625030518	30.6204032898
150.811225151	1007.8659668	38.3625030518	30.6204032898
150.811225151	1007.8659668	38.3625030518	30.6204032898
150.811225151	1007.8659668	38.3625030518	30.6204032898
150.811225151	1007.8659668	38.3625030518	30.6204032898
150.811225152	1007.8659668	38.3625030518	30.6204032898
150.811225152	1007.8659668	38.3625030518	30.6204032898
150.811225152	1007.8659668	38.3625030518	30.6204032898
150.811225152	1007.8659668	38.3625030518	30.6204032898
150.811225153	1007.8659668	38.3625030518	30.6204032898
150.811225153	1007.8659668	38.3625030518	30.6204032898
150.811225153	1007.8659668	38.3625030518	30.6204032898
150.811225153	1007.8659668	38.3625030518	30.6204032898
150.811225153	1007.8659668	38.3625030518	30.6204032898
150.811225154	1007.8659668	38.3625030518	30.6204032898
150.811225154	1007.86914062	38.3625030518	30.6204032898
150.811225154	1007.86914062	38.3625030518	30.6204032898
150.811225155	1007.86914062	38.3625030518	30.6204032898
150.811225155	1007.86914062	38.3625030518	30.6204032898
150.811225155	1007.86914062	38.3625030518	30.6204032898
150.811225155	1007.86914062	38.3625030518	30.6204032898
150.811225155	1007.86914062	38.3625030518	30.6204032898
150.811225156	1007.86914062	38.3625030518	30.6204032898
150.811225156	1007.86914062	38.3625030518	30.6204032898
150.811225156	1007.86914062	38.3625030518	30.6204032898
150.811225156	1007.86914062	38.3625030518	30.6204032898
150.811225157	1007.86914062	38.3625030518	30.5647144318
150.811225157	1007.86914062	41.9353141785	30.5647144318
150.811225157	1007.86914062	41.9353141785	30.5647144318
150.811225157	1007.86914062	41.9353141785	30.5647144318
150.811225158	1007.86914062	41.9353141785	30.5647144318
150.811225158	1007.86401367	41.9353141785	30.5647144318
150.811225158	1007.86401367	41.9353141785	30.5647144318
150.811225158	1007.86401367	41.9353141785	30.5647144318
150.811225159	1007.86401367	41.9353141785	30.5647144318
150.811225159	1007.86401367	41.9353141785	30.5647144318
150.811225159	1007.86401367	41.9353141785	30.5647144318
150.811225159	1007.86401367	41.9353141785	30.5647144318
150.81122516	1007.86401367	41.9353141785	30.5647144318
150.81122516	1007.86401367	41.9353141785	30.5647144318
150.81122516	1007.86401367	41.9353141785	30.5647144318
150.81122516	1007.86401367	41.9353141785	30.5647144318
150.81122516	1007.86401367	41.9353141785	30.5647144318
150.811225161	1007.86401367	41.9353141785	30.5647144318
150.811225161	1007.86401367	41.9353141785	30.5647144318
150.811225161	1007.86401367	41.9353141785	30.5647144318
150.811225161	1007.86401367	41.9353141785	30.5647144318
150.811225162	1007.86401367	41.9353141785	30.5647144318
150.811225162	1007.8659668	41.9353141785	30.5647144318
150.811225162	1007.8659668	41.9353141785	30.5647144318
150.811225162	1007.8659668	41.9353141785	30.5647144318
150.811225163	1007.8659668	41.9353141785	30.5647144318
150.811225163	1007.8659668	41.9353141785	30.5647144318
150.811225163	1007.8659668	41.9353141785	30.5647144318
150.811225163	1007.8659668	41.9353141785	30.5647144318
150.811225164	1007.8659668	41.9353141785	30.5647144318
150.811225164	1007.8659668	41.9353141785	30.5647144318
150.811225164	1007.8659668	41.9353141785	30.5647144318
150.811225164	1007.8659668	41.9353141785	30.5647144318
150.811225164	1007.8659668	41.9353141785	30.5647144318
150.811225165	1007.8659668	41.9353141785	30.7132148743
150.811225165	1007.8659668	43.1998825073	30.7132148743
150.811225165	1007.8659668	43.1998825073	30.7132148743
150.811225165	1007.8659668	43.1998825073	30.7132148743
150.811225166	1007.86279297	43.1998825073	30.7132148743
150.811225166	1007.86279297	43.1998825073	30.7132148743
150.811225166	1007.86279297	43.1998825073	30.7132148743
150.811225167	1007.86279297	43.1998825073	30.7132148743
150.811225167	1007.86279297	43.1998825073	30.7132148743
150.811225167	1007.86279297	43.1998825073	30.7132148743
150.811225167	1007.86279297	43.1998825073	30.7132148743
150.811225167	1007.86279297	43.1998825073	30.7132148743
150.811225168	1007.86279297	43.1998825073	30.7132148743
150.811225168	1007.86279297	43.1998825073	30.7132148743
150.811225168	1007.86279297	43.1998825073	30.7132148743
150.811225168	1007.86279297	43.1998825073	30.7132148743
150.811225169	1007.86279297	43.1998825073	30.7132148743
150.811225169	1007.86279297	43.1998825073	30.7132148743
150.811225169	1007.86279297	43.1998825073	30.7132148743
150.811225169	1007.86279297	43.1998825073	30.7132148743
150.811225169	1007.86279297	43.1998825073	30.7132148743
150.81122517	1007.86572266	43.1998825073	30.7132148743
150.81122517	1007.86572266	43.1998825073	30.7132148743
150.81122517	1007.86572266	43.1998825073	30.7132148743
150.81122517	1007.86572266	43.1998825073	30.7132148743
150.811225171	1007.86572266	43.1998825073	30.7132148743
150.811225171	1007.86572266	43.1998825073	30.7132148743
150.811225171	1007.86572266	43.1998825073	30.7132148743
150.811225171	1007.86572266	43.1998825073	30.7132148743
150.811225172	1007.86572266	43.1998825073	30.7132148743
150.811225172	1007.86572266	43.1998825073	30.7132148743
150.811225172	1007.86572266	43.1998825073	30.7132148743
150.811225172	1007.86572266	43.1998825073	30.7132148743
150.811225172	1007.86572266	43.1998825073	30.7132148743
150.811225173	1007.86572266	43.1998825073	30.5647144318
150.811225173	1007.86572266	43.1998825073	30.5647144318
150.811225173	1007.86572266	41.8776893616	30.5647144318
150.811225174	1007.86376953	41.8776893616	30.5647144318
150.811225174	1007.86376953	41.8776893616	30.5647144318
150.811225174	1007.86376953	41.8776893616	30.5647144318
150.811225174	1007.86376953	41.8776893616	30.5647144318
150.811225175	1007.86376953	41.8776893616	30.5647144318
150.811225175	1007.86376953	41.8776893616	30.5647144318
150.811225175	1007.86376953	41.8776893616	30.5647144318
150.811225175	1007.86376953	41.8776893616	30.5647144318
150.811225176	1007.86376953	41.8776893616	30.5647144318
150.811225176	1007.86376953	41.8776893616	30.5647144318
150.811225176	1007.86376953	41.8776893616	30.5647144318
150.811225176	1007.86376953	41.8776893616	30.5647144318
150.811225176	1007.86376953	41.8776893616	30.5647144318
150.811225177	1007.86376953	41.8776893616	30.5647144318
150.811225177	1007.86376953	41.8776893616	30.5647144318
150.811225177	1007.86376953	41.8776893616	30.5647144318
150.811225177	1007.86376953	41.8776893616	30.5647144318
150.811225178	1007.86572266	41.8776893616	30.5647144318
150.811225178	1007.86572266	41.8776893616	30.5647144318
150.811225178	1007.86572266	41.8776893616	30.5647144318
150.811225178	1007.86572266	41.8776893616	30.5647144318
150.811225179	1007.86572266	41.8776893616	30.5647144318
150.811225179	1007.86572266	41.8776893616	30.5647144318
150.811225179	1007.86572266	41.8776893616	30.5647144318
150.811225179	1007.86572266	41.8776893616	30.5647144318
150.811225179	1007.86572266	41.8776893616	30.5647144318
150.81122518	1007.86572266	41.8776893616	30.5647144318
150.81122518	1007.86572266	41.8776893616	30.5647144318
150.81122518	1007.86572266	41.8776893616	30.5647144318
150.81122518	1007.86572266	41.8776893616	30.5647144318
150.811225181	1007.86572266	41.8776893616	30.5647144318
150.811225181	1007.86572266	41.8776893616	30.5832767487
150.811225181	1007.86572266	42.6076164246	30.5832767487
150.811225181	1007.86230469	42.6076164246	30.5832767487
150.811225182	1007.86230469	42.6076164246	30.5832767487
150.811225182	1007.86230469	42.6076164246	30.5832767487
150.811225182	1007.86230469	42.6076164246	30.5832767487
150.811225182	1007.86230469	42.6076164246	30.5832767487
150.811225183	1007.86230469	42.6076164246	30.5832767487
150.811225183	1007.86230469	42.6076164246	30.5832767487
150.811225183	1007.86230469	42.6076164246	30.5832767487
150.811225183	1007.86230469	42.6076164246	30.5832767487
150.811225184	1007.86230469	42.6076164246	30.5832767487
150.811225184	1007.86230469	42.6076164246	30.5832767487
150.811225184	1007.86230469	42.6076164246	30.5832767487
150.811225184	1007.86230469	42.6076164246	30.5832767487
150.811225184	1007.86230469	42.6076164246	30.5832767487
150.811225185	1007.86230469	42.6076164246	30.5832767487
150.811225185	1007.86230469	42.6076164246	30.5832767487
150.811225185	1007.86230469	42.6076164246	30.5832767487
150.811225185	1007.86645508	42.6076164246	30.5832767487
150.811225186	1007.86645508	42.6076164246	30.5832767487
150.811225186	1007.86645508	42.6076164246	30.5832767487
150.811225186	1007.86645508	42.6076164246	30.5832767487
150.811225186	1007.86645508	42.6076164246	30.5832767487
150.811225187	1007.86645508	42.6076164246	30.5832767487
150.811225187	1007.86645508	42.6076164246	30.5832767487
150.811225187	1007.86645508	42.6076164246	30.5832767487
150.811225187	1007.86645508	42.6076164246	30.5832767487
150.811225188	1007.86645508	42.6076164246	30.5832767487
150.811225188	1007.86645508	42.6076164246	30.5832767487
150.811225188	1007.86645508	42.6076164246	30.5832767487
150.811225188	1007.86645508	42.6076164246	30.5832767487
150.811225188	1007.86645508	42.6076164246	30.5832767487
150.811225189	1007.86645508	42.6076164246	30.5832767487
150.811225189	1007.86645508	42.6076164246	30.4904632568
150.811225189	1007.86645508	42.6076164246	30.4904632568
150.811225189	1007.86450195	38.8043022156	30.4904632568
150.81122519	1007.86450195	38.8043022156	30.4904632568
150.81122519	1007.86450195	38.8043022156	30.4904632568
150.81122519	1007.86450195	38.8043022156	30.4904632568
150.811225191	1007.86450195	38.8043022156	30.4904632568
150.811225191	1007.86450195	38.8043022156	30.4904632568
150.811225191	1007.86450195	38.8043022156	30.4904632568
150.811225191	1007.86450195	38.8043022156	30.4904632568
150.811225191	1007.86450195	38.8043022156	30.4904632568
150.811225192	1007.86450195	38.8043022156	30.4904632568
150.811225192	1007.86450195	38.8043022156	30.4904632568
150.811225192	1007.86450195	38.8043022156	30.4904632568
150.811225192	1007.86450195	38.8043022156	30.4904632568
150.811225193	1007.86450195	38.8043022156	30.4904632568
150.811225193	1007.86450195	38.8043022156	30.4904632568
150.811225193	1007.86450195	38.8043022156	30.4904632568
150.811225193	1007.85913086	38.8043022156	30.4904632568
150.811225194	1007.85913086	38.8043022156	30.4904632568
150.811225194	1007.85913086	38.8043022156	30.4904632568
150.811225194	1007.85913086	38.8043022156	30.4904632568
150.811225194	1007.85913086	38.8043022156	30.4904632568
150.811225195	1007.85913086	38.8043022156	30.4904632568
150.811225195	1007.85913086	38.8043022156	30.4904632568
150.811225195	1007.85913086	38.8043022156	30.4904632568
150.811225195	1007.85913086	38.8043022156	30.4904632568
150.811225195	1007.85913086	38.8043022156	30.4904632568
150.811225196	1007.85913086	38.8043022156	30.4904632568
150.811225196	1007.85913086	38.8043022156	30.4904632568
150.811225196	1007.85913086	38.8043022156	30.4904632568
150.811225196	1007.85913086	38.8043022156	30.4904632568
150.811225197	1007.85913086	38.8043022156	30.4904632568
150.811225197	1007.85913086	38.8043022156	30.4904632568
150.811225197	1007.85913086	38.8043022156	30.3976516724
150.811225197	1007.86132812	40.3602027893	30.3976516724
150.811225198	1007.86132812	40.3602027893	30.3976516724
150.811225198	1007.86132812	40.3602027893	30.3976516724
150.811225198	1007.86132812	40.3602027893	30.3976516724
150.811225198	1007.86132812	40.3602027893	30.3976516724
150.811225199	1007.86132812	40.3602027893	30.3976516724
150.811225199	1007.86132812	40.3602027893	30.3976516724
150.811225199	1007.86132812	40.3602027893	30.3976516724
150.811225199	1007.86132812	40.3602027893	30.3976516724
150.8112252	1007.86132812	40.3602027893	30.3976516724
150.8112252	1007.86132812	40.3602027893	30.3976516724
150.8112252	1007.86132812	40.3602027893	30.3976516724
150.8112252	1007.86132812	40.3602027893	30.3976516724
150.8112252	1007.86132812	40.3602027893	30.3976516724
150.811225201	1007.86132812	40.3602027893	30.3976516724
150.811225201	1007.86132812	40.3602027893	30.3976516724
150.811225201	1007.85766602	40.3602027893	30.3976516724
150.811225201	1007.85766602	40.3602027893	30.3976516724
150.811225202	1007.85766602	40.3602027893	30.3976516724
150.811225202	1007.85766602	40.3602027893	30.3976516724
150.811225202	1007.85766602	40.3602027893	30.3976516724
150.811225202	1007.85766602	40.3602027893	30.3976516724
150.811225203	1007.85766602	40.3602027893	30.3976516724
150.811225203	1007.85766602	40.3602027893	30.3976516724
150.811225203	1007.85766602	40.3602027893	30.3976516724
150.811225203	1007.85766602	40.3602027893	30.3976516724
150.811225203	1007.85766602	40.3602027893	30.3976516724
150.811225204	1007.85766602	40.3602027893	30.3976516724
150.811225204	1007.85766602	40.3602027893	30.3976516724
150.811225204	1007.85766602	40.3602027893	30.3976516724
150.811225204	1007.85766602	40.3602027893	30.3976516724
150.811225205	1007.85766602	40.3602027893	30.3976516724
150.811225205	1007.85766602	40.3602027893	30.3976516724
150.811225205	1007.85961914	40.3602027893	30.6204032898
150.811225206	1007.85961914	38.6602363586	30.6204032898
150.811225206	1007.85961914	38.6602363586	30.6204032898
150.811225206	1007.85961914	38.6602363586	30.6204032898
150.811225206	1007.85961914	38.6602363586	30.6204032898
150.811225207	1007.85961914	38.6602363586	30.6204032898
150.811225207	1007.85961914	38.6602363586	30.6204032898
150.811225207	1007.85961914	38.6602363586	30.6204032898
150.811225207	1007.85961914	38.6602363586	30.6204032898
150.811225207	1007.85961914	38.6602363586	30.6204032898
150.811225208	1007.85961914	38.6602363586	30.6204032898
150.811225208	1007.85961914	38.6602363586	30.6204032898
150.811225208	1007.85961914	38.6602363586	30.6204032898
150.811225208	1007.85961914	38.6602363586	30.6204032898
150.811225209	1007.85961914	38.6602363586	30.6204032898
150.811225209	1007.85961914	38.6602363586	30.6204032898
150.811225209	1007.85913086	38.6602363586	30.6204032898
150.811225209	1007.85913086	38.6602363586	30.6204032898
150.81122521	1007.85913086	38.6602363586	30.6204032898
150.81122521	1007.85913086	38.6602363586	30.6204032898
150.81122521	1007.85913086	38.6602363586	30.6204032898
150.81122521	1007.85913086	38.6602363586	30.6204032898
150.81122521	1007.85913086	38.6602363586	30.6204032898
150.811225211	1007.85913086	38.6602363586	30.6204032898
150.811225211	1007.85913086	38.6602363586	30.6204032898
150.811225211	1007.85913086	38.6602363586	30.6204032898
150.811225211	1007.85913086	38.6602363586	30.6204032898
150.811225212	1007.85913086	38.6602363586	30.6204032898
150.811225212	1007.85913086	38.6602363586	30.6204032898
150.811225212	1007.85913086	38.6602363586	30.6204032898
150.811225212	1007.85913086	38.6602363586	30.6204032898
150.811225212	1007.85913086	38.6602363586	30.6204032898
150.811225213	1007.85913086	38.6602363586	30.6204032898
150.811225213	1007.86352539	38.6602363586	30.6204032898
150.811225213	1007.86352539	38.6602363586	30.6946525574
150.811225214	1007.86352539	39.0572128296	30.6946525574
150.811225214	1007.86352539	39.0572128296	30.6946525574
150.811225214	1007.86352539	39.0572128296	30.6946525574
150.811225214	1007.86352539	39.0572128296	30.6946525574
150.811225215	1007.86352539	39.0572128296	30.6946525574
150.811225215	1007.86352539	39.0572128296	30.6946525574
150.811225215	1007.86352539	39.0572128296	30.6946525574
150.811225215	1007.86352539	39.0572128296	30.6946525574
150.811225215	1007.86352539	39.0572128296	30.6946525574
150.811225216	1007.86352539	39.0572128296	30.6946525574
150.811225216	1007.86352539	39.0572128296	30.6946525574
150.811225216	1007.86352539	39.0572128296	30.6946525574
150.811225216	1007.86352539	39.0572128296	30.6946525574
150.811225217	1007.86352539	39.0572128296	30.6946525574
150.811225217	1007.86230469	39.0572128296	30.6946525574
150.811225217	1007.86230469	39.0572128296	30.6946525574
150.811225217	1007.86230469	39.0572128296	30.6946525574
150.811225218	1007.86230469	39.0572128296	30.6946525574
150.811225218	1007.86230469	39.0572128296	30.6946525574
150.811225218	1007.86230469	39.0572128296	30.6946525574
150.811225218	1007.86230469	39.0572128296	30.6946525574
150.811225219	1007.86230469	39.0572128296	30.6946525574
150.811225219	1007.86230469	39.0572128296	30.6946525574
150.811225219	1007.86230469	39.0572128296	30.6946525574
150.811225219	1007.86230469	39.0572128296	30.6946525574
150.811225219	1007.86230469	39.0572128296	30.6946525574
150.81122522	1007.86230469	39.0572128296	30.6946525574
150.81122522	1007.86230469	39.0572128296	30.6946525574
150.81122522	1007.86230469	39.0572128296	30.6946525574
150.81122522	1007.86230469	39.0572128296	30.6946525574
150.811225221	1007.86230469	39.0572128296	30.6946525574
150.811225221	1007.85571289	39.0572128296	30.6946525574
150.811225221	1007.85571289	39.0572128296	30.6946525574
150.811225221	1007.85571289	39.0572128296	30.5275878906
150.811225222	1007.85571289	39.2012786865	30.5275878906
150.811225222	1007.85571289	39.2012786865	30.5275878906
150.811225222	1007.85571289	39.2012786865	30.5275878906
150.811225222	1007.85571289	39.2012786865	30.5275878906
150.811225223	1007.85571289	39.2012786865	30.5275878906
150.811225223	1007.85571289	39.2012786865	30.5275878906
150.811225223	1007.85571289	39.2012786865	30.5275878906
150.811225223	1007.85571289	39.2012786865	30.5275878906
150.811225224	1007.85571289	39.2012786865	30.5275878906
150.811225224	1007.85571289	39.2012786865	30.5275878906
150.811225224	1007.85571289	39.2012786865	30.5275878906
150.811225224	1007.85571289	39.2012786865	30.5275878906
150.811225224	1007.85571289	39.2012786865	30.5275878906
150.811225225	1007.85327148	39.2012786865	30.5275878906
150.811225225	1007.85327148	39.2012786865	30.5275878906
150.811225225	1007.85327148	39.2012786865	30.5275878906
150.811225226	1007.85327148	39.2012786865	30.5275878906
150.811225226	1007.85327148	39.2012786865	30.5275878906
150.811225226	1007.85327148	39.2012786865	30.5275878906
150.811225226	1007.85327148	39.2012786865	30.5275878906
150.811225226	1007.85327148	39.2012786865	30.5275878906
150.811225227	1007.85327148	39.2012786865	30.5275878906
150.811225227	1007.85327148	39.2012786865	30.5275878906
150.811225227	1007.85327148	39.2012786865	30.5275878906
150.811225227	1007.85327148	39.2012786865	30.5275878906
150.811225228	1007.85327148	39.2012786865	30.5275878906
150.811225228	1007.85327148	39.2012786865	30.5275878906
150.811225228	1007.85327148	39.2012786865	30.5275878906
150.811225228	1007.85327148	39.2012786865	30.5275878906
150.811225228	1007.85327148	39.2012786865	30.5275878906
150.811225229	1007.84936523	39.2012786865	30.5275878906
150.811225229	1007.84936523	39.2012786865	30.5275878906
150.811225229	1007.84936523	39.2012786865	30.5275878906
150.811225229	1007.84936523	39.2012786865	30.7874679565
150.81122523	1007.84936523	41.090133667	30.7874679565
150.81122523	1007.84936523	41.090133667	30.7874679565
150.81122523	1007.84936523	41.090133667	30.7874679565
150.811225231	1007.84936523	41.090133667	30.7874679565
150.811225231	1007.84936523	41.090133667	30.7874679565
150.811225231	1007.84936523	41.090133667	30.7874679565
150.811225231	1007.84936523	41.090133667	30.7874679565
150.811225231	1007.84936523	41.090133667	30.7874679565
150.811225232	1007.84936523	41.090133667	30.7874679565
150.811225232	1007.84936523	41.090133667	30.7874679565
150.811225232	1007.84936523	41.090133667	30.7874679565
150.811225232	1007.84936523	41.090133667	30.7874679565
150.811225233	1007.84375	41.090133667	30.7874679565
150.811225233	1007.84375	41.090133667	30.7874679565
150.811225233	1007.84375	41.090133667	30.7874679565
150.811225233	1007.84375	41.090133667	30.7874679565
150.811225234	1007.84375	41.090133667	30.7874679565
150.811225234	1007.84375	41.090133667	30.7874679565
150.811225234	1007.84375	41.090133667	30.7874679565
150.811225234	1007.84375	41.090133667	30.7874679565
150.811225234	1007.84375	41.090133667	30.7874679565
150.811225235	1007.84375	41.090133667	30.7874679565
150.811225235	1007.84375	41.090133667	30.7874679565
150.811225235	1007.84375	41.090133667	30.7874679565
150.811225235	1007.84375	41.090133667	30.7874679565
150.811225236	1007.84375	41.090133667	30.7874679565
150.811225236	1007.84375	41.090133667	30.7874679565
150.811225236	1007.84375	41.090133667	30.7874679565
150.811225236	1007.84375	41.090133667	30.7874679565
150.811225236	1007.84375	41.090133667	30.7874679565
150.811225237	1007.84375	41.090133667	30.7874679565
150.811225237	1007.84375	41.090133667	30.7874679565
150.811225237	1007.84375	41.090133667	30.7874679565
150.811225238	1007.84375	41.090133667	30.5832767487
150.811225238	1007.84375	42.1273994446	30.5832767487
150.811225238	1007.84375	42.1273994446	30.5832767487
150.811225238	1007.84375	42.1273994446	30.5832767487
150.811225239	1007.84375	42.1273994446	30.5832767487
150.811225239	1007.84375	42.1273994446	30.5832767487
150.811225239	1007.84375	42.1273994446	30.5832767487
150.811225239	1007.84375	42.1273994446	30.5832767487
150.81122524	1007.84375	42.1273994446	30.5832767487
150.81122524	1007.84375	42.1273994446	30.5832767487
150.81122524	1007.84375	42.1273994446	30.5832767487
150.81122524	1007.84375	42.1273994446	30.5832767487
150.81122524	1007.83935547	42.1273994446	30.5832767487
150.811225241	1007.83935547	42.1273994446	30.5832767487
150.811225241	1007.83935547	42.1273994446	30.5832767487
150.811225241	1007.83935547	42.1273994446	30.5832767487
150.811225241	1007.83935547	42.1273994446	30.5832767487
150.811225242	1007.83935547	42.1273994446	30.5832767487
150.811225242	1007.83935547	42.1273994446	30.5832767487
150.811225242	1007.83935547	42.1273994446	30.5832767487
150.811225242	1007.83935547	42.1273994446	30.5832767487
150.811225243	1007.83935547	42.1273994446	30.5832767487
150.811225243	1007.83935547	42.1273994446	30.5832767487
150.811225243	1007.83935547	42.1273994446	30.5832767487
150.811225243	1007.83935547	42.1273994446	30.5832767487
150.811225243	1007.83935547	42.1273994446	30.5832767487
150.811225244	1007.83935547	42.1273994446	30.5832767487
150.811225244	1007.83935547	42.1273994446	30.5832767487
150.811225244	1007.83935547	42.1273994446	30.5832767487
150.811225244	1007.84008789	42.1273994446	30.5832767487
150.811225245	1007.84008789	42.1273994446	30.5832767487
150.811225245	1007.84008789	42.1273994446	30.5832767487
150.811225245	1007.84008789	42.1273994446	30.5832767487
150.811225245	1007.84008789	42.1273994446	30.5832767487
150.811225246	1007.84008789	42.1273994446	30.7317771912
150.811225246	1007.84008789	42.7452774048	30.7317771912
150.811225246	1007.84008789	42.7452774048	30.7317771912
150.811225246	1007.84008789	42.7452774048	30.7317771912
150.811225247	1007.84008789	42.7452774048	30.7317771912
150.811225247	1007.84008789	42.7452774048	30.7317771912
150.811225247	1007.84008789	42.7452774048	30.7317771912
150.811225247	1007.84008789	42.7452774048	30.7317771912
150.811225248	1007.84008789	42.7452774048	30.7317771912
150.811225248	1007.84008789	42.7452774048	30.7317771912
150.811225248	1007.84008789	42.7452774048	30.7317771912
150.811225248	1007.8347168	42.7452774048	30.7317771912
150.811225249	1007.8347168	42.7452774048	30.7317771912
150.811225249	1007.8347168	42.7452774048	30.7317771912
150.811225249	1007.8347168	42.7452774048	30.7317771912
150.811225249	1007.8347168	42.7452774048	30.7317771912
150.81122525	1007.8347168	42.7452774048	30.7317771912
150.81122525	1007.8347168	42.7452774048	30.7317771912
150.81122525	1007.8347168	42.7452774048	30.7317771912
150.81122525	1007.8347168	42.7452774048	30.7317771912
150.81122525	1007.8347168	42.7452774048	30.7317771912
150.811225251	1007.8347168	42.7452774048	30.7317771912
150.811225251	1007.8347168	42.7452774048	30.7317771912
150.811225251	1007.8347168	42.7452774048	30.7317771912
150.811225251	1007.8347168	42.7452774048	30.7317771912
150.811225252	1007.8347168	42.7452774048	30.7317771912
150.811225252	1007.8347168	42.7452774048	30.7317771912
150.811225252	1007.8347168	42.7452774048	30.7317771912
150.811225252	1007.83618164	42.7452774048	30.7317771912
150.811225253	1007.83618164	42.7452774048	30.7317771912
150.811225253	1007.83618164	42.7452774048	30.7317771912
150.811225253	1007.83618164	42.7452774048	30.7317771912
150.811225253	1007.83618164	42.7452774048	30.7317771912
150.811225254	1007.83618164	42.7452774048	30.7317771912
150.811225254	1007.83618164	42.7452774048	30.4162139893
150.811225254	1007.83618164	37.6389770508	30.4162139893
150.811225254	1007.83618164	37.6389770508	30.4162139893
150.811225255	1007.83618164	37.6389770508	30.4162139893
150.811225255	1007.83618164	37.6389770508	30.4162139893
150.811225255	1007.83618164	37.6389770508	30.4162139893
150.811225255	1007.83618164	37.6389770508	30.4162139893
150.811225255	1007.83618164	37.6389770508	30.4162139893
150.811225256	1007.83618164	37.6389770508	30.4162139893
150.811225256	1007.83618164	37.6389770508	30.4162139893
150.811225256	1007.83764648	37.6389770508	30.4162139893
150.811225257	1007.83764648	37.6389770508	30.4162139893
150.811225257	1007.83764648	37.6389770508	30.4162139893
150.811225257	1007.83764648	37.6389770508	30.4162139893
150.811225257	1007.83764648	37.6389770508	30.4162139893
150.811225257	1007.83764648	37.6389770508	30.4162139893
150.811225258	1007.83764648	37.6389770508	30.4162139893
150.811225258	1007.83764648	37.6389770508	30.4162139893
150.811225258	1007.83764648	37.6389770508	30.4162139893
150.811225258	1007.83764648	37.6389770508	30.4162139893
150.811225259	1007.83764648	37.6389770508	30.4162139893
150.811225259	1007.83764648	37.6389770508	30.4162139893
150.811225259	1007.83764648	37.6389770508	30.4162139893
150.811225259	1007.83764648	37.6389770508	30.4162139893
150.811225259	1007.83764648	37.6389770508	30.4162139893
150.81122526	1007.83764648	37.6389770508	30.4162139893
150.81122526	1007.83764648	37.6389770508	30.4162139893
150.81122526	1007.8371582	37.6389770508	30.4162139893
150.81122526	1007.8371582	37.6389770508	30.4162139893
150.811225261	1007.8371582	37.6389770508	30.4162139893
150.811225261	1007.8371582	37.6389770508	30.4162139893
150.811225261	1007.8371582	37.6389770508	30.4162139893
150.811225261	1007.8371582	37.6389770508	30.4162139893
150.811225262	1007.8371582	37.6389770508	30.4162139893
150.811225262	1007.8371582	37.6389770508	30.5275878906
150.811225262	1007.8371582	38.4745521545	30.5275878906
150.811225262	1007.8371582	38.4745521545	30.5275878906
150.811225263	1007.8371582	38.4745521545	30.5275878906
150.811225263	1007.8371582	38.4745521545	30.5275878906
150.811225263	1007.8371582	38.4745521545	30.5275878906
150.811225263	1007.8371582	38.4745521545	30.5275878906
150.811225264	1007.8371582	38.4745521545	30.5275878906
150.811225264	1007.8371582	38.4745521545	30.5275878906
150.811225264	1007.83862305	38.4745521545	30.5275878906
150.811225264	1007.83862305	38.4745521545	30.5275878906
150.811225265	1007.83862305	38.4745521545	30.5275878906
150.811226015	1009.24658203	39.3252563477	30.2028999329
150.811226019	1009.24389648	39.3252563477	30.2028999329
150.811226019	1009.24389648	39.3252563477	30.2028999329
150.811226019	1009.24389648	39.3252563477	30.2028999329
150.81122602	1009.24389648	39.3252563477	30.2028999329
150.81122602	1009.24389648	39.3252563477	30.2028999329
150.81122602	1009.24389648	39.3252563477	30.2028999329
150.81122602	1009.24389648	39.3252563477	30.2028999329
150.81122602	1009.24389648	39.3252563477	30.2028999329
150.81122602	1009.24389648	39.3252563477	30.2028999329
150.81122602	1009.24389648	39.3252563477	30.2028999329
150.811226021	1009.24389648	39.3252563477	30.2028999329
150.811226021	1009.24389648	39.3252563477	30.2028999329
150.811226021	1009.24389648	39.3252563477	30.2028999329
150.811226021	1009.24389648	39.3252563477	30.2028999329
150.811226021	1009.24414062	39.3252563477	30.2028999329
150.811226021	1009.24414062	39.3252563477	30.2028999329
150.811226022	1009.24414062	39.3252563477	30.2028999329
150.811226022	1009.24414062	39.3252563477	30.2028999329
150.811226022	1009.24414062	39.3252563477	30.2028999329
150.811226022	1009.24414062	39.3252563477	30.2028999329
150.811226022	1009.24414062	39.3252563477	30.2028999329
150.811226022	1009.24414062	39.3252563477	30.2028999329
150.811226022	1009.24414062	39.3252563477	30.2028999329
150.811226022	1009.24414062	39.3252563477	30.2028999329
150.811226023	1009.24414062	39.3252563477	30.2028999329
150.811226023	1009.24414062	39.3252563477	30.2028999329
150.811226023	1009.24414062	39.3252563477	30.2028999329
150.811226023	1009.24414062	39.3252563477	30.2028999329
150.811226023	1009.24414062	39.3252563477	30.2028999329
150.811226023	1009.24414062	39.3252563477	30.2028999329
150.811226023	1009.24414062	39.3252563477	30.2028999329
150.811226024	1009.24414062	39.3252563477	30.2028999329
150.811226024	1009.24414062	39.3252563477	30.2028999329
150.811226024	1009.24414062	39.3252563477	30.2028999329
150.811226024	1009.24414062	39.3252563477	30.2028999329
150.811226024	1009.24414062	39.3252563477	30.2028999329
150.811226024	1009.24414062	39.3252563477	30.2391319275
150.811226024	1009.24414062	39.3252563477	30.2391319275
150.811226025	1009.24414062	41.4232330322	30.2391319275
150.811226025	1009.24414062	41.4232330322	30.2391319275
150.811226025	1009.24414062	41.4232330322	30.2391319275
150.811226025	1009.24414062	41.4232330322	30.2391319275
150.811226025	1009.2421875	41.4232330322	30.2391319275
150.811226025	1009.2421875	41.4232330322	30.2391319275
150.811226026	1009.2421875	41.4232330322	30.2391319275
150.811226026	1009.2421875	41.4232330322	30.2391319275
150.811226026	1009.2421875	41.4232330322	30.2391319275
150.811226026	1009.2421875	41.4232330322	30.2391319275
150.811226026	1009.2421875	41.4232330322	30.2391319275
150.811226026	1009.2421875	41.4232330322	30.2391319275
150.811226026	1009.2421875	41.4232330322	30.2391319275
150.811226027	1009.2421875	41.4232330322	30.2391319275
150.811226027	1009.2421875	41.4232330322	30.2391319275
150.811226027	1009.2421875	41.4232330322	30.2391319275
150.811226027	1009.2421875	41.4232330322	30.2391319275
150.811226027	1009.2421875	41.4232330322	30.2391319275
150.811226027	1009.2421875	41.4232330322	30.2391319275
150.811226027	1009.2421875	41.4232330322	30.2391319275
150.811226027	1009.2421875	41.4232330322	30.2391319275
150.811226028	1009.2421875	41.4232330322	30.2391319275
150.811226028	1009.2421875	41.4232330322	30.2391319275
150.811226028	1009.2421875	41.4232330322	30.2391319275
150.811226028	1009.2421875	41.4232330322	30.2391319275
150.811226028	1009.2421875	41.4232330322	30.2391319275
150.811226028	1009.2421875	41.4232330322	30.2391319275
150.811226028	1009.2421875	41.4232330322	30.2391319275
150.811226029	1009.2421875	41.4232330322	30.2391319275
150.811226029	1009.2421875	41.4232330322	30.2391319275
150.811226029	1009.2421875	41.4232330322	30.2391319275
150.811226029	1009.2421875	41.4232330322	30.2391319275
150.811226029	1009.2421875	41.4232330322	30.2391319275
150.811226029	1009.24462891	41.4232330322	30.2391319275
150.811226029	1009.24462891	41.4232330322	30.2391319275
150.81122603	1009.24462891	41.4232330322	30.2391319275
150.81122603	1009.24462891	41.4232330322	30.2391319275
150.81122603	1009.24462891	41.4232330322	30.2391319275
150.81122603	1009.24462891	41.4232330322	30.2391319275
150.81122603	1009.24462891	41.4232330322	30.2391319275
150.81122603	1009.24462891	41.4232330322	30.2391319275
150.81122603	1009.24462891	41.4232330322	30.2391319275
150.811226031	1009.24462891	41.4232330322	30.2391319275
150.811226031	1009.24462891	41.4232330322	30.2391319275
150.811226031	1009.24462891	41.4232330322	30.2391319275
150.811226031	1009.24462891	41.4232330322	30.2391319275
150.811226031	1009.24462891	41.4232330322	30.2391319275
150.811226031	1009.24462891	41.4232330322	30.2391319275
150.811226031	1009.24462891	41.4232330322	30.2391319275
150.811226032	1009.24462891	41.4232330322	30.2391319275
150.811226032	1009.24462891	41.4232330322	30.2391319275
150.811226032	1009.24462891	41.4232330322	30.2391319275
150.811226032	1009.24462891	41.4232330322	30.2391319275
150.811226032	1009.24462891	41.4232330322	30.2391319275
150.811226032	1009.24462891	41.4232330322	30.347826004
150.811226032	1009.24462891	41.4232330322	30.347826004
150.811226033	1009.24462891	39.2630691528	30.347826004
150.811226033	1009.24462891	39.2630691528	30.347826004
150.811226033	1009.24462891	39.2630691528	30.347826004
150.811226033	1009.24462891	39.2630691528	30.347826004
150.811226033	1009.24462891	39.2630691528	30.347826004
150.811226033	1009.24487305	39.2630691528	30.347826004
150.811226034	1009.24487305	39.2630691528	30.347826004
150.811226034	1009.24487305	39.2630691528	30.347826004
150.811226034	1009.24487305	39.2630691528	30.347826004
150.811226034	1009.24487305	39.2630691528	30.347826004
150.811226034	1009.24487305	39.2630691528	30.347826004
150.811226034	1009.24487305	39.2630691528	30.347826004
150.811226034	1009.24487305	39.2630691528	30.347826004
150.811226034	1009.24487305	39.2630691528	30.347826004
150.811226035	1009.24487305	39.2630691528	30.347826004
150.811226035	1009.24487305	39.2630691528	30.347826004
150.811226035	1009.24487305	39.2630691528	30.347826004
150.811226035	1009.24487305	39.2630691528	30.347826004
150.811226035	1009.24487305	39.2630691528	30.347826004
150.811226035	1009.24487305	39.2630691528	30.347826004
150.811226035	1009.24487305	39.2630691528	30.347826004
150.811226036	1009.24487305	39.2630691528	30.347826004
150.811226036	1009.24487305	39.2630691528	30.347826004
150.811226036	1009.24487305	39.2630691528	30.347826004
150.811226036	1009.24487305	39.2630691528	30.347826004
150.811226036	1009.24487305	39.2630691528	30.347826004
150.811226036	1009.24487305	39.2630691528	30.347826004
150.811226036	1009.24487305	39.2630691528	30.347826004
150.811226037	1009.24487305	39.2630691528	30.347826004
150.811226037	1009.24487305	39.2630691528	30.347826004
150.811226037	1009.24487305	39.2630691528	30.347826004
150.811226037	1009.24487305	39.2630691528	30.347826004
150.811226037	1009.24487305	39.2630691528	30.347826004
150.811226037	1009.24487305	39.2630691528	30.347826004
150.811226037	1009.24389648	39.2630691528	30.347826004
150.811226038	1009.24389648	39.2630691528	30.347826004
150.811226038	1009.24389648	39.2630691528	30.347826004
150.811226038	1009.24389648	39.2630691528	30.347826004
150.811226038	1009.24389648	39.2630691528	30.347826004
150.811226038	1009.24389648	39.2630691528	30.347826004
150.811226038	1009.24389648	39.2630691528	30.347826004
150.811226038	1009.24389648	39.2630691528	30.347826004
150.811226039	1009.24389648	39.2630691528	30.347826004
150.811226039	1009.24389648	39.2630691528	30.347826004
150.811226039	1009.24389648	39.2630691528	30.347826004
150.811226039	1009.24389648	39.2630691528	30.347826004
150.811226039	1009.24389648	39.2630691528	30.347826004
150.811226039	1009.24389648	39.2630691528	30.347826004
150.811226039	1009.24389648	39.2630691528	30.347826004
150.81122604	1009.24389648	39.2630691528	30.347826004
150.81122604	1009.24389648	39.2630691528	30.347826004
150.81122604	1009.24389648	39.2630691528	30.347826004
150.81122604	1009.24389648	39.2630691528	30.347826004
150.81122604	1009.24389648	39.2630691528	30.2934780121
150.81122604	1009.24389648	39.2630691528	30.2934780121
150.81122604	1009.24389648	44.5652923584	30.2934780121
150.811226041	1009.24389648	44.5652923584	30.2934780121
150.811226041	1009.24389648	44.5652923584	30.2934780121
150.811226041	1009.24389648	44.5652923584	30.2934780121
150.811226041	1009.24389648	44.5652923584	30.2934780121
150.811226041	1009.24389648	44.5652923584	30.2934780121
150.811226041	1009.24389648	44.5652923584	30.2934780121
150.811226041	1009.24853516	44.5652923584	30.2934780121
150.811226042	1009.24853516	44.5652923584	30.2934780121
150.811226042	1009.24853516	44.5652923584	30.2934780121
150.811226042	1009.24853516	44.5652923584	30.2934780121
150.811226042	1009.24853516	44.5652923584	30.2934780121
150.811226042	1009.24853516	44.5652923584	30.2934780121
150.811226042	1009.24853516	44.5652923584	30.2934780121
150.811226042	1009.24853516	44.5652923584	30.2934780121
150.811226043	1009.24853516	44.5652923584	30.2934780121
150.811226043	1009.24853516	44.5652923584	30.2934780121
150.811226043	1009.24853516	44.5652923584	30.2934780121
150.811226043	1009.24853516	44.5652923584	30.2934780121
150.811226043	1009.24853516	44.5652923584	30.2934780121
150.811226043	1009.24853516	44.5652923584	30.2934780121
150.811226043	1009.24853516	44.5652923584	30.2934780121
150.811226044	1009.24853516	44.5652923584	30.2934780121
150.811226044	1009.24853516	44.5652923584	30.2934780121
150.811226044	1009.24853516	44.5652923584	30.2934780121
150.811226044	1009.24853516	44.5652923584	30.2934780121
150.811226044	1009.24853516	44.5652923584	30.2934780121
150.811226044	1009.24853516	44.5652923584	30.2934780121
150.811226044	1009.24853516	44.5652923584	30.2934780121
150.811226045	1009.24853516	44.5652923584	30.2934780121
150.811226045	1009.24853516	44.5652923584	30.2934780121
150.811226045	1009.24853516	44.5652923584	30.2934780121
150.811226045	1009.24853516	44.5652923584	30.2934780121
150.811226045	1009.24853516	44.5652923584	30.2934780121
150.811226045	1009.24853516	44.5652923584	30.2934780121
150.811226045	1009.24853516	44.5652923584	30.2934780121
150.811226045	1009.25268555	44.5652923584	30.2934780121
150.811226046	1009.25268555	44.5652923584	30.2934780121
150.811226046	1009.25268555	44.5652923584	30.2934780121
150.811226046	1009.25268555	44.5652923584	30.2934780121
150.811226046	1009.25268555	44.5652923584	30.2934780121
150.811226046	1009.25268555	44.5652923584	30.2934780121
150.811226046	1009.25268555	44.5652923584	30.2934780121
150.811226047	1009.25268555	44.5652923584	30.2934780121
150.811226047	1009.25268555	44.5652923584	30.2934780121
150.811226047	1009.25268555	44.5652923584	30.2934780121
150.811226047	1009.25268555	44.5652923584	30.2934780121
150.811226047	1009.25268555	44.5652923584	30.2934780121
150.811226047	1009.25268555	44.5652923584	30.2934780121
150.811226047	1009.25268555	44.5652923584	30.2934780121
150.811226048	1009.25268555	44.5652923584	30.2934780121
150.811226048	1009.25268555	44.5652923584	30.2934780121
150.811226048	1009.25268555	44.5652923584	30.2934780121
150.811226048	1009.25268555	44.5652923584	30.2934780121
150.811226048	1009.25268555	44.5652923584	30.2753620148
150.811226048	1009.25268555	44.5652923584	30.2753620148
150.811226048	1009.25268555	39.6460113525	30.2753620148
150.811226049	1009.25268555	39.6460113525	30.2753620148
150.811226049	1009.25268555	39.6460113525	30.2753620148
150.811226049	1009.25268555	39.6460113525	30.2753620148
150.811226049	1009.25268555	39.6460113525	30.2753620148
150.811226049	1009.25268555	39.6460113525	30.2753620148
150.811226049	1009.25268555	39.6460113525	30.2753620148
150.811226049	1009.25268555	39.6460113525	30.2753620148
150.81122605	1009.25024414	39.6460113525	30.2753620148
150.81122605	1009.25024414	39.6460113525	30.2753620148
150.81122605	1009.25024414	39.6460113525	30.2753620148
150.81122605	1009.25024414	39.6460113525	30.2753620148
150.81122605	1009.25024414	39.6460113525	30.2753620148
150.81122605	1009.25024414	39.6460113525	30.2753620148
150.81122605	1009.25024414	39.6460113525	30.2753620148
150.811226051	1009.25024414	39.6460113525	30.2753620148
150.811226051	1009.25024414	39.6460113525	30.2753620148
150.811226051	1009.25024414	39.6460113525	30.2753620148
150.811226051	1009.25024414	39.6460113525	30.2753620148
150.811226051	1009.25024414	39.6460113525	30.2753620148
150.811226051	1009.25024414	39.6460113525	30.2753620148
150.811226051	1009.25024414	39.6460113525	30.2753620148
150.811226052	1009.25024414	39.6460113525	30.2753620148
150.811226052	1009.25024414	39.6460113525	30.2753620148
150.811226052	1009.25024414	39.6460113525	30.2753620148
150.811226052	1009.25024414	39.6460113525	30.2753620148
150.811226052	1009.25024414	39.6460113525	30.2753620148
150.811226052	1009.25024414	39.6460113525	30.2753620148
150.811226052	1009.25024414	39.6460113525	30.2753620148
150.811226053	1009.25024414	39.6460113525	30.2753620148
150.811226053	1009.25024414	39.6460113525	30.2753620148
150.811226053	1009.25024414	39.6460113525	30.2753620148
150.811226053	1009.25024414	39.6460113525	30.2753620148
150.811226053	1009.25024414	39.6460113525	30.2753620148
150.811226053	1009.25024414	39.6460113525	30.2753620148
150.811226053	1009.25024414	39.6460113525	30.2753620148
150.811226053	1009.25024414	39.6460113525	30.2753620148
150.811226054	1009.25537109	39.6460113525	30.2753620148
150.811226054	1009.25537109	39.6460113525	30.2753620148
150.811226054	1009.25537109	39.6460113525	30.2753620148
150.811226054	1009.25537109	39.6460113525	30.2753620148
150.811226054	1009.25537109	39.6460113525	30.2753620148
150.811226054	1009.25537109	39.6460113525	30.2753620148
150.811226055	1009.25537109	39.6460113525	30.2753620148
150.811226055	1009.25537109	39.6460113525	30.2753620148
150.811226055	1009.25537109	39.6460113525	30.2753620148
150.811226055	1009.25537109	39.6460113525	30.2753620148
150.811226055	1009.25537109	39.6460113525	30.2753620148
150.811226055	1009.25537109	39.6460113525	30.2753620148
150.811226055	1009.25537109	39.6460113525	30.2753620148
150.811226055	1009.25537109	39.6460113525	30.2753620148
150.811226056	1009.25537109	39.6460113525	30.2753620148
150.811226056	1009.25537109	39.6460113525	30.2753620148
150.811226056	1009.25537109	39.6460113525	30.2391319275
150.811226056	1009.25537109	39.6460113525	30.2391319275
150.811226056	1009.25537109	38.8899536133	30.2391319275
150.811226056	1009.25537109	38.8899536133	30.2391319275
150.811226057	1009.25537109	38.8899536133	30.2391319275
150.811226057	1009.25537109	38.8899536133	30.2391319275
150.811226057	1009.25537109	38.8899536133	30.2391319275
150.811226057	1009.25537109	38.8899536133	30.2391319275
150.811226057	1009.25537109	38.8899536133	30.2391319275
150.811226057	1009.25537109	38.8899536133	30.2391319275
150.811226057	1009.25537109	38.8899536133	30.2391319275
150.811226058	1009.25537109	38.8899536133	30.2391319275
150.811226058	1009.25268555	38.8899536133	30.2391319275
150.811226058	1009.25268555	38.8899536133	30.2391319275
150.811226058	1009.25268555	38.8899536133	30.2391319275
150.811226058	1009.25268555	38.8899536133	30.2391319275
150.811226058	1009.25268555	38.8899536133	30.2391319275
150.811226058	1009.25268555	38.8899536133	30.2391319275
150.811226059	1009.25268555	38.8899536133	30.2391319275
150.811226059	1009.25268555	38.8899536133	30.2391319275
150.811226059	1009.25268555	38.8899536133	30.2391319275
150.811226059	1009.25268555	38.8899536133	30.2391319275
150.811226059	1009.25268555	38.8899536133	30.2391319275
150.811226059	1009.25268555	38.8899536133	30.2391319275
150.811226059	1009.25268555	38.8899536133	30.2391319275
150.81122606	1009.25268555	38.8899536133	30.2391319275
150.81122606	1009.25268555	38.8899536133	30.2391319275
150.81122606	1009.25268555	38.8899536133	30.2391319275
150.81122606	1009.25268555	38.8899536133	30.2391319275
150.81122606	1009.25268555	38.8899536133	30.2391319275
150.81122606	1009.25268555	38.8899536133	30.2391319275
150.81122606	1009.25268555	38.8899536133	30.2391319275
150.81122606	1009.25268555	38.8899536133	30.2391319275
150.811226061	1009.25268555	38.8899536133	30.2391319275
150.811226061	1009.25268555	38.8899536133	30.2391319275
150.811226061	1009.25268555	38.8899536133	30.2391319275
150.811226061	1009.25268555	38.8899536133	30.2391319275
150.811226061	1009.25268555	38.8899536133	30.2391319275
150.811226061	1009.25268555	38.8899536133	30.2391319275
150.811226061	1009.25268555	38.8899536133	30.2391319275
150.811226062	1009.25634766	38.8899536133	30.2391319275
150.811226062	1009.25634766	38.8899536133	30.2391319275
150.811226062	1009.25634766	38.8899536133	30.2391319275
150.811226062	1009.25634766	38.8899536133	30.2391319275
150.811226062	1009.25634766	38.8899536133	30.2391319275
150.811226062	1009.25634766	38.8899536133	30.2391319275
150.811226063	1009.25634766	38.8899536133	30.2391319275
150.811226063	1009.25634766	38.8899536133	30.2391319275
150.811226063	1009.25634766	38.8899536133	30.2391319275
150.811226063	1009.25634766	38.8899536133	30.2391319275
150.811226063	1009.25634766	38.8899536133	30.2391319275
150.811226063	1009.25634766	38.8899536133	30.2391319275
150.811226063	1009.25634766	38.8899536133	30.2391319275
150.811226063	1009.25634766	38.8899536133	30.2391319275
150.811226064	1009.25634766	38.8899536133	30.2391319275
150.811226064	1009.25634766	38.8899536133	30.2391319275
150.811226064	1009.25634766	38.8899536133	30.3840579987
150.811226064	1009.25634766	38.8899536133	30.3840579987
150.811226064	1009.25634766	40.4609794617	30.3840579987
150.811226064	1009.25634766	40.4609794617	30.3840579987
150.811226065	1009.25634766	40.4609794617	30.3840579987
150.811226065	1009.25634766	40.4609794617	30.3840579987
150.811226065	1009.25634766	40.4609794617	30.3840579987
150.811226065	1009.25634766	40.4609794617	30.3840579987
150.811226065	1009.25634766	40.4609794617	30.3840579987
150.811226065	1009.25634766	40.4609794617	30.3840579987
150.811226065	1009.25634766	40.4609794617	30.3840579987
150.811226065	1009.25634766	40.4609794617	30.3840579987
150.811226066	1009.26342773	40.4609794617	30.3840579987
150.811226066	1009.26342773	40.4609794617	30.3840579987
150.811226066	1009.26342773	40.4609794617	30.3840579987
150.811226066	1009.26342773	40.4609794617	30.3840579987
150.811226066	1009.26342773	40.4609794617	30.3840579987
150.811226066	1009.26342773	40.4609794617	30.3840579987
150.811226067	1009.26342773	40.4609794617	30.3840579987
150.811226067	1009.26342773	40.4609794617	30.3840579987
150.811226067	1009.26342773	40.4609794617	30.3840579987
150.811226067	1009.26342773	40.4609794617	30.3840579987
150.811226067	1009.26342773	40.4609794617	30.3840579987
150.811226067	1009.26342773	40.4609794617	30.3840579987
150.811226067	1009.26342773	40.4609794617	30.3840579987
150.811226068	1009.26342773	40.4609794617	30.3840579987
150.811226068	1009.26342773	40.4609794617	30.3840579987
150.811226068	1009.26342773	40.4609794617	30.3840579987
150.811226068	1009.26342773	40.4609794617	30.3840579987
150.811226068	1009.26342773	40.4609794617	30.3840579987
150.811226068	1009.26342773	40.4609794617	30.3840579987
150.811226068	1009.26342773	40.4609794617	30.3840579987
150.811226068	1009.26342773	40.4609794617	30.3840579987
150.811226069	1009.26342773	40.4609794617	30.3840579987
150.811226069	1009.26342773	40.4609794617	30.3840579987
150.811226069	1009.26342773	40.4609794617	30.3840579987
150.811226069	1009.26342773	40.4609794617	30.3840579987
150.811226069	1009.26342773	40.4609794617	30.3840579987
150.811226069	1009.26342773	40.4609794617	30.3840579987
150.811226069	1009.26342773	40.4609794617	30.3840579987
150.81122607	1009.26342773	40.4609794617	30.3840579987
150.81122607	1009.26513672	40.4609794617	30.3840579987
150.81122607	1009.26513672	40.4609794617	30.3840579987
150.81122607	1009.26513672	40.4609794617	30.3840579987
150.81122607	1009.26513672	40.4609794617	30.3840579987
150.81122607	1009.26513672	40.4609794617	30.3840579987
150.81122607	1009.26513672	40.4609794617	30.3840579987
150.811226071	1009.26513672	40.4609794617	30.3840579987
150.811226071	1009.26513672	40.4609794617	30.3840579987
150.811226071	1009.26513672	40.4609794617	30.3840579987
150.811226071	1009.26513672	40.4609794617	30.3840579987
150.811226071	1009.26513672	40.4609794617	30.3840579987
150.811226071	1009.26513672	40.4609794617	30.3840579987
150.811226071	1009.26513672	40.4609794617	30.3840579987
150.811226072	1009.26513672	40.4609794617	30.3840579987
150.811226072	1009.26513672	40.4609794617	30.2572460175
150.811226072	1009.26513672	40.4609794617	30.2572460175
150.811226072	1009.26513672	40.5231666565	30.2572460175
150.811226072	1009.26513672	40.5231666565	30.2572460175
150.811226072	1009.26513672	40.5231666565	30.2572460175
150.811226073	1009.26513672	40.5231666565	30.2572460175
150.811226073	1009.26513672	40.5231666565	30.2572460175
150.811226073	1009.26513672	40.5231666565	30.2572460175
150.811226073	1009.26513672	40.5231666565	30.2572460175
150.811226073	1009.26513672	40.5231666565	30.2572460175
150.811226073	1009.26513672	40.5231666565	30.2572460175
150.811226073	1009.26513672	40.5231666565	30.2572460175
150.811226073	1009.26513672	40.5231666565	30.2572460175
150.811226074	1009.26513672	40.5231666565	30.2572460175
150.811226074	1009.26611328	40.5231666565	30.2572460175
150.811226074	1009.26611328	40.5231666565	30.2572460175
150.811226074	1009.26611328	40.5231666565	30.2572460175
150.811226074	1009.26611328	40.5231666565	30.2572460175
150.811226074	1009.26611328	40.5231666565	30.2572460175
150.811226075	1009.26611328	40.5231666565	30.2572460175
150.811226075	1009.26611328	40.5231666565	30.2572460175
150.811226075	1009.26611328	40.5231666565	30.2572460175
150.811226075	1009.26611328	40.5231666565	30.2572460175
150.811226075	1009.26611328	40.5231666565	30.2572460175
150.811226075	1009.26611328	40.5231666565	30.2572460175
150.811226075	1009.26611328	40.5231666565	30.2572460175
150.811226075	1009.26611328	40.5231666565	30.2572460175
150.811226076	1009.26611328	40.5231666565	30.2572460175
150.811226076	1009.26611328	40.5231666565	30.2572460175
150.811226076	1009.26611328	40.5231666565	30.2572460175
150.811226076	1009.26611328	40.5231666565	30.2572460175
150.811226076	1009.26611328	40.5231666565	30.2572460175
150.811226076	1009.26611328	40.5231666565	30.2572460175
150.811226076	1009.26611328	40.5231666565	30.2572460175
150.811226077	1009.26611328	40.5231666565	30.2572460175
150.811226077	1009.26611328	40.5231666565	30.2572460175
150.811226077	1009.26611328	40.5231666565	30.2572460175
150.811226077	1009.26611328	40.5231666565	30.2572460175
150.811226077	1009.26611328	40.5231666565	30.2572460175
150.811226077	1009.26611328	40.5231666565	30.2572460175
150.811226077	1009.26611328	40.5231666565	30.2572460175
150.811226078	1009.26611328	40.5231666565	30.2572460175
150.811226078	1009.26611328	40.5231666565	30.2572460175
150.811226078	1009.26416016	40.5231666565	30.2572460175
150.811226078	1009.26416016	40.5231666565	30.2572460175
150.811226078	1009.26416016	40.5231666565	30.2572460175
150.811226078	1009.26416016	40.5231666565	30.2572460175
150.811226078	1009.26416016	40.5231666565	30.2572460175
150.811226079	1009.26416016	40.5231666565	30.2572460175
150.811226079	1009.26416016	40.5231666565	30.2572460175
150.811226079	1009.26416016	40.5231666565	30.2572460175
150.811226079	1009.26416016	40.5231666565	30.2572460175
150.811226079	1009.26416016	40.5231666565	30.2572460175
150.811226079	1009.26416016	40.5231666565	30.2572460175
150.811226079	1009.26416016	40.5231666565	30.2572460175
150.81122608	1009.26416016	40.5231666565	30.2572460175
150.81122608	1009.26416016	40.5231666565	30.3659420013
150.81122608	1009.26416016	40.5231666565	30.3659420013
150.81122608	1009.26416016	39.0863304138	30.3659420013
150.81122608	1009.26416016	39.0863304138	30.3659420013
150.81122608	1009.26416016	39.0863304138	30.3659420013
150.81122608	1009.26416016	39.0863304138	30.3659420013
150.811226081	1009.26416016	39.0863304138	30.3659420013
150.811226081	1009.26416016	39.0863304138	30.3659420013
150.811226081	1009.26416016	39.0863304138	30.3659420013
150.811226081	1009.26416016	39.0863304138	30.3659420013
150.811226081	1009.26416016	39.0863304138	30.3659420013
150.811226081	1009.26416016	39.0863304138	30.3659420013
150.811226081	1009.26416016	39.0863304138	30.3659420013
150.811226082	1009.26416016	39.0863304138	30.3659420013
150.811226082	1009.26416016	39.0863304138	30.3659420013
150.811226082	1009.26074219	39.0863304138	30.3659420013
150.811226082	1009.26074219	39.0863304138	30.3659420013
150.811226082	1009.26074219	39.0863304138	30.3659420013
150.811226082	1009.26074219	39.0863304138	30.3659420013
150.811226083	1009.26074219	39.0863304138	30.3659420013
150.811226083	1009.26074219	39.0863304138	30.3659420013
150.811226083	1009.26074219	39.0863304138	30.3659420013
150.811226083	1009.26074219	39.0863304138	30.3659420013
150.811226083	1009.26074219	39.0863304138	30.3659420013
150.811226083	1009.26074219	39.0863304138	30.3659420013
150.811226083	1009.26074219	39.0863304138	30.3659420013
150.811226083	1009.26074219	39.0863304138	30.3659420013
150.811226084	1009.26074219	39.0863304138	30.3659420013
150.811226084	1009.26074219	39.0863304138	30.3659420013
150.811226084	1009.26074219	39.0863304138	30.3659420013
150.811226084	1009.26074219	39.0863304138	30.3659420013
150.811226084	1009.26074219	39.0863304138	30.3659420013
150.811226084	1009.26074219	39.0863304138	30.3659420013
150.811226084	1009.26074219	39.0863304138	30.3659420013
150.811226085	1009.26074219	39.0863304138	30.3659420013
150.811226085	1009.26074219	39.0863304138	30.3659420013
150.811226085	1009.26074219	39.0863304138	30.3659420013
150.811226085	1009.26074219	39.0863304138	30.3659420013
150.811226085	1009.26074219	39.0863304138	30.3659420013
150.811226085	1009.26074219	39.0863304138	30.3659420013
150.811226085	1009.26074219	39.0863304138	30.3659420013
150.811226086	1009.26074219	39.0863304138	30.3659420013
150.811226086	1009.26074219	39.0863304138	30.3659420013
150.811226086	1009.26074219	39.0863304138	30.3659420013
150.811226086	1009.2590332	39.0863304138	30.3659420013
150.811226086	1009.2590332	39.0863304138	30.3659420013
150.811226086	1009.2590332	39.0863304138	30.3659420013
150.811226086	1009.2590332	39.0863304138	30.3659420013
150.811226087	1009.2590332	39.0863304138	30.3659420013
150.811226087	1009.2590332	39.0863304138	30.3659420013
150.811226087	1009.2590332	39.0863304138	30.3659420013
150.811226087	1009.2590332	39.0863304138	30.3659420013
150.811226087	1009.2590332	39.0863304138	30.3659420013
150.811226087	1009.2590332	39.0863304138	30.3659420013
150.811226087	1009.2590332	39.0863304138	30.3659420013
150.811226088	1009.2590332	39.0863304138	30.2210159302
150.811226088	1009.2590332	39.0863304138	30.2210159302
150.811226088	1009.2590332	40.5526237488	30.2210159302
150.811226088	1009.2590332	40.5526237488	30.2210159302
150.811226088	1009.2590332	40.5526237488	30.2210159302
150.811226088	1009.2590332	40.5526237488	30.2210159302
150.811226088	1009.2590332	40.5526237488	30.2210159302
150.811226089	1009.2590332	40.5526237488	30.2210159302
150.811226089	1009.2590332	40.5526237488	30.2210159302
150.811226089	1009.2590332	40.5526237488	30.2210159302
150.811226089	1009.2590332	40.5526237488	30.2210159302
150.811226089	1009.2590332	40.5526237488	30.2210159302
150.811226089	1009.2590332	40.5526237488	30.2210159302
150.81122609	1009.2590332	40.5526237488	30.2210159302
150.81122609	1009.2590332	40.5526237488	30.2210159302
150.81122609	1009.25756836	40.5526237488	30.2210159302
150.81122609	1009.25756836	40.5526237488	30.2210159302
150.811226091	1009.25756836	40.5526237488	30.2210159302
150.811226091	1009.25756836	40.5526237488	30.2210159302
150.811226091	1009.25756836	40.5526237488	30.2210159302
150.811226091	1009.25756836	40.5526237488	30.2210159302
150.811226092	1009.25756836	40.5526237488	30.2210159302
150.811226092	1009.25756836	40.5526237488	30.2210159302
150.811226092	1009.25756836	40.5526237488	30.2210159302
150.811226092	1009.25756836	40.5526237488	30.2210159302
150.811226092	1009.25756836	40.5526237488	30.2210159302
150.811226093	1009.25756836	40.5526237488	30.2210159302
150.811226093	1009.25756836	40.5526237488	30.2210159302
150.811226093	1009.25756836	40.5526237488	30.2210159302
150.811226093	1009.25756836	40.5526237488	30.2210159302
150.811226094	1009.25756836	40.5526237488	30.2210159302
150.811226094	1009.25756836	40.5526237488	30.2210159302
150.811226094	1009.26977539	40.5526237488	30.2210159302
150.811226094	1009.26977539	40.5526237488	30.2210159302
150.811226095	1009.26977539	40.5526237488	30.2210159302
150.811226095	1009.26977539	40.5526237488	30.2210159302
150.811226095	1009.26977539	40.5526237488	30.2210159302
150.811226095	1009.26977539	40.5526237488	30.2210159302
150.811226095	1009.26977539	40.5526237488	30.3297100067
150.811226096	1009.26977539	39.8489341736	30.3297100067
150.811226096	1009.26977539	39.8489341736	30.3297100067
150.811226096	1009.26977539	39.8489341736	30.3297100067
150.811226097	1009.26977539	39.8489341736	30.3297100067
150.811226097	1009.26977539	39.8489341736	30.3297100067
150.811226097	1009.26977539	39.8489341736	30.3297100067
150.811226097	1009.26977539	39.8489341736	30.3297100067
150.811226097	1009.26977539	39.8489341736	30.3297100067
150.811226098	1009.26977539	39.8489341736	30.3297100067
150.811226098	1009.26977539	39.8489341736	30.3297100067
150.811226098	1009.27416992	39.8489341736	30.3297100067
150.811226099	1009.27416992	39.8489341736	30.3297100067
150.811226099	1009.27416992	39.8489341736	30.3297100067
150.811226099	1009.27416992	39.8489341736	30.3297100067
150.811226099	1009.27416992	39.8489341736	30.3297100067
150.811226099	1009.27416992	39.8489341736	30.3297100067
150.8112261	1009.27416992	39.8489341736	30.3297100067
150.8112261	1009.27416992	39.8489341736	30.3297100067
150.8112261	1009.27416992	39.8489341736	30.3297100067
150.8112261	1009.27416992	39.8489341736	30.3297100067
150.811226101	1009.27416992	39.8489341736	30.3297100067
150.811226101	1009.27416992	39.8489341736	30.3297100067
150.811226101	1009.27416992	39.8489341736	30.3297100067
150.811226101	1009.27416992	39.8489341736	30.3297100067
150.811226101	1009.27416992	39.8489341736	30.3297100067
150.811226102	1009.27416992	39.8489341736	30.3297100067
150.811226102	1009.27416992	39.8489341736	30.3297100067
150.811226102	1009.27392578	39.8489341736	30.3297100067
150.811226103	1009.27392578	39.8489341736	30.3297100067
150.811226103	1009.27392578	39.8489341736	30.3297100067
150.811226103	1009.27392578	39.8489341736	30.3297100067
150.811226103	1009.27392578	39.8489341736	30.3297100067
150.811226103	1009.27392578	39.8489341736	30.3840579987
150.811226104	1009.27392578	36.4810409546	30.3840579987
150.811226104	1009.27392578	36.4810409546	30.3840579987
150.811226104	1009.27392578	36.4810409546	30.3840579987
150.811226104	1009.27392578	36.4810409546	30.3840579987
150.811226105	1009.27392578	36.4810409546	30.3840579987
150.811226105	1009.27392578	36.4810409546	30.3840579987
150.811226105	1009.27392578	36.4810409546	30.3840579987
150.811226105	1009.27392578	36.4810409546	30.3840579987
150.811226106	1009.27392578	36.4810409546	30.3840579987
150.811226106	1009.27392578	36.4810409546	30.3840579987
150.811226106	1009.27392578	36.4810409546	30.3840579987
150.811226106	1009.27392578	36.4810409546	30.3840579987
150.811226107	1009.27392578	36.4810409546	30.3840579987
150.811226107	1009.27392578	36.4810409546	30.3840579987
150.811226107	1009.27392578	36.4810409546	30.3840579987
150.811226107	1009.27392578	36.4810409546	30.3840579987
150.811226108	1009.27392578	36.4810409546	30.3840579987
150.811226108	1009.27392578	36.4810409546	30.3840579987
150.811226108	1009.27392578	36.4810409546	30.3840579987
150.811226108	1009.27392578	36.4810409546	30.3840579987
150.811226108	1009.27392578	36.4810409546	30.3840579987
150.811226109	1009.27392578	36.4810409546	30.3840579987
150.811226109	1009.27392578	36.4810409546	30.3840579987
150.811226109	1009.27392578	36.4810409546	30.3840579987
150.811226109	1009.27392578	36.4810409546	30.3840579987
150.81122611	1009.27392578	36.4810409546	30.3840579987
150.81122611	1009.27392578	36.4810409546	30.3840579987
150.81122611	1009.27392578	36.4810409546	30.3840579987
150.81122611	1009.2746582	36.4810409546	30.3840579987
150.811226111	1009.2746582	36.4810409546	30.3840579987
150.811226111	1009.2746582	36.4810409546	30.3840579987
150.811226111	1009.2746582	36.4810409546	30.3840579987
150.811226111	1009.2746582	36.4810409546	30.2391319275
150.811226112	1009.2746582	42.977897644	30.2391319275
150.811226112	1009.2746582	42.977897644	30.2391319275
150.811226112	1009.2746582	42.977897644	30.2391319275
150.811226112	1009.2746582	42.977897644	30.2391319275
150.811226113	1009.2746582	42.977897644	30.2391319275
150.811226113	1009.2746582	42.977897644	30.2391319275
150.811226113	1009.2746582	42.977897644	30.2391319275
150.811226113	1009.2746582	42.977897644	30.2391319275
150.811226113	1009.2746582	42.977897644	30.2391319275
150.811226114	1009.2746582	42.977897644	30.2391319275
150.811226114	1009.2746582	42.977897644	30.2391319275
150.811226114	1009.2746582	42.977897644	30.2391319275
150.811226114	1009.27416992	42.977897644	30.2391319275
150.811226115	1009.27416992	42.977897644	30.2391319275
150.811226115	1009.27416992	42.977897644	30.2391319275
150.811226115	1009.27416992	42.977897644	30.2391319275
150.811226115	1009.27416992	42.977897644	30.2391319275
150.811226116	1009.27416992	42.977897644	30.2391319275
150.811226116	1009.27416992	42.977897644	30.2391319275
150.811226116	1009.27416992	42.977897644	30.2391319275
150.811226116	1009.27416992	42.977897644	30.2391319275
150.811226117	1009.27416992	42.977897644	30.2391319275
150.811226117	1009.27416992	42.977897644	30.2391319275
150.811226117	1009.27416992	42.977897644	30.2391319275
150.811226117	1009.27416992	42.977897644	30.2391319275
150.811226117	1009.27416992	42.977897644	30.2391319275
150.811226118	1009.27416992	42.977897644	30.2391319275
150.811226118	1009.27416992	42.977897644	30.2391319275
150.811226118	1009.27416992	42.977897644	30.2391319275
150.811226118	1009.27319336	42.977897644	30.2391319275
150.811226119	1009.27319336	42.977897644	30.2391319275
150.811226119	1009.27319336	42.977897644	30.2391319275
150.811226119	1009.27319336	42.977897644	30.3297100067
150.81122612	1009.27319336	42.7356987	30.3297100067
150.81122612	1009.27319336	42.7356987	30.3297100067
150.81122612	1009.27319336	42.7356987	30.3297100067
150.81122612	1009.27319336	42.7356987	30.3297100067
150.81122612	1009.27319336	42.7356987	30.3297100067
150.811226121	1009.27319336	42.7356987	30.3297100067
150.811226121	1009.27319336	42.7356987	30.3297100067
150.811226121	1009.27319336	42.7356987	30.3297100067
150.811226121	1009.27319336	42.7356987	30.3297100067
150.811226122	1009.27319336	42.7356987	30.3297100067
150.811226122	1009.27319336	42.7356987	30.3297100067
150.811226122	1009.27319336	42.7356987	30.3297100067
150.811226122	1009.27319336	42.7356987	30.3297100067
150.811226123	1009.27490234	42.7356987	30.3297100067
150.811226123	1009.27490234	42.7356987	30.3297100067
150.811226123	1009.27490234	42.7356987	30.3297100067
150.811226123	1009.27490234	42.7356987	30.3297100067
150.811226124	1009.27490234	42.7356987	30.3297100067
150.811226124	1009.27490234	42.7356987	30.3297100067
150.811226124	1009.27490234	42.7356987	30.3297100067
150.811226124	1009.27490234	42.7356987	30.3297100067
150.811226124	1009.27490234	42.7356987	30.3297100067
150.811226125	1009.27490234	42.7356987	30.3297100067
150.811226125	1009.27490234	42.7356987	30.3297100067
150.811226125	1009.27490234	42.7356987	30.3297100067
150.811226125	1009.27490234	42.7356987	30.3297100067
150.811226126	1009.27490234	42.7356987	30.3297100067
150.811226126	1009.27490234	42.7356987	30.3297100067
150.811226126	1009.27490234	42.7356987	30.3297100067
150.811226126	1009.27490234	42.7356987	30.3297100067
150.811226126	1009.27758789	42.7356987	30.3297100067
