4.07557625559	800
time	pressure	humidity	temperature
150.811076998	1007.06274414	36.1376914978	33.0530548096
150.811077001	1007.06274414	36.1376914978	33.0530548096
150.811077001	1007.06274414	36.1376914978	33.0530548096
150.811077001	1007.06274414	36.1376914978	33.0530548096
150.811077002	1007.06616211	36.1376914978	33.2337379456
150.811077002	1007.06616211	38.513130188	33.2337379456
150.811077002	1007.06616211	38.513130188	33.2337379456
150.811077003	1007.06616211	38.513130188	33.2337379456
150.811077003	1007.06616211	38.513130188	33.2337379456
150.811077003	1007.06616211	38.513130188	33.2337379456
150.811077003	1007.06616211	38.513130188	33.2337379456
150.811077004	1007.06616211	38.513130188	33.2337379456
150.811077004	1007.06616211	38.513130188	33.2337379456
150.811077004	1007.06616211	38.513130188	33.2337379456
150.811077004	1007.06616211	38.513130188	33.2337379456
150.811077004	1007.06616211	38.513130188	33.2337379456
150.811077005	1007.06616211	38.513130188	33.2337379456
150.811077005	1007.06616211	38.513130188	33.2337379456
150.811077005	1007.06616211	38.513130188	33.2337379456
150.811077005	1007.06616211	38.513130188	33.2337379456
150.811077006	1007.06347656	38.513130188	33.2337379456
150.811077006	1007.06347656	38.513130188	33.2337379456
150.811077006	1007.06347656	38.513130188	33.2337379456
150.811077006	1007.06347656	38.513130188	33.2337379456
150.811077007	1007.06347656	38.513130188	33.2337379456
150.811077007	1007.06347656	38.513130188	33.2337379456
150.811077007	1007.06347656	38.513130188	33.2337379456
150.811077007	1007.06347656	38.513130188	33.2337379456
150.811077008	1007.06347656	38.513130188	33.2337379456
150.811077008	1007.06347656	38.513130188	33.2337379456
150.811077008	1007.06347656	38.513130188	33.2337379456
150.811077008	1007.06347656	38.513130188	33.2337379456
150.811077008	1007.06347656	38.513130188	33.2337379456
150.811077009	1007.06347656	38.513130188	33.2337379456
150.811077009	1007.06347656	38.513130188	33.2337379456
150.811077009	1007.06347656	38.513130188	33.2337379456
150.811077009	1007.06347656	38.513130188	33.2337379456
150.81107701	1007.06347656	38.513130188	33.2337379456
150.81107701	1007.05859375	38.513130188	33.1614646912
150.81107701	1007.05859375	38.7848739624	33.1614646912
150.811077011	1007.05859375	38.7848739624	33.1614646912
150.811077011	1007.05859375	38.7848739624	33.1614646912
150.811077011	1007.05859375	38.7848739624	33.1614646912
150.811077011	1007.05859375	38.7848739624	33.1614646912
150.811077011	1007.05859375	38.7848739624	33.1614646912
150.811077012	1007.05859375	38.7848739624	33.1614646912
150.811077012	1007.05859375	38.7848739624	33.1614646912
150.811077012	1007.05859375	38.7848739624	33.1614646912
150.811077012	1007.05859375	38.7848739624	33.1614646912
150.811077013	1007.05859375	38.7848739624	33.1614646912
150.811077013	1007.05859375	38.7848739624	33.1614646912
150.811077013	1007.05859375	38.7848739624	33.1614646912
150.811077013	1007.05859375	38.7848739624	33.1614646912
150.811077013	1007.05859375	38.7848739624	33.1614646912
150.811077014	1007.0559082	38.7848739624	33.1614646912
150.811077014	1007.0559082	38.7848739624	33.1614646912
150.811077014	1007.0559082	38.7848739624	33.1614646912
150.811077015	1007.0559082	38.7848739624	33.1614646912
150.811077015	1007.0559082	38.7848739624	33.1614646912
150.811077015	1007.0559082	38.7848739624	33.1614646912
150.811077015	1007.0559082	38.7848739624	33.1614646912
150.811077015	1007.0559082	38.7848739624	33.1614646912
150.811077016	1007.0559082	38.7848739624	33.1614646912
150.811077016	1007.0559082	38.7848739624	33.1614646912
150.811077016	1007.0559082	38.7848739624	33.1614646912
150.811077016	1007.0559082	38.7848739624	33.1614646912
150.811077016	1007.0559082	38.7848739624	33.1614646912
150.811077017	1007.0559082	38.7848739624	33.1614646912
150.811077017	1007.0559082	38.7848739624	33.1614646912
150.811077017	1007.0559082	38.7848739624	33.1614646912
150.811077017	1007.0559082	38.7848739624	33.1614646912
150.811077018	1007.05273438	38.7848739624	33.1614646912
150.811077018	1007.05273438	38.7848739624	33.1614646912
150.811077018	1007.05273438	38.7848739624	33.2337379456
150.811077019	1007.05273438	38.6749572754	33.2337379456
150.811077019	1007.05273438	38.6749572754	33.2337379456
150.811077019	1007.05273438	38.6749572754	33.2337379456
150.811077019	1007.05273438	38.6749572754	33.2337379456
150.81107702	1007.05273438	38.6749572754	33.2337379456
150.81107702	1007.05273438	38.6749572754	33.2337379456
150.81107702	1007.05273438	38.6749572754	33.2337379456
150.81107702	1007.05273438	38.6749572754	33.2337379456
150.81107702	1007.05273438	38.6749572754	33.2337379456
150.811077021	1007.05273438	38.6749572754	33.2337379456
150.811077021	1007.05273438	38.6749572754	33.2337379456
150.811077021	1007.05273438	38.6749572754	33.2337379456
150.811077021	1007.05273438	38.6749572754	33.2337379456
150.811077022	1007.04663086	38.6749572754	33.2337379456
150.811077022	1007.04663086	38.6749572754	33.2337379456
150.811077022	1007.04663086	38.6749572754	33.2337379456
150.811077022	1007.04663086	38.6749572754	33.2337379456
150.811077023	1007.04663086	38.6749572754	33.2337379456
150.811077023	1007.04663086	38.6749572754	33.2337379456
150.811077023	1007.04663086	38.6749572754	33.2337379456
150.811077023	1007.04663086	38.6749572754	33.2337379456
150.811077023	1007.04663086	38.6749572754	33.2337379456
150.811077024	1007.04663086	38.6749572754	33.2337379456
150.811077024	1007.04663086	38.6749572754	33.2337379456
150.811077024	1007.04663086	38.6749572754	33.2337379456
150.811077024	1007.04663086	38.6749572754	33.2337379456
150.811077025	1007.04663086	38.6749572754	33.2337379456
150.811077025	1007.04663086	38.6749572754	33.2337379456
150.811077025	1007.04663086	38.6749572754	33.2337379456
150.811077025	1007.04663086	38.6749572754	33.2337379456
150.811077025	1007.0456543	38.6749572754	33.2337379456
150.811077026	1007.0456543	38.6749572754	33.2337379456
150.811077026	1007.0456543	38.6749572754	33.2337379456
150.811077026	1007.0456543	38.6749572754	33.1976013184
150.811077027	1007.0456543	38.2444458008	33.1976013184
150.811077027	1007.0456543	38.2444458008	33.1976013184
150.811077027	1007.0456543	38.2444458008	33.1976013184
150.811077027	1007.0456543	38.2444458008	33.1976013184
150.811077028	1007.0456543	38.2444458008	33.1976013184
150.811077028	1007.0456543	38.2444458008	33.1976013184
150.811077028	1007.0456543	38.2444458008	33.1976013184
150.811077028	1007.0456543	38.2444458008	33.1976013184
150.811077028	1007.0456543	38.2444458008	33.1976013184
150.811077029	1007.0456543	38.2444458008	33.1976013184
150.811077029	1007.0456543	38.2444458008	33.1976013184
150.811077029	1007.0456543	38.2444458008	33.1976013184
150.811077029	1007.05151367	38.2444458008	33.1976013184
150.81107703	1007.05151367	38.2444458008	33.1976013184
150.81107703	1007.05151367	38.2444458008	33.1976013184
150.81107703	1007.05151367	38.2444458008	33.1976013184
150.81107703	1007.05151367	38.2444458008	33.1976013184
150.811077031	1007.05151367	38.2444458008	33.1976013184
150.811077031	1007.05151367	38.2444458008	33.1976013184
150.811077031	1007.05151367	38.2444458008	33.1976013184
150.811077031	1007.05151367	38.2444458008	33.1976013184
150.811077032	1007.05151367	38.2444458008	33.1976013184
150.811077032	1007.05151367	38.2444458008	33.1976013184
150.811077032	1007.05151367	38.2444458008	33.1976013184
150.811077032	1007.05151367	38.2444458008	33.1976013184
150.811077032	1007.05151367	38.2444458008	33.1976013184
150.811077033	1007.05151367	38.2444458008	33.1976013184
150.811077033	1007.05151367	38.2444458008	33.1976013184
150.811077033	1007.05151367	38.2444458008	33.1976013184
150.811077033	1007.0480957	38.2444458008	33.1976013184
150.811077034	1007.0480957	38.2444458008	33.1976013184
150.811077034	1007.0480957	38.2444458008	33.1976013184
150.811077034	1007.0480957	38.2444458008	33.1976013184
150.811077034	1007.0480957	38.2444458008	33.1976013184
150.811077035	1007.0480957	36.0460929871	33.1976013184
150.811077035	1007.0480957	36.0460929871	33.1976013184
150.811077035	1007.0480957	36.0460929871	33.1976013184
150.811077035	1007.0480957	36.0460929871	33.1976013184
150.811077036	1007.0480957	36.0460929871	33.1976013184
150.811077036	1007.0480957	36.0460929871	33.1976013184
150.811077036	1007.0480957	36.0460929871	33.1976013184
150.811077036	1007.0480957	36.0460929871	33.1976013184
150.811077037	1007.0480957	36.0460929871	33.1976013184
150.811077037	1007.0480957	36.0460929871	33.1976013184
150.811077037	1007.0480957	36.0460929871	33.1976013184
150.811077037	1007.0480957	36.0460929871	33.1976013184
150.811077037	1007.04663086	36.0460929871	33.1976013184
150.811077038	1007.04663086	36.0460929871	33.1976013184
150.811077038	1007.04663086	36.0460929871	33.1976013184
150.811077038	1007.04663086	36.0460929871	33.1976013184
150.811077039	1007.04663086	36.0460929871	33.1976013184
150.811077039	1007.04663086	36.0460929871	33.1976013184
150.811077039	1007.04663086	36.0460929871	33.1976013184
150.811077039	1007.04663086	36.0460929871	33.1976013184
150.811077039	1007.04663086	36.0460929871	33.1976013184
150.81107704	1007.04663086	36.0460929871	33.1976013184
150.81107704	1007.04663086	36.0460929871	33.1976013184
150.81107704	1007.04663086	36.0460929871	33.1976013184
150.81107704	1007.04663086	36.0460929871	33.1976013184
150.811077041	1007.04663086	36.0460929871	33.1976013184
150.811077041	1007.04663086	36.0460929871	33.1976013184
150.811077041	1007.04663086	36.0460929871	33.1976013184
150.811077041	1007.04663086	36.0460929871	33.1976013184
150.811077041	1007.05419922	36.0460929871	33.1976013184
150.811077042	1007.05419922	36.0460929871	33.1976013184
150.811077042	1007.05419922	36.0460929871	33.1976013184
150.811077042	1007.05419922	36.0460929871	33.1976013184
150.811077042	1007.05419922	36.0460929871	33.1976013184
150.811077043	1007.05419922	36.0460929871	33.1433944702
150.811077043	1007.05419922	37.9910240173	33.1433944702
150.811077043	1007.05419922	37.9910240173	33.1433944702
150.811077044	1007.05419922	37.9910240173	33.1433944702
150.811077044	1007.05419922	37.9910240173	33.1433944702
150.811077044	1007.05419922	37.9910240173	33.1433944702
150.811077044	1007.05419922	37.9910240173	33.1433944702
150.811077044	1007.05419922	37.9910240173	33.1433944702
150.811077045	1007.05419922	37.9910240173	33.1433944702
150.811077045	1007.05419922	37.9910240173	33.1433944702
150.811077045	1007.05419922	37.9910240173	33.1433944702
150.811077045	1007.05712891	37.9910240173	33.1433944702
150.811077046	1007.05712891	37.9910240173	33.1433944702
150.811077046	1007.05712891	37.9910240173	33.1433944702
150.811077046	1007.05712891	37.9910240173	33.1433944702
150.811077046	1007.05712891	37.9910240173	33.1433944702
150.811077047	1007.05712891	37.9910240173	33.1433944702
150.811077047	1007.05712891	37.9910240173	33.1433944702
150.811077047	1007.05712891	37.9910240173	33.1433944702
150.811077047	1007.05712891	37.9910240173	33.1433944702
150.811077047	1007.05712891	37.9910240173	33.1433944702
150.811077048	1007.05712891	37.9910240173	33.1433944702
150.811077048	1007.05712891	37.9910240173	33.1433944702
150.811077048	1007.05712891	37.9910240173	33.1433944702
150.811077048	1007.05712891	37.9910240173	33.1433944702
150.811077049	1007.05712891	37.9910240173	33.1433944702
150.811077049	1007.05712891	37.9910240173	33.1433944702
150.811077049	1007.05712891	37.9910240173	33.1433944702
150.811077049	1007.0534668	37.9910240173	33.1433944702
150.81107705	1007.0534668	37.9910240173	33.1433944702
150.81107705	1007.0534668	37.9910240173	33.1433944702
150.81107705	1007.0534668	37.9910240173	33.1433944702
150.81107705	1007.0534668	37.9910240173	33.1433944702
150.811077051	1007.0534668	37.9910240173	33.1433944702
150.811077051	1007.0534668	37.9910240173	33.1976013184
150.811077051	1007.0534668	36.8643684387	33.1976013184
150.811077051	1007.0534668	36.8643684387	33.1976013184
150.811077052	1007.0534668	36.8643684387	33.1976013184
150.811077052	1007.0534668	36.8643684387	33.1976013184
150.811077052	1007.0534668	36.8643684387	33.1976013184
150.811077052	1007.0534668	36.8643684387	33.1976013184
150.811077053	1007.0534668	36.8643684387	33.1976013184
150.811077053	1007.0534668	36.8643684387	33.1976013184
150.811077053	1007.0534668	36.8643684387	33.1976013184
150.811077053	1007.05566406	36.8643684387	33.1976013184
150.811077054	1007.05566406	36.8643684387	33.1976013184
150.811077054	1007.05566406	36.8643684387	33.1976013184
150.811077054	1007.05566406	36.8643684387	33.1976013184
150.811077054	1007.05566406	36.8643684387	33.1976013184
150.811077054	1007.05566406	36.8643684387	33.1976013184
150.811077055	1007.05566406	36.8643684387	33.1976013184
150.811077055	1007.05566406	36.8643684387	33.1976013184
150.811077055	1007.05566406	36.8643684387	33.1976013184
150.811077055	1007.05566406	36.8643684387	33.1976013184
150.811077056	1007.05566406	36.8643684387	33.1976013184
150.811077056	1007.05566406	36.8643684387	33.1976013184
150.811077056	1007.05566406	36.8643684387	33.1976013184
150.811077056	1007.05566406	36.8643684387	33.1976013184
150.811077056	1007.05566406	36.8643684387	33.1976013184
150.811077057	1007.05566406	36.8643684387	33.1976013184
150.811077057	1007.05566406	36.8643684387	33.1976013184
150.811077057	1007.05273438	36.8643684387	33.1976013184
150.811077058	1007.05273438	36.8643684387	33.1976013184
150.811077058	1007.05273438	36.8643684387	33.1976013184
150.811077058	1007.05273438	36.8643684387	33.1976013184
150.811077058	1007.05273438	36.8643684387	33.1976013184
150.811077058	1007.05273438	36.8643684387	33.1976013184
150.811077059	1007.05273438	36.8643684387	33.1976013184
150.811077059	1007.05273438	36.8643684387	33.1433944702
150.811077059	1007.05273438	37.8902664185	33.1433944702
150.811077059	1007.05273438	37.8902664185	33.1433944702
150.81107706	1007.05273438	37.8902664185	33.1433944702
150.81107706	1007.05273438	37.8902664185	33.1433944702
150.81107706	1007.05273438	37.8902664185	33.1433944702
150.81107706	1007.05273438	37.8902664185	33.1433944702
150.811077061	1007.05273438	37.8902664185	33.1433944702
150.811077061	1007.05273438	37.8902664185	33.1433944702
150.811077061	1007.05224609	37.8902664185	33.1433944702
150.811077061	1007.05224609	37.8902664185	33.1433944702
150.811077062	1007.05224609	37.8902664185	33.1433944702
150.811077062	1007.05224609	37.8902664185	33.1433944702
150.811077062	1007.05224609	37.8902664185	33.1433944702
150.811077062	1007.05224609	37.8902664185	33.1433944702
150.811077063	1007.05224609	37.8902664185	33.1433944702
150.811077063	1007.05224609	37.8902664185	33.1433944702
150.811077063	1007.05224609	37.8902664185	33.1433944702
150.811077063	1007.05224609	37.8902664185	33.1433944702
150.811077063	1007.05224609	37.8902664185	33.1433944702
150.811077064	1007.05224609	37.8902664185	33.1433944702
150.811077064	1007.05224609	37.8902664185	33.1433944702
150.811077064	1007.05224609	37.8902664185	33.1433944702
150.811077064	1007.05224609	37.8902664185	33.1433944702
150.811077065	1007.05224609	37.8902664185	33.1433944702
150.811077065	1007.05224609	37.8902664185	33.1433944702
150.811077065	1007.05224609	37.8902664185	33.1433944702
150.811077065	1007.05688477	37.8902664185	33.1433944702
150.811077066	1007.05688477	37.8902664185	33.1433944702
150.811077066	1007.05688477	37.8902664185	33.1433944702
150.811077066	1007.05688477	37.8902664185	33.1433944702
150.811077066	1007.05688477	37.8902664185	33.1433944702
150.811077066	1007.05688477	37.8902664185	33.1433944702
150.811077067	1007.05688477	37.8902664185	33.1433944702
150.811077067	1007.05688477	37.8902664185	33.1433944702
150.811077067	1007.05688477	37.8902664185	33.1795349121
150.811077067	1007.05688477	36.4033241272	33.1795349121
150.811077068	1007.05688477	36.4033241272	33.1795349121
150.811077068	1007.05688477	36.4033241272	33.1795349121
150.811077068	1007.05688477	36.4033241272	33.1795349121
150.811077068	1007.05688477	36.4033241272	33.1795349121
150.811077069	1007.05688477	36.4033241272	33.1795349121
150.811077069	1007.05688477	36.4033241272	33.1795349121
150.811077069	1007.0534668	36.4033241272	33.1795349121
150.81107707	1007.0534668	36.4033241272	33.1795349121
150.81107707	1007.0534668	36.4033241272	33.1795349121
150.81107707	1007.0534668	36.4033241272	33.1795349121
150.81107707	1007.0534668	36.4033241272	33.1795349121
150.81107707	1007.0534668	36.4033241272	33.1795349121
150.811077071	1007.0534668	36.4033241272	33.1795349121
150.811077071	1007.0534668	36.4033241272	33.1795349121
150.811077071	1007.0534668	36.4033241272	33.1795349121
150.811077071	1007.0534668	36.4033241272	33.1795349121
150.811077071	1007.0534668	36.4033241272	33.1795349121
150.811077072	1007.0534668	36.4033241272	33.1795349121
150.811077072	1007.0534668	36.4033241272	33.1795349121
150.811077072	1007.0534668	36.4033241272	33.1795349121
150.811077072	1007.0534668	36.4033241272	33.1795349121
150.811077073	1007.0534668	36.4033241272	33.1795349121
150.811077073	1007.0534668	36.4033241272	33.1795349121
150.811077073	1007.05419922	36.4033241272	33.1795349121
150.811077073	1007.05419922	36.4033241272	33.1795349121
150.811077074	1007.05419922	36.4033241272	33.1795349121
150.811077074	1007.05419922	36.4033241272	33.1795349121
150.811077074	1007.05419922	36.4033241272	33.1795349121
150.811077074	1007.05419922	36.4033241272	33.1795349121
150.811077075	1007.05419922	36.4033241272	33.1795349121
150.811077075	1007.05419922	36.4033241272	33.1795349121
150.811077075	1007.05419922	36.4033241272	33.1795349121
150.811077075	1007.05419922	36.4033241272	33.2518081665
150.811077076	1007.05419922	34.5133514404	33.2518081665
150.811077076	1007.05419922	34.5133514404	33.2518081665
150.811077076	1007.05419922	34.5133514404	33.2518081665
150.811077076	1007.05419922	34.5133514404	33.2518081665
150.811077077	1007.05419922	34.5133514404	33.2518081665
150.811077077	1007.05419922	34.5133514404	33.2518081665
150.811077077	1007.05493164	34.5133514404	33.2518081665
150.811077077	1007.05493164	34.5133514404	33.2518081665
150.811077078	1007.05493164	34.5133514404	33.2518081665
150.811077078	1007.05493164	34.5133514404	33.2518081665
150.811077078	1007.05493164	34.5133514404	33.2518081665
150.811077078	1007.05493164	34.5133514404	33.2518081665
150.811077078	1007.05493164	34.5133514404	33.2518081665
150.811077079	1007.05493164	34.5133514404	33.2518081665
150.811077079	1007.05493164	34.5133514404	33.2518081665
150.811077079	1007.05493164	34.5133514404	33.2518081665
150.811077079	1007.05493164	34.5133514404	33.2518081665
150.81107708	1007.05493164	34.5133514404	33.2518081665
150.81107708	1007.05493164	34.5133514404	33.2518081665
150.81107708	1007.05493164	34.5133514404	33.2518081665
150.81107708	1007.05493164	34.5133514404	33.2518081665
150.81107708	1007.05493164	34.5133514404	33.2518081665
150.811077081	1007.05493164	34.5133514404	33.2518081665
150.811077081	1007.04858398	34.5133514404	33.2518081665
150.811077081	1007.04858398	34.5133514404	33.2518081665
150.811077082	1007.04858398	34.5133514404	33.2518081665
150.811077082	1007.04858398	34.5133514404	33.2518081665
150.811077082	1007.04858398	34.5133514404	33.2518081665
150.811077082	1007.04858398	34.5133514404	33.2518081665
150.811077082	1007.04858398	34.5133514404	33.2518081665
150.811077083	1007.04858398	34.5133514404	33.2518081665
150.811077083	1007.04858398	34.5133514404	33.2518081665
150.811077083	1007.04858398	34.5133514404	33.2518081665
150.811077083	1007.04858398	34.5133514404	33.2518081665
150.811077084	1007.04858398	34.5133514404	33.1614646912
150.811077084	1007.04858398	37.3162536621	33.1614646912
150.811077084	1007.04858398	37.3162536621	33.1614646912
150.811077084	1007.04858398	37.3162536621	33.1614646912
150.811077085	1007.04858398	37.3162536621	33.1614646912
150.811077085	1007.04980469	37.3162536621	33.1614646912
150.811077085	1007.04980469	37.3162536621	33.1614646912
150.811077085	1007.04980469	37.3162536621	33.1614646912
150.811077086	1007.04980469	37.3162536621	33.1614646912
150.811077086	1007.04980469	37.3162536621	33.1614646912
150.811077086	1007.04980469	37.3162536621	33.1614646912
150.811077086	1007.04980469	37.3162536621	33.1614646912
150.811077087	1007.04980469	37.3162536621	33.1614646912
150.811077087	1007.04980469	37.3162536621	33.1614646912
150.811077087	1007.04980469	37.3162536621	33.1614646912
150.811077087	1007.04980469	37.3162536621	33.1614646912
150.811077087	1007.04980469	37.3162536621	33.1614646912
150.811077088	1007.04980469	37.3162536621	33.1614646912
150.811077088	1007.04980469	37.3162536621	33.1614646912
150.811077088	1007.04980469	37.3162536621	33.1614646912
150.811077088	1007.04980469	37.3162536621	33.1614646912
150.811077089	1007.04980469	37.3162536621	33.1614646912
150.811077089	1007.04663086	37.3162536621	33.1614646912
150.811077089	1007.04663086	37.3162536621	33.1614646912
150.811077089	1007.04663086	37.3162536621	33.1614646912
150.81107709	1007.04663086	37.3162536621	33.1614646912
150.81107709	1007.04663086	37.3162536621	33.1614646912
150.81107709	1007.04663086	37.3162536621	33.1614646912
150.81107709	1007.04663086	37.3162536621	33.1614646912
150.81107709	1007.04663086	37.3162536621	33.1614646912
150.811077091	1007.04663086	37.3162536621	33.1614646912
150.811077091	1007.04663086	37.3162536621	33.1614646912
150.811077091	1007.04663086	37.3162536621	33.1614646912
150.811077091	1007.04663086	37.3162536621	33.1614646912
150.811077092	1007.04663086	37.3162536621	33.1795349121
150.811077092	1007.04663086	36.7208633423	33.1795349121
150.811077092	1007.04663086	36.7208633423	33.1795349121
150.811077092	1007.04663086	36.7208633423	33.1795349121
150.811077093	1007.04663086	36.7208633423	33.1795349121
150.811077093	1007.04711914	36.7208633423	33.1795349121
150.811077093	1007.04711914	36.7208633423	33.1795349121
150.811077094	1007.04711914	36.7208633423	33.1795349121
150.811077094	1007.04711914	36.7208633423	33.1795349121
150.811077094	1007.04711914	36.7208633423	33.1795349121
150.811077094	1007.04711914	36.7208633423	33.1795349121
150.811077094	1007.04711914	36.7208633423	33.1795349121
150.811077095	1007.04711914	36.7208633423	33.1795349121
150.811077095	1007.04711914	36.7208633423	33.1795349121
150.811077095	1007.04711914	36.7208633423	33.1795349121
150.811077095	1007.04711914	36.7208633423	33.1795349121
150.811077095	1007.04711914	36.7208633423	33.1795349121
150.811077096	1007.04711914	36.7208633423	33.1795349121
150.811077945	1008.29638672	38.8815155029	32.7706108093
150.811077947	1008.29638672	38.8815155029	32.7706108093
150.811077947	1008.29638672	38.8815155029	32.7706108093
150.811077947	1008.29638672	38.8815155029	32.7706108093
150.811077948	1008.29638672	38.8815155029	32.7706108093
150.811077948	1008.29638672	38.8815155029	32.7706108093
150.811077948	1008.29638672	38.8815155029	32.7706108093
150.811077948	1008.29638672	38.8815155029	32.7706108093
150.811077948	1008.29370117	38.8815155029	32.7706108093
150.811077948	1008.29370117	38.8815155029	32.7706108093
150.811077948	1008.29370117	38.8815155029	32.7706108093
150.811077949	1008.29370117	38.8815155029	32.7706108093
150.811077949	1008.29370117	38.8815155029	32.7706108093
150.811077949	1008.29370117	38.8815155029	32.7706108093
150.811077949	1008.29370117	38.8815155029	32.7706108093
150.811077949	1008.29370117	38.8815155029	32.7706108093
150.811077949	1008.29370117	38.8815155029	32.7706108093
150.811077949	1008.29370117	38.8815155029	32.7706108093
150.81107795	1008.29370117	38.8815155029	32.7706108093
150.81107795	1008.29370117	38.8815155029	32.7706108093
150.81107795	1008.29370117	38.8815155029	32.7706108093
150.81107795	1008.29370117	38.8815155029	32.7706108093
150.81107795	1008.29370117	38.8815155029	32.7706108093
150.81107795	1008.29370117	38.8815155029	32.7706108093
150.81107795	1008.29370117	38.8815155029	32.7706108093
150.811077951	1008.29370117	38.8815155029	32.7706108093
150.811077951	1008.29370117	38.8815155029	32.7706108093
150.811077951	1008.29370117	38.8815155029	32.7706108093
150.811077951	1008.29370117	38.8815155029	32.7706108093
150.811077951	1008.29370117	38.8815155029	32.7706108093
150.811077951	1008.29370117	38.8815155029	32.7706108093
150.811077951	1008.29370117	38.8815155029	32.7706108093
150.811077951	1008.29370117	38.8815155029	32.7706108093
150.811077952	1008.29370117	38.8815155029	32.7706108093
150.811077952	1008.29370117	38.8815155029	32.7706108093
150.811077952	1008.29370117	38.8815155029	32.7706108093
150.811077952	1008.29370117	38.8815155029	32.7706108093
150.811077952	1008.29589844	38.8815155029	32.7706108093
150.811077952	1008.29589844	38.8815155029	32.7706108093
150.811077953	1008.29589844	38.8815155029	32.7706108093
150.811077953	1008.29589844	38.8815155029	32.7706108093
150.811077953	1008.29589844	38.8815155029	32.7706108093
150.811077953	1008.29589844	38.8815155029	32.7706108093
150.811077953	1008.29589844	38.8815155029	32.7706108093
150.811077953	1008.29589844	38.8815155029	32.7706108093
150.811077953	1008.29589844	38.8815155029	32.7706108093
150.811077954	1008.29589844	38.8815155029	32.8619308472
150.811077954	1008.29589844	38.8815155029	32.8619308472
150.811077954	1008.29589844	39.7790374756	32.8619308472
150.811077954	1008.29589844	39.7790374756	32.8619308472
150.811077954	1008.29589844	39.7790374756	32.8619308472
150.811077954	1008.29589844	39.7790374756	32.8619308472
150.811077954	1008.29589844	39.7790374756	32.8619308472
150.811077955	1008.29589844	39.7790374756	32.8619308472
150.811077955	1008.29589844	39.7790374756	32.8619308472
150.811077955	1008.29589844	39.7790374756	32.8619308472
150.811077955	1008.29589844	39.7790374756	32.8619308472
150.811077955	1008.29589844	39.7790374756	32.8619308472
150.811077955	1008.29589844	39.7790374756	32.8619308472
150.811077955	1008.29589844	39.7790374756	32.8619308472
150.811077956	1008.29589844	39.7790374756	32.8619308472
150.811077956	1008.29589844	39.7790374756	32.8619308472
150.811077956	1008.29589844	39.7790374756	32.8619308472
150.811077956	1008.29589844	39.7790374756	32.8619308472
150.811077956	1008.29589844	39.7790374756	32.8619308472
150.811077956	1008.29589844	39.7790374756	32.8619308472
150.811077956	1008.29980469	39.7790374756	32.8619308472
150.811077957	1008.29980469	39.7790374756	32.8619308472
150.811077957	1008.29980469	39.7790374756	32.8619308472
150.811077957	1008.29980469	39.7790374756	32.8619308472
150.811077957	1008.29980469	39.7790374756	32.8619308472
150.811077957	1008.29980469	39.7790374756	32.8619308472
150.811077957	1008.29980469	39.7790374756	32.8619308472
150.811077957	1008.29980469	39.7790374756	32.8619308472
150.811077958	1008.29980469	39.7790374756	32.8619308472
150.811077958	1008.29980469	39.7790374756	32.8619308472
150.811077958	1008.29980469	39.7790374756	32.8619308472
150.811077958	1008.29980469	39.7790374756	32.8619308472
150.811077958	1008.29980469	39.7790374756	32.8619308472
150.811077958	1008.29980469	39.7790374756	32.8619308472
150.811077958	1008.29980469	39.7790374756	32.8619308472
150.811077959	1008.29980469	39.7790374756	32.8619308472
150.811077959	1008.29980469	39.7790374756	32.8619308472
150.811077959	1008.29980469	39.7790374756	32.8619308472
150.811077959	1008.29980469	39.7790374756	32.8619308472
150.811077959	1008.29980469	39.7790374756	32.8619308472
150.811077959	1008.29980469	39.7790374756	32.8619308472
150.811077959	1008.29980469	39.7790374756	32.8619308472
150.811077959	1008.29980469	39.7790374756	32.8619308472
150.81107796	1008.29980469	39.7790374756	32.8619308472
150.81107796	1008.29980469	39.7790374756	32.8619308472
150.81107796	1008.29980469	39.7790374756	32.8619308472
150.81107796	1008.29980469	39.7790374756	32.8619308472
150.81107796	1008.29980469	39.7790374756	32.8619308472
150.81107796	1008.29980469	39.7790374756	32.8619308472
150.81107796	1008.296875	39.7790374756	32.8619308472
150.811077961	1008.296875	39.7790374756	32.8619308472
150.811077961	1008.296875	39.7790374756	32.8619308472
150.811077961	1008.296875	39.7790374756	32.8619308472
150.811077961	1008.296875	39.7790374756	32.8619308472
150.811077961	1008.296875	39.7790374756	32.8619308472
150.811077961	1008.296875	39.7790374756	32.8619308472
150.811077961	1008.296875	39.7790374756	32.8619308472
150.811077962	1008.296875	39.7790374756	32.6792907715
150.811077962	1008.296875	36.9344139099	32.6792907715
150.811077962	1008.296875	36.9344139099	32.6792907715
150.811077962	1008.296875	36.9344139099	32.6792907715
150.811077962	1008.296875	36.9344139099	32.6792907715
150.811077962	1008.296875	36.9344139099	32.6792907715
150.811077963	1008.296875	36.9344139099	32.6792907715
150.811077963	1008.296875	36.9344139099	32.6792907715
150.811077963	1008.296875	36.9344139099	32.6792907715
150.811077963	1008.296875	36.9344139099	32.6792907715
150.811077963	1008.296875	36.9344139099	32.6792907715
150.811077963	1008.296875	36.9344139099	32.6792907715
150.811077963	1008.296875	36.9344139099	32.6792907715
150.811077964	1008.296875	36.9344139099	32.6792907715
150.811077964	1008.296875	36.9344139099	32.6792907715
150.811077964	1008.296875	36.9344139099	32.6792907715
150.811077964	1008.296875	36.9344139099	32.6792907715
150.811077964	1008.296875	36.9344139099	32.6792907715
150.811077964	1008.296875	36.9344139099	32.6792907715
150.811077964	1008.296875	36.9344139099	32.6792907715
150.811077964	1008.29589844	36.9344139099	32.6792907715
150.811077965	1008.29589844	36.9344139099	32.6792907715
150.811077965	1008.29589844	36.9344139099	32.6792907715
150.811077965	1008.29589844	36.9344139099	32.6792907715
150.811077965	1008.29589844	36.9344139099	32.6792907715
150.811077965	1008.29589844	36.9344139099	32.6792907715
150.811077965	1008.29589844	36.9344139099	32.6792907715
150.811077966	1008.29589844	36.9344139099	32.6792907715
150.811077966	1008.29589844	36.9344139099	32.6792907715
150.811077966	1008.29589844	36.9344139099	32.6792907715
150.811077966	1008.29589844	36.9344139099	32.6792907715
150.811077966	1008.29589844	36.9344139099	32.6792907715
150.811077966	1008.29589844	36.9344139099	32.6792907715
150.811077966	1008.29589844	36.9344139099	32.6792907715
150.811077966	1008.29589844	36.9344139099	32.6792907715
150.811077967	1008.29589844	36.9344139099	32.6792907715
150.811077967	1008.29589844	36.9344139099	32.6792907715
150.811077967	1008.29589844	36.9344139099	32.6792907715
150.811077967	1008.29589844	36.9344139099	32.6792907715
150.811077967	1008.29589844	36.9344139099	32.6792907715
150.811077967	1008.29589844	36.9344139099	32.6792907715
150.811077967	1008.29589844	36.9344139099	32.6792907715
150.811077968	1008.29589844	36.9344139099	32.6792907715
150.811077968	1008.29589844	36.9344139099	32.6792907715
150.811077968	1008.29589844	36.9344139099	32.6792907715
150.811077968	1008.29589844	36.9344139099	32.6792907715
150.811077968	1008.29589844	36.9344139099	32.6792907715
150.811077968	1008.29589844	36.9344139099	32.6792907715
150.811077968	1008.29589844	36.9344139099	32.6792907715
150.811077969	1008.29833984	36.9344139099	32.6792907715
150.811077969	1008.29833984	36.9344139099	32.6792907715
150.811077969	1008.29833984	36.9344139099	32.6792907715
150.811077969	1008.29833984	36.9344139099	32.6792907715
150.811077969	1008.29833984	36.9344139099	32.6792907715
150.811077969	1008.29833984	36.9344139099	32.6792907715
150.811077969	1008.29833984	36.9344139099	32.6792907715
150.81107797	1008.29833984	36.9344139099	32.8436660767
150.81107797	1008.29833984	36.9344139099	32.8436660767
150.81107797	1008.29833984	39.5416755676	32.8436660767
150.81107797	1008.29833984	39.5416755676	32.8436660767
150.81107797	1008.29833984	39.5416755676	32.8436660767
150.81107797	1008.29833984	39.5416755676	32.8436660767
150.811077971	1008.29833984	39.5416755676	32.8436660767
150.811077971	1008.29833984	39.5416755676	32.8436660767
150.811077971	1008.29833984	39.5416755676	32.8436660767
150.811077971	1008.29833984	39.5416755676	32.8436660767
150.811077971	1008.29833984	39.5416755676	32.8436660767
150.811077971	1008.29833984	39.5416755676	32.8436660767
150.811077971	1008.29833984	39.5416755676	32.8436660767
150.811077971	1008.29833984	39.5416755676	32.8436660767
150.811077972	1008.29833984	39.5416755676	32.8436660767
150.811077972	1008.29833984	39.5416755676	32.8436660767
150.811077972	1008.29833984	39.5416755676	32.8436660767
150.811077972	1008.29833984	39.5416755676	32.8436660767
150.811077972	1008.29833984	39.5416755676	32.8436660767
150.811077972	1008.29833984	39.5416755676	32.8436660767
150.811077972	1008.29833984	39.5416755676	32.8436660767
150.811077973	1008.30053711	39.5416755676	32.8436660767
150.811077973	1008.30053711	39.5416755676	32.8436660767
150.811077973	1008.30053711	39.5416755676	32.8436660767
150.811077973	1008.30053711	39.5416755676	32.8436660767
150.811077973	1008.30053711	39.5416755676	32.8436660767
150.811077973	1008.30053711	39.5416755676	32.8436660767
150.811077973	1008.30053711	39.5416755676	32.8436660767
150.811077974	1008.30053711	39.5416755676	32.8436660767
150.811077974	1008.30053711	39.5416755676	32.8436660767
150.811077974	1008.30053711	39.5416755676	32.8436660767
150.811077974	1008.30053711	39.5416755676	32.8436660767
150.811077974	1008.30053711	39.5416755676	32.8436660767
150.811077974	1008.30053711	39.5416755676	32.8436660767
150.811077974	1008.30053711	39.5416755676	32.8436660767
150.811077975	1008.30053711	39.5416755676	32.8436660767
150.811077975	1008.30053711	39.5416755676	32.8436660767
150.811077975	1008.30053711	39.5416755676	32.8436660767
150.811077975	1008.30053711	39.5416755676	32.8436660767
150.811077975	1008.30053711	39.5416755676	32.8436660767
150.811077975	1008.30053711	39.5416755676	32.8436660767
150.811077975	1008.30053711	39.5416755676	32.8436660767
150.811077976	1008.30053711	39.5416755676	32.8436660767
150.811077976	1008.30053711	39.5416755676	32.8436660767
150.811077976	1008.30053711	39.5416755676	32.8436660767
150.811077976	1008.30053711	39.5416755676	32.8436660767
150.811077976	1008.30053711	39.5416755676	32.8436660767
150.811077976	1008.30053711	39.5416755676	32.8436660767
150.811077976	1008.30053711	39.5416755676	32.8436660767
150.811077976	1008.30053711	39.5416755676	32.8436660767
150.811077977	1008.30029297	39.5416755676	32.8436660767
150.811077977	1008.30029297	39.5416755676	32.8436660767
150.811077977	1008.30029297	39.5416755676	32.8436660767
150.811077977	1008.30029297	39.5416755676	32.8436660767
150.811077977	1008.30029297	39.5416755676	32.8436660767
150.811077977	1008.30029297	39.5416755676	32.8436660767
150.811077978	1008.30029297	39.5416755676	32.8436660767
150.811077978	1008.30029297	39.5416755676	32.7523460388
150.811077978	1008.30029297	39.5416755676	32.7523460388
150.811077978	1008.30029297	39.2041778564	32.7523460388
150.811077978	1008.30029297	39.2041778564	32.7523460388
150.811077978	1008.30029297	39.2041778564	32.7523460388
150.811077978	1008.30029297	39.2041778564	32.7523460388
150.811077979	1008.30029297	39.2041778564	32.7523460388
150.811077979	1008.30029297	39.2041778564	32.7523460388
150.811077979	1008.30029297	39.2041778564	32.7523460388
150.811077979	1008.30029297	39.2041778564	32.7523460388
150.811077979	1008.30029297	39.2041778564	32.7523460388
150.811077979	1008.30029297	39.2041778564	32.7523460388
150.811077979	1008.30029297	39.2041778564	32.7523460388
150.81107798	1008.30029297	39.2041778564	32.7523460388
150.81107798	1008.30029297	39.2041778564	32.7523460388
150.81107798	1008.30029297	39.2041778564	32.7523460388
150.81107798	1008.30029297	39.2041778564	32.7523460388
150.81107798	1008.30029297	39.2041778564	32.7523460388
150.81107798	1008.30029297	39.2041778564	32.7523460388
150.81107798	1008.30029297	39.2041778564	32.7523460388
150.811077981	1008.30029297	39.2041778564	32.7523460388
150.811077981	1008.29492188	39.2041778564	32.7523460388
150.811077981	1008.29492188	39.2041778564	32.7523460388
150.811077981	1008.29492188	39.2041778564	32.7523460388
150.811077981	1008.29492188	39.2041778564	32.7523460388
150.811077981	1008.29492188	39.2041778564	32.7523460388
150.811077981	1008.29492188	39.2041778564	32.7523460388
150.811077982	1008.29492188	39.2041778564	32.7523460388
150.811077982	1008.29492188	39.2041778564	32.7523460388
150.811077982	1008.29492188	39.2041778564	32.7523460388
150.811077982	1008.29492188	39.2041778564	32.7523460388
150.811077982	1008.29492188	39.2041778564	32.7523460388
150.811077982	1008.29492188	39.2041778564	32.7523460388
150.811077982	1008.29492188	39.2041778564	32.7523460388
150.811077983	1008.29492188	39.2041778564	32.7523460388
150.811077983	1008.29492188	39.2041778564	32.7523460388
150.811077983	1008.29492188	39.2041778564	32.7523460388
150.811077983	1008.29492188	39.2041778564	32.7523460388
150.811077983	1008.29492188	39.2041778564	32.7523460388
150.811077983	1008.29492188	39.2041778564	32.7523460388
150.811077983	1008.29492188	39.2041778564	32.7523460388
150.811077983	1008.29492188	39.2041778564	32.7523460388
150.811077984	1008.29492188	39.2041778564	32.7523460388
150.811077984	1008.29492188	39.2041778564	32.7523460388
150.811077984	1008.29492188	39.2041778564	32.7523460388
150.811077984	1008.29492188	39.2041778564	32.7523460388
150.811077984	1008.29492188	39.2041778564	32.7523460388
150.811077984	1008.29492188	39.2041778564	32.7523460388
150.811077984	1008.29492188	39.2041778564	32.7523460388
150.811077985	1008.29492188	39.2041778564	32.7523460388
150.811077985	1008.29516602	39.2041778564	32.7523460388
150.811077985	1008.29516602	39.2041778564	32.7523460388
150.811077985	1008.29516602	39.2041778564	32.7523460388
150.811077985	1008.29516602	39.2041778564	32.7523460388
150.811077985	1008.29516602	39.2041778564	32.7523460388
150.811077986	1008.29516602	39.2041778564	32.7523460388
150.811077986	1008.29516602	39.2041778564	32.7523460388
150.811077986	1008.29516602	39.2041778564	32.7888717651
150.811077986	1008.29516602	38.1397628784	32.7888717651
150.811077986	1008.29516602	38.1397628784	32.7888717651
150.811077986	1008.29516602	38.1397628784	32.7888717651
150.811077986	1008.29516602	38.1397628784	32.7888717651
150.811077987	1008.29516602	38.1397628784	32.7888717651
150.811077987	1008.29516602	38.1397628784	32.7888717651
150.811077987	1008.29516602	38.1397628784	32.7888717651
150.811077987	1008.29516602	38.1397628784	32.7888717651
150.811077987	1008.29516602	38.1397628784	32.7888717651
150.811077987	1008.29516602	38.1397628784	32.7888717651
150.811077987	1008.29516602	38.1397628784	32.7888717651
150.811077988	1008.29516602	38.1397628784	32.7888717651
150.811077988	1008.29516602	38.1397628784	32.7888717651
150.811077988	1008.29516602	38.1397628784	32.7888717651
150.811077988	1008.29516602	38.1397628784	32.7888717651
150.811077988	1008.29516602	38.1397628784	32.7888717651
150.811077988	1008.29516602	38.1397628784	32.7888717651
150.811077988	1008.29516602	38.1397628784	32.7888717651
150.811077988	1008.29516602	38.1397628784	32.7888717651
150.811077989	1008.29516602	38.1397628784	32.7888717651
150.811077989	1008.29516602	38.1397628784	32.7888717651
150.811077989	1008.29174805	38.1397628784	32.7888717651
150.811077989	1008.29174805	38.1397628784	32.7888717651
150.811077989	1008.29174805	38.1397628784	32.7888717651
150.811077989	1008.29174805	38.1397628784	32.7888717651
150.81107799	1008.29174805	38.1397628784	32.7888717651
150.81107799	1008.29174805	38.1397628784	32.7888717651
150.81107799	1008.29174805	38.1397628784	32.7888717651
150.81107799	1008.29174805	38.1397628784	32.7888717651
150.81107799	1008.29174805	38.1397628784	32.7888717651
150.81107799	1008.29174805	38.1397628784	32.7888717651
150.81107799	1008.29174805	38.1397628784	32.7888717651
150.811077991	1008.29174805	38.1397628784	32.7888717651
150.811077991	1008.29174805	38.1397628784	32.7888717651
150.811077991	1008.29174805	38.1397628784	32.7888717651
150.811077991	1008.29174805	38.1397628784	32.7888717651
150.811077991	1008.29174805	38.1397628784	32.7888717651
150.811077991	1008.29174805	38.1397628784	32.7888717651
150.811077991	1008.29174805	38.1397628784	32.7888717651
150.811077991	1008.29174805	38.1397628784	32.7888717651
150.811077992	1008.29174805	38.1397628784	32.7888717651
150.811077992	1008.29174805	38.1397628784	32.7888717651
150.811077992	1008.29174805	38.1397628784	32.7888717651
150.811077992	1008.29174805	38.1397628784	32.7888717651
150.811077992	1008.29174805	38.1397628784	32.7888717651
150.811077992	1008.29174805	38.1397628784	32.7888717651
150.811077992	1008.29174805	38.1397628784	32.7888717651
150.811077993	1008.29174805	38.1397628784	32.7888717651
150.811077993	1008.29174805	38.1397628784	32.7888717651
150.811077993	1008.29174805	38.1397628784	32.7888717651
150.811077993	1008.29541016	38.1397628784	32.7888717651
150.811077993	1008.29541016	38.1397628784	32.7888717651
150.811077993	1008.29541016	38.1397628784	32.7888717651
150.811077993	1008.29541016	38.1397628784	32.7888717651
150.811077994	1008.29541016	38.1397628784	32.7888717651
150.811077994	1008.29541016	38.1397628784	32.7706108093
150.811077994	1008.29541016	38.1397628784	32.7706108093
150.811077994	1008.29541016	38.6367378235	32.7706108093
150.811077994	1008.29541016	38.6367378235	32.7706108093
150.811077994	1008.29541016	38.6367378235	32.7706108093
150.811077995	1008.29541016	38.6367378235	32.7706108093
150.811077995	1008.29541016	38.6367378235	32.7706108093
150.811077995	1008.29541016	38.6367378235	32.7706108093
150.811077995	1008.29541016	38.6367378235	32.7706108093
150.811077995	1008.29541016	38.6367378235	32.7706108093
150.811077995	1008.29541016	38.6367378235	32.7706108093
150.811077995	1008.29541016	38.6367378235	32.7706108093
150.811077996	1008.29541016	38.6367378235	32.7706108093
150.811077996	1008.29541016	38.6367378235	32.7706108093
150.811077996	1008.29541016	38.6367378235	32.7706108093
150.811077996	1008.29541016	38.6367378235	32.7706108093
150.811077996	1008.29541016	38.6367378235	32.7706108093
150.811077996	1008.29541016	38.6367378235	32.7706108093
150.811077996	1008.29541016	38.6367378235	32.7706108093
150.811077997	1008.29541016	38.6367378235	32.7706108093
150.811077997	1008.29541016	38.6367378235	32.7706108093
150.811077997	1008.29541016	38.6367378235	32.7706108093
150.811077997	1008.29638672	38.6367378235	32.7706108093
150.811077997	1008.29638672	38.6367378235	32.7706108093
150.811077997	1008.29638672	38.6367378235	32.7706108093
150.811077998	1008.29638672	38.6367378235	32.7706108093
150.811077998	1008.29638672	38.6367378235	32.7706108093
150.811077998	1008.29638672	38.6367378235	32.7706108093
150.811077998	1008.29638672	38.6367378235	32.7706108093
150.811077998	1008.29638672	38.6367378235	32.7706108093
150.811077998	1008.29638672	38.6367378235	32.7706108093
150.811077998	1008.29638672	38.6367378235	32.7706108093
150.811077999	1008.29638672	38.6367378235	32.7706108093
150.811077999	1008.29638672	38.6367378235	32.7706108093
150.811077999	1008.29638672	38.6367378235	32.7706108093
150.811077999	1008.29638672	38.6367378235	32.7706108093
150.811077999	1008.29638672	38.6367378235	32.7706108093
150.811077999	1008.29638672	38.6367378235	32.7706108093
150.811077999	1008.29638672	38.6367378235	32.7706108093
150.811078	1008.29638672	38.6367378235	32.7706108093
150.811078	1008.29638672	38.6367378235	32.7706108093
150.811078	1008.29638672	38.6367378235	32.7706108093
150.811078	1008.29638672	38.6367378235	32.7706108093
150.811078	1008.29638672	38.6367378235	32.7706108093
150.811078	1008.29638672	38.6367378235	32.7706108093
150.811078	1008.29638672	38.6367378235	32.7706108093
150.811078001	1008.29638672	38.6367378235	32.7706108093
150.811078001	1008.29638672	38.6367378235	32.7706108093
150.811078001	1008.29638672	38.6367378235	32.7706108093
150.811078001	1008.29638672	38.6367378235	32.7706108093
150.811078001	1008.29077148	38.6367378235	32.7706108093
150.811078001	1008.29077148	38.6367378235	32.7706108093
150.811078002	1008.29077148	38.6367378235	32.7706108093
150.811078002	1008.29077148	38.6367378235	32.7706108093
150.811078002	1008.29077148	38.6367378235	32.7888717651
150.811078002	1008.29077148	38.6367378235	32.7888717651
150.811078002	1008.29077148	37.6205368042	32.7888717651
150.811078002	1008.29077148	37.6205368042	32.7888717651
150.811078002	1008.29077148	37.6205368042	32.7888717651
150.811078003	1008.29077148	37.6205368042	32.7888717651
150.811078003	1008.29077148	37.6205368042	32.7888717651
150.811078003	1008.29077148	37.6205368042	32.7888717651
150.811078003	1008.29077148	37.6205368042	32.7888717651
150.811078003	1008.29077148	37.6205368042	32.7888717651
150.811078003	1008.29077148	37.6205368042	32.7888717651
150.811078004	1008.29077148	37.6205368042	32.7888717651
150.811078004	1008.29077148	37.6205368042	32.7888717651
150.811078004	1008.29077148	37.6205368042	32.7888717651
150.811078004	1008.29077148	37.6205368042	32.7888717651
150.811078004	1008.29077148	37.6205368042	32.7888717651
150.811078004	1008.29077148	37.6205368042	32.7888717651
