4.07557625559	800
time	pressure	humidity	temperature
150.811077465	1008.10449219	37.8534698486	30.453338623
150.811077466	1008.10449219	37.8534698486	30.453338623
150.811077466	1008.10449219	37.8534698486	30.453338623
150.811077466	1008.10449219	37.8534698486	30.453338623
150.811077467	1008.10449219	37.8534698486	30.453338623
150.811077467	1008.10449219	37.8534698486	30.453338623
150.811077467	1008.10449219	37.8534698486	30.453338623
150.811077467	1008.10449219	37.8534698486	30.453338623
150.811077468	1008.10449219	37.8534698486	30.453338623
150.811077468	1008.10449219	37.8534698486	30.453338623
150.811077468	1008.10449219	37.8534698486	30.453338623
150.811077468	1008.10449219	37.8534698486	30.453338623
150.811077468	1008.10449219	37.8534698486	30.453338623
150.811077469	1008.10449219	37.8534698486	30.453338623
150.811077469	1008.10449219	37.8534698486	30.453338623
150.811077469	1008.10253906	37.8534698486	30.6575279236
150.81107747	1008.10253906	37.8534698486	30.6575279236
150.81107747	1008.10253906	45.2071914673	30.6575279236
150.81107747	1008.10253906	45.2071914673	30.6575279236
150.81107747	1008.10253906	45.2071914673	30.6575279236
150.811077471	1008.10253906	45.2071914673	30.6575279236
150.811077471	1008.10253906	45.2071914673	30.6575279236
150.811077471	1008.10253906	45.2071914673	30.6575279236
150.811077471	1008.10253906	45.2071914673	30.6575279236
150.811077471	1008.10253906	45.2071914673	30.6575279236
150.811077472	1008.10253906	45.2071914673	30.6575279236
150.811077472	1008.10253906	45.2071914673	30.6575279236
150.811077472	1008.10253906	45.2071914673	30.6575279236
150.811077472	1008.10253906	45.2071914673	30.6575279236
150.811077473	1008.10253906	45.2071914673	30.6575279236
150.811077473	1008.10253906	45.2071914673	30.6575279236
150.811077473	1008.09667969	45.2071914673	30.6575279236
150.811077473	1008.09667969	45.2071914673	30.6575279236
150.811077474	1008.09667969	45.2071914673	30.6575279236
150.811077474	1008.09667969	45.2071914673	30.6575279236
150.811077474	1008.09667969	45.2071914673	30.6575279236
150.811077474	1008.09667969	45.2071914673	30.6575279236
150.811077475	1008.09667969	45.2071914673	30.6575279236
150.811077475	1008.09667969	45.2071914673	30.6575279236
150.811077475	1008.09667969	45.2071914673	30.6575279236
150.811077475	1008.09667969	45.2071914673	30.6575279236
150.811077475	1008.09667969	45.2071914673	30.6575279236
150.811077476	1008.09667969	45.2071914673	30.6575279236
150.811077476	1008.09667969	45.2071914673	30.6575279236
150.811077476	1008.09667969	45.2071914673	30.6575279236
150.811077476	1008.09667969	45.2071914673	30.6575279236
150.811077477	1008.09667969	45.2071914673	30.6575279236
150.811077477	1008.09667969	45.2071914673	30.6575279236
150.811077477	1008.09716797	45.2071914673	30.6575279236
150.811077477	1008.09716797	45.2071914673	30.5647144318
150.811077478	1008.09716797	45.2071914673	30.5647144318
150.811077478	1008.09716797	42.3579025269	30.5647144318
150.811077478	1008.09716797	42.3579025269	30.5647144318
150.811077478	1008.09716797	42.3579025269	30.5647144318
150.811077479	1008.09716797	42.3579025269	30.5647144318
150.811077479	1008.09716797	42.3579025269	30.5647144318
150.811077479	1008.09716797	42.3579025269	30.5647144318
150.811077479	1008.09716797	42.3579025269	30.5647144318
150.81107748	1008.09716797	42.3579025269	30.5647144318
150.81107748	1008.09716797	42.3579025269	30.5647144318
150.81107748	1008.09716797	42.3579025269	30.5647144318
150.81107748	1008.09716797	42.3579025269	30.5647144318
150.81107748	1008.09716797	42.3579025269	30.5647144318
150.811077481	1008.09716797	42.3579025269	30.5647144318
150.811077481	1008.10009766	42.3579025269	30.5647144318
150.811077481	1008.10009766	42.3579025269	30.5647144318
150.811077482	1008.10009766	42.3579025269	30.5647144318
150.811077482	1008.10009766	42.3579025269	30.5647144318
150.811077482	1008.10009766	42.3579025269	30.5647144318
150.811077482	1008.10009766	42.3579025269	30.5647144318
150.811077482	1008.10009766	42.3579025269	30.5647144318
150.811077483	1008.10009766	42.3579025269	30.5647144318
150.811077483	1008.10009766	42.3579025269	30.5647144318
150.811077483	1008.10009766	42.3579025269	30.5647144318
150.811077483	1008.10009766	42.3579025269	30.5647144318
150.811077484	1008.10009766	42.3579025269	30.5647144318
150.811077484	1008.10009766	42.3579025269	30.5647144318
150.811077484	1008.10009766	42.3579025269	30.5647144318
150.811077484	1008.10009766	42.3579025269	30.5647144318
150.811077484	1008.10009766	42.3579025269	30.5647144318
150.811077485	1008.10009766	42.3579025269	30.5647144318
150.811077485	1008.09838867	42.3579025269	30.5647144318
150.811077485	1008.09838867	42.3579025269	30.5647144318
150.811077485	1008.09838867	42.3579025269	30.5275878906
150.811077486	1008.09838867	42.3579025269	30.5275878906
150.811077486	1008.09838867	43.929813385	30.5275878906
150.811077486	1008.09838867	43.929813385	30.5275878906
150.811077487	1008.09838867	43.929813385	30.5275878906
150.811077487	1008.09838867	43.929813385	30.5275878906
150.811077487	1008.09838867	43.929813385	30.5275878906
150.811077487	1008.09838867	43.929813385	30.5275878906
150.811077487	1008.09838867	43.929813385	30.5275878906
150.811077488	1008.09838867	43.929813385	30.5275878906
150.811077488	1008.09838867	43.929813385	30.5275878906
150.811077488	1008.09838867	43.929813385	30.5275878906
150.811077488	1008.09838867	43.929813385	30.5275878906
150.811077489	1008.09838867	43.929813385	30.5275878906
150.811077489	1008.10009766	43.929813385	30.5275878906
150.811077489	1008.10009766	43.929813385	30.5275878906
150.811077489	1008.10009766	43.929813385	30.5275878906
150.81107749	1008.10009766	43.929813385	30.5275878906
150.81107749	1008.10009766	43.929813385	30.5275878906
150.81107749	1008.10009766	43.929813385	30.5275878906
150.81107749	1008.10009766	43.929813385	30.5275878906
150.81107749	1008.10009766	43.929813385	30.5275878906
150.811077491	1008.10009766	43.929813385	30.5275878906
150.811077491	1008.10009766	43.929813385	30.5275878906
150.811077491	1008.10009766	43.929813385	30.5275878906
150.811077491	1008.10009766	43.929813385	30.5275878906
150.811077492	1008.10009766	43.929813385	30.5275878906
150.811077492	1008.10009766	43.929813385	30.5275878906
150.811077492	1008.10009766	43.929813385	30.5275878906
150.811077492	1008.10009766	43.929813385	30.5275878906
150.811077492	1008.10009766	43.929813385	30.5275878906
150.811077493	1008.09887695	43.929813385	30.5275878906
150.811077493	1008.09887695	43.929813385	30.5275878906
150.811077493	1008.09887695	43.929813385	30.5275878906
150.811077494	1008.09887695	43.929813385	30.5275878906
150.811077494	1008.09887695	43.929813385	30.5461521149
150.811077494	1008.09887695	41.3686599731	30.5461521149
150.811077494	1008.09887695	41.3686599731	30.5461521149
150.811077495	1008.09887695	41.3686599731	30.5461521149
150.811077495	1008.09887695	41.3686599731	30.5461521149
150.811077495	1008.09887695	41.3686599731	30.5461521149
150.811077495	1008.09887695	41.3686599731	30.5461521149
150.811077495	1008.09887695	41.3686599731	30.5461521149
150.811077496	1008.09887695	41.3686599731	30.5461521149
150.811077496	1008.09887695	41.3686599731	30.5461521149
150.811077496	1008.09887695	41.3686599731	30.5461521149
150.811077496	1008.09887695	41.3686599731	30.5461521149
150.811077497	1008.10107422	41.3686599731	30.5461521149
150.811077497	1008.10107422	41.3686599731	30.5461521149
150.811077497	1008.10107422	41.3686599731	30.5461521149
150.811077497	1008.10107422	41.3686599731	30.5461521149
150.811077498	1008.10107422	41.3686599731	30.5461521149
150.811077498	1008.10107422	41.3686599731	30.5461521149
150.811077498	1008.10107422	41.3686599731	30.5461521149
150.811077498	1008.10107422	41.3686599731	30.5461521149
150.811077499	1008.10107422	41.3686599731	30.5461521149
150.811077499	1008.10107422	41.3686599731	30.5461521149
150.811077499	1008.10107422	41.3686599731	30.5461521149
150.811077499	1008.10107422	41.3686599731	30.5461521149
150.811077499	1008.10107422	41.3686599731	30.5461521149
150.8110775	1008.10107422	41.3686599731	30.5461521149
150.8110775	1008.10107422	41.3686599731	30.5461521149
150.8110775	1008.10107422	41.3686599731	30.5461521149
150.8110775	1008.10107422	41.3686599731	30.5461521149
150.811077501	1008.10009766	41.3686599731	30.5461521149
150.811077501	1008.10009766	41.3686599731	30.5461521149
150.811077501	1008.10009766	41.3686599731	30.5461521149
150.811077501	1008.10009766	41.3686599731	30.5461521149
150.811077502	1008.10009766	41.3686599731	30.5461521149
150.811077502	1008.10009766	41.3686599731	30.5461521149
150.811077502	1008.10009766	41.4358901978	30.5461521149
150.811077502	1008.10009766	41.4358901978	30.5461521149
150.811077503	1008.10009766	41.4358901978	30.5461521149
150.811077503	1008.10009766	41.4358901978	30.5461521149
150.811077503	1008.10009766	41.4358901978	30.5461521149
150.811077503	1008.10009766	41.4358901978	30.5461521149
150.811077504	1008.10009766	41.4358901978	30.5461521149
150.811077504	1008.10009766	41.4358901978	30.5461521149
150.811077504	1008.10009766	41.4358901978	30.5461521149
150.811077504	1008.10009766	41.4358901978	30.5461521149
150.811077504	1008.10522461	41.4358901978	30.5461521149
150.811077505	1008.10522461	41.4358901978	30.5461521149
150.811077505	1008.10522461	41.4358901978	30.5461521149
150.811077505	1008.10522461	41.4358901978	30.5461521149
150.811077506	1008.10522461	41.4358901978	30.5461521149
150.811077506	1008.10522461	41.4358901978	30.5461521149
150.811077506	1008.10522461	41.4358901978	30.5461521149
150.811077506	1008.10522461	41.4358901978	30.5461521149
150.811077506	1008.10522461	41.4358901978	30.5461521149
150.811077507	1008.10522461	41.4358901978	30.5461521149
150.811077507	1008.10522461	41.4358901978	30.5461521149
150.811077507	1008.10522461	41.4358901978	30.5461521149
150.811077507	1008.10522461	41.4358901978	30.5461521149
150.811077508	1008.10522461	41.4358901978	30.5461521149
150.811077508	1008.10522461	41.4358901978	30.5461521149
150.811077508	1008.10522461	41.4358901978	30.5461521149
150.811077508	1008.10522461	41.4358901978	30.5461521149
150.811077508	1008.10791016	41.4358901978	30.5461521149
150.811077509	1008.10791016	41.4358901978	30.5461521149
150.811077509	1008.10791016	41.4358901978	30.5461521149
150.811077509	1008.10791016	41.4358901978	30.5461521149
150.811077509	1008.10791016	41.4358901978	30.5461521149
150.81107751	1008.10791016	41.4358901978	30.5461521149
150.81107751	1008.10791016	41.4358901978	30.5090255737
150.81107751	1008.10791016	41.4038734436	30.5090255737
150.811077511	1008.10791016	41.4038734436	30.5090255737
150.811077511	1008.10791016	41.4038734436	30.5090255737
150.811077511	1008.10791016	41.4038734436	30.5090255737
150.811077511	1008.10791016	41.4038734436	30.5090255737
150.811077511	1008.10791016	41.4038734436	30.5090255737
150.811077512	1008.10791016	41.4038734436	30.5090255737
150.811077512	1008.10791016	41.4038734436	30.5090255737
150.811077512	1008.10791016	41.4038734436	30.5090255737
150.811077512	1008.10498047	41.4038734436	30.5090255737
150.811077513	1008.10498047	41.4038734436	30.5090255737
150.811077513	1008.10498047	41.4038734436	30.5090255737
150.811077513	1008.10498047	41.4038734436	30.5090255737
150.811077513	1008.10498047	41.4038734436	30.5090255737
150.811077514	1008.10498047	41.4038734436	30.5090255737
150.811077514	1008.10498047	41.4038734436	30.5090255737
150.811077514	1008.10498047	41.4038734436	30.5090255737
150.811077514	1008.10498047	41.4038734436	30.5090255737
150.811077515	1008.10498047	41.4038734436	30.5090255737
150.811077515	1008.10498047	41.4038734436	30.5090255737
150.811077515	1008.10498047	41.4038734436	30.5090255737
150.811077515	1008.10498047	41.4038734436	30.5090255737
150.811077515	1008.10498047	41.4038734436	30.5090255737
150.811077516	1008.10498047	41.4038734436	30.5090255737
150.811077516	1008.10498047	41.4038734436	30.5090255737
150.811077516	1008.10498047	41.4038734436	30.5090255737
150.811077516	1008.09960938	41.4038734436	30.5090255737
150.811077517	1008.09960938	41.4038734436	30.5090255737
150.811077517	1008.09960938	41.4038734436	30.5090255737
150.811077517	1008.09960938	41.4038734436	30.5090255737
150.811077517	1008.09960938	41.4038734436	30.5090255737
150.811077518	1008.09960938	41.4038734436	30.5090255737
150.811077518	1008.09960938	41.4038734436	30.5090255737
150.811077518	1008.09960938	41.4038734436	30.5647144318
150.811077518	1008.09960938	40.8884429932	30.5647144318
150.811077519	1008.09960938	40.8884429932	30.5647144318
150.811077519	1008.09960938	40.8884429932	30.5647144318
150.811077519	1008.09960938	40.8884429932	30.5647144318
150.811077519	1008.09960938	40.8884429932	30.5647144318
150.81107752	1008.09960938	40.8884429932	30.5647144318
150.81107752	1008.09960938	40.8884429932	30.5647144318
150.81107752	1008.09960938	40.8884429932	30.5647144318
150.81107752	1008.09765625	40.8884429932	30.5647144318
150.811077521	1008.09765625	40.8884429932	30.5647144318
150.811077521	1008.09765625	40.8884429932	30.5647144318
150.811077521	1008.09765625	40.8884429932	30.5647144318
150.811077521	1008.09765625	40.8884429932	30.5647144318
150.811077521	1008.09765625	40.8884429932	30.5647144318
150.811077522	1008.09765625	40.8884429932	30.5647144318
150.811077522	1008.09765625	40.8884429932	30.5647144318
150.811077522	1008.09765625	40.8884429932	30.5647144318
150.811077522	1008.09765625	40.8884429932	30.5647144318
150.811077523	1008.09765625	40.8884429932	30.5647144318
150.811077523	1008.09765625	40.8884429932	30.5647144318
150.811077523	1008.09765625	40.8884429932	30.5647144318
150.811077523	1008.09765625	40.8884429932	30.5647144318
150.811077523	1008.09765625	40.8884429932	30.5647144318
150.811077524	1008.09765625	40.8884429932	30.5647144318
150.811077524	1008.09765625	40.8884429932	30.5647144318
150.811077524	1008.10253906	40.8884429932	30.5647144318
150.811077525	1008.10253906	40.8884429932	30.5647144318
150.811077525	1008.10253906	40.8884429932	30.5647144318
150.811077525	1008.10253906	40.8884429932	30.5647144318
150.811077525	1008.10253906	40.8884429932	30.5647144318
150.811077525	1008.10253906	40.8884429932	30.5647144318
150.811077526	1008.10253906	40.8884429932	30.5647144318
150.811077526	1008.10253906	40.8884429932	30.5647144318
150.811077526	1008.10253906	40.8884429932	30.4719009399
150.811077526	1008.10253906	41.3142318726	30.4719009399
150.811077527	1008.10253906	41.3142318726	30.4719009399
150.811077527	1008.10253906	41.3142318726	30.4719009399
150.811077527	1008.10253906	41.3142318726	30.4719009399
150.811077527	1008.10253906	41.3142318726	30.4719009399
150.811077528	1008.10253906	41.3142318726	30.4719009399
150.811077528	1008.10253906	41.3142318726	30.4719009399
150.811077528	1008.09814453	41.3142318726	30.4719009399
150.811077528	1008.09814453	41.3142318726	30.4719009399
150.811077529	1008.09814453	41.3142318726	30.4719009399
150.811077529	1008.09814453	41.3142318726	30.4719009399
150.811077529	1008.09814453	41.3142318726	30.4719009399
150.811077529	1008.09814453	41.3142318726	30.4719009399
150.81107753	1008.09814453	41.3142318726	30.4719009399
150.81107753	1008.09814453	41.3142318726	30.4719009399
150.81107753	1008.09814453	41.3142318726	30.4719009399
150.81107753	1008.09814453	41.3142318726	30.4719009399
150.81107753	1008.09814453	41.3142318726	30.4719009399
150.811077531	1008.09814453	41.3142318726	30.4719009399
150.811077531	1008.09814453	41.3142318726	30.4719009399
150.811077531	1008.09814453	41.3142318726	30.4719009399
150.811077531	1008.09814453	41.3142318726	30.4719009399
150.811077532	1008.09814453	41.3142318726	30.4719009399
150.811077532	1008.09814453	41.3142318726	30.4719009399
150.811077532	1008.10083008	41.3142318726	30.4719009399
150.811077532	1008.10083008	41.3142318726	30.4719009399
150.811077533	1008.10083008	41.3142318726	30.4719009399
150.811077533	1008.10083008	41.3142318726	30.4719009399
150.811077533	1008.10083008	41.3142318726	30.4719009399
150.811077533	1008.10083008	41.3142318726	30.4719009399
150.811077534	1008.10083008	41.3142318726	30.4719009399
150.811077534	1008.10083008	41.3142318726	30.4719009399
150.811077534	1008.10083008	41.3142318726	30.4719009399
150.811077534	1008.10083008	41.3142318726	30.5461521149
150.811077534	1008.10083008	44.0706787109	30.5461521149
150.811077535	1008.10083008	44.0706787109	30.5461521149
150.811077535	1008.10083008	44.0706787109	30.5461521149
150.811077535	1008.10083008	44.0706787109	30.5461521149
150.811077535	1008.10083008	44.0706787109	30.5461521149
150.811077536	1008.10083008	44.0706787109	30.5461521149
150.811077536	1008.09912109	44.0706787109	30.5461521149
150.811077536	1008.09912109	44.0706787109	30.5461521149
150.811077537	1008.09912109	44.0706787109	30.5461521149
150.811077537	1008.09912109	44.0706787109	30.5461521149
150.811077537	1008.09912109	44.0706787109	30.5461521149
150.811077537	1008.09912109	44.0706787109	30.5461521149
150.811077537	1008.09912109	44.0706787109	30.5461521149
150.811077538	1008.09912109	44.0706787109	30.5461521149
150.811077538	1008.09912109	44.0706787109	30.5461521149
150.811077538	1008.09912109	44.0706787109	30.5461521149
150.811077538	1008.09912109	44.0706787109	30.5461521149
150.811077539	1008.09912109	44.0706787109	30.5461521149
150.811077539	1008.09912109	44.0706787109	30.5461521149
150.811077539	1008.09912109	44.0706787109	30.5461521149
150.811077539	1008.09912109	44.0706787109	30.5461521149
150.811077539	1008.09912109	44.0706787109	30.5461521149
150.81107754	1008.09912109	44.0706787109	30.5461521149
150.81107754	1008.09472656	44.0706787109	30.5461521149
150.81107754	1008.09472656	44.0706787109	30.5461521149
150.81107754	1008.09472656	44.0706787109	30.5461521149
150.811077541	1008.09472656	44.0706787109	30.5461521149
150.811077541	1008.09472656	44.0706787109	30.5461521149
150.811077541	1008.09472656	44.0706787109	30.5461521149
150.811077541	1008.09472656	44.0706787109	30.5461521149
150.811077542	1008.09472656	44.0706787109	30.5461521149
150.811077542	1008.09472656	44.0706787109	30.5461521149
150.811077542	1008.09472656	44.0706787109	30.5461521149
150.811077542	1008.09472656	44.0706787109	30.4904632568
150.811077543	1008.09472656	43.2254943848	30.4904632568
150.811077543	1008.09472656	43.2254943848	30.4904632568
150.811077543	1008.09472656	43.2254943848	30.4904632568
150.811077543	1008.09472656	43.2254943848	30.4904632568
150.811077544	1008.09472656	43.2254943848	30.4904632568
150.811077544	1008.09692383	43.2254943848	30.4904632568
150.811077544	1008.09692383	43.2254943848	30.4904632568
150.811077544	1008.09692383	43.2254943848	30.4904632568
150.811077545	1008.09692383	43.2254943848	30.4904632568
150.811077545	1008.09692383	43.2254943848	30.4904632568
150.811077545	1008.09692383	43.2254943848	30.4904632568
150.811077545	1008.09692383	43.2254943848	30.4904632568
150.811077545	1008.09692383	43.2254943848	30.4904632568
150.811077546	1008.09692383	43.2254943848	30.4904632568
150.811077546	1008.09692383	43.2254943848	30.4904632568
150.811077546	1008.09692383	43.2254943848	30.4904632568
150.811077546	1008.09692383	43.2254943848	30.4904632568
150.811077547	1008.09692383	43.2254943848	30.4904632568
150.811077547	1008.09692383	43.2254943848	30.4904632568
150.811077547	1008.09692383	43.2254943848	30.4904632568
150.811077547	1008.09692383	43.2254943848	30.4904632568
150.811077547	1008.09692383	43.2254943848	30.4904632568
150.811077548	1008.09521484	43.2254943848	30.4904632568
150.811077548	1008.09521484	43.2254943848	30.4904632568
150.811077548	1008.09521484	43.2254943848	30.4904632568
150.811077549	1008.09521484	43.2254943848	30.4904632568
150.811077549	1008.09521484	43.2254943848	30.4904632568
150.811077549	1008.09521484	43.2254943848	30.4904632568
150.811077549	1008.09521484	43.2254943848	30.4904632568
150.811077549	1008.09521484	43.2254943848	30.4904632568
150.81107755	1008.09521484	43.2254943848	30.4904632568
150.81107755	1008.09521484	43.2254943848	30.4904632568
150.81107755	1008.09521484	43.2254943848	30.4904632568
150.81107755	1008.09521484	43.2254943848	30.4904632568
150.811077551	1008.09521484	39.0059928894	30.4904632568
150.811077551	1008.09521484	39.0059928894	30.4904632568
150.811077551	1008.09521484	39.0059928894	30.4904632568
150.811077551	1008.09521484	39.0059928894	30.4904632568
150.811077552	1008.09521484	39.0059928894	30.4904632568
150.811077552	1008.09375	39.0059928894	30.4904632568
150.811077552	1008.09375	39.0059928894	30.4904632568
150.811077552	1008.09375	39.0059928894	30.4904632568
150.811077553	1008.09375	39.0059928894	30.4904632568
150.811077553	1008.09375	39.0059928894	30.4904632568
150.811077553	1008.09375	39.0059928894	30.4904632568
150.811077553	1008.09375	39.0059928894	30.4904632568
150.811077554	1008.09375	39.0059928894	30.4904632568
150.811077554	1008.09375	39.0059928894	30.4904632568
150.811077554	1008.09375	39.0059928894	30.4904632568
150.811077554	1008.09375	39.0059928894	30.4904632568
150.811077554	1008.09375	39.0059928894	30.4904632568
150.811077555	1008.09375	39.0059928894	30.4904632568
150.811077555	1008.09375	39.0059928894	30.4904632568
150.811077555	1008.09375	39.0059928894	30.4904632568
150.811077555	1008.09375	39.0059928894	30.4904632568
150.811077556	1008.09619141	39.0059928894	30.4904632568
150.811077556	1008.09619141	39.0059928894	30.4904632568
150.811077556	1008.09619141	39.0059928894	30.4904632568
150.811077556	1008.09619141	39.0059928894	30.4904632568
150.811077557	1008.09619141	39.0059928894	30.4904632568
150.811077557	1008.09619141	39.0059928894	30.4904632568
150.811077557	1008.09619141	39.0059928894	30.4904632568
150.811077557	1008.09619141	39.0059928894	30.4904632568
150.811077558	1008.09619141	39.0059928894	30.4904632568
150.811077558	1008.09619141	39.0059928894	30.4904632568
150.811077558	1008.09619141	39.0059928894	30.4904632568
150.811077558	1008.09619141	39.0059928894	30.4904632568
150.811077558	1008.09619141	39.0059928894	30.5275878906
150.811077559	1008.09619141	40.7187652588	30.5275878906
150.811077559	1008.09619141	40.7187652588	30.5275878906
150.811077559	1008.09619141	40.7187652588	30.5275878906
150.811077559	1008.09619141	40.7187652588	30.5275878906
150.81107756	1008.1015625	40.7187652588	30.5275878906
150.81107756	1008.1015625	40.7187652588	30.5275878906
150.81107756	1008.1015625	40.7187652588	30.5275878906
150.811077561	1008.1015625	40.7187652588	30.5275878906
150.811077561	1008.1015625	40.7187652588	30.5275878906
150.811078096	1009.49243164	40.0649490356	29.9130439758
150.8110781	1009.49243164	40.0649490356	29.9130439758
150.8110781	1009.49243164	40.0649490356	29.9130439758
150.8110781	1009.49243164	40.0649490356	29.9130439758
150.8110781	1009.49243164	40.0649490356	29.9130439758
150.8110781	1009.49243164	40.0649490356	29.9130439758
150.8110781	1009.49243164	40.0649490356	29.9130439758
150.8110781	1009.49243164	40.0649490356	29.9130439758
150.811078101	1009.49243164	40.0649490356	29.9130439758
150.811078101	1009.49243164	40.0649490356	29.9130439758
150.811078101	1009.49243164	40.0649490356	29.9130439758
150.811078101	1009.49243164	40.0649490356	29.9130439758
150.811078101	1009.49243164	40.0649490356	29.9130439758
150.811078101	1009.49243164	40.0649490356	29.9130439758
150.811078101	1009.49243164	40.0649490356	29.9130439758
150.811078101	1009.49243164	40.0649490356	29.9130439758
150.811078102	1009.49243164	40.0649490356	29.9130439758
150.811078102	1009.49243164	40.0649490356	29.9130439758
150.811078102	1009.49243164	40.0649490356	29.9130439758
150.811078102	1009.49243164	40.0649490356	29.9130439758
150.811078102	1009.49243164	40.0649490356	29.9130439758
150.811078102	1009.49243164	40.0649490356	29.9130439758
150.811078102	1009.49243164	40.0649490356	29.9130439758
150.811078103	1009.49243164	40.0649490356	29.9130439758
150.811078103	1009.49243164	40.0649490356	29.9130439758
150.811078103	1009.49243164	40.0649490356	29.9130439758
150.811078103	1009.49243164	40.0649490356	29.9130439758
150.811078103	1009.49243164	40.0649490356	29.9130439758
150.811078103	1009.48535156	40.0649490356	29.9130439758
150.811078103	1009.48535156	40.0649490356	29.9130439758
150.811078104	1009.48535156	40.0649490356	29.9130439758
150.811078104	1009.48535156	40.0649490356	29.9130439758
150.811078104	1009.48535156	40.0649490356	29.9130439758
150.811078104	1009.48535156	40.0649490356	29.9130439758
150.811078104	1009.48535156	40.0649490356	29.9130439758
150.811078104	1009.48535156	40.0649490356	29.9130439758
150.811078104	1009.48535156	40.0649490356	29.9130439758
150.811078105	1009.48535156	40.0649490356	29.9130439758
150.811078105	1009.48535156	40.0649490356	29.9130439758
150.811078105	1009.48535156	40.0649490356	29.9130439758
150.811078105	1009.48535156	40.0649490356	30.039855957
150.811078105	1009.48535156	40.0649490356	30.039855957
150.811078105	1009.48535156	38.2549972534	30.039855957
150.811078105	1009.48535156	38.2549972534	30.039855957
150.811078106	1009.48535156	38.2549972534	30.039855957
150.811078106	1009.48535156	38.2549972534	30.039855957
150.811078106	1009.48535156	38.2549972534	30.039855957
150.811078106	1009.48535156	38.2549972534	30.039855957
150.811078106	1009.48535156	38.2549972534	30.039855957
150.811078106	1009.48535156	38.2549972534	30.039855957
150.811078106	1009.48535156	38.2549972534	30.039855957
150.811078107	1009.48535156	38.2549972534	30.039855957
150.811078107	1009.48535156	38.2549972534	30.039855957
150.811078107	1009.48535156	38.2549972534	30.039855957
150.811078107	1009.48535156	38.2549972534	30.039855957
150.811078107	1009.48535156	38.2549972534	30.039855957
150.811078107	1009.48901367	38.2549972534	30.039855957
150.811078107	1009.48901367	38.2549972534	30.039855957
150.811078108	1009.48901367	38.2549972534	30.039855957
150.811078108	1009.48901367	38.2549972534	30.039855957
150.811078108	1009.48901367	38.2549972534	30.039855957
150.811078108	1009.48901367	38.2549972534	30.039855957
150.811078108	1009.48901367	38.2549972534	30.039855957
150.811078108	1009.48901367	38.2549972534	30.039855957
150.811078108	1009.48901367	38.2549972534	30.039855957
150.811078109	1009.48901367	38.2549972534	30.039855957
150.811078109	1009.48901367	38.2549972534	30.039855957
150.811078109	1009.48901367	38.2549972534	30.039855957
150.811078109	1009.48901367	38.2549972534	30.039855957
150.811078109	1009.48901367	38.2549972534	30.039855957
150.811078109	1009.48901367	38.2549972534	30.039855957
150.811078109	1009.48901367	38.2549972534	30.039855957
150.81107811	1009.48901367	38.2549972534	30.039855957
150.81107811	1009.48901367	38.2549972534	30.039855957
150.81107811	1009.48901367	38.2549972534	30.039855957
150.81107811	1009.48901367	38.2549972534	30.039855957
150.81107811	1009.48901367	38.2549972534	30.039855957
150.81107811	1009.48901367	38.2549972534	30.039855957
150.81107811	1009.48901367	38.2549972534	30.039855957
150.81107811	1009.48901367	38.2549972534	30.039855957
150.811078111	1009.48901367	38.2549972534	30.039855957
150.811078111	1009.48901367	38.2549972534	30.039855957
150.811078111	1009.48901367	38.2549972534	30.039855957
150.811078111	1009.48901367	38.2549972534	30.039855957
150.811078111	1009.48901367	38.2549972534	30.039855957
150.811078111	1009.48388672	38.2549972534	30.039855957
150.811078112	1009.48388672	38.2549972534	30.039855957
150.811078112	1009.48388672	38.2549972534	30.039855957
150.811078112	1009.48388672	38.2549972534	30.039855957
150.811078112	1009.48388672	38.2549972534	30.039855957
150.811078112	1009.48388672	38.2549972534	30.039855957
150.811078112	1009.48388672	38.2549972534	30.039855957
150.811078112	1009.48388672	38.2549972534	30.039855957
150.811078113	1009.48388672	38.2549972534	30.039855957
150.811078113	1009.48388672	38.2549972534	30.039855957
150.811078113	1009.48388672	38.2549972534	30.1847839355
150.811078113	1009.48388672	38.2549972534	30.1847839355
150.811078113	1009.48388672	41.665435791	30.1847839355
150.811078113	1009.48388672	41.665435791	30.1847839355
150.811078113	1009.48388672	41.665435791	30.1847839355
150.811078114	1009.48388672	41.665435791	30.1847839355
150.811078114	1009.48388672	41.665435791	30.1847839355
150.811078114	1009.48388672	41.665435791	30.1847839355
150.811078114	1009.48388672	41.665435791	30.1847839355
150.811078114	1009.48388672	41.665435791	30.1847839355
150.811078114	1009.48388672	41.665435791	30.1847839355
150.811078114	1009.48388672	41.665435791	30.1847839355
150.811078115	1009.48388672	41.665435791	30.1847839355
150.811078115	1009.48388672	41.665435791	30.1847839355
150.811078115	1009.48388672	41.665435791	30.1847839355
150.811078115	1009.48388672	41.665435791	30.1847839355
150.811078115	1009.48388672	41.665435791	30.1847839355
150.811078115	1009.48388672	41.665435791	30.1847839355
150.811078115	1009.48339844	41.665435791	30.1847839355
150.811078116	1009.48339844	41.665435791	30.1847839355
150.811078116	1009.48339844	41.665435791	30.1847839355
150.811078116	1009.48339844	41.665435791	30.1847839355
150.811078116	1009.48339844	41.665435791	30.1847839355
150.811078116	1009.48339844	41.665435791	30.1847839355
150.811078116	1009.48339844	41.665435791	30.1847839355
150.811078116	1009.48339844	41.665435791	30.1847839355
150.811078117	1009.48339844	41.665435791	30.1847839355
150.811078117	1009.48339844	41.665435791	30.1847839355
150.811078117	1009.48339844	41.665435791	30.1847839355
150.811078117	1009.48339844	41.665435791	30.1847839355
150.811078117	1009.48339844	41.665435791	30.1847839355
150.811078117	1009.48339844	41.665435791	30.1847839355
150.811078117	1009.48339844	41.665435791	30.1847839355
150.811078118	1009.48339844	41.665435791	30.1847839355
150.811078118	1009.48339844	41.665435791	30.1847839355
150.811078118	1009.48339844	41.665435791	30.1847839355
150.811078118	1009.48339844	41.665435791	30.1847839355
150.811078118	1009.48339844	41.665435791	30.1847839355
150.811078118	1009.48339844	41.665435791	30.1847839355
150.811078118	1009.48339844	41.665435791	30.1847839355
150.811078118	1009.48339844	41.665435791	30.1847839355
150.811078119	1009.48339844	41.665435791	30.1847839355
150.811078119	1009.48339844	41.665435791	30.1847839355
150.811078119	1009.48339844	41.665435791	30.1847839355
150.811078119	1009.48339844	41.665435791	30.1847839355
150.811078119	1009.48339844	41.665435791	30.1847839355
150.811078119	1009.48339844	41.665435791	30.1847839355
150.811078119	1009.48291016	41.665435791	30.1847839355
150.81107812	1009.48291016	41.665435791	30.1847839355
150.81107812	1009.48291016	41.665435791	30.1847839355
150.81107812	1009.48291016	41.665435791	30.1847839355
150.81107812	1009.48291016	41.665435791	30.1847839355
150.81107812	1009.48291016	41.665435791	30.1847839355
150.81107812	1009.48291016	41.665435791	30.1847839355
150.81107812	1009.48291016	41.665435791	30.1847839355
150.811078121	1009.48291016	41.665435791	30.1847839355
150.811078121	1009.48291016	41.665435791	30.0760879517
150.811078121	1009.48291016	41.665435791	30.0760879517
150.811078121	1009.48291016	41.0992088318	30.0760879517
150.811078121	1009.48291016	41.0992088318	30.0760879517
150.811078121	1009.48291016	41.0992088318	30.0760879517
150.811078122	1009.48291016	41.0992088318	30.0760879517
150.811078122	1009.48291016	41.0992088318	30.0760879517
150.811078122	1009.48291016	41.0992088318	30.0760879517
150.811078122	1009.48291016	41.0992088318	30.0760879517
150.811078122	1009.48291016	41.0992088318	30.0760879517
150.811078122	1009.48291016	41.0992088318	30.0760879517
150.811078122	1009.48291016	41.0992088318	30.0760879517
150.811078123	1009.48291016	41.0992088318	30.0760879517
150.811078123	1009.48291016	41.0992088318	30.0760879517
150.811078123	1009.48291016	41.0992088318	30.0760879517
150.811078123	1009.48291016	41.0992088318	30.0760879517
150.811078123	1009.48291016	41.0992088318	30.0760879517
150.811078123	1009.48291016	41.0992088318	30.0760879517
150.811078123	1009.48291016	41.0992088318	30.0760879517
150.811078123	1009.4831543	41.0992088318	30.0760879517
150.811078124	1009.4831543	41.0992088318	30.0760879517
150.811078124	1009.4831543	41.0992088318	30.0760879517
150.811078124	1009.4831543	41.0992088318	30.0760879517
150.811078124	1009.4831543	41.0992088318	30.0760879517
150.811078124	1009.4831543	41.0992088318	30.0760879517
150.811078124	1009.4831543	41.0992088318	30.0760879517
150.811078125	1009.4831543	41.0992088318	30.0760879517
150.811078125	1009.4831543	41.0992088318	30.0760879517
150.811078125	1009.4831543	41.0992088318	30.0760879517
150.811078125	1009.4831543	41.0992088318	30.0760879517
150.811078125	1009.4831543	41.0992088318	30.0760879517
150.811078125	1009.4831543	41.0992088318	30.0760879517
150.811078125	1009.4831543	41.0992088318	30.0760879517
150.811078125	1009.4831543	41.0992088318	30.0760879517
150.811078126	1009.4831543	41.0992088318	30.0760879517
150.811078126	1009.4831543	41.0992088318	30.0760879517
150.811078126	1009.4831543	41.0992088318	30.0760879517
150.811078126	1009.4831543	41.0992088318	30.0760879517
150.811078126	1009.4831543	41.0992088318	30.0760879517
150.811078126	1009.4831543	41.0992088318	30.0760879517
150.811078126	1009.4831543	41.0992088318	30.0760879517
150.811078127	1009.4831543	41.0992088318	30.0760879517
150.811078127	1009.4831543	41.0992088318	30.0760879517
150.811078127	1009.4831543	41.0992088318	30.0760879517
150.811078127	1009.4831543	41.0992088318	30.0760879517
150.811078127	1009.4831543	41.0992088318	30.0760879517
150.811078127	1009.4831543	41.0992088318	30.0760879517
150.811078127	1009.4831543	41.0992088318	30.0760879517
150.811078128	1009.48022461	41.0992088318	30.0760879517
150.811078128	1009.48022461	41.0992088318	30.0760879517
150.811078128	1009.48022461	41.0992088318	30.0760879517
150.811078128	1009.48022461	41.0992088318	30.0760879517
150.811078128	1009.48022461	41.0992088318	30.0760879517
150.811078128	1009.48022461	41.0992088318	30.0760879517
150.811078128	1009.48022461	41.0992088318	30.0760879517
150.811078129	1009.48022461	41.0992088318	30.0217399597
150.811078129	1009.48022461	41.0992088318	30.0217399597
150.811078129	1009.48022461	40.6180839539	30.0217399597
150.811078129	1009.48022461	40.6180839539	30.0217399597
150.811078129	1009.48022461	40.6180839539	30.0217399597
150.811078129	1009.48022461	40.6180839539	30.0217399597
150.81107813	1009.48022461	40.6180839539	30.0217399597
150.81107813	1009.48022461	40.6180839539	30.0217399597
150.81107813	1009.48022461	40.6180839539	30.0217399597
150.81107813	1009.48022461	40.6180839539	30.0217399597
150.81107813	1009.48022461	40.6180839539	30.0217399597
150.81107813	1009.48022461	40.6180839539	30.0217399597
150.81107813	1009.48022461	40.6180839539	30.0217399597
150.81107813	1009.48022461	40.6180839539	30.0217399597
150.811078131	1009.48022461	40.6180839539	30.0217399597
150.811078131	1009.48022461	40.6180839539	30.0217399597
150.811078131	1009.48022461	40.6180839539	30.0217399597
150.811078131	1009.48022461	40.6180839539	30.0217399597
150.811078131	1009.48022461	40.6180839539	30.0217399597
150.811078131	1009.48022461	40.6180839539	30.0217399597
150.811078132	1009.47802734	40.6180839539	30.0217399597
150.811078132	1009.47802734	40.6180839539	30.0217399597
150.811078132	1009.47802734	40.6180839539	30.0217399597
150.811078132	1009.47802734	40.6180839539	30.0217399597
150.811078132	1009.47802734	40.6180839539	30.0217399597
150.811078132	1009.47802734	40.6180839539	30.0217399597
150.811078133	1009.47802734	40.6180839539	30.0217399597
150.811078133	1009.47802734	40.6180839539	30.0217399597
150.811078133	1009.47802734	40.6180839539	30.0217399597
150.811078133	1009.47802734	40.6180839539	30.0217399597
150.811078133	1009.47802734	40.6180839539	30.0217399597
150.811078133	1009.47802734	40.6180839539	30.0217399597
150.811078133	1009.47802734	40.6180839539	30.0217399597
150.811078133	1009.47802734	40.6180839539	30.0217399597
150.811078134	1009.47802734	40.6180839539	30.0217399597
150.811078134	1009.47802734	40.6180839539	30.0217399597
150.811078134	1009.47802734	40.6180839539	30.0217399597
150.811078134	1009.47802734	40.6180839539	30.0217399597
150.811078134	1009.47802734	40.6180839539	30.0217399597
150.811078134	1009.47802734	40.6180839539	30.0217399597
150.811078134	1009.47802734	40.6180839539	30.0217399597
150.811078135	1009.47802734	40.6180839539	30.0217399597
150.811078135	1009.47802734	40.6180839539	30.0217399597
150.811078135	1009.47802734	40.6180839539	30.0217399597
150.811078135	1009.47802734	40.6180839539	30.0217399597
150.811078135	1009.47802734	40.6180839539	30.0217399597
150.811078135	1009.47802734	40.6180839539	30.0217399597
150.811078135	1009.47802734	40.6180839539	30.0217399597
150.811078135	1009.47802734	40.6180839539	30.0217399597
150.811078136	1009.48168945	40.6180839539	30.0217399597
150.811078136	1009.48168945	40.6180839539	30.0217399597
150.811078136	1009.48168945	40.6180839539	30.0217399597
150.811078136	1009.48168945	40.6180839539	30.0217399597
150.811078136	1009.48168945	40.6180839539	30.0217399597
150.811078136	1009.48168945	40.6180839539	30.0217399597
150.811078137	1009.48168945	40.6180839539	30.0036239624
150.811078137	1009.48168945	40.6180839539	30.0036239624
150.811078137	1009.48168945	41.8225364685	30.0036239624
150.811078137	1009.48168945	41.8225364685	30.0036239624
150.811078137	1009.48168945	41.8225364685	30.0036239624
150.811078137	1009.48168945	41.8225364685	30.0036239624
150.811078137	1009.48168945	41.8225364685	30.0036239624
150.811078138	1009.48168945	41.8225364685	30.0036239624
150.811078138	1009.48168945	41.8225364685	30.0036239624
150.811078138	1009.48168945	41.8225364685	30.0036239624
150.811078138	1009.48168945	41.8225364685	30.0036239624
150.811078138	1009.48168945	41.8225364685	30.0036239624
150.811078138	1009.48168945	41.8225364685	30.0036239624
150.811078138	1009.48168945	41.8225364685	30.0036239624
150.811078139	1009.48168945	41.8225364685	30.0036239624
150.811078139	1009.48168945	41.8225364685	30.0036239624
150.811078139	1009.48168945	41.8225364685	30.0036239624
150.811078139	1009.48168945	41.8225364685	30.0036239624
150.811078139	1009.48168945	41.8225364685	30.0036239624
150.811078139	1009.48168945	41.8225364685	30.0036239624
150.81107814	1009.48022461	41.8225364685	30.0036239624
150.81107814	1009.48022461	41.8225364685	30.0036239624
150.81107814	1009.48022461	41.8225364685	30.0036239624
150.81107814	1009.48022461	41.8225364685	30.0036239624
150.81107814	1009.48022461	41.8225364685	30.0036239624
150.81107814	1009.48022461	41.8225364685	30.0036239624
150.811078141	1009.48022461	41.8225364685	30.0036239624
150.811078141	1009.48022461	41.8225364685	30.0036239624
150.811078141	1009.48022461	41.8225364685	30.0036239624
150.811078141	1009.48022461	41.8225364685	30.0036239624
150.811078141	1009.48022461	41.8225364685	30.0036239624
150.811078141	1009.48022461	41.8225364685	30.0036239624
150.811078141	1009.48022461	41.8225364685	30.0036239624
150.811078142	1009.48022461	41.8225364685	30.0036239624
150.811078142	1009.48022461	41.8225364685	30.0036239624
150.811078142	1009.48022461	41.8225364685	30.0036239624
150.811078142	1009.48022461	41.8225364685	30.0036239624
150.811078142	1009.48022461	41.8225364685	30.0036239624
150.811078142	1009.48022461	41.8225364685	30.0036239624
150.811078142	1009.48022461	41.8225364685	30.0036239624
150.811078142	1009.48022461	41.8225364685	30.0036239624
150.811078143	1009.48022461	41.8225364685	30.0036239624
150.811078143	1009.48022461	41.8225364685	30.0036239624
150.811078143	1009.48022461	41.8225364685	30.0036239624
150.811078143	1009.48022461	41.8225364685	30.0036239624
150.811078143	1009.48022461	41.8225364685	30.0036239624
150.811078143	1009.48022461	41.8225364685	30.0036239624
150.811078143	1009.48022461	41.8225364685	30.0036239624
150.811078144	1009.48022461	41.8225364685	30.0036239624
150.811078144	1009.48217773	41.8225364685	30.0036239624
150.811078144	1009.48217773	41.8225364685	30.0036239624
150.811078144	1009.48217773	41.8225364685	30.0036239624
150.811078144	1009.48217773	41.8225364685	30.0036239624
150.811078144	1009.48217773	41.8225364685	30.0036239624
150.811078144	1009.48217773	41.8225364685	30.0217399597
150.811078145	1009.48217773	41.8225364685	30.0217399597
150.811078145	1009.48217773	39.6951026917	30.0217399597
150.811078145	1009.48217773	39.6951026917	30.0217399597
150.811078145	1009.48217773	39.6951026917	30.0217399597
150.811078145	1009.48217773	39.6951026917	30.0217399597
150.811078145	1009.48217773	39.6951026917	30.0217399597
150.811078146	1009.48217773	39.6951026917	30.0217399597
150.811078146	1009.48217773	39.6951026917	30.0217399597
150.811078146	1009.48217773	39.6951026917	30.0217399597
150.811078146	1009.48217773	39.6951026917	30.0217399597
150.811078146	1009.48217773	39.6951026917	30.0217399597
150.811078146	1009.48217773	39.6951026917	30.0217399597
150.811078146	1009.48217773	39.6951026917	30.0217399597
150.811078147	1009.48217773	39.6951026917	30.0217399597
150.811078147	1009.48217773	39.6951026917	30.0217399597
150.811078147	1009.48217773	39.6951026917	30.0217399597
150.811078147	1009.48217773	39.6951026917	30.0217399597
150.811078147	1009.48217773	39.6951026917	30.0217399597
150.811078147	1009.48217773	39.6951026917	30.0217399597
150.811078147	1009.48217773	39.6951026917	30.0217399597
150.811078147	1009.48217773	39.6951026917	30.0217399597
150.811078148	1009.48217773	39.6951026917	30.0217399597
150.811078148	1009.47973633	39.6951026917	30.0217399597
150.811078148	1009.47973633	39.6951026917	30.0217399597
150.811078148	1009.47973633	39.6951026917	30.0217399597
150.811078148	1009.47973633	39.6951026917	30.0217399597
150.811078148	1009.47973633	39.6951026917	30.0217399597
150.811078149	1009.47973633	39.6951026917	30.0217399597
150.811078149	1009.47973633	39.6951026917	30.0217399597
150.811078149	1009.47973633	39.6951026917	30.0217399597
150.811078149	1009.47973633	39.6951026917	30.0217399597
150.811078149	1009.47973633	39.6951026917	30.0217399597
150.811078149	1009.47973633	39.6951026917	30.0217399597
150.811078149	1009.47973633	39.6951026917	30.0217399597
150.811078149	1009.47973633	39.6951026917	30.0217399597
150.81107815	1009.47973633	39.6951026917	30.0217399597
150.81107815	1009.47973633	39.6951026917	30.0217399597
150.81107815	1009.47973633	39.6951026917	30.0217399597
150.81107815	1009.47973633	39.6951026917	30.0217399597
150.81107815	1009.47973633	39.6951026917	30.0217399597
150.81107815	1009.47973633	39.6951026917	30.0217399597
150.81107815	1009.47973633	39.6951026917	30.0217399597
150.811078151	1009.47973633	39.6951026917	30.0217399597
150.811078151	1009.47973633	39.6951026917	30.0217399597
150.811078151	1009.47973633	39.6951026917	30.0217399597
150.811078151	1009.47973633	39.6951026917	30.0217399597
150.811078151	1009.47973633	39.6951026917	30.0217399597
150.811078151	1009.47973633	39.6951026917	30.0217399597
150.811078151	1009.47973633	39.6951026917	30.0217399597
150.811078152	1009.47973633	39.6951026917	30.0217399597
150.811078152	1009.47973633	39.6951026917	30.0217399597
150.811078152	1009.48461914	39.6951026917	30.0217399597
150.811078152	1009.48461914	39.6951026917	30.0217399597
150.811078152	1009.48461914	39.6951026917	30.0217399597
150.811078152	1009.48461914	39.6951026917	30.0217399597
150.811078153	1009.48461914	39.6951026917	30.0217399597
150.811078153	1009.48461914	43.18409729	30.0217399597
150.811078153	1009.48461914	43.18409729	30.0217399597
150.811078153	1009.48461914	43.18409729	30.0217399597
150.811078153	1009.48461914	43.18409729	30.0217399597
150.811078153	1009.48461914	43.18409729	30.0217399597
150.811078153	1009.48461914	43.18409729	30.0217399597
150.811078154	1009.48461914	43.18409729	30.0217399597
150.811078154	1009.48461914	43.18409729	30.0217399597
150.811078154	1009.48461914	43.18409729	30.0217399597
150.811078154	1009.48461914	43.18409729	30.0217399597
150.811078154	1009.48461914	43.18409729	30.0217399597
150.811078154	1009.48461914	43.18409729	30.0217399597
150.811078154	1009.48461914	43.18409729	30.0217399597
150.811078154	1009.48461914	43.18409729	30.0217399597
150.811078155	1009.48461914	43.18409729	30.0217399597
150.811078155	1009.48461914	43.18409729	30.0217399597
150.811078155	1009.48461914	43.18409729	30.0217399597
150.811078155	1009.48461914	43.18409729	30.0217399597
150.811078155	1009.48461914	43.18409729	30.0217399597
150.811078155	1009.48461914	43.18409729	30.0217399597
150.811078155	1009.48461914	43.18409729	30.0217399597
150.811078156	1009.48461914	43.18409729	30.0217399597
150.811078156	1009.48461914	43.18409729	30.0217399597
150.811078156	1009.47583008	43.18409729	30.0217399597
150.811078156	1009.47583008	43.18409729	30.0217399597
150.811078156	1009.47583008	43.18409729	30.0217399597
150.811078156	1009.47583008	43.18409729	30.0217399597
150.811078156	1009.47583008	43.18409729	30.0217399597
