4.14729250626	800
time	pressure	humidity	temperature
150.811064271	1006.97314453	36.8582611084	33.1072616577
150.811064272	1006.97314453	36.8582611084	33.1072616577
150.811064272	1006.97314453	36.8582611084	33.1072616577
150.811064272	1006.97314453	36.8582611084	33.1072616577
150.811064273	1006.97314453	36.8582611084	33.1072616577
150.811064273	1006.97314453	36.8582611084	33.1072616577
150.811064273	1006.97314453	36.8582611084	33.1072616577
150.811064273	1006.97314453	36.8582611084	33.1072616577
150.811064274	1006.97314453	36.8582611084	33.1072616577
150.811064274	1006.97314453	36.8582611084	33.1072616577
150.811064274	1006.97314453	36.8582611084	33.1072616577
150.811064274	1006.97314453	36.8582611084	33.1072616577
150.811064274	1006.96777344	36.8582611084	33.1072616577
150.811064275	1006.96777344	36.8582611084	33.1072616577
150.811064275	1006.96777344	36.8582611084	33.1072616577
150.811064275	1006.96777344	36.8582611084	33.1072616577
150.811064276	1006.96777344	36.8582611084	33.1072616577
150.811064276	1006.96777344	36.8582611084	33.1072616577
150.811064276	1006.96777344	36.8582611084	33.1072616577
150.811064276	1006.96777344	36.8582611084	33.1072616577
150.811064276	1006.96777344	36.8582611084	33.1072616577
150.811064277	1006.96777344	36.8582611084	33.1072616577
150.811064277	1006.96777344	36.8582611084	33.0891914368
150.811064277	1006.96777344	34.7881469727	33.0891914368
150.811064278	1006.96777344	34.7881469727	33.0891914368
150.811064278	1006.96777344	34.7881469727	33.0891914368
150.811064278	1006.96777344	34.7881469727	33.0891914368
150.811064278	1006.96777344	34.7881469727	33.0891914368
150.811064278	1006.97021484	34.7881469727	33.0891914368
150.811064279	1006.97021484	34.7881469727	33.0891914368
150.811064279	1006.97021484	34.7881469727	33.0891914368
150.811064279	1006.97021484	34.7881469727	33.0891914368
150.811064279	1006.97021484	34.7881469727	33.0891914368
150.81106428	1006.97021484	34.7881469727	33.0891914368
150.81106428	1006.97021484	34.7881469727	33.0891914368
150.81106428	1006.97021484	34.7881469727	33.0891914368
150.81106428	1006.97021484	34.7881469727	33.0891914368
150.811064281	1006.97021484	34.7881469727	33.0891914368
150.811064281	1006.97021484	34.7881469727	33.0891914368
150.811064281	1006.97021484	34.7881469727	33.0891914368
150.811064281	1006.97021484	34.7881469727	33.0891914368
150.811064281	1006.97021484	34.7881469727	33.0891914368
150.811064282	1006.97021484	34.7881469727	33.0891914368
150.811064282	1006.97021484	34.7881469727	33.0891914368
150.811064282	1006.97021484	34.7881469727	33.0891914368
150.811064282	1006.97021484	34.7881469727	33.0891914368
150.811064283	1006.97314453	34.7881469727	33.0891914368
150.811064283	1006.97314453	34.7881469727	33.0891914368
150.811064283	1006.97314453	34.7881469727	33.0891914368
150.811064283	1006.97314453	34.7881469727	33.0891914368
150.811064284	1006.97314453	34.7881469727	33.0891914368
150.811064284	1006.97314453	34.7881469727	33.0891914368
150.811064284	1006.97314453	34.7881469727	33.0891914368
150.811064284	1006.97314453	34.7881469727	33.0891914368
150.811064285	1006.97314453	34.7881469727	33.0891914368
150.811064285	1006.97314453	34.7881469727	33.0891914368
150.811064285	1006.97314453	34.7881469727	33.0891914368
150.811064285	1006.97314453	34.7881469727	33.1795349121
150.811064286	1006.97314453	36.3025665283	33.1795349121
150.811064286	1006.97314453	36.3025665283	33.1795349121
150.811064286	1006.97314453	36.3025665283	33.1795349121
150.811064286	1006.97314453	36.3025665283	33.1795349121
150.811064286	1006.98022461	36.3025665283	33.1795349121
150.811064287	1006.98022461	36.3025665283	33.1795349121
150.811064287	1006.98022461	36.3025665283	33.1795349121
150.811064287	1006.98022461	36.3025665283	33.1795349121
150.811064288	1006.98022461	36.3025665283	33.1795349121
150.811064288	1006.98022461	36.3025665283	33.1795349121
150.811064288	1006.98022461	36.3025665283	33.1795349121
150.811064288	1006.98022461	36.3025665283	33.1795349121
150.811064288	1006.98022461	36.3025665283	33.1795349121
150.811064289	1006.98022461	36.3025665283	33.1795349121
150.811064289	1006.98022461	36.3025665283	33.1795349121
150.811064289	1006.98022461	36.3025665283	33.1795349121
150.811064289	1006.98022461	36.3025665283	33.1795349121
150.81106429	1006.98022461	36.3025665283	33.1795349121
150.81106429	1006.98022461	36.3025665283	33.1795349121
150.81106429	1006.98022461	36.3025665283	33.1795349121
150.81106429	1006.98022461	36.3025665283	33.1795349121
150.81106429	1006.98120117	36.3025665283	33.1795349121
150.811064291	1006.98120117	36.3025665283	33.1795349121
150.811064291	1006.98120117	36.3025665283	33.1795349121
150.811064291	1006.98120117	36.3025665283	33.1795349121
150.811064291	1006.98120117	36.3025665283	33.1795349121
150.811064292	1006.98120117	36.3025665283	33.1795349121
150.811064292	1006.98120117	36.3025665283	33.1795349121
150.811064292	1006.98120117	36.3025665283	33.1795349121
150.811064292	1006.98120117	36.3025665283	33.1795349121
150.811064293	1006.98120117	36.3025665283	33.1795349121
150.811064293	1006.98120117	36.3025665283	33.1795349121
150.811064293	1006.98120117	36.3025665283	33.1795349121
150.811064293	1006.98120117	36.3025665283	33.2156677246
150.811064294	1006.98120117	38.7879257202	33.2156677246
150.811064294	1006.98120117	38.7879257202	33.2156677246
150.811064294	1006.98120117	38.7879257202	33.2156677246
150.811064294	1006.98510742	38.7879257202	33.2156677246
150.811064295	1006.98510742	38.7879257202	33.2156677246
150.811064295	1006.98510742	38.7879257202	33.2156677246
150.811064295	1006.98510742	38.7879257202	33.2156677246
150.811064295	1006.98510742	38.7879257202	33.2156677246
150.811064296	1006.98510742	38.7879257202	33.2156677246
150.811064296	1006.98510742	38.7879257202	33.2156677246
150.811064296	1006.98510742	38.7879257202	33.2156677246
150.811064296	1006.98510742	38.7879257202	33.2156677246
150.811064296	1006.98510742	38.7879257202	33.2156677246
150.811064297	1006.98510742	38.7879257202	33.2156677246
150.811064297	1006.98510742	38.7879257202	33.2156677246
150.811064297	1006.98510742	38.7879257202	33.2156677246
150.811064297	1006.98510742	38.7879257202	33.2156677246
150.811064298	1006.98510742	38.7879257202	33.2156677246
150.811064298	1006.98510742	38.7879257202	33.2156677246
150.811064298	1006.98510742	38.7879257202	33.2156677246
150.811064298	1006.98144531	38.7879257202	33.2156677246
150.811064299	1006.98144531	38.7879257202	33.2156677246
150.811064299	1006.98144531	38.7879257202	33.2156677246
150.811064299	1006.98144531	38.7879257202	33.2156677246
150.811064299	1006.98144531	38.7879257202	33.2156677246
150.8110643	1006.98144531	38.7879257202	33.2156677246
150.8110643	1006.98144531	38.7879257202	33.2156677246
150.8110643	1006.98144531	38.7879257202	33.2156677246
150.8110643	1006.98144531	38.7879257202	33.2156677246
150.8110643	1006.98144531	38.7879257202	33.2156677246
150.811064301	1006.98144531	38.7879257202	33.2156677246
150.811064301	1006.98144531	38.7879257202	33.2156677246
150.811064301	1006.98144531	38.7879257202	33.2156677246
150.811064301	1006.98144531	38.7879257202	33.125328064
150.811064302	1006.98144531	37.5879936218	33.125328064
150.811064302	1006.98144531	37.5879936218	33.125328064
150.811064302	1006.97949219	37.5879936218	33.125328064
150.811064303	1006.97949219	37.5879936218	33.125328064
150.811064303	1006.97949219	37.5879936218	33.125328064
150.811064303	1006.97949219	37.5879936218	33.125328064
150.811064303	1006.97949219	37.5879936218	33.125328064
150.811064303	1006.97949219	37.5879936218	33.125328064
150.811064304	1006.97949219	37.5879936218	33.125328064
150.811064304	1006.97949219	37.5879936218	33.125328064
150.811064304	1006.97949219	37.5879936218	33.125328064
150.811064304	1006.97949219	37.5879936218	33.125328064
150.811064305	1006.97949219	37.5879936218	33.125328064
150.811064305	1006.97949219	37.5879936218	33.125328064
150.811064305	1006.97949219	37.5879936218	33.125328064
150.811064305	1006.97949219	37.5879936218	33.125328064
150.811064305	1006.97949219	37.5879936218	33.125328064
150.811064306	1006.97949219	37.5879936218	33.125328064
150.811064306	1006.97949219	37.5879936218	33.125328064
150.811064306	1006.98071289	37.5879936218	33.125328064
150.811064307	1006.98071289	37.5879936218	33.125328064
150.811064307	1006.98071289	37.5879936218	33.125328064
150.811064307	1006.98071289	37.5879936218	33.125328064
150.811064307	1006.98071289	37.5879936218	33.125328064
150.811064307	1006.98071289	37.5879936218	33.125328064
150.811064308	1006.98071289	37.5879936218	33.125328064
150.811064308	1006.98071289	37.5879936218	33.125328064
150.811064308	1006.98071289	37.5879936218	33.125328064
150.811064308	1006.98071289	37.5879936218	33.125328064
150.811064309	1006.98071289	37.5879936218	33.125328064
150.811064309	1006.98071289	37.5879936218	33.125328064
150.811064309	1006.98071289	37.5879936218	33.125328064
150.811064309	1006.98071289	37.5879936218	33.125328064
150.811064309	1006.98071289	37.5879936218	33.125328064
150.81106431	1006.98071289	37.5879936218	33.2156677246
150.81106431	1006.98071289	35.322467804	33.2156677246
150.81106431	1006.98510742	35.322467804	33.2156677246
150.811064311	1006.98510742	35.322467804	33.2156677246
150.811064311	1006.98510742	35.322467804	33.2156677246
150.811064311	1006.98510742	35.322467804	33.2156677246
150.811064311	1006.98510742	35.322467804	33.2156677246
150.811064312	1006.98510742	35.322467804	33.2156677246
150.811064312	1006.98510742	35.322467804	33.2156677246
150.811064312	1006.98510742	35.322467804	33.2156677246
150.811064312	1006.98510742	35.322467804	33.2156677246
150.811064312	1006.98510742	35.322467804	33.2156677246
150.811064313	1006.98510742	35.322467804	33.2156677246
150.811064313	1006.98510742	35.322467804	33.2156677246
150.811064313	1006.98510742	35.322467804	33.2156677246
150.811064313	1006.98510742	35.322467804	33.2156677246
150.811064314	1006.98510742	35.322467804	33.2156677246
150.811064314	1006.98510742	35.322467804	33.2156677246
150.811064314	1006.98510742	35.322467804	33.2156677246
150.811064314	1006.99121094	35.322467804	33.2156677246
150.811064315	1006.99121094	35.322467804	33.2156677246
150.811064315	1006.99121094	35.322467804	33.2156677246
150.811064315	1006.99121094	35.322467804	33.2156677246
150.811064315	1006.99121094	35.322467804	33.2156677246
150.811064316	1006.99121094	35.322467804	33.2156677246
150.811064316	1006.99121094	35.322467804	33.2156677246
150.811064316	1006.99121094	35.322467804	33.2156677246
150.811064316	1006.99121094	35.322467804	33.2156677246
150.811064316	1006.99121094	35.322467804	33.2156677246
150.811064317	1006.99121094	35.322467804	33.2156677246
150.811064317	1006.99121094	35.322467804	33.2156677246
150.811064317	1006.99121094	35.322467804	33.2156677246
150.811064317	1006.99121094	35.322467804	33.2156677246
150.811064317	1006.99121094	35.322467804	33.2156677246
150.811064318	1006.99121094	35.322467804	33.1072616577
150.811064318	1007.00048828	35.8079376221	33.1072616577
150.811064319	1007.00048828	35.8079376221	33.1072616577
150.811064319	1007.00048828	35.8079376221	33.1072616577
150.811064319	1007.00048828	35.8079376221	33.1072616577
150.811064319	1007.00048828	35.8079376221	33.1072616577
150.811064319	1007.00048828	35.8079376221	33.1072616577
150.81106432	1007.00048828	35.8079376221	33.1072616577
150.81106432	1007.00048828	35.8079376221	33.1072616577
150.81106432	1007.00048828	35.8079376221	33.1072616577
150.81106432	1007.00048828	35.8079376221	33.1072616577
150.811064321	1007.00048828	35.8079376221	33.1072616577
150.811064321	1007.00048828	35.8079376221	33.1072616577
150.811064321	1007.00048828	35.8079376221	33.1072616577
150.811064321	1007.00048828	35.8079376221	33.1072616577
150.811064321	1007.00048828	35.8079376221	33.1072616577
150.811064322	1007.00048828	35.8079376221	33.1072616577
150.811064322	1007.00048828	35.8079376221	33.1072616577
150.811064322	1007.00512695	35.8079376221	33.1072616577
150.811064322	1007.00512695	35.8079376221	33.1072616577
150.811064323	1007.00512695	35.8079376221	33.1072616577
150.811064323	1007.00512695	35.8079376221	33.1072616577
150.811064323	1007.00512695	35.8079376221	33.1072616577
150.811064323	1007.00512695	35.8079376221	33.1072616577
150.811064324	1007.00512695	35.8079376221	33.1072616577
150.811064324	1007.00512695	35.8079376221	33.1072616577
150.811064324	1007.00512695	35.8079376221	33.1072616577
150.811064324	1007.00512695	35.8079376221	33.1072616577
150.811064324	1007.00512695	35.8079376221	33.1072616577
150.811064325	1007.00512695	35.8079376221	33.1072616577
150.811064325	1007.00512695	35.8079376221	33.1072616577
150.811064325	1007.00512695	35.8079376221	33.1072616577
150.811064325	1007.00512695	35.8079376221	33.1072616577
150.811064326	1007.00512695	35.8079376221	33.1072616577
150.811064326	1007.00512695	35.8079376221	33.1795349121
150.811064326	1007.00439453	37.12084198	33.1795349121
150.811064327	1007.00439453	37.12084198	33.1795349121
150.811064327	1007.00439453	37.12084198	33.1795349121
150.811064327	1007.00439453	37.12084198	33.1795349121
150.811064327	1007.00439453	37.12084198	33.1795349121
150.811064328	1007.00439453	37.12084198	33.1795349121
150.811064328	1007.00439453	37.12084198	33.1795349121
150.811064328	1007.00439453	37.12084198	33.1795349121
150.811064328	1007.00439453	37.12084198	33.1795349121
150.811064328	1007.00439453	37.12084198	33.1795349121
150.811064329	1007.00439453	37.12084198	33.1795349121
150.811064329	1007.00439453	37.12084198	33.1795349121
150.811064329	1007.00439453	37.12084198	33.1795349121
150.811064329	1007.00439453	37.12084198	33.1795349121
150.81106433	1007.00439453	37.12084198	33.1795349121
150.81106433	1007.00439453	37.12084198	33.1795349121
150.81106433	1007.00561523	37.12084198	33.1795349121
150.81106433	1007.00561523	37.12084198	33.1795349121
150.811064331	1007.00561523	37.12084198	33.1795349121
150.811064331	1007.00561523	37.12084198	33.1795349121
150.811064331	1007.00561523	37.12084198	33.1795349121
150.811064331	1007.00561523	37.12084198	33.1795349121
150.811064331	1007.00561523	37.12084198	33.1795349121
150.811064332	1007.00561523	37.12084198	33.1795349121
150.811064332	1007.00561523	37.12084198	33.1795349121
150.811064332	1007.00561523	37.12084198	33.1795349121
150.811064332	1007.00561523	37.12084198	33.1795349121
150.811064333	1007.00561523	37.12084198	33.1795349121
150.811064333	1007.00561523	37.12084198	33.1795349121
150.811064333	1007.00561523	37.12084198	33.1795349121
150.811064333	1007.00561523	37.12084198	33.1795349121
150.811064333	1007.00561523	37.12084198	33.1795349121
150.811064334	1007.00561523	37.12084198	33.1795349121
150.811064334	1007.00390625	37.12084198	33.1614646912
150.811064334	1007.00390625	36.2292900085	33.1614646912
150.811064335	1007.00390625	36.2292900085	33.1614646912
150.811064335	1007.00390625	36.2292900085	33.1614646912
150.811064335	1007.00390625	36.2292900085	33.1614646912
150.811064335	1007.00390625	36.2292900085	33.1614646912
150.811064336	1007.00390625	36.2292900085	33.1614646912
150.811064336	1007.00390625	36.2292900085	33.1614646912
150.811064336	1007.00390625	36.2292900085	33.1614646912
150.811064336	1007.00390625	36.2292900085	33.1614646912
150.811064336	1007.00390625	36.2292900085	33.1614646912
150.811064337	1007.00390625	36.2292900085	33.1614646912
150.811064337	1007.00390625	36.2292900085	33.1614646912
150.811064337	1007.00390625	36.2292900085	33.1614646912
150.811064337	1007.00390625	36.2292900085	33.1614646912
150.811064338	1007.00390625	36.2292900085	33.1614646912
150.811064338	1006.99853516	36.2292900085	33.1614646912
150.811064338	1006.99853516	36.2292900085	33.1614646912
150.811064338	1006.99853516	36.2292900085	33.1614646912
150.811064339	1006.99853516	36.2292900085	33.1614646912
150.811064339	1006.99853516	36.2292900085	33.1614646912
150.811064339	1006.99853516	36.2292900085	33.1614646912
150.811064339	1006.99853516	36.2292900085	33.1614646912
150.81106434	1006.99853516	36.2292900085	33.1614646912
150.81106434	1006.99853516	36.2292900085	33.1614646912
150.81106434	1006.99853516	36.2292900085	33.1614646912
150.81106434	1006.99853516	36.2292900085	33.1614646912
150.81106434	1006.99853516	36.2292900085	33.1614646912
150.811064341	1006.99853516	36.2292900085	33.1614646912
150.811064341	1006.99853516	36.2292900085	33.1614646912
150.811064341	1006.99853516	36.2292900085	33.1614646912
150.811064341	1006.99853516	36.2292900085	33.1614646912
150.811064342	1006.99853516	36.2292900085	33.1614646912
150.811064342	1006.99389648	36.2292900085	33.1614646912
150.811064342	1006.99389648	36.2292900085	33.1795349121
150.811064342	1006.99389648	35.4140663147	33.1795349121
150.811064343	1006.99389648	35.4140663147	33.1795349121
150.811064343	1006.99389648	35.4140663147	33.1795349121
150.811064343	1006.99389648	35.4140663147	33.1795349121
150.811064343	1006.99389648	35.4140663147	33.1795349121
150.811064344	1006.99389648	35.4140663147	33.1795349121
150.811064344	1006.99389648	35.4140663147	33.1795349121
150.811064344	1006.99389648	35.4140663147	33.1795349121
150.811064344	1006.99389648	35.4140663147	33.1795349121
150.811064345	1006.99389648	35.4140663147	33.1795349121
150.811064345	1006.99389648	35.4140663147	33.1795349121
150.811064345	1006.99389648	35.4140663147	33.1795349121
150.811064345	1006.99389648	35.4140663147	33.1795349121
150.811064345	1006.99389648	35.4140663147	33.1795349121
150.811064346	1006.99389648	35.4140663147	33.1795349121
150.811064346	1006.99414062	35.4140663147	33.1795349121
150.811064346	1006.99414062	35.4140663147	33.1795349121
150.811064347	1006.99414062	35.4140663147	33.1795349121
150.811064347	1006.99414062	35.4140663147	33.1795349121
150.811064347	1006.99414062	35.4140663147	33.1795349121
150.811064347	1006.99414062	35.4140663147	33.1795349121
150.811064347	1006.99414062	35.4140663147	33.1795349121
150.811064348	1006.99414062	35.4140663147	33.1795349121
150.811064348	1006.99414062	35.4140663147	33.1795349121
150.811064348	1006.99414062	35.4140663147	33.1795349121
150.811064348	1006.99414062	35.4140663147	33.1795349121
150.811064349	1006.99414062	35.4140663147	33.1795349121
150.811064349	1006.99414062	35.4140663147	33.1795349121
150.811064349	1006.99414062	35.4140663147	33.1795349121
150.811064349	1006.99414062	35.4140663147	33.1795349121
150.811064349	1006.99414062	35.4140663147	33.1795349121
150.81106435	1006.99414062	35.4140663147	33.1795349121
150.81106435	1006.99121094	35.4140663147	33.1795349121
150.81106435	1006.99121094	35.4140663147	33.0349884033
150.811064351	1006.99121094	35.4140663147	33.0349884033
150.811064351	1006.99121094	39.2398071289	33.0349884033
150.811064351	1006.99121094	39.2398071289	33.0349884033
150.811064351	1006.99121094	39.2398071289	33.0349884033
150.811064352	1006.99121094	39.2398071289	33.0349884033
150.811064352	1006.99121094	39.2398071289	33.0349884033
150.811064352	1006.99121094	39.2398071289	33.0349884033
150.811064352	1006.99121094	39.2398071289	33.0349884033
150.811064352	1006.99121094	39.2398071289	33.0349884033
150.811064353	1006.99121094	39.2398071289	33.0349884033
150.811064353	1006.99121094	39.2398071289	33.0349884033
150.811064353	1006.99121094	39.2398071289	33.0349884033
150.811064353	1006.99121094	39.2398071289	33.0349884033
150.811064354	1006.99121094	39.2398071289	33.0349884033
150.811064354	1006.98999023	39.2398071289	33.0349884033
150.811064354	1006.98999023	39.2398071289	33.0349884033
150.811064354	1006.98999023	39.2398071289	33.0349884033
150.811064355	1006.98999023	39.2398071289	33.0349884033
150.811064355	1006.98999023	39.2398071289	33.0349884033
150.811064355	1006.98999023	39.2398071289	33.0349884033
150.811064355	1006.98999023	39.2398071289	33.0349884033
150.811064355	1006.98999023	39.2398071289	33.0349884033
150.811064356	1006.98999023	39.2398071289	33.0349884033
150.811064356	1006.98999023	39.2398071289	33.0349884033
150.811064356	1006.98999023	39.2398071289	33.0349884033
150.811064356	1006.98999023	39.2398071289	33.0349884033
150.811064357	1006.98999023	39.2398071289	33.0349884033
150.811064357	1006.98999023	39.2398071289	33.0349884033
150.811064357	1006.98999023	39.2398071289	33.0349884033
150.811064357	1006.98999023	39.2398071289	33.0349884033
150.811064357	1006.98999023	39.2398071289	33.0349884033
150.811064358	1006.98901367	39.2398071289	33.0349884033
150.811064358	1006.98901367	39.2398071289	33.0349884033
150.811064358	1006.98901367	39.2398071289	33.0349884033
150.811064359	1006.98901367	39.2398071289	33.1976013184
150.811064359	1006.98901367	36.2567672729	33.1976013184
150.811064359	1006.98901367	36.2567672729	33.1976013184
150.811064359	1006.98901367	36.2567672729	33.1976013184
150.81106436	1006.98901367	36.2567672729	33.1976013184
150.81106436	1006.98901367	36.2567672729	33.1976013184
150.81106436	1006.98901367	36.2567672729	33.1976013184
150.81106436	1006.98901367	36.2567672729	33.1976013184
150.811064361	1006.98901367	36.2567672729	33.1976013184
150.811064361	1006.98901367	36.2567672729	33.1976013184
150.811064361	1006.98901367	36.2567672729	33.1976013184
150.811064361	1006.98901367	36.2567672729	33.1976013184
150.811064361	1006.98901367	36.2567672729	33.1976013184
150.811064362	1006.99389648	36.2567672729	33.1976013184
150.811064362	1006.99389648	36.2567672729	33.1976013184
150.811064362	1006.99389648	36.2567672729	33.1976013184
150.811064362	1006.99389648	36.2567672729	33.1976013184
150.811064363	1006.99389648	36.2567672729	33.1976013184
150.811064363	1006.99389648	36.2567672729	33.1976013184
150.811064363	1006.99389648	36.2567672729	33.1976013184
150.811064363	1006.99389648	36.2567672729	33.1976013184
150.811064364	1006.99389648	36.2567672729	33.1976013184
150.811064364	1006.99389648	36.2567672729	33.1976013184
150.811064364	1006.99389648	36.2567672729	33.1976013184
150.811064364	1006.99389648	36.2567672729	33.1976013184
150.811064364	1006.99389648	36.2567672729	33.1976013184
150.811064365	1006.99389648	36.2567672729	33.1976013184
150.811064365	1006.99389648	36.2567672729	33.1976013184
150.811064365	1006.99389648	36.2567672729	33.1976013184
150.811064365	1006.99389648	36.2567672729	33.1976013184
150.811064366	1006.99511719	36.2567672729	33.1976013184
150.811064366	1006.99511719	36.2567672729	33.1976013184
150.811064366	1006.99511719	36.2567672729	33.1976013184
150.811064366	1006.99511719	36.2567672729	33.1976013184
150.811064367	1006.99511719	36.2567672729	33.2337379456
150.811065161	1008.21533203	39.6381034851	32.8254013062
150.811065165	1008.22192383	39.6381034851	32.8254013062
150.811065165	1008.22192383	39.6381034851	32.8254013062
150.811065165	1008.22192383	39.6381034851	32.8254013062
150.811065165	1008.22192383	39.6381034851	32.8254013062
150.811065166	1008.22192383	39.6381034851	32.8254013062
150.811065166	1008.22192383	39.6381034851	32.8254013062
150.811065166	1008.22192383	39.6381034851	32.8254013062
150.811065166	1008.22192383	39.6381034851	32.8254013062
150.811065166	1008.22192383	39.6381034851	32.8254013062
150.811065166	1008.22192383	39.6381034851	32.8254013062
150.811065166	1008.22192383	39.6381034851	32.8254013062
150.811065167	1008.22192383	39.6381034851	32.8254013062
150.811065167	1008.22192383	39.6381034851	32.8254013062
150.811065167	1008.22192383	39.6381034851	32.8254013062
150.811065167	1008.22192383	39.6381034851	32.8254013062
150.811065167	1008.22192383	39.6381034851	32.8254013062
150.811065167	1008.22192383	39.6381034851	32.8254013062
150.811065167	1008.22192383	39.6381034851	32.8254013062
150.811065167	1008.22192383	39.6381034851	32.8254013062
150.811065168	1008.22192383	39.6381034851	32.8254013062
150.811065168	1008.22192383	39.6381034851	32.8254013062
150.811065168	1008.22192383	39.6381034851	32.8254013062
150.811065168	1008.22192383	39.6381034851	32.8254013062
150.811065168	1008.22192383	39.6381034851	32.8254013062
150.811065168	1008.22192383	39.6381034851	32.8254013062
150.811065168	1008.22192383	39.6381034851	32.8254013062
150.811065169	1008.22192383	39.6381034851	32.8254013062
150.811065169	1008.22192383	39.6381034851	32.8254013062
150.811065169	1008.22192383	39.6381034851	32.8254013062
150.811065169	1008.22241211	39.6381034851	32.8254013062
150.811065169	1008.22241211	39.6381034851	32.8254013062
150.811065169	1008.22241211	39.6381034851	32.8254013062
150.81106517	1008.22241211	39.6381034851	32.8254013062
150.81106517	1008.22241211	38.4105033875	32.8254013062
150.81106517	1008.22241211	38.4105033875	32.8254013062
150.81106517	1008.22241211	38.4105033875	32.8254013062
150.81106517	1008.22241211	38.4105033875	32.8254013062
150.81106517	1008.22241211	38.4105033875	32.8254013062
150.81106517	1008.22241211	38.4105033875	32.8254013062
150.811065171	1008.22241211	38.4105033875	32.8254013062
150.811065171	1008.22241211	38.4105033875	32.8254013062
150.811065171	1008.22241211	38.4105033875	32.8254013062
150.811065171	1008.22241211	38.4105033875	32.8254013062
150.811065171	1008.22241211	38.4105033875	32.8254013062
150.811065171	1008.22241211	38.4105033875	32.8254013062
150.811065171	1008.22241211	38.4105033875	32.8254013062
150.811065171	1008.22241211	38.4105033875	32.8254013062
150.811065172	1008.22241211	38.4105033875	32.8254013062
150.811065172	1008.22241211	38.4105033875	32.8254013062
150.811065172	1008.22241211	38.4105033875	32.8254013062
150.811065172	1008.22241211	38.4105033875	32.8254013062
150.811065172	1008.22241211	38.4105033875	32.8254013062
150.811065172	1008.22241211	38.4105033875	32.8254013062
150.811065172	1008.22241211	38.4105033875	32.8254013062
150.811065173	1008.22241211	38.4105033875	32.8254013062
150.811065173	1008.22241211	38.4105033875	32.8254013062
150.811065173	1008.22241211	38.4105033875	32.8254013062
150.811065173	1008.22241211	38.4105033875	32.8254013062
150.811065173	1008.22338867	38.4105033875	32.8254013062
150.811065173	1008.22338867	38.4105033875	32.8254013062
150.811065174	1008.22338867	38.4105033875	32.8254013062
150.811065174	1008.22338867	38.4105033875	32.8254013062
150.811065174	1008.22338867	38.4105033875	32.8254013062
150.811065174	1008.22338867	38.4105033875	32.8254013062
150.811065174	1008.22338867	38.4105033875	32.8254013062
150.811065174	1008.22338867	38.4105033875	32.8254013062
150.811065174	1008.22338867	38.4105033875	32.8254013062
150.811065174	1008.22338867	38.4105033875	32.8254013062
150.811065175	1008.22338867	38.4105033875	32.8254013062
150.811065175	1008.22338867	38.4105033875	32.8254013062
150.811065175	1008.22338867	38.4105033875	32.8254013062
150.811065175	1008.22338867	38.4105033875	32.8254013062
150.811065175	1008.22338867	38.4105033875	32.8254013062
150.811065175	1008.22338867	38.4105033875	32.8254013062
150.811065175	1008.22338867	38.4105033875	32.8254013062
150.811065176	1008.22338867	38.4105033875	32.8254013062
150.811065176	1008.22338867	38.4105033875	32.8254013062
150.811065176	1008.22338867	38.4105033875	32.8254013062
150.811065176	1008.22338867	38.4105033875	32.8254013062
150.811065176	1008.22338867	38.4105033875	32.8254013062
150.811065176	1008.22338867	38.4105033875	32.8254013062
150.811065176	1008.22338867	38.4105033875	32.8254013062
150.811065176	1008.22338867	38.4105033875	32.8254013062
150.811065177	1008.22338867	38.4105033875	32.8254013062
150.811065177	1008.22338867	38.4105033875	32.8254013062
150.811065177	1008.22338867	38.4105033875	32.8254013062
150.811065177	1008.22338867	38.4105033875	32.8254013062
150.811065177	1008.22509766	38.4105033875	32.8254013062
150.811065177	1008.22509766	38.4105033875	32.7523460388
150.811065178	1008.22509766	38.4105033875	32.7523460388
150.811065178	1008.22509766	39.2078857422	32.7523460388
150.811065178	1008.22509766	39.2078857422	32.7523460388
150.811065178	1008.22509766	39.2078857422	32.7523460388
150.811065178	1008.22509766	39.2078857422	32.7523460388
150.811065178	1008.22509766	39.2078857422	32.7523460388
150.811065178	1008.22509766	39.2078857422	32.7523460388
150.811065179	1008.22509766	39.2078857422	32.7523460388
150.811065179	1008.22509766	39.2078857422	32.7523460388
150.811065179	1008.22509766	39.2078857422	32.7523460388
150.811065179	1008.22509766	39.2078857422	32.7523460388
150.811065179	1008.22509766	39.2078857422	32.7523460388
150.811065179	1008.22509766	39.2078857422	32.7523460388
150.811065179	1008.22509766	39.2078857422	32.7523460388
150.81106518	1008.22509766	39.2078857422	32.7523460388
150.81106518	1008.22509766	39.2078857422	32.7523460388
150.81106518	1008.22509766	39.2078857422	32.7523460388
150.81106518	1008.22509766	39.2078857422	32.7523460388
150.81106518	1008.22509766	39.2078857422	32.7523460388
150.81106518	1008.22509766	39.2078857422	32.7523460388
150.81106518	1008.22509766	39.2078857422	32.7523460388
150.811065181	1008.22509766	39.2078857422	32.7523460388
150.811065181	1008.22509766	39.2078857422	32.7523460388
150.811065181	1008.22509766	39.2078857422	32.7523460388
150.811065181	1008.22509766	39.2078857422	32.7523460388
150.811065181	1008.22509766	39.2078857422	32.7523460388
150.811065181	1008.22631836	39.2078857422	32.7523460388
150.811065181	1008.22631836	39.2078857422	32.7523460388
150.811065182	1008.22631836	39.2078857422	32.7523460388
150.811065182	1008.22631836	39.2078857422	32.7523460388
150.811065182	1008.22631836	39.2078857422	32.7523460388
150.811065182	1008.22631836	39.2078857422	32.7523460388
150.811065182	1008.22631836	39.2078857422	32.7523460388
150.811065182	1008.22631836	39.2078857422	32.7523460388
150.811065182	1008.22631836	39.2078857422	32.7523460388
150.811065183	1008.22631836	39.2078857422	32.7523460388
150.811065183	1008.22631836	39.2078857422	32.7523460388
150.811065183	1008.22631836	39.2078857422	32.7523460388
150.811065183	1008.22631836	39.2078857422	32.7523460388
150.811065183	1008.22631836	39.2078857422	32.7523460388
150.811065183	1008.22631836	39.2078857422	32.7523460388
150.811065183	1008.22631836	39.2078857422	32.7523460388
150.811065183	1008.22631836	39.2078857422	32.7523460388
150.811065184	1008.22631836	39.2078857422	32.7523460388
150.811065184	1008.22631836	39.2078857422	32.7523460388
150.811065184	1008.22631836	39.2078857422	32.7523460388
150.811065184	1008.22631836	39.2078857422	32.7523460388
150.811065184	1008.22631836	39.2078857422	32.7523460388
150.811065184	1008.22631836	39.2078857422	32.7523460388
150.811065184	1008.22631836	39.2078857422	32.7523460388
150.811065185	1008.22631836	39.2078857422	32.7523460388
150.811065185	1008.22631836	39.2078857422	32.7523460388
150.811065185	1008.22631836	39.2078857422	32.7523460388
150.811065185	1008.22631836	39.2078857422	32.7523460388
150.811065185	1008.22631836	39.2078857422	32.7523460388
150.811065185	1008.22314453	39.2078857422	32.7523460388
150.811065186	1008.22314453	39.2078857422	32.7340812683
150.811065186	1008.22314453	39.2078857422	32.7340812683
150.811065186	1008.22314453	38.2547340393	32.7340812683
150.811065186	1008.22314453	38.2547340393	32.7340812683
150.811065186	1008.22314453	38.2547340393	32.7340812683
150.811065186	1008.22314453	38.2547340393	32.7340812683
150.811065186	1008.22314453	38.2547340393	32.7340812683
150.811065187	1008.22314453	38.2547340393	32.7340812683
150.811065187	1008.22314453	38.2547340393	32.7340812683
150.811065187	1008.22314453	38.2547340393	32.7340812683
150.811065187	1008.22314453	38.2547340393	32.7340812683
150.811065187	1008.22314453	38.2547340393	32.7340812683
150.811065187	1008.22314453	38.2547340393	32.7340812683
150.811065187	1008.22314453	38.2547340393	32.7340812683
150.811065188	1008.22314453	38.2547340393	32.7340812683
150.811065188	1008.22314453	38.2547340393	32.7340812683
150.811065188	1008.22314453	38.2547340393	32.7340812683
150.811065188	1008.22314453	38.2547340393	32.7340812683
150.811065188	1008.22314453	38.2547340393	32.7340812683
150.811065188	1008.22314453	38.2547340393	32.7340812683
150.811065188	1008.22314453	38.2547340393	32.7340812683
150.811065188	1008.22314453	38.2547340393	32.7340812683
150.811065189	1008.22314453	38.2547340393	32.7340812683
150.811065189	1008.22314453	38.2547340393	32.7340812683
150.811065189	1008.22314453	38.2547340393	32.7340812683
150.811065189	1008.22314453	38.2547340393	32.7340812683
150.811065189	1008.22314453	38.2547340393	32.7340812683
150.811065189	1008.22314453	38.2547340393	32.7340812683
150.811065189	1008.2265625	38.2547340393	32.7340812683
150.81106519	1008.2265625	38.2547340393	32.7340812683
150.81106519	1008.2265625	38.2547340393	32.7340812683
150.81106519	1008.2265625	38.2547340393	32.7340812683
150.81106519	1008.2265625	38.2547340393	32.7340812683
150.81106519	1008.2265625	38.2547340393	32.7340812683
150.81106519	1008.2265625	38.2547340393	32.7340812683
150.81106519	1008.2265625	38.2547340393	32.7340812683
150.811065191	1008.2265625	38.2547340393	32.7340812683
150.811065191	1008.2265625	38.2547340393	32.7340812683
150.811065191	1008.2265625	38.2547340393	32.7340812683
150.811065191	1008.2265625	38.2547340393	32.7340812683
150.811065191	1008.2265625	38.2547340393	32.7340812683
150.811065191	1008.2265625	38.2547340393	32.7340812683
150.811065191	1008.2265625	38.2547340393	32.7340812683
150.811065192	1008.2265625	38.2547340393	32.7340812683
150.811065192	1008.2265625	38.2547340393	32.7340812683
150.811065192	1008.2265625	38.2547340393	32.7340812683
150.811065192	1008.2265625	38.2547340393	32.7340812683
150.811065192	1008.2265625	38.2547340393	32.7340812683
150.811065192	1008.2265625	38.2547340393	32.7340812683
150.811065192	1008.2265625	38.2547340393	32.7340812683
150.811065193	1008.2265625	38.2547340393	32.7340812683
150.811065193	1008.2265625	38.2547340393	32.7340812683
150.811065193	1008.2265625	38.2547340393	32.7340812683
150.811065193	1008.2265625	38.2547340393	32.7340812683
150.811065193	1008.2265625	38.2547340393	32.7340812683
150.811065193	1008.2265625	38.2547340393	32.7340812683
150.811065193	1008.2265625	38.2547340393	32.7340812683
150.811065193	1008.23022461	38.2547340393	32.8254013062
150.811065194	1008.23022461	38.2547340393	32.8254013062
150.811065194	1008.23022461	39.3933258057	32.8254013062
150.811065194	1008.23022461	39.3933258057	32.8254013062
150.811065194	1008.23022461	39.3933258057	32.8254013062
150.811065194	1008.23022461	39.3933258057	32.8254013062
150.811065195	1008.23022461	39.3933258057	32.8254013062
150.811065195	1008.23022461	39.3933258057	32.8254013062
150.811065195	1008.23022461	39.3933258057	32.8254013062
150.811065195	1008.23022461	39.3933258057	32.8254013062
150.811065195	1008.23022461	39.3933258057	32.8254013062
150.811065195	1008.23022461	39.3933258057	32.8254013062
150.811065195	1008.23022461	39.3933258057	32.8254013062
150.811065195	1008.23022461	39.3933258057	32.8254013062
150.811065196	1008.23022461	39.3933258057	32.8254013062
150.811065196	1008.23022461	39.3933258057	32.8254013062
150.811065196	1008.23022461	39.3933258057	32.8254013062
150.811065196	1008.23022461	39.3933258057	32.8254013062
150.811065196	1008.23022461	39.3933258057	32.8254013062
150.811065196	1008.23022461	39.3933258057	32.8254013062
150.811065196	1008.23022461	39.3933258057	32.8254013062
150.811065197	1008.23022461	39.3933258057	32.8254013062
150.811065197	1008.23022461	39.3933258057	32.8254013062
150.811065197	1008.23022461	39.3933258057	32.8254013062
150.811065197	1008.23022461	39.3933258057	32.8254013062
150.811065197	1008.23022461	39.3933258057	32.8254013062
150.811065197	1008.23022461	39.3933258057	32.8254013062
150.811065197	1008.23022461	39.3933258057	32.8254013062
150.811065198	1008.234375	39.3933258057	32.8254013062
150.811065198	1008.234375	39.3933258057	32.8254013062
150.811065198	1008.234375	39.3933258057	32.8254013062
150.811065198	1008.234375	39.3933258057	32.8254013062
150.811065198	1008.234375	39.3933258057	32.8254013062
150.811065198	1008.234375	39.3933258057	32.8254013062
150.811065198	1008.234375	39.3933258057	32.8254013062
150.811065199	1008.234375	39.3933258057	32.8254013062
150.811065199	1008.234375	39.3933258057	32.8254013062
150.811065199	1008.234375	39.3933258057	32.8254013062
150.811065199	1008.234375	39.3933258057	32.8254013062
150.811065199	1008.234375	39.3933258057	32.8254013062
150.811065199	1008.234375	39.3933258057	32.8254013062
150.811065199	1008.234375	39.3933258057	32.8254013062
150.8110652	1008.234375	39.3933258057	32.8254013062
150.8110652	1008.234375	39.3933258057	32.8254013062
150.8110652	1008.234375	39.3933258057	32.8254013062
150.8110652	1008.234375	39.3933258057	32.8254013062
150.8110652	1008.234375	39.3933258057	32.8254013062
150.8110652	1008.234375	39.3933258057	32.8254013062
150.8110652	1008.234375	39.3933258057	32.8254013062
150.8110652	1008.234375	39.3933258057	32.8254013062
150.811065201	1008.234375	39.3933258057	32.8254013062
150.811065201	1008.234375	39.3933258057	32.8254013062
150.811065201	1008.234375	39.3933258057	32.8254013062
150.811065201	1008.234375	39.3933258057	32.8254013062
150.811065201	1008.234375	39.3933258057	32.8254013062
150.811065201	1008.234375	39.3933258057	32.8254013062
150.811065201	1008.234375	39.3933258057	32.8254013062
150.811065202	1008.23828125	39.3933258057	32.7340812683
150.811065202	1008.23828125	37.5834465027	32.7340812683
150.811065202	1008.23828125	37.5834465027	32.7340812683
150.811065202	1008.23828125	37.5834465027	32.7340812683
150.811065202	1008.23828125	37.5834465027	32.7340812683
150.811065202	1008.23828125	37.5834465027	32.7340812683
150.811065203	1008.23828125	37.5834465027	32.7340812683
150.811065203	1008.23828125	37.5834465027	32.7340812683
150.811065203	1008.23828125	37.5834465027	32.7340812683
150.811065203	1008.23828125	37.5834465027	32.7340812683
150.811065203	1008.23828125	37.5834465027	32.7340812683
150.811065203	1008.23828125	37.5834465027	32.7340812683
150.811065203	1008.23828125	37.5834465027	32.7340812683
150.811065204	1008.23828125	37.5834465027	32.7340812683
150.811065204	1008.23828125	37.5834465027	32.7340812683
150.811065204	1008.23828125	37.5834465027	32.7340812683
150.811065204	1008.23828125	37.5834465027	32.7340812683
150.811065204	1008.23828125	37.5834465027	32.7340812683
150.811065204	1008.23828125	37.5834465027	32.7340812683
150.811065204	1008.23828125	37.5834465027	32.7340812683
150.811065204	1008.23828125	37.5834465027	32.7340812683
150.811065205	1008.23828125	37.5834465027	32.7340812683
150.811065205	1008.23828125	37.5834465027	32.7340812683
150.811065205	1008.23828125	37.5834465027	32.7340812683
150.811065205	1008.23828125	37.5834465027	32.7340812683
150.811065205	1008.23828125	37.5834465027	32.7340812683
150.811065205	1008.23828125	37.5834465027	32.7340812683
150.811065205	1008.23828125	37.5834465027	32.7340812683
150.811065206	1008.23828125	37.5834465027	32.7340812683
150.811065206	1008.23632812	37.5834465027	32.7340812683
150.811065206	1008.23632812	37.5834465027	32.7340812683
150.811065206	1008.23632812	37.5834465027	32.7340812683
150.811065206	1008.23632812	37.5834465027	32.7340812683
150.811065206	1008.23632812	37.5834465027	32.7340812683
150.811065207	1008.23632812	37.5834465027	32.7340812683
150.811065207	1008.23632812	37.5834465027	32.7340812683
150.811065207	1008.23632812	37.5834465027	32.7340812683
150.811065207	1008.23632812	37.5834465027	32.7340812683
150.811065207	1008.23632812	37.5834465027	32.7340812683
150.811065207	1008.23632812	37.5834465027	32.7340812683
150.811065208	1008.23632812	37.5834465027	32.7340812683
150.811065208	1008.23632812	37.5834465027	32.7340812683
150.811065208	1008.23632812	37.5834465027	32.7340812683
150.811065208	1008.23632812	37.5834465027	32.7340812683
150.811065208	1008.23632812	37.5834465027	32.7340812683
150.811065208	1008.23632812	37.5834465027	32.7340812683
150.811065208	1008.23632812	37.5834465027	32.7340812683
150.811065209	1008.23632812	37.5834465027	32.7340812683
150.811065209	1008.23632812	37.5834465027	32.7340812683
150.811065209	1008.23632812	37.5834465027	32.7340812683
150.811065209	1008.23632812	37.5834465027	32.7340812683
150.811065209	1008.23632812	37.5834465027	32.7340812683
150.811065209	1008.23632812	37.5834465027	32.7340812683
150.811065209	1008.23632812	37.5834465027	32.7340812683
150.811065209	1008.23632812	37.5834465027	32.7340812683
150.81106521	1008.23632812	37.5834465027	32.7340812683
150.81106521	1008.23413086	37.5834465027	32.7340812683
150.81106521	1008.23413086	39.7456588745	32.7340812683
150.81106521	1008.23413086	39.7456588745	32.7340812683
150.81106521	1008.23413086	39.7456588745	32.7340812683
150.81106521	1008.23413086	39.7456588745	32.7340812683
150.811065211	1008.23413086	39.7456588745	32.7340812683
150.811065211	1008.23413086	39.7456588745	32.7340812683
150.811065211	1008.23413086	39.7456588745	32.7340812683
150.811065211	1008.23413086	39.7456588745	32.7340812683
150.811065211	1008.23413086	39.7456588745	32.7340812683
150.811065211	1008.23413086	39.7456588745	32.7340812683
150.811065211	1008.23413086	39.7456588745	32.7340812683
150.811065212	1008.23413086	39.7456588745	32.7340812683
150.811065212	1008.23413086	39.7456588745	32.7340812683
150.811065212	1008.23413086	39.7456588745	32.7340812683
150.811065212	1008.23413086	39.7456588745	32.7340812683
150.811065212	1008.23413086	39.7456588745	32.7340812683
150.811065212	1008.23413086	39.7456588745	32.7340812683
150.811065212	1008.23413086	39.7456588745	32.7340812683
150.811065213	1008.23413086	39.7456588745	32.7340812683
150.811065213	1008.23413086	39.7456588745	32.7340812683
150.811065213	1008.23413086	39.7456588745	32.7340812683
150.811065213	1008.23413086	39.7456588745	32.7340812683
150.811065213	1008.23413086	39.7456588745	32.7340812683
150.811065213	1008.23413086	39.7456588745	32.7340812683
150.811065213	1008.23413086	39.7456588745	32.7340812683
150.811065213	1008.23413086	39.7456588745	32.7340812683
150.811065214	1008.23413086	39.7456588745	32.7340812683
150.811065214	1008.23144531	39.7456588745	32.7340812683
150.811065214	1008.23144531	39.7456588745	32.7340812683
150.811065214	1008.23144531	39.7456588745	32.7340812683
150.811065214	1008.23144531	39.7456588745	32.7340812683
150.811065214	1008.23144531	39.7456588745	32.7340812683
150.811065215	1008.23144531	39.7456588745	32.7340812683
150.811065215	1008.23144531	39.7456588745	32.7340812683
150.811065215	1008.23144531	39.7456588745	32.7340812683
150.811065215	1008.23144531	39.7456588745	32.7340812683
150.811065215	1008.23144531	39.7456588745	32.7340812683
150.811065215	1008.23144531	39.7456588745	32.7340812683
150.811065215	1008.23144531	39.7456588745	32.7340812683
150.811065216	1008.23144531	39.7456588745	32.7340812683
150.811065216	1008.23144531	39.7456588745	32.7340812683
150.811065216	1008.23144531	39.7456588745	32.7340812683
150.811065216	1008.23144531	39.7456588745	32.7340812683
150.811065216	1008.23144531	39.7456588745	32.7340812683
150.811065216	1008.23144531	39.7456588745	32.7340812683
150.811065216	1008.23144531	39.7456588745	32.7340812683
150.811065216	1008.23144531	39.7456588745	32.7340812683
150.811065217	1008.23144531	39.7456588745	32.7340812683
150.811065217	1008.23144531	39.7456588745	32.7340812683
150.811065217	1008.23144531	39.7456588745	32.7340812683
150.811065217	1008.23144531	39.7456588745	32.7340812683
150.811065217	1008.23144531	39.7456588745	32.7340812683
150.811065217	1008.23144531	39.7456588745	32.7340812683
150.811065217	1008.23144531	39.7456588745	32.7340812683
150.811065218	1008.23144531	39.7456588745	32.7340812683
150.811065218	1008.23144531	39.7456588745	32.7340812683
150.811065218	1008.23168945	39.5490913391	32.7340812683
150.811065218	1008.23168945	39.5490913391	32.7340812683
150.811065218	1008.23168945	39.5490913391	32.7340812683
150.811065218	1008.23168945	39.5490913391	32.7340812683
150.811065219	1008.23168945	39.5490913391	32.7340812683
150.811065219	1008.23168945	39.5490913391	32.7340812683
150.811065219	1008.23168945	39.5490913391	32.7340812683
150.811065219	1008.23168945	39.5490913391	32.7340812683
150.811065219	1008.23168945	39.5490913391	32.7340812683
150.811065219	1008.23168945	39.5490913391	32.7340812683
150.811065219	1008.23168945	39.5490913391	32.7340812683
150.81106522	1008.23168945	39.5490913391	32.7340812683
150.81106522	1008.23168945	39.5490913391	32.7340812683
150.81106522	1008.23168945	39.5490913391	32.7340812683
150.81106522	1008.23168945	39.5490913391	32.7340812683
150.81106522	1008.23168945	39.5490913391	32.7340812683
150.81106522	1008.23168945	39.5490913391	32.7340812683
150.81106522	1008.23168945	39.5490913391	32.7340812683
150.81106522	1008.23168945	39.5490913391	32.7340812683
150.811065221	1008.23168945	39.5490913391	32.7340812683
150.811065221	1008.23168945	39.5490913391	32.7340812683
150.811065221	1008.23168945	39.5490913391	32.7340812683
150.811065221	1008.23168945	39.5490913391	32.7340812683
150.811065221	1008.23168945	39.5490913391	32.7340812683
150.811065221	1008.23168945	39.5490913391	32.7340812683
150.811065221	1008.23168945	39.5490913391	32.7340812683
150.811065222	1008.23168945	39.5490913391	32.7340812683
