4.14729250626	800
time	pressure	humidity	temperature
150.811064323	1008.38891602	42.0506134033	30.7241821289
150.811064324	1008.38891602	42.0506134033	30.7241821289
150.811064325	1008.38891602	42.0506134033	30.7241821289
150.811064325	1008.38891602	42.0506134033	30.7241821289
150.811064325	1008.38891602	42.0506134033	30.7241821289
150.811064325	1008.38891602	42.0506134033	30.7241821289
150.811064325	1008.38891602	42.0506134033	30.7241821289
150.811064326	1008.38891602	42.0506134033	30.7241821289
150.811064326	1008.38891602	42.0506134033	30.7241821289
150.811064326	1008.38891602	42.0506134033	30.7241821289
150.811064326	1008.38891602	42.0506134033	30.7241821289
150.811064327	1008.38891602	42.0506134033	30.7241821289
150.811064327	1008.38891602	42.0506134033	30.7241821289
150.811064327	1008.38891602	42.0506134033	30.7241821289
150.811064327	1008.39282227	42.0506134033	30.7241821289
150.811064328	1008.39282227	42.0506134033	30.7241821289
150.811064328	1008.39282227	42.0506134033	30.7241821289
150.811064328	1008.39282227	42.0506134033	30.7241821289
150.811064328	1008.39282227	42.0506134033	30.7241821289
150.811064329	1008.39282227	42.0506134033	30.7241821289
150.811064329	1008.39282227	42.0506134033	30.7241821289
150.811064329	1008.39282227	42.0506134033	30.7241821289
150.811064329	1008.39282227	42.0506134033	30.7241821289
150.811064329	1008.39282227	42.0506134033	30.7241821289
150.81106433	1008.39282227	42.0506134033	30.7241821289
150.81106433	1008.39282227	42.0506134033	30.7241821289
150.81106433	1008.39282227	42.0506134033	30.7241821289
150.81106433	1008.39282227	42.0506134033	30.7241821289
150.811064331	1008.39282227	42.0506134033	30.7241821289
150.811064331	1008.39282227	42.0506134033	30.7241821289
150.811064331	1008.39282227	42.0506134033	30.7241821289
150.811064331	1008.39282227	42.0506134033	30.7241821289
150.811064331	1008.3984375	42.0506134033	30.759803772
150.811064332	1008.3984375	40.4825210571	30.759803772
150.811064332	1008.3984375	40.4825210571	30.759803772
150.811064332	1008.3984375	40.4825210571	30.759803772
150.811064333	1008.3984375	40.4825210571	30.759803772
150.811064333	1008.3984375	40.4825210571	30.759803772
150.811064333	1008.3984375	40.4825210571	30.759803772
150.811064333	1008.3984375	40.4825210571	30.759803772
150.811064334	1008.3984375	40.4825210571	30.759803772
150.811064334	1008.3984375	40.4825210571	30.759803772
150.811064334	1008.3984375	40.4825210571	30.759803772
150.811064334	1008.3984375	40.4825210571	30.759803772
150.811064334	1008.3984375	40.4825210571	30.759803772
150.811064335	1008.3984375	40.4825210571	30.759803772
150.811064335	1008.3984375	40.4825210571	30.759803772
150.811064335	1008.3984375	40.4825210571	30.759803772
150.811064335	1008.3984375	40.4825210571	30.759803772
150.811064336	1008.40161133	40.4825210571	30.759803772
150.811064336	1008.40161133	40.4825210571	30.759803772
150.811064336	1008.40161133	40.4825210571	30.759803772
150.811064336	1008.40161133	40.4825210571	30.759803772
150.811064337	1008.40161133	40.4825210571	30.759803772
150.811064337	1008.40161133	40.4825210571	30.759803772
150.811064337	1008.40161133	40.4825210571	30.759803772
150.811064337	1008.40161133	40.4825210571	30.759803772
150.811064337	1008.40161133	40.4825210571	30.759803772
150.811064338	1008.40161133	40.4825210571	30.759803772
150.811064338	1008.40161133	40.4825210571	30.759803772
150.811064338	1008.40161133	40.4825210571	30.759803772
150.811064338	1008.40161133	40.4825210571	30.759803772
150.811064339	1008.40161133	40.4825210571	30.759803772
150.811064339	1008.40161133	40.4825210571	30.759803772
150.811064339	1008.40161133	40.4825210571	30.759803772
150.811064339	1008.40161133	40.4825210571	30.759803772
150.81106434	1008.3996582	43.5664405823	30.759803772
150.81106434	1008.3996582	43.5664405823	30.759803772
150.81106434	1008.3996582	43.5664405823	30.759803772
150.811064341	1008.3996582	43.5664405823	30.759803772
150.811064341	1008.3996582	43.5664405823	30.759803772
150.811064341	1008.3996582	43.5664405823	30.759803772
150.811064341	1008.3996582	43.5664405823	30.759803772
150.811064341	1008.3996582	43.5664405823	30.759803772
150.811064342	1008.3996582	43.5664405823	30.759803772
150.811064342	1008.3996582	43.5664405823	30.759803772
150.811064342	1008.3996582	43.5664405823	30.759803772
150.811064342	1008.3996582	43.5664405823	30.759803772
150.811064343	1008.3996582	43.5664405823	30.759803772
150.811064343	1008.3996582	43.5664405823	30.759803772
150.811064343	1008.3996582	43.5664405823	30.759803772
150.811064343	1008.3996582	43.5664405823	30.759803772
150.811064343	1008.3996582	43.5664405823	30.759803772
150.811064344	1008.39233398	43.5664405823	30.759803772
150.811064344	1008.39233398	43.5664405823	30.759803772
150.811064344	1008.39233398	43.5664405823	30.759803772
150.811064344	1008.39233398	43.5664405823	30.759803772
150.811064345	1008.39233398	43.5664405823	30.759803772
150.811064345	1008.39233398	43.5664405823	30.759803772
150.811064345	1008.39233398	43.5664405823	30.759803772
150.811064345	1008.39233398	43.5664405823	30.759803772
150.811064346	1008.39233398	43.5664405823	30.759803772
150.811064346	1008.39233398	43.5664405823	30.759803772
150.811064346	1008.39233398	43.5664405823	30.759803772
150.811064346	1008.39233398	43.5664405823	30.759803772
150.811064346	1008.39233398	43.5664405823	30.759803772
150.811064347	1008.39233398	43.5664405823	30.759803772
150.811064347	1008.39233398	43.5664405823	30.759803772
150.811064347	1008.39233398	43.5664405823	30.8488559723
150.811064347	1008.39233398	39.6952056885	30.8488559723
150.811064348	1008.39477539	39.6952056885	30.8488559723
150.811064348	1008.39477539	39.6952056885	30.8488559723
150.811064348	1008.39477539	39.6952056885	30.8488559723
150.811064349	1008.39477539	39.6952056885	30.8488559723
150.811064349	1008.39477539	39.6952056885	30.8488559723
150.811064349	1008.39477539	39.6952056885	30.8488559723
150.811064349	1008.39477539	39.6952056885	30.8488559723
150.811064349	1008.39477539	39.6952056885	30.8488559723
150.81106435	1008.39477539	39.6952056885	30.8488559723
150.81106435	1008.39477539	39.6952056885	30.8488559723
150.81106435	1008.39477539	39.6952056885	30.8488559723
150.81106435	1008.39477539	39.6952056885	30.8488559723
150.811064351	1008.39477539	39.6952056885	30.8488559723
150.811064351	1008.39477539	39.6952056885	30.8488559723
150.811064351	1008.39477539	39.6952056885	30.8488559723
150.811064351	1008.39477539	39.6952056885	30.8488559723
150.811064351	1008.39477539	39.6952056885	30.8488559723
150.811064352	1008.39477539	39.6952056885	30.8488559723
150.811064352	1008.39648438	39.6952056885	30.8488559723
150.811064352	1008.39648438	39.6952056885	30.8488559723
150.811064353	1008.39648438	39.6952056885	30.8488559723
150.811064353	1008.39648438	39.6952056885	30.8488559723
150.811064353	1008.39648438	39.6952056885	30.8488559723
150.811064353	1008.39648438	39.6952056885	30.8488559723
150.811064353	1008.39648438	39.6952056885	30.8488559723
150.811064354	1008.39648438	39.6952056885	30.8488559723
150.811064354	1008.39648438	39.6952056885	30.8488559723
150.811064354	1008.39648438	39.6952056885	30.8488559723
150.811064354	1008.39648438	39.6952056885	30.8488559723
150.811064355	1008.39648438	39.6952056885	30.8488559723
150.811064355	1008.39648438	39.6952056885	30.8488559723
150.811064355	1008.39648438	39.6952056885	30.7776145935
150.811064355	1008.39648438	39.4469223022	30.7776145935
150.811064356	1008.39648438	39.4469223022	30.7776145935
150.811064356	1008.39648438	39.4469223022	30.7776145935
150.811064356	1008.3996582	39.4469223022	30.7776145935
150.811064356	1008.3996582	39.4469223022	30.7776145935
150.811064357	1008.3996582	39.4469223022	30.7776145935
150.811064357	1008.3996582	39.4469223022	30.7776145935
150.811064357	1008.3996582	39.4469223022	30.7776145935
150.811064357	1008.3996582	39.4469223022	30.7776145935
150.811064358	1008.3996582	39.4469223022	30.7776145935
150.811064358	1008.3996582	39.4469223022	30.7776145935
150.811064358	1008.3996582	39.4469223022	30.7776145935
150.811064358	1008.3996582	39.4469223022	30.7776145935
150.811064358	1008.3996582	39.4469223022	30.7776145935
150.811064359	1008.3996582	39.4469223022	30.7776145935
150.811064359	1008.3996582	39.4469223022	30.7776145935
150.811064359	1008.3996582	39.4469223022	30.7776145935
150.811064359	1008.3996582	39.4469223022	30.7776145935
150.81106436	1008.3996582	39.4469223022	30.7776145935
150.81106436	1008.3996582	39.4469223022	30.7776145935
150.81106436	1008.3996582	39.4469223022	30.7776145935
150.81106436	1008.39697266	39.4469223022	30.7776145935
150.811064361	1008.39697266	39.4469223022	30.7776145935
150.811064361	1008.39697266	39.4469223022	30.7776145935
150.811064361	1008.39697266	39.4469223022	30.7776145935
150.811064361	1008.39697266	39.4469223022	30.7776145935
150.811064362	1008.39697266	39.4469223022	30.7776145935
150.811064362	1008.39697266	39.4469223022	30.7776145935
150.811064362	1008.39697266	39.4469223022	30.7776145935
150.811064362	1008.39697266	39.4469223022	30.7776145935
150.811064362	1008.39697266	39.4469223022	30.7776145935
150.811064363	1008.39697266	39.4469223022	30.7776145935
150.811064363	1008.39697266	39.4469223022	30.795425415
150.811064363	1008.39697266	38.7445487976	30.795425415
150.811064363	1008.39697266	38.7445487976	30.795425415
150.811064364	1008.39697266	38.7445487976	30.795425415
150.811064364	1008.39697266	38.7445487976	30.795425415
150.811064364	1008.40014648	38.7445487976	30.795425415
150.811064365	1008.40014648	38.7445487976	30.795425415
150.811064365	1008.40014648	38.7445487976	30.795425415
150.811064365	1008.40014648	38.7445487976	30.795425415
150.811064365	1008.40014648	38.7445487976	30.795425415
150.811064365	1008.40014648	38.7445487976	30.795425415
150.811064366	1008.40014648	38.7445487976	30.795425415
150.811064366	1008.40014648	38.7445487976	30.795425415
150.811064366	1008.40014648	38.7445487976	30.795425415
150.811064366	1008.40014648	38.7445487976	30.795425415
150.811064367	1008.40014648	38.7445487976	30.795425415
150.811064367	1008.40014648	38.7445487976	30.795425415
150.811064367	1008.40014648	38.7445487976	30.795425415
150.811064367	1008.40014648	38.7445487976	30.795425415
150.811064367	1008.40014648	38.7445487976	30.795425415
150.811064368	1008.40014648	38.7445487976	30.795425415
150.811064368	1008.40014648	38.7445487976	30.795425415
150.811064368	1008.40014648	38.7445487976	30.795425415
150.811064368	1008.40258789	38.7445487976	30.795425415
150.811064369	1008.40258789	38.7445487976	30.795425415
150.811064369	1008.40258789	38.7445487976	30.795425415
150.811064369	1008.40258789	38.7445487976	30.795425415
150.811064369	1008.40258789	38.7445487976	30.795425415
150.81106437	1008.40258789	38.7445487976	30.795425415
150.81106437	1008.40258789	38.7445487976	30.795425415
150.81106437	1008.40258789	38.7445487976	30.795425415
150.81106437	1008.40258789	38.7445487976	30.795425415
150.811064371	1008.40258789	38.7445487976	30.795425415
150.811064371	1008.40258789	38.7445487976	30.6173210144
150.811064371	1008.40258789	40.1754341125	30.6173210144
150.811064371	1008.40258789	40.1754341125	30.6173210144
150.811064372	1008.40258789	40.1754341125	30.6173210144
150.811064372	1008.40258789	40.1754341125	30.6173210144
150.811064372	1008.40258789	40.1754341125	30.6173210144
150.811064372	1008.40258789	40.1754341125	30.6173210144
150.811064372	1008.40136719	40.1754341125	30.6173210144
150.811064373	1008.40136719	40.1754341125	30.6173210144
150.811064373	1008.40136719	40.1754341125	30.6173210144
150.811064373	1008.40136719	40.1754341125	30.6173210144
150.811064374	1008.40136719	40.1754341125	30.6173210144
150.811064374	1008.40136719	40.1754341125	30.6173210144
150.811064374	1008.40136719	40.1754341125	30.6173210144
150.811064374	1008.40136719	40.1754341125	30.6173210144
150.811064374	1008.40136719	40.1754341125	30.6173210144
150.811064375	1008.40136719	40.1754341125	30.6173210144
150.811064375	1008.40136719	40.1754341125	30.6173210144
150.811064375	1008.40136719	40.1754341125	30.6173210144
150.811064375	1008.40136719	40.1754341125	30.6173210144
150.811064376	1008.40136719	40.1754341125	30.6173210144
150.811064376	1008.40136719	40.1754341125	30.6173210144
150.811064376	1008.40136719	40.1754341125	30.6173210144
150.811064376	1008.40136719	40.1754341125	30.6173210144
150.811064376	1008.40136719	40.1754341125	30.6173210144
150.811064377	1008.40112305	40.1754341125	30.6173210144
150.811064377	1008.40112305	40.1754341125	30.6173210144
150.811064377	1008.40112305	40.1754341125	30.6173210144
150.811064378	1008.40112305	40.1754341125	30.6173210144
150.811064378	1008.40112305	40.1754341125	30.6173210144
150.811064378	1008.40112305	40.1754341125	30.6173210144
150.811064378	1008.40112305	40.1754341125	30.6173210144
150.811064378	1008.40112305	40.1754341125	30.6173210144
150.811064379	1008.40112305	40.1754341125	30.7419929504
150.811064379	1008.40112305	40.5151901245	30.7419929504
150.811064379	1008.40112305	40.5151901245	30.7419929504
150.811064379	1008.40112305	40.5151901245	30.7419929504
150.81106438	1008.40112305	40.5151901245	30.7419929504
150.81106438	1008.40112305	40.5151901245	30.7419929504
150.81106438	1008.40112305	40.5151901245	30.7419929504
150.81106438	1008.40112305	40.5151901245	30.7419929504
150.811064381	1008.40112305	40.5151901245	30.7419929504
150.811064381	1008.40185547	40.5151901245	30.7419929504
150.811064381	1008.40185547	40.5151901245	30.7419929504
150.811064381	1008.40185547	40.5151901245	30.7419929504
150.811064382	1008.40185547	40.5151901245	30.7419929504
150.811064382	1008.40185547	40.5151901245	30.7419929504
150.811064382	1008.40185547	40.5151901245	30.7419929504
150.811064382	1008.40185547	40.5151901245	30.7419929504
150.811064383	1008.40185547	40.5151901245	30.7419929504
150.811064383	1008.40185547	40.5151901245	30.7419929504
150.811064383	1008.40185547	40.5151901245	30.7419929504
150.811064383	1008.40185547	40.5151901245	30.7419929504
150.811064383	1008.40185547	40.5151901245	30.7419929504
150.811064384	1008.40185547	40.5151901245	30.7419929504
150.811064384	1008.40185547	40.5151901245	30.7419929504
150.811064384	1008.40185547	40.5151901245	30.7419929504
150.811064384	1008.40185547	40.5151901245	30.7419929504
150.811064385	1008.40185547	40.5151901245	30.7419929504
150.811064385	1008.41015625	40.5151901245	30.7419929504
150.811064385	1008.41015625	40.5151901245	30.7419929504
150.811064385	1008.41015625	40.5151901245	30.7419929504
150.811064386	1008.41015625	40.5151901245	30.7419929504
150.811064386	1008.41015625	40.5151901245	30.7419929504
150.811064386	1008.41015625	40.5151901245	30.7419929504
150.811064386	1008.41015625	40.5151901245	30.7419929504
150.811064386	1008.41015625	40.5151901245	30.7776145935
150.811064387	1008.41015625	40.7732696533	30.7776145935
150.811064387	1008.41015625	40.7732696533	30.7776145935
150.811064387	1008.41015625	40.7732696533	30.7776145935
150.811064388	1008.41015625	40.7732696533	30.7776145935
150.811064388	1008.41015625	40.7732696533	30.7776145935
150.811064388	1008.41015625	40.7732696533	30.7776145935
150.811064388	1008.41015625	40.7732696533	30.7776145935
150.811064388	1008.41015625	40.7732696533	30.7776145935
150.811064389	1008.41015625	40.7732696533	30.7776145935
150.811064389	1008.41381836	40.7732696533	30.7776145935
150.811064389	1008.41381836	40.7732696533	30.7776145935
150.811064389	1008.41381836	40.7732696533	30.7776145935
150.81106439	1008.41381836	40.7732696533	30.7776145935
150.81106439	1008.41381836	40.7732696533	30.7776145935
150.81106439	1008.41381836	40.7732696533	30.7776145935
150.81106439	1008.41381836	40.7732696533	30.7776145935
150.811064391	1008.41381836	40.7732696533	30.7776145935
150.811064391	1008.41381836	40.7732696533	30.7776145935
150.811064391	1008.41381836	40.7732696533	30.7776145935
150.811064391	1008.41381836	40.7732696533	30.7776145935
150.811064391	1008.41381836	40.7732696533	30.7776145935
150.811064392	1008.41381836	40.7732696533	30.7776145935
150.811064392	1008.41381836	40.7732696533	30.7776145935
150.811064392	1008.41381836	40.7732696533	30.7776145935
150.811064392	1008.41381836	40.7732696533	30.7776145935
150.811064393	1008.41381836	40.7732696533	30.7776145935
150.811064393	1008.41381836	40.7732696533	30.7776145935
150.811064393	1008.41723633	40.7732696533	30.7776145935
150.811064393	1008.41723633	40.7732696533	30.7776145935
150.811064394	1008.41723633	40.7732696533	30.7776145935
150.811064394	1008.41723633	40.7732696533	30.7776145935
150.811064394	1008.41723633	40.7732696533	30.7776145935
150.811064394	1008.41723633	40.7732696533	30.7063713074
150.811064395	1008.41723633	39.9859580994	30.7063713074
150.811064395	1008.41723633	39.9859580994	30.7063713074
150.811064395	1008.41723633	39.9859580994	30.7063713074
150.811064395	1008.41723633	39.9859580994	30.7063713074
150.811064396	1008.41723633	39.9859580994	30.7063713074
150.811064396	1008.41723633	39.9859580994	30.7063713074
150.811064396	1008.41723633	39.9859580994	30.7063713074
150.811064396	1008.41723633	39.9859580994	30.7063713074
150.811064397	1008.41723633	39.9859580994	30.7063713074
150.811064397	1008.41723633	39.9859580994	30.7063713074
150.811064397	1008.41723633	39.9859580994	30.7063713074
150.811064397	1008.41772461	39.9859580994	30.7063713074
150.811064398	1008.41772461	39.9859580994	30.7063713074
150.811064398	1008.41772461	39.9859580994	30.7063713074
150.811064398	1008.41772461	39.9859580994	30.7063713074
150.811064398	1008.41772461	39.9859580994	30.7063713074
150.811064398	1008.41772461	39.9859580994	30.7063713074
150.811064399	1008.41772461	39.9859580994	30.7063713074
150.811064399	1008.41772461	39.9859580994	30.7063713074
150.811064399	1008.41772461	39.9859580994	30.7063713074
150.811064399	1008.41772461	39.9859580994	30.7063713074
150.8110644	1008.41772461	39.9859580994	30.7063713074
150.8110644	1008.41772461	39.9859580994	30.7063713074
150.8110644	1008.41772461	39.9859580994	30.7063713074
150.8110644	1008.41772461	39.9859580994	30.7063713074
150.8110644	1008.41772461	39.9859580994	30.7063713074
150.811064401	1008.41772461	39.9859580994	30.7063713074
150.811064401	1008.41772461	39.9859580994	30.7063713074
150.811064401	1008.41772461	39.9859580994	30.7063713074
150.811064401	1008.4206543	39.9859580994	30.7063713074
150.811064402	1008.4206543	39.9859580994	30.7063713074
150.811064402	1008.4206543	39.9859580994	30.7063713074
150.811064402	1008.4206543	39.9859580994	30.6707515717
150.811064403	1008.4206543	39.0647010803	30.6707515717
150.811064403	1008.4206543	39.0647010803	30.6707515717
150.811064403	1008.4206543	39.0647010803	30.6707515717
150.811064403	1008.4206543	39.0647010803	30.6707515717
150.811064403	1008.4206543	39.0647010803	30.6707515717
150.811064404	1008.4206543	39.0647010803	30.6707515717
150.811064404	1008.4206543	39.0647010803	30.6707515717
150.811064404	1008.4206543	39.0647010803	30.6707515717
150.811064404	1008.4206543	39.0647010803	30.6707515717
150.811064405	1008.4206543	39.0647010803	30.6707515717
150.811064405	1008.4206543	39.0647010803	30.6707515717
150.811064405	1008.4206543	39.0647010803	30.6707515717
150.811064405	1008.42041016	39.0647010803	30.6707515717
150.811064406	1008.42041016	39.0647010803	30.6707515717
150.811064406	1008.42041016	39.0647010803	30.6707515717
150.811064406	1008.42041016	39.0647010803	30.6707515717
150.811064406	1008.42041016	39.0647010803	30.6707515717
150.811064407	1008.42041016	39.0647010803	30.6707515717
150.811064407	1008.42041016	39.0647010803	30.6707515717
150.811064407	1008.42041016	39.0647010803	30.6707515717
150.811064407	1008.42041016	39.0647010803	30.6707515717
150.811064407	1008.42041016	39.0647010803	30.6707515717
150.811064408	1008.42041016	39.0647010803	30.6707515717
150.811064408	1008.42041016	39.0647010803	30.6707515717
150.811064408	1008.42041016	39.0647010803	30.6707515717
150.811064408	1008.42041016	39.0647010803	30.6707515717
150.811064409	1008.42041016	39.0647010803	30.6707515717
150.811064409	1008.42041016	39.0647010803	30.6707515717
150.811064409	1008.42041016	39.0647010803	30.6707515717
150.811064409	1008.42041016	39.0647010803	30.6707515717
150.811064409	1008.41650391	39.0647010803	30.6707515717
150.81106441	1008.41650391	39.0647010803	30.6707515717
150.81106441	1008.41650391	39.0647010803	30.7776145935
150.81106441	1008.41650391	41.50831604	30.7776145935
150.811064411	1008.41650391	41.50831604	30.7776145935
150.811064411	1008.41650391	41.50831604	30.7776145935
150.811064411	1008.41650391	41.50831604	30.7776145935
150.811064411	1008.41650391	41.50831604	30.7776145935
150.811064412	1008.41650391	41.50831604	30.7776145935
150.811064412	1008.41650391	41.50831604	30.7776145935
150.811064412	1008.41650391	41.50831604	30.7776145935
150.811064412	1008.41650391	41.50831604	30.7776145935
150.811064412	1008.41650391	41.50831604	30.7776145935
150.811064413	1008.41650391	41.50831604	30.7776145935
150.811064413	1008.41650391	41.50831604	30.7776145935
150.811064413	1008.41650391	41.50831604	30.7776145935
150.811064413	1008.41650391	41.50831604	30.7776145935
150.811064414	1008.41601562	41.50831604	30.7776145935
150.811064414	1008.41601562	41.50831604	30.7776145935
150.811064414	1008.41601562	41.50831604	30.7776145935
150.811064414	1008.41601562	41.50831604	30.7776145935
150.811064415	1008.41601562	41.50831604	30.7776145935
150.811064415	1008.41601562	41.50831604	30.7776145935
150.811064415	1008.41601562	41.50831604	30.7776145935
150.811064415	1008.41601562	41.50831604	30.7776145935
150.811064416	1008.41601562	41.50831604	30.7776145935
150.811064416	1008.41601562	41.50831604	30.7776145935
150.811064416	1008.41601562	41.50831604	30.7776145935
150.811064416	1008.41601562	41.50831604	30.7776145935
150.811064416	1008.41601562	41.50831604	30.7776145935
150.811064417	1008.41601562	41.50831604	30.7776145935
150.811064417	1008.41601562	41.50831604	30.7776145935
150.811064417	1008.41601562	41.50831604	30.7776145935
150.811064417	1008.41601562	41.50831604	30.7776145935
150.811064418	1008.41601562	41.50831604	30.7776145935
150.811064418	1008.41821289	41.50831604	30.6529407501
150.811064418	1008.41821289	41.7304611206	30.6529407501
150.811064419	1008.41821289	41.7304611206	30.6529407501
150.811064419	1008.41821289	41.7304611206	30.6529407501
150.811064419	1008.41821289	41.7304611206	30.6529407501
150.811065027	1009.26391602	39.9157714844	30.9989929199
150.81106503	1009.26391602	39.9157714844	30.9989929199
150.81106503	1009.26391602	39.9157714844	30.9989929199
150.81106503	1009.26391602	39.9157714844	30.9989929199
150.811065031	1009.26391602	39.9157714844	30.9989929199
150.811065031	1009.26391602	39.9157714844	30.9989929199
150.811065031	1009.26391602	39.9157714844	30.9989929199
150.811065031	1009.26391602	39.9157714844	30.9989929199
150.811065031	1009.26391602	39.9157714844	30.9989929199
150.811065031	1009.26391602	39.9157714844	30.9989929199
150.811065031	1009.26391602	39.9157714844	30.9989929199
150.811065032	1009.26391602	39.9157714844	30.9989929199
150.811065032	1009.26391602	39.9157714844	30.9989929199
150.811065032	1009.26391602	39.9157714844	30.9989929199
150.811065032	1009.26391602	39.9157714844	30.9989929199
150.811065032	1009.26391602	39.9157714844	30.9989929199
150.811065032	1009.26391602	39.9157714844	30.9989929199
150.811065032	1009.26391602	39.9157714844	30.9989929199
150.811065032	1009.26391602	39.9157714844	30.9989929199
150.811065033	1009.26391602	39.9157714844	30.9989929199
150.811065033	1009.26391602	39.9157714844	30.9989929199
150.811065033	1009.26391602	39.9157714844	30.9989929199
150.811065033	1009.26391602	39.9157714844	30.9989929199
150.811065033	1009.26391602	39.9157714844	30.9989929199
150.811065033	1009.26367188	39.9157714844	30.9989929199
150.811065034	1009.26367188	39.9157714844	30.9989929199
150.811065034	1009.26367188	39.9157714844	30.9989929199
150.811065034	1009.26367188	39.9157714844	30.9989929199
150.811065034	1009.26367188	39.9157714844	30.9989929199
150.811065034	1009.26367188	39.9157714844	30.9989929199
150.811065034	1009.26367188	39.9157714844	30.9989929199
150.811065034	1009.26367188	39.9157714844	30.9989929199
150.811065034	1009.26367188	39.9157714844	30.9989929199
150.811065035	1009.26367188	39.9157714844	30.9989929199
150.811065035	1009.26367188	39.9157714844	30.9989929199
150.811065035	1009.26367188	39.9157714844	30.9989929199
150.811065035	1009.26367188	39.9157714844	30.9989929199
150.811065035	1009.26367188	39.9157714844	30.9989929199
150.811065035	1009.26367188	39.9157714844	30.9989929199
150.811065035	1009.26367188	39.9157714844	31.0539321899
150.811065036	1009.26367188	39.9157714844	31.0539321899
150.811065036	1009.26367188	38.1501312256	31.0539321899
150.811065036	1009.26367188	38.1501312256	31.0539321899
150.811065036	1009.26367188	38.1501312256	31.0539321899
150.811065036	1009.26367188	38.1501312256	31.0539321899
150.811065036	1009.26367188	38.1501312256	31.0539321899
150.811065036	1009.26367188	38.1501312256	31.0539321899
150.811065037	1009.26367188	38.1501312256	31.0539321899
150.811065037	1009.26367188	38.1501312256	31.0539321899
150.811065037	1009.26367188	38.1501312256	31.0539321899
150.811065037	1009.26367188	38.1501312256	31.0539321899
150.811065037	1009.26367188	38.1501312256	31.0539321899
150.811065037	1009.2590332	38.1501312256	31.0539321899
150.811065038	1009.2590332	38.1501312256	31.0539321899
150.811065038	1009.2590332	38.1501312256	31.0539321899
150.811065038	1009.2590332	38.1501312256	31.0539321899
150.811065038	1009.2590332	38.1501312256	31.0539321899
150.811065038	1009.2590332	38.1501312256	31.0539321899
150.811065038	1009.2590332	38.1501312256	31.0539321899
150.811065038	1009.2590332	38.1501312256	31.0539321899
150.811065039	1009.2590332	38.1501312256	31.0539321899
150.811065039	1009.2590332	38.1501312256	31.0539321899
150.811065039	1009.2590332	38.1501312256	31.0539321899
150.811065039	1009.2590332	38.1501312256	31.0539321899
150.811065039	1009.2590332	38.1501312256	31.0539321899
150.811065039	1009.2590332	38.1501312256	31.0539321899
150.811065039	1009.2590332	38.1501312256	31.0539321899
150.811065039	1009.2590332	38.1501312256	31.0539321899
150.81106504	1009.2590332	38.1501312256	31.0539321899
150.81106504	1009.2590332	38.1501312256	31.0539321899
150.81106504	1009.2590332	38.1501312256	31.0539321899
150.81106504	1009.2590332	38.1501312256	31.0539321899
150.81106504	1009.2590332	38.1501312256	31.0539321899
150.81106504	1009.2590332	38.1501312256	31.0539321899
150.81106504	1009.2590332	38.1501312256	31.0539321899
150.811065041	1009.2590332	38.1501312256	31.0539321899
150.811065041	1009.2590332	38.1501312256	31.0539321899
150.811065041	1009.2590332	38.1501312256	31.0539321899
150.811065041	1009.2590332	38.1501312256	31.0539321899
150.811065041	1009.2590332	38.1501312256	31.0539321899
150.811065041	1009.2590332	38.1501312256	31.0539321899
150.811065041	1009.26049805	38.1501312256	31.0539321899
150.811065042	1009.26049805	38.1501312256	31.0539321899
150.811065042	1009.26049805	38.1501312256	31.0539321899
150.811065042	1009.26049805	38.1501312256	31.0539321899
150.811065042	1009.26049805	38.1501312256	31.0539321899
150.811065042	1009.26049805	38.1501312256	31.0539321899
150.811065042	1009.26049805	38.1501312256	31.0539321899
150.811065042	1009.26049805	38.1501312256	31.0539321899
150.811065043	1009.26049805	38.1501312256	31.0539321899
150.811065043	1009.26049805	38.1501312256	31.0539321899
150.811065043	1009.26049805	38.1501312256	31.0539321899
150.811065043	1009.26049805	38.1501312256	31.0539321899
150.811065043	1009.26049805	38.1501312256	31.0539321899
150.811065043	1009.26049805	38.1501312256	31.0539321899
150.811065043	1009.26049805	38.1501312256	31.0539321899
150.811065044	1009.26049805	38.1501312256	31.0539321899
150.811065044	1009.26049805	38.1501312256	31.0539321899
150.811065044	1009.26049805	37.9566802979	31.0539321899
150.811065044	1009.26049805	37.9566802979	31.0539321899
150.811065044	1009.26049805	37.9566802979	31.0539321899
150.811065044	1009.26049805	37.9566802979	31.0539321899
150.811065044	1009.26049805	37.9566802979	31.0539321899
150.811065045	1009.26049805	37.9566802979	31.0539321899
150.811065045	1009.26049805	37.9566802979	31.0539321899
150.811065045	1009.26049805	37.9566802979	31.0539321899
150.811065045	1009.26049805	37.9566802979	31.0539321899
150.811065045	1009.26049805	37.9566802979	31.0539321899
150.811065045	1009.26049805	37.9566802979	31.0539321899
150.811065045	1009.25756836	37.9566802979	31.0539321899
150.811065046	1009.25756836	37.9566802979	31.0539321899
150.811065046	1009.25756836	37.9566802979	31.0539321899
150.811065046	1009.25756836	37.9566802979	31.0539321899
150.811065046	1009.25756836	37.9566802979	31.0539321899
150.811065046	1009.25756836	37.9566802979	31.0539321899
150.811065046	1009.25756836	37.9566802979	31.0539321899
150.811065046	1009.25756836	37.9566802979	31.0539321899
150.811065047	1009.25756836	37.9566802979	31.0539321899
150.811065047	1009.25756836	37.9566802979	31.0539321899
150.811065047	1009.25756836	37.9566802979	31.0539321899
150.811065047	1009.25756836	37.9566802979	31.0539321899
150.811065047	1009.25756836	37.9566802979	31.0539321899
150.811065047	1009.25756836	37.9566802979	31.0539321899
150.811065047	1009.25756836	37.9566802979	31.0539321899
150.811065048	1009.25756836	37.9566802979	31.0539321899
150.811065048	1009.25756836	37.9566802979	31.0539321899
150.811065048	1009.25756836	37.9566802979	31.0539321899
150.811065048	1009.25756836	37.9566802979	31.0539321899
150.811065048	1009.25756836	37.9566802979	31.0539321899
150.811065048	1009.25756836	37.9566802979	31.0539321899
150.811065048	1009.25756836	37.9566802979	31.0539321899
150.811065049	1009.25756836	37.9566802979	31.0539321899
150.811065049	1009.25756836	37.9566802979	31.0539321899
150.811065049	1009.25756836	37.9566802979	31.0539321899
150.811065049	1009.25756836	37.9566802979	31.0539321899
150.811065049	1009.25756836	37.9566802979	31.0539321899
150.811065049	1009.25756836	37.9566802979	31.0539321899
150.811065049	1009.25756836	37.9566802979	31.0539321899
150.811065049	1009.25219727	37.9566802979	31.0539321899
150.81106505	1009.25219727	37.9566802979	31.0539321899
150.81106505	1009.25219727	37.9566802979	31.0539321899
150.81106505	1009.25219727	37.9566802979	31.0539321899
150.81106505	1009.25219727	37.9566802979	31.0539321899
150.81106505	1009.25219727	37.9566802979	31.0539321899
150.81106505	1009.25219727	37.9566802979	31.0539321899
150.811065051	1009.25219727	37.9566802979	31.0539321899
150.811065051	1009.25219727	37.9566802979	31.0539321899
150.811065051	1009.25219727	37.9566802979	31.0539321899
150.811065051	1009.25219727	37.9566802979	31.0539321899
150.811065051	1009.25219727	37.9566802979	31.0539321899
150.811065051	1009.25219727	37.9566802979	31.0539321899
150.811065051	1009.25219727	37.9566802979	31.0539321899
150.811065052	1009.25219727	37.9566802979	30.9074249268
150.811065052	1009.25219727	37.9566802979	30.9074249268
150.811065052	1009.25219727	39.5605316162	30.9074249268
150.811065052	1009.25219727	39.5605316162	30.9074249268
150.811065052	1009.25219727	39.5605316162	30.9074249268
150.811065052	1009.25219727	39.5605316162	30.9074249268
150.811065052	1009.25219727	39.5605316162	30.9074249268
150.811065053	1009.25219727	39.5605316162	30.9074249268
150.811065053	1009.25219727	39.5605316162	30.9074249268
150.811065053	1009.25219727	39.5605316162	30.9074249268
150.811065053	1009.25219727	39.5605316162	30.9074249268
150.811065053	1009.25219727	39.5605316162	30.9074249268
150.811065053	1009.25219727	39.5605316162	30.9074249268
150.811065053	1009.25219727	39.5605316162	30.9074249268
150.811065054	1009.25512695	39.5605316162	30.9074249268
150.811065054	1009.25512695	39.5605316162	30.9074249268
150.811065054	1009.25512695	39.5605316162	30.9074249268
150.811065054	1009.25512695	39.5605316162	30.9074249268
150.811065054	1009.25512695	39.5605316162	30.9074249268
150.811065054	1009.25512695	39.5605316162	30.9074249268
150.811065054	1009.25512695	39.5605316162	30.9074249268
150.811065055	1009.25512695	39.5605316162	30.9074249268
150.811065055	1009.25512695	39.5605316162	30.9074249268
150.811065055	1009.25512695	39.5605316162	30.9074249268
150.811065055	1009.25512695	39.5605316162	30.9074249268
150.811065055	1009.25512695	39.5605316162	30.9074249268
150.811065055	1009.25512695	39.5605316162	30.9074249268
150.811065055	1009.25512695	39.5605316162	30.9074249268
150.811065056	1009.25512695	39.5605316162	30.9074249268
150.811065056	1009.25512695	39.5605316162	30.9074249268
150.811065056	1009.25512695	39.5605316162	30.9074249268
150.811065056	1009.25512695	39.5605316162	30.9074249268
150.811065056	1009.25512695	39.5605316162	30.9074249268
150.811065056	1009.25512695	39.5605316162	30.9074249268
150.811065056	1009.25512695	39.5605316162	30.9074249268
150.811065057	1009.25512695	39.5605316162	30.9074249268
150.811065057	1009.25512695	39.5605316162	30.9074249268
150.811065057	1009.25512695	39.5605316162	30.9074249268
150.811065057	1009.25512695	39.5605316162	30.9074249268
150.811065057	1009.25512695	39.5605316162	30.9074249268
150.811065057	1009.25512695	39.5605316162	30.9074249268
150.811065057	1009.25512695	39.5605316162	30.9074249268
150.811065057	1009.25512695	39.5605316162	30.9074249268
150.811065058	1009.25317383	39.5605316162	30.9074249268
150.811065058	1009.25317383	39.5605316162	30.9074249268
150.811065058	1009.25317383	39.5605316162	30.9074249268
150.811065058	1009.25317383	39.5605316162	30.9074249268
150.811065058	1009.25317383	39.5605316162	30.9074249268
150.811065058	1009.25317383	39.5605316162	30.9074249268
150.811065059	1009.25317383	39.5605316162	30.9074249268
150.811065059	1009.25317383	39.5605316162	30.9074249268
150.811065059	1009.25317383	39.5605316162	30.9074249268
150.811065059	1009.25317383	39.5605316162	30.9074249268
150.811065059	1009.25317383	39.5605316162	30.9074249268
150.811065059	1009.25317383	39.5605316162	30.9074249268
150.811065059	1009.25317383	39.5605316162	30.9074249268
150.811065059	1009.25317383	39.5605316162	30.9074249268
150.81106506	1009.25317383	39.5605316162	30.9257392883
150.81106506	1009.25317383	39.5605316162	30.9257392883
150.81106506	1009.25317383	37.8089599609	30.9257392883
150.81106506	1009.25317383	37.8089599609	30.9257392883
150.81106506	1009.25317383	37.8089599609	30.9257392883
150.81106506	1009.25317383	37.8089599609	30.9257392883
150.811065061	1009.25317383	37.8089599609	30.9257392883
150.811065061	1009.25317383	37.8089599609	30.9257392883
150.811065061	1009.25317383	37.8089599609	30.9257392883
150.811065061	1009.25317383	37.8089599609	30.9257392883
150.811065061	1009.25317383	37.8089599609	30.9257392883
150.811065061	1009.25317383	37.8089599609	30.9257392883
150.811065061	1009.25317383	37.8089599609	30.9257392883
150.811065061	1009.25317383	37.8089599609	30.9257392883
150.811065062	1009.25317383	37.8089599609	30.9257392883
150.811065062	1009.25024414	37.8089599609	30.9257392883
150.811065062	1009.25024414	37.8089599609	30.9257392883
150.811065062	1009.25024414	37.8089599609	30.9257392883
150.811065062	1009.25024414	37.8089599609	30.9257392883
150.811065062	1009.25024414	37.8089599609	30.9257392883
150.811065063	1009.25024414	37.8089599609	30.9257392883
150.811065063	1009.25024414	37.8089599609	30.9257392883
150.811065063	1009.25024414	37.8089599609	30.9257392883
150.811065063	1009.25024414	37.8089599609	30.9257392883
150.811065063	1009.25024414	37.8089599609	30.9257392883
150.811065063	1009.25024414	37.8089599609	30.9257392883
150.811065063	1009.25024414	37.8089599609	30.9257392883
150.811065064	1009.25024414	37.8089599609	30.9257392883
150.811065064	1009.25024414	37.8089599609	30.9257392883
150.811065064	1009.25024414	37.8089599609	30.9257392883
150.811065064	1009.25024414	37.8089599609	30.9257392883
150.811065064	1009.25024414	37.8089599609	30.9257392883
150.811065064	1009.25024414	37.8089599609	30.9257392883
150.811065064	1009.25024414	37.8089599609	30.9257392883
150.811065064	1009.25024414	37.8089599609	30.9257392883
150.811065065	1009.25024414	37.8089599609	30.9257392883
150.811065065	1009.25024414	37.8089599609	30.9257392883
150.811065065	1009.25024414	37.8089599609	30.9257392883
150.811065065	1009.25024414	37.8089599609	30.9257392883
150.811065065	1009.25024414	37.8089599609	30.9257392883
150.811065065	1009.25024414	37.8089599609	30.9257392883
150.811065065	1009.25024414	37.8089599609	30.9257392883
150.811065066	1009.25024414	37.8089599609	30.9257392883
150.811065066	1009.25024414	37.8089599609	30.9257392883
150.811065066	1009.24926758	37.8089599609	30.9257392883
150.811065066	1009.24926758	37.8089599609	30.9257392883
150.811065066	1009.24926758	37.8089599609	30.9257392883
150.811065066	1009.24926758	37.8089599609	30.9257392883
150.811065067	1009.24926758	37.8089599609	30.9257392883
150.811065067	1009.24926758	37.8089599609	30.9257392883
150.811065067	1009.24926758	37.8089599609	30.9257392883
150.811065067	1009.24926758	37.8089599609	30.9257392883
150.811065067	1009.24926758	37.8089599609	30.9257392883
150.811065067	1009.24926758	37.8089599609	30.9257392883
150.811065067	1009.24926758	37.8089599609	30.9257392883
150.811065067	1009.24926758	37.8089599609	30.9257392883
150.811065068	1009.24926758	37.8089599609	30.9440517426
150.811065068	1009.24926758	37.8089599609	30.9440517426
150.811065068	1009.24926758	39.9192886353	30.9440517426
150.811065068	1009.24926758	39.9192886353	30.9440517426
150.811065068	1009.24926758	39.9192886353	30.9440517426
150.811065068	1009.24926758	39.9192886353	30.9440517426
150.811065069	1009.24926758	39.9192886353	30.9440517426
150.811065069	1009.24926758	39.9192886353	30.9440517426
150.811065069	1009.24926758	39.9192886353	30.9440517426
150.811065069	1009.24926758	39.9192886353	30.9440517426
150.811065069	1009.24926758	39.9192886353	30.9440517426
150.811065069	1009.24926758	39.9192886353	30.9440517426
150.811065069	1009.24926758	39.9192886353	30.9440517426
150.811065069	1009.24926758	39.9192886353	30.9440517426
150.81106507	1009.24926758	39.9192886353	30.9440517426
150.81106507	1009.24926758	39.9192886353	30.9440517426
150.81106507	1009.25268555	39.9192886353	30.9440517426
150.81106507	1009.25268555	39.9192886353	30.9440517426
150.81106507	1009.25268555	39.9192886353	30.9440517426
150.81106507	1009.25268555	39.9192886353	30.9440517426
150.811065071	1009.25268555	39.9192886353	30.9440517426
150.811065071	1009.25268555	39.9192886353	30.9440517426
150.811065071	1009.25268555	39.9192886353	30.9440517426
150.811065071	1009.25268555	39.9192886353	30.9440517426
150.811065071	1009.25268555	39.9192886353	30.9440517426
150.811065071	1009.25268555	39.9192886353	30.9440517426
150.811065071	1009.25268555	39.9192886353	30.9440517426
150.811065071	1009.25268555	39.9192886353	30.9440517426
150.811065072	1009.25268555	39.9192886353	30.9440517426
150.811065072	1009.25268555	39.9192886353	30.9440517426
150.811065072	1009.25268555	39.9192886353	30.9440517426
150.811065072	1009.25268555	39.9192886353	30.9440517426
150.811065072	1009.25268555	39.9192886353	30.9440517426
150.811065072	1009.25268555	39.9192886353	30.9440517426
150.811065072	1009.25268555	39.9192886353	30.9440517426
150.811065073	1009.25268555	39.9192886353	30.9440517426
150.811065073	1009.25268555	39.9192886353	30.9440517426
150.811065073	1009.25268555	39.9192886353	30.9440517426
150.811065073	1009.25268555	39.9192886353	30.9440517426
150.811065073	1009.25268555	39.9192886353	30.9440517426
150.811065073	1009.25268555	39.9192886353	30.9440517426
150.811065073	1009.25268555	39.9192886353	30.9440517426
150.811065074	1009.25268555	39.9192886353	30.9440517426
150.811065074	1009.25268555	39.9192886353	30.9440517426
150.811065074	1009.25268555	39.9192886353	30.9440517426
150.811065074	1009.25537109	39.9192886353	30.9440517426
150.811065074	1009.25537109	39.9192886353	30.9440517426
150.811065074	1009.25537109	39.9192886353	30.9440517426
150.811065074	1009.25537109	39.9192886353	30.9440517426
150.811065075	1009.25537109	39.9192886353	30.9440517426
150.811065075	1009.25537109	39.9192886353	30.9440517426
150.811065075	1009.25537109	39.9192886353	30.9440517426
150.811065075	1009.25537109	39.9192886353	30.9440517426
150.811065075	1009.25537109	39.9192886353	30.9440517426
150.811065075	1009.25537109	39.9192886353	30.9440517426
150.811065075	1009.25537109	39.9192886353	30.9440517426
150.811065076	1009.25537109	39.9192886353	30.9440517426
150.811065076	1009.25537109	39.9192886353	30.9806785583
150.811065076	1009.25537109	39.9192886353	30.9806785583
150.811065076	1009.25537109	38.9028129578	30.9806785583
150.811065076	1009.25537109	38.9028129578	30.9806785583
150.811065076	1009.25537109	38.9028129578	30.9806785583
150.811065076	1009.25537109	38.9028129578	30.9806785583
150.811065077	1009.25537109	38.9028129578	30.9806785583
150.811065077	1009.25537109	38.9028129578	30.9806785583
150.811065077	1009.25537109	38.9028129578	30.9806785583
150.811065077	1009.25537109	38.9028129578	30.9806785583
150.811065077	1009.25537109	38.9028129578	30.9806785583
150.811065077	1009.25537109	38.9028129578	30.9806785583
150.811065077	1009.25537109	38.9028129578	30.9806785583
150.811065078	1009.25537109	38.9028129578	30.9806785583
150.811065078	1009.25537109	38.9028129578	30.9806785583
150.811065078	1009.25537109	38.9028129578	30.9806785583
150.811065078	1009.25195312	38.9028129578	30.9806785583
150.811065078	1009.25195312	38.9028129578	30.9806785583
150.811065078	1009.25195312	38.9028129578	30.9806785583
150.811065079	1009.25195312	38.9028129578	30.9806785583
150.811065079	1009.25195312	38.9028129578	30.9806785583
150.811065079	1009.25195312	38.9028129578	30.9806785583
150.811065079	1009.25195312	38.9028129578	30.9806785583
150.811065079	1009.25195312	38.9028129578	30.9806785583
150.811065079	1009.25195312	38.9028129578	30.9806785583
150.811065079	1009.25195312	38.9028129578	30.9806785583
150.811065079	1009.25195312	38.9028129578	30.9806785583
150.81106508	1009.25195312	38.9028129578	30.9806785583
150.81106508	1009.25195312	38.9028129578	30.9806785583
150.81106508	1009.25195312	38.9028129578	30.9806785583
150.81106508	1009.25195312	38.9028129578	30.9806785583
150.81106508	1009.25195312	38.9028129578	30.9806785583
150.81106508	1009.25195312	38.9028129578	30.9806785583
150.81106508	1009.25195312	38.9028129578	30.9806785583
150.811065081	1009.25195312	38.9028129578	30.9806785583
150.811065081	1009.25195312	38.9028129578	30.9806785583
150.811065081	1009.25195312	38.9028129578	30.9806785583
150.811065081	1009.25195312	38.9028129578	30.9806785583
150.811065081	1009.25195312	38.9028129578	30.9806785583
150.811065081	1009.25195312	38.9028129578	30.9806785583
150.811065081	1009.25195312	38.9028129578	30.9806785583
150.811065082	1009.25195312	38.9028129578	30.9806785583
150.811065082	1009.25195312	38.9028129578	30.9806785583
150.811065082	1009.25195312	38.9028129578	30.9806785583
150.811065082	1009.25195312	38.9028129578	30.9806785583
150.811065082	1009.25805664	38.9028129578	30.9806785583
150.811065082	1009.25805664	38.9028129578	30.9806785583
150.811065082	1009.25805664	38.9028129578	30.9806785583
150.811065083	1009.25805664	38.9028129578	30.9806785583
150.811065083	1009.25805664	38.9028129578	30.9806785583
150.811065083	1009.25805664	38.9028129578	30.9806785583
150.811065083	1009.25805664	38.9028129578	30.9806785583
150.811065083	1009.25805664	38.9028129578	30.9806785583
150.811065083	1009.25805664	38.9028129578	30.9806785583
150.811065083	1009.25805664	38.9028129578	30.9806785583
150.811065084	1009.25805664	38.9028129578	30.9806785583
150.811065084	1009.25805664	38.9028129578	30.9074249268
150.811065084	1009.25805664	38.9028129578	30.9074249268
150.811065084	1009.25805664	38.7621231079	30.9074249268
150.811065084	1009.25805664	38.7621231079	30.9074249268
150.811065084	1009.25805664	38.7621231079	30.9074249268
150.811065084	1009.25805664	38.7621231079	30.9074249268
150.811065085	1009.25805664	38.7621231079	30.9074249268
150.811065085	1009.25805664	38.7621231079	30.9074249268
150.811065085	1009.25805664	38.7621231079	30.9074249268
150.811065085	1009.25805664	38.7621231079	30.9074249268
150.811065085	1009.25805664	38.7621231079	30.9074249268
150.811065085	1009.25805664	38.7621231079	30.9074249268
150.811065085	1009.25805664	38.7621231079	30.9074249268
150.811065086	1009.25805664	38.7621231079	30.9074249268
150.811065086	1009.25805664	38.7621231079	30.9074249268
150.811065086	1009.25805664	38.7621231079	30.9074249268
150.811065086	1009.25805664	38.7621231079	30.9074249268
150.811065086	1009.26049805	38.7621231079	30.9074249268
150.811065086	1009.26049805	38.7621231079	30.9074249268
150.811065086	1009.26049805	38.7621231079	30.9074249268
150.811065087	1009.26049805	38.7621231079	30.9074249268
150.811065087	1009.26049805	38.7621231079	30.9074249268
