4.14729250626	800
time	pressure	humidity	temperature
150.811064655	1008.05786133	41.1125411987	30.5090255737
150.811064656	1008.05786133	41.1125411987	30.5090255737
150.811064656	1008.05786133	41.1125411987	30.5090255737
150.811064656	1008.05786133	41.1125411987	30.5090255737
150.811064656	1008.06274414	41.1125411987	30.5090255737
150.811064657	1008.06274414	41.1125411987	30.5090255737
150.811064657	1008.06274414	41.1125411987	30.5090255737
150.811064657	1008.06274414	41.1125411987	30.5090255737
150.811064657	1008.06274414	41.1125411987	30.6018409729
150.811064658	1008.06274414	39.2012786865	30.6018409729
150.811064658	1008.06274414	39.2012786865	30.6018409729
150.811064658	1008.06274414	39.2012786865	30.6018409729
150.811064659	1008.06274414	39.2012786865	30.6018409729
150.811064659	1008.06274414	39.2012786865	30.6018409729
150.811064659	1008.06274414	39.2012786865	30.6018409729
150.811064659	1008.06274414	39.2012786865	30.6018409729
150.811064659	1008.06274414	39.2012786865	30.6018409729
150.81106466	1008.06274414	39.2012786865	30.6018409729
150.81106466	1008.06274414	39.2012786865	30.6018409729
150.81106466	1008.06274414	39.2012786865	30.6018409729
150.81106466	1008.06542969	39.2012786865	30.6018409729
150.811064661	1008.06542969	39.2012786865	30.6018409729
150.811064661	1008.06542969	39.2012786865	30.6018409729
150.811064661	1008.06542969	39.2012786865	30.6018409729
150.811064661	1008.06542969	39.2012786865	30.6018409729
150.811064662	1008.06542969	39.2012786865	30.6018409729
150.811064662	1008.06542969	39.2012786865	30.6018409729
150.811064662	1008.06542969	39.2012786865	30.6018409729
150.811064662	1008.06542969	39.2012786865	30.6018409729
150.811064662	1008.06542969	39.2012786865	30.6018409729
150.811064663	1008.06542969	39.2012786865	30.6018409729
150.811064663	1008.06542969	39.2012786865	30.6018409729
150.811064663	1008.06542969	39.2012786865	30.6018409729
150.811064663	1008.06542969	39.2012786865	30.6018409729
150.811064664	1008.06542969	39.2012786865	30.6018409729
150.811064664	1008.06542969	39.2012786865	30.6018409729
150.811064664	1008.06542969	39.2012786865	30.6018409729
150.811064664	1008.06347656	39.2012786865	30.6018409729
150.811064665	1008.06347656	39.2012786865	30.6018409729
150.811064665	1008.06347656	39.2012786865	30.6018409729
150.811064665	1008.06347656	39.2012786865	30.6018409729
150.811064665	1008.06347656	39.2012786865	30.6018409729
150.811064666	1008.06347656	39.2012786865	30.4719009399
150.811064666	1008.06347656	39.2012786865	30.4719009399
150.811064666	1008.06347656	40.6259231567	30.4719009399
150.811064666	1008.06347656	40.6259231567	30.4719009399
150.811064667	1008.06347656	40.6259231567	30.4719009399
150.811064667	1008.06347656	40.6259231567	30.4719009399
150.811064667	1008.06347656	40.6259231567	30.4719009399
150.811064667	1008.06347656	40.6259231567	30.4719009399
150.811064667	1008.06347656	40.6259231567	30.4719009399
150.811064668	1008.06347656	40.6259231567	30.4719009399
150.811064668	1008.06347656	40.6259231567	30.4719009399
150.811064668	1008.06469727	40.6259231567	30.4719009399
150.811064669	1008.06469727	40.6259231567	30.4719009399
150.811064669	1008.06469727	40.6259231567	30.4719009399
150.811064669	1008.06469727	40.6259231567	30.4719009399
150.811064669	1008.06469727	40.6259231567	30.4719009399
150.811064669	1008.06469727	40.6259231567	30.4719009399
150.81106467	1008.06469727	40.6259231567	30.4719009399
150.81106467	1008.06469727	40.6259231567	30.4719009399
150.81106467	1008.06469727	40.6259231567	30.4719009399
150.81106467	1008.06469727	40.6259231567	30.4719009399
150.811064671	1008.06469727	40.6259231567	30.4719009399
150.811064671	1008.06469727	40.6259231567	30.4719009399
150.811064671	1008.06469727	40.6259231567	30.4719009399
150.811064671	1008.06469727	40.6259231567	30.4719009399
150.811064671	1008.06469727	40.6259231567	30.4719009399
150.811064672	1008.06469727	40.6259231567	30.4719009399
150.811064672	1008.06469727	40.6259231567	30.4719009399
150.811064672	1008.06445312	40.6259231567	30.4719009399
150.811064673	1008.06445312	40.6259231567	30.4719009399
150.811064673	1008.06445312	40.6259231567	30.4719009399
150.811064673	1008.06445312	40.6259231567	30.4719009399
150.811064673	1008.06445312	40.6259231567	30.4719009399
150.811064673	1008.06445312	40.6259231567	30.4719009399
150.811064674	1008.06445312	40.6259231567	30.5275878906
150.811064674	1008.06445312	40.6259231567	30.5275878906
150.811064674	1008.06445312	42.6812515259	30.5275878906
150.811064674	1008.06445312	42.6812515259	30.5275878906
150.811064675	1008.06445312	42.6812515259	30.5275878906
150.811064675	1008.06445312	42.6812515259	30.5275878906
150.811064675	1008.06445312	42.6812515259	30.5275878906
150.811064675	1008.06445312	42.6812515259	30.5275878906
150.811064676	1008.06445312	42.6812515259	30.5275878906
150.811064676	1008.06445312	42.6812515259	30.5275878906
150.811064676	1008.0625	42.6812515259	30.5275878906
150.811064676	1008.0625	42.6812515259	30.5275878906
150.811064677	1008.0625	42.6812515259	30.5275878906
150.811064677	1008.0625	42.6812515259	30.5275878906
150.811064677	1008.0625	42.6812515259	30.5275878906
150.811064677	1008.0625	42.6812515259	30.5275878906
150.811064678	1008.0625	42.6812515259	30.5275878906
150.811064678	1008.0625	42.6812515259	30.5275878906
150.811064678	1008.0625	42.6812515259	30.5275878906
150.811064678	1008.0625	42.6812515259	30.5275878906
150.811064678	1008.0625	42.6812515259	30.5275878906
150.811064679	1008.0625	42.6812515259	30.5275878906
150.811064679	1008.0625	42.6812515259	30.5275878906
150.811064679	1008.0625	42.6812515259	30.5275878906
150.811064679	1008.0625	42.6812515259	30.5275878906
150.81106468	1008.0625	42.6812515259	30.5275878906
150.81106468	1008.0625	42.6812515259	30.5275878906
150.81106468	1008.06542969	42.6812515259	30.5275878906
150.81106468	1008.06542969	42.6812515259	30.5275878906
150.811064681	1008.06542969	42.6812515259	30.5275878906
150.811064681	1008.06542969	42.6812515259	30.5275878906
150.811064681	1008.06542969	42.6812515259	30.5275878906
150.811064681	1008.06542969	42.6812515259	30.5275878906
150.811064682	1008.06542969	42.6812515259	30.5275878906
150.811064682	1008.06542969	42.6812515259	30.6204032898
150.811064682	1008.06542969	42.6812515259	30.6204032898
150.811064682	1008.06542969	44.0194549561	30.6204032898
150.811064683	1008.06542969	44.0194549561	30.6204032898
150.811064683	1008.06542969	44.0194549561	30.6204032898
150.811064683	1008.06542969	44.0194549561	30.6204032898
150.811064683	1008.06542969	44.0194549561	30.6204032898
150.811064683	1008.06542969	44.0194549561	30.6204032898
150.811064684	1008.06542969	44.0194549561	30.6204032898
150.811064684	1008.06884766	44.0194549561	30.6204032898
150.811064684	1008.06884766	44.0194549561	30.6204032898
150.811064685	1008.06884766	44.0194549561	30.6204032898
150.811064685	1008.06884766	44.0194549561	30.6204032898
150.811064685	1008.06884766	44.0194549561	30.6204032898
150.811064685	1008.06884766	44.0194549561	30.6204032898
150.811064685	1008.06884766	44.0194549561	30.6204032898
150.811064686	1008.06884766	44.0194549561	30.6204032898
150.811064686	1008.06884766	44.0194549561	30.6204032898
150.811064686	1008.06884766	44.0194549561	30.6204032898
150.811064686	1008.06884766	44.0194549561	30.6204032898
150.811064687	1008.06884766	44.0194549561	30.6204032898
150.811064687	1008.06884766	44.0194549561	30.6204032898
150.811064687	1008.06884766	44.0194549561	30.6204032898
150.811064687	1008.06884766	44.0194549561	30.6204032898
150.811064687	1008.06884766	44.0194549561	30.6204032898
150.811064688	1008.06884766	44.0194549561	30.6204032898
150.811064688	1008.07250977	44.0194549561	30.6204032898
150.811064688	1008.07250977	44.0194549561	30.6204032898
150.811064688	1008.07250977	44.0194549561	30.6204032898
150.811064689	1008.07250977	44.0194549561	30.6204032898
150.811064689	1008.07250977	44.0194549561	30.6204032898
150.811064689	1008.07250977	44.0194549561	30.6204032898
150.811064689	1008.07250977	44.0194549561	30.6204032898
150.81106469	1008.07250977	44.0194549561	30.6204032898
150.81106469	1008.07250977	44.0194549561	30.4719009399
150.81106469	1008.07250977	44.0194549561	30.4719009399
150.81106469	1008.07250977	38.8267097473	30.4719009399
150.811064691	1008.07250977	38.8267097473	30.4719009399
150.811064691	1008.07250977	38.8267097473	30.4719009399
150.811064691	1008.07250977	38.8267097473	30.4719009399
150.811064691	1008.07250977	38.8267097473	30.4719009399
150.811064692	1008.07250977	38.8267097473	30.4719009399
150.811064692	1008.07373047	38.8267097473	30.4719009399
150.811064692	1008.07373047	38.8267097473	30.4719009399
150.811064692	1008.07373047	38.8267097473	30.4719009399
150.811064693	1008.07373047	38.8267097473	30.4719009399
150.811064693	1008.07373047	38.8267097473	30.4719009399
150.811064693	1008.07373047	38.8267097473	30.4719009399
150.811064693	1008.07373047	38.8267097473	30.4719009399
150.811064693	1008.07373047	38.8267097473	30.4719009399
150.811064694	1008.07373047	38.8267097473	30.4719009399
150.811064694	1008.07373047	38.8267097473	30.4719009399
150.811064694	1008.07373047	38.8267097473	30.4719009399
150.811064694	1008.07373047	38.8267097473	30.4719009399
150.811064695	1008.07373047	38.8267097473	30.4719009399
150.811064695	1008.07373047	38.8267097473	30.4719009399
150.811064695	1008.07373047	38.8267097473	30.4719009399
150.811064695	1008.07373047	38.8267097473	30.4719009399
150.811064695	1008.07373047	38.8267097473	30.4719009399
150.811064696	1008.07250977	38.8267097473	30.4719009399
150.811064696	1008.07250977	38.8267097473	30.4719009399
150.811064696	1008.07250977	38.8267097473	30.4719009399
150.811064697	1008.07250977	38.8267097473	30.4719009399
150.811064697	1008.07250977	38.8267097473	30.4719009399
150.811064697	1008.07250977	38.8267097473	30.4719009399
150.811064697	1008.07250977	38.8267097473	30.4719009399
150.811064697	1008.07250977	38.8267097473	30.4719009399
150.811064698	1008.07250977	38.8267097473	30.4719009399
150.811064698	1008.07250977	38.8267097473	30.4162139893
150.811064698	1008.07250977	38.8267097473	30.4162139893
150.811064699	1008.07250977	42.4571495056	30.4162139893
150.811064699	1008.07250977	42.4571495056	30.4162139893
150.811064699	1008.07250977	42.4571495056	30.4162139893
150.811064699	1008.07250977	42.4571495056	30.4162139893
150.811064699	1008.07250977	42.4571495056	30.4162139893
150.8110647	1008.07885742	42.4571495056	30.4162139893
150.8110647	1008.07885742	42.4571495056	30.4162139893
150.8110647	1008.07885742	42.4571495056	30.4162139893
150.8110647	1008.07885742	42.4571495056	30.4162139893
150.811064701	1008.07885742	42.4571495056	30.4162139893
150.811064701	1008.07885742	42.4571495056	30.4162139893
150.811064701	1008.07885742	42.4571495056	30.4162139893
150.811064701	1008.07885742	42.4571495056	30.4162139893
150.811064702	1008.07885742	42.4571495056	30.4162139893
150.811064702	1008.07885742	42.4571495056	30.4162139893
150.811064702	1008.07885742	42.4571495056	30.4162139893
150.811064702	1008.07885742	42.4571495056	30.4162139893
150.811064702	1008.07885742	42.4571495056	30.4162139893
150.811064703	1008.07885742	42.4571495056	30.4162139893
150.811064703	1008.07885742	42.4571495056	30.4162139893
150.811064703	1008.07885742	42.4571495056	30.4162139893
150.811064703	1008.07885742	42.4571495056	30.4162139893
150.811064704	1008.07885742	42.4571495056	30.4162139893
150.811064704	1008.07885742	42.4571495056	30.4162139893
150.811064704	1008.07885742	42.4571495056	30.4162139893
150.811064704	1008.07885742	42.4571495056	30.4162139893
150.811064705	1008.07885742	42.4571495056	30.4162139893
150.811064705	1008.07885742	42.4571495056	30.4162139893
150.811064705	1008.07885742	42.4571495056	30.4162139893
150.811064705	1008.07885742	42.4571495056	30.4162139893
150.811064706	1008.07885742	42.4571495056	30.4162139893
150.811064706	1008.07885742	42.4571495056	30.4162139893
150.811064706	1008.07885742	42.4571495056	30.4719009399
150.811064706	1008.07885742	42.4571495056	30.4719009399
150.811064707	1008.07885742	38.5161705017	30.4719009399
150.811064707	1008.07885742	38.5161705017	30.4719009399
150.811064707	1008.07885742	38.5161705017	30.4719009399
150.811064707	1008.07885742	38.5161705017	30.4719009399
150.811064707	1008.07495117	38.5161705017	30.4719009399
150.811064708	1008.07495117	38.5161705017	30.4719009399
150.811064708	1008.07495117	38.5161705017	30.4719009399
150.811064708	1008.07495117	38.5161705017	30.4719009399
150.811064709	1008.07495117	38.5161705017	30.4719009399
150.811064709	1008.07495117	38.5161705017	30.4719009399
150.811064709	1008.07495117	38.5161705017	30.4719009399
150.811064709	1008.07495117	38.5161705017	30.4719009399
150.811064709	1008.07495117	38.5161705017	30.4719009399
150.81106471	1008.07495117	38.5161705017	30.4719009399
150.81106471	1008.07495117	38.5161705017	30.4719009399
150.81106471	1008.07495117	38.5161705017	30.4719009399
150.81106471	1008.07495117	38.5161705017	30.4719009399
150.811064711	1008.07495117	38.5161705017	30.4719009399
150.811064711	1008.07495117	38.5161705017	30.4719009399
150.811064711	1008.07495117	38.5161705017	30.4719009399
150.811064711	1008.07495117	38.5161705017	30.4719009399
150.811064711	1008.08154297	38.5161705017	30.4719009399
150.811064712	1008.08154297	38.5161705017	30.4719009399
150.811064712	1008.08154297	38.5161705017	30.4719009399
150.811064712	1008.08154297	38.5161705017	30.4719009399
150.811064713	1008.08154297	38.5161705017	30.4719009399
150.811064713	1008.08154297	38.5161705017	30.4719009399
150.811064713	1008.08154297	38.5161705017	30.4719009399
150.811064713	1008.08154297	38.5161705017	30.4719009399
150.811064713	1008.08154297	38.5161705017	30.4719009399
150.811064714	1008.08154297	38.5161705017	30.4719009399
150.811064714	1008.08154297	38.5161705017	30.4719009399
150.811064714	1008.08154297	38.5161705017	30.4719009399
150.811064714	1008.08154297	38.5161705017	30.5090255737
150.811064715	1008.08154297	40.1425056458	30.5090255737
150.811064715	1008.08154297	40.1425056458	30.5090255737
150.811064715	1008.08154297	40.1425056458	30.5090255737
150.811064715	1008.07617188	40.1425056458	30.5090255737
150.811064716	1008.07617188	40.1425056458	30.5090255737
150.811064716	1008.07617188	40.1425056458	30.5090255737
150.811064716	1008.07617188	40.1425056458	30.5090255737
150.811064716	1008.07617188	40.1425056458	30.5090255737
150.811064717	1008.07617188	40.1425056458	30.5090255737
150.811064717	1008.07617188	40.1425056458	30.5090255737
150.811064717	1008.07617188	40.1425056458	30.5090255737
150.811064717	1008.07617188	40.1425056458	30.5090255737
150.811064718	1008.07617188	40.1425056458	30.5090255737
150.811064718	1008.07617188	40.1425056458	30.5090255737
150.811064718	1008.07617188	40.1425056458	30.5090255737
150.811064718	1008.07617188	40.1425056458	30.5090255737
150.811064718	1008.07617188	40.1425056458	30.5090255737
150.811064719	1008.07617188	40.1425056458	30.5090255737
150.811064719	1008.07617188	40.1425056458	30.5090255737
150.811064719	1008.07617188	40.1425056458	30.5090255737
150.811064719	1008.08178711	40.1425056458	30.5090255737
150.81106472	1008.08178711	40.1425056458	30.5090255737
150.81106472	1008.08178711	40.1425056458	30.5090255737
150.81106472	1008.08178711	40.1425056458	30.5090255737
150.81106472	1008.08178711	40.1425056458	30.5090255737
150.811064721	1008.08178711	40.1425056458	30.5090255737
150.811064721	1008.08178711	40.1425056458	30.5090255737
150.811064721	1008.08178711	40.1425056458	30.5090255737
150.811064721	1008.08178711	40.1425056458	30.5090255737
150.811064722	1008.08178711	40.1425056458	30.5090255737
150.811064722	1008.08178711	40.1425056458	30.5090255737
150.811064722	1008.08178711	40.1425056458	30.5090255737
150.811064722	1008.08178711	40.1425056458	30.5090255737
150.811064722	1008.08178711	40.1425056458	30.4719009399
150.811064723	1008.08178711	41.3238372803	30.4719009399
150.811064723	1008.08178711	41.3238372803	30.4719009399
150.811064723	1008.07958984	41.3238372803	30.4719009399
150.811064724	1008.07958984	41.3238372803	30.4719009399
150.811064724	1008.07958984	41.3238372803	30.4719009399
150.811064724	1008.07958984	41.3238372803	30.4719009399
150.811064724	1008.07958984	41.3238372803	30.4719009399
150.811064725	1008.07958984	41.3238372803	30.4719009399
150.811064725	1008.07958984	41.3238372803	30.4719009399
150.811064725	1008.07958984	41.3238372803	30.4719009399
150.811064725	1008.07958984	41.3238372803	30.4719009399
150.811064725	1008.07958984	41.3238372803	30.4719009399
150.811064726	1008.07958984	41.3238372803	30.4719009399
150.811064726	1008.07958984	41.3238372803	30.4719009399
150.811064726	1008.07958984	41.3238372803	30.4719009399
150.811064726	1008.07958984	41.3238372803	30.4719009399
150.811064727	1008.07958984	41.3238372803	30.4719009399
150.811064727	1008.07958984	41.3238372803	30.4719009399
150.811064727	1008.07958984	41.3238372803	30.4719009399
150.811064727	1008.07739258	41.3238372803	30.4719009399
150.811064728	1008.07739258	41.3238372803	30.4719009399
150.811064728	1008.07739258	41.3238372803	30.4719009399
150.811064728	1008.07739258	41.3238372803	30.4719009399
150.811064728	1008.07739258	41.3238372803	30.4719009399
150.811064728	1008.07739258	41.3238372803	30.4719009399
150.811064729	1008.07739258	41.3238372803	30.4719009399
150.811064729	1008.07739258	41.3238372803	30.4719009399
150.811064729	1008.07739258	41.3238372803	30.4719009399
150.811064729	1008.07739258	41.3238372803	30.4719009399
150.81106473	1008.07739258	41.3238372803	30.4719009399
150.81106473	1008.07739258	41.3238372803	30.4719009399
150.81106473	1008.07739258	41.3238372803	30.4719009399
150.81106473	1008.07739258	41.3238372803	30.4719009399
150.81106473	1008.07739258	41.3238372803	30.4719009399
150.811064731	1008.07739258	42.5147743225	30.4719009399
150.811064731	1008.07250977	42.5147743225	30.4719009399
150.811064731	1008.07250977	42.5147743225	30.4719009399
150.811064732	1008.07250977	42.5147743225	30.4719009399
150.811064732	1008.07250977	42.5147743225	30.4719009399
150.811064732	1008.07250977	42.5147743225	30.4719009399
150.811064732	1008.07250977	42.5147743225	30.4719009399
150.811064733	1008.07250977	42.5147743225	30.4719009399
150.811064733	1008.07250977	42.5147743225	30.4719009399
150.811064733	1008.07250977	42.5147743225	30.4719009399
150.811064733	1008.07250977	42.5147743225	30.4719009399
150.811064733	1008.07250977	42.5147743225	30.4719009399
150.811064734	1008.07250977	42.5147743225	30.4719009399
150.811064734	1008.07250977	42.5147743225	30.4719009399
150.811064734	1008.07250977	42.5147743225	30.4719009399
150.811064734	1008.07250977	42.5147743225	30.4719009399
150.811064735	1008.07250977	42.5147743225	30.4719009399
150.811064735	1008.07250977	42.5147743225	30.4719009399
150.811064735	1008.07568359	42.5147743225	30.4719009399
150.811064735	1008.07568359	42.5147743225	30.4719009399
150.811064736	1008.07568359	42.5147743225	30.4719009399
150.811064736	1008.07568359	42.5147743225	30.4719009399
150.811064736	1008.07568359	42.5147743225	30.4719009399
150.811064736	1008.07568359	42.5147743225	30.4719009399
150.811064737	1008.07568359	42.5147743225	30.4719009399
150.811064737	1008.07568359	42.5147743225	30.4719009399
150.811064737	1008.07568359	42.5147743225	30.4719009399
150.811064737	1008.07568359	42.5147743225	30.4719009399
150.811064737	1008.07568359	42.5147743225	30.4719009399
150.811064738	1008.07568359	42.5147743225	30.4719009399
150.811064738	1008.07568359	42.5147743225	30.4719009399
150.811064738	1008.07568359	42.5147743225	30.4719009399
150.811064738	1008.07568359	42.5147743225	30.4719009399
150.811064739	1008.07568359	42.5147743225	30.4719009399
150.811064739	1008.07397461	39.5726470947	30.4719009399
150.811064739	1008.07397461	39.5726470947	30.4719009399
150.81106474	1008.07397461	39.5726470947	30.4719009399
150.81106474	1008.07397461	39.5726470947	30.4719009399
150.81106474	1008.07397461	39.5726470947	30.4719009399
150.81106474	1008.07397461	39.5726470947	30.4719009399
150.81106474	1008.07397461	39.5726470947	30.4719009399
150.811064741	1008.07397461	39.5726470947	30.4719009399
150.811064741	1008.07397461	39.5726470947	30.4719009399
150.811064741	1008.07397461	39.5726470947	30.4719009399
150.811064741	1008.07397461	39.5726470947	30.4719009399
150.811064742	1008.07397461	39.5726470947	30.4719009399
150.811064742	1008.07397461	39.5726470947	30.4719009399
150.811064742	1008.07397461	39.5726470947	30.4719009399
150.811064742	1008.07397461	39.5726470947	30.4719009399
150.811064742	1008.07397461	39.5726470947	30.4719009399
150.811064743	1008.07397461	39.5726470947	30.4719009399
150.811064743	1008.07348633	39.5726470947	30.4719009399
150.811064743	1008.07348633	39.5726470947	30.4719009399
150.811064744	1008.07348633	39.5726470947	30.4719009399
150.811064744	1008.07348633	39.5726470947	30.4719009399
150.811064744	1008.07348633	39.5726470947	30.4719009399
150.811064744	1008.07348633	39.5726470947	30.4719009399
150.811064744	1008.07348633	39.5726470947	30.4719009399
150.811064745	1008.07348633	39.5726470947	30.4719009399
150.811064745	1008.07348633	39.5726470947	30.4719009399
150.811064745	1008.07348633	39.5726470947	30.4719009399
150.811064745	1008.07348633	39.5726470947	30.4719009399
150.811064746	1008.07348633	39.5726470947	30.4719009399
150.811064746	1008.07348633	39.5726470947	30.4719009399
150.811064746	1008.07348633	39.5726470947	30.4719009399
150.811064746	1008.07348633	39.5726470947	30.4719009399
150.811064746	1008.07348633	39.5726470947	30.4719009399
150.811064747	1008.07348633	39.5726470947	30.6018409729
150.811064747	1008.07080078	41.8520774841	30.6018409729
150.811064747	1008.07080078	41.8520774841	30.6018409729
150.811064748	1008.07080078	41.8520774841	30.6018409729
150.811064748	1008.07080078	41.8520774841	30.6018409729
150.811064748	1008.07080078	41.8520774841	30.6018409729
150.811064748	1008.07080078	41.8520774841	30.6018409729
150.811064749	1008.07080078	41.8520774841	30.6018409729
150.811064749	1008.07080078	41.8520774841	30.6018409729
150.811064749	1008.07080078	41.8520774841	30.6018409729
150.811064749	1008.07080078	41.8520774841	30.6018409729
150.811064749	1008.07080078	41.8520774841	30.6018409729
150.81106475	1008.07080078	41.8520774841	30.6018409729
150.81106475	1008.07080078	41.8520774841	30.6018409729
150.81106475	1008.07080078	41.8520774841	30.6018409729
150.81106475	1008.07080078	41.8520774841	30.6018409729
150.811064751	1008.07080078	41.8520774841	30.6018409729
150.811065424	1009.41455078	41.7276229858	29.9855079651
150.811065429	1009.41455078	41.7276229858	29.9855079651
150.81106543	1009.41455078	41.7276229858	29.9855079651
150.81106543	1009.41455078	41.7276229858	29.9855079651
150.81106543	1009.41455078	41.7276229858	29.9855079651
150.81106543	1009.41455078	41.7276229858	29.9855079651
150.81106543	1009.41455078	41.7276229858	29.9855079651
150.811065431	1009.41455078	41.7276229858	29.9855079651
150.811065431	1009.41455078	41.7276229858	29.9855079651
150.811065431	1009.41455078	41.7276229858	30.0217399597
150.811065431	1009.41455078	39.9569396973	30.0217399597
150.811065432	1009.41455078	39.9569396973	30.0217399597
150.811065432	1009.41455078	39.9569396973	30.0217399597
150.811065432	1009.41455078	39.9569396973	30.0217399597
150.811065432	1009.41137695	39.9569396973	30.0217399597
150.811065433	1009.41137695	39.9569396973	30.0217399597
150.811065433	1009.41137695	39.9569396973	30.0217399597
150.811065433	1009.41137695	39.9569396973	30.0217399597
150.811065434	1009.41137695	39.9569396973	30.0217399597
150.811065434	1009.41137695	39.9569396973	30.0217399597
150.811065434	1009.41137695	39.9569396973	30.0217399597
150.811065434	1009.41137695	39.9569396973	30.0217399597
150.811065434	1009.41137695	39.9569396973	30.0217399597
150.811065435	1009.41137695	39.9569396973	30.0217399597
150.811065435	1009.41137695	39.9569396973	30.0217399597
150.811065435	1009.41137695	39.9569396973	30.0217399597
150.811065435	1009.41137695	39.9569396973	30.0217399597
150.811065435	1009.41137695	39.9569396973	30.0217399597
150.811065436	1009.41137695	39.9569396973	30.0217399597
150.811065436	1009.41137695	39.9569396973	30.0217399597
150.811065436	1009.41137695	39.9569396973	30.0217399597
150.811065436	1009.41137695	39.9569396973	30.0217399597
150.811065437	1009.41113281	39.9569396973	30.0217399597
150.811065437	1009.41113281	39.9569396973	30.0217399597
150.811065437	1009.41113281	39.9569396973	30.0217399597
150.811065437	1009.41113281	39.9569396973	30.0217399597
150.811065438	1009.41113281	39.9569396973	30.0217399597
150.811065438	1009.41113281	39.9569396973	30.0217399597
150.811065438	1009.41113281	39.9569396973	30.0217399597
150.811065438	1009.41113281	39.9569396973	30.0217399597
150.811065439	1009.41113281	39.9569396973	30.0217399597
150.811065439	1009.41113281	39.9569396973	30.0217399597
150.811065439	1009.41113281	39.9569396973	30.094203949
150.811065439	1009.41113281	40.0780410767	30.094203949
150.81106544	1009.41113281	40.0780410767	30.094203949
150.81106544	1009.41113281	40.0780410767	30.094203949
150.81106544	1009.41113281	40.0780410767	30.094203949
150.81106544	1009.41113281	40.0780410767	30.094203949
150.811065441	1009.41186523	40.0780410767	30.094203949
150.811065441	1009.41186523	40.0780410767	30.094203949
150.811065441	1009.41186523	40.0780410767	30.094203949
150.811065441	1009.41186523	40.0780410767	30.094203949
150.811065442	1009.41186523	40.0780410767	30.094203949
150.811065442	1009.41186523	40.0780410767	30.094203949
150.811065442	1009.41186523	40.0780410767	30.094203949
150.811065442	1009.41186523	40.0780410767	30.094203949
150.811065442	1009.41186523	40.0780410767	30.094203949
150.811065443	1009.41186523	40.0780410767	30.094203949
150.811065443	1009.41186523	40.0780410767	30.094203949
150.811065443	1009.41186523	40.0780410767	30.094203949
150.811065443	1009.41186523	40.0780410767	30.094203949
150.811065444	1009.41186523	40.0780410767	30.094203949
150.811065444	1009.41186523	40.0780410767	30.094203949
150.811065444	1009.41186523	40.0780410767	30.094203949
150.811065444	1009.41186523	40.0780410767	30.094203949
150.811065444	1009.41186523	40.0780410767	30.094203949
150.811065445	1009.41699219	40.0780410767	30.094203949
150.811065445	1009.41699219	40.0780410767	30.094203949
150.811065445	1009.41699219	40.0780410767	30.094203949
150.811065446	1009.41699219	40.0780410767	30.094203949
150.811065446	1009.41699219	40.0780410767	30.094203949
150.811065446	1009.41699219	40.0780410767	30.094203949
150.811065446	1009.41699219	40.0780410767	30.094203949
150.811065446	1009.41699219	40.0780410767	30.094203949
150.811065447	1009.41699219	40.0780410767	30.094203949
150.811065447	1009.41699219	40.0780410767	29.9492759705
150.811065447	1009.41699219	38.3531837463	29.9492759705
150.811065448	1009.41699219	38.3531837463	29.9492759705
150.811065448	1009.41699219	38.3531837463	29.9492759705
150.811065448	1009.41699219	38.3531837463	29.9492759705
150.811065448	1009.41699219	38.3531837463	29.9492759705
150.811065448	1009.41699219	38.3531837463	29.9492759705
150.811065449	1009.421875	38.3531837463	29.9492759705
150.811065449	1009.421875	38.3531837463	29.9492759705
150.811065449	1009.421875	38.3531837463	29.9492759705
150.811065449	1009.421875	38.3531837463	29.9492759705
150.81106545	1009.421875	38.3531837463	29.9492759705
150.81106545	1009.421875	38.3531837463	29.9492759705
150.81106545	1009.421875	38.3531837463	29.9492759705
150.81106545	1009.421875	38.3531837463	29.9492759705
150.811065451	1009.421875	38.3531837463	29.9492759705
150.811065451	1009.421875	38.3531837463	29.9492759705
150.811065451	1009.421875	38.3531837463	29.9492759705
150.811065451	1009.421875	38.3531837463	29.9492759705
150.811065451	1009.421875	38.3531837463	29.9492759705
150.811065452	1009.421875	38.3531837463	29.9492759705
150.811065452	1009.421875	38.3531837463	29.9492759705
150.811065452	1009.421875	38.3531837463	29.9492759705
150.811065452	1009.421875	38.3531837463	29.9492759705
150.811065453	1009.421875	38.3531837463	29.9492759705
150.811065453	1009.41992188	38.3531837463	29.9492759705
150.811065453	1009.41992188	38.3531837463	29.9492759705
150.811065453	1009.41992188	38.3531837463	29.9492759705
150.811065454	1009.41992188	38.3531837463	29.9492759705
150.811065454	1009.41992188	38.3531837463	29.9492759705
150.811065454	1009.41992188	38.3531837463	29.9492759705
150.811065454	1009.41992188	38.3531837463	29.9492759705
150.811065455	1009.41992188	38.3531837463	29.9492759705
150.811065455	1009.41992188	38.3531837463	29.9855079651
150.811065455	1009.41992188	42.4280395508	29.9855079651
150.811065455	1009.41992188	42.4280395508	29.9855079651
150.811065456	1009.41992188	42.4280395508	29.9855079651
150.811065456	1009.41992188	42.4280395508	29.9855079651
150.811065456	1009.41992188	42.4280395508	29.9855079651
150.811065456	1009.41992188	42.4280395508	29.9855079651
150.811065457	1009.41992188	42.4280395508	29.9855079651
150.811065457	1009.41259766	42.4280395508	29.9855079651
150.811065457	1009.41259766	42.4280395508	29.9855079651
150.811065457	1009.41259766	42.4280395508	29.9855079651
150.811065458	1009.41259766	42.4280395508	29.9855079651
150.811065458	1009.41259766	42.4280395508	29.9855079651
150.811065458	1009.41259766	42.4280395508	29.9855079651
150.811065458	1009.41259766	42.4280395508	29.9855079651
150.811065459	1009.41259766	42.4280395508	29.9855079651
150.811065459	1009.41259766	42.4280395508	29.9855079651
150.811065459	1009.41259766	42.4280395508	29.9855079651
150.811065459	1009.41259766	42.4280395508	29.9855079651
150.811065459	1009.41259766	42.4280395508	29.9855079651
150.81106546	1009.41259766	42.4280395508	29.9855079651
150.81106546	1009.41259766	42.4280395508	29.9855079651
150.81106546	1009.41259766	42.4280395508	29.9855079651
150.81106546	1009.41259766	42.4280395508	29.9855079651
150.811065461	1009.41259766	42.4280395508	29.9855079651
150.811065461	1009.41503906	42.4280395508	29.9855079651
150.811065461	1009.41503906	42.4280395508	29.9855079651
150.811065461	1009.41503906	42.4280395508	29.9855079651
150.811065462	1009.41503906	42.4280395508	29.9855079651
150.811065462	1009.41503906	42.4280395508	29.9855079651
150.811065462	1009.41503906	42.4280395508	29.9855079651
150.811065462	1009.41503906	42.4280395508	29.9855079651
150.811065462	1009.41503906	42.4280395508	29.9855079651
150.811065463	1009.41503906	42.4280395508	30.0217399597
150.811065463	1009.41503906	38.6182937622	30.0217399597
150.811065463	1009.41503906	38.6182937622	30.0217399597
150.811065464	1009.41503906	38.6182937622	30.0217399597
150.811065464	1009.41503906	38.6182937622	30.0217399597
150.811065464	1009.41503906	38.6182937622	30.0217399597
150.811065464	1009.41503906	38.6182937622	30.0217399597
150.811065464	1009.41503906	38.6182937622	30.0217399597
150.811065465	1009.41503906	38.6182937622	30.0217399597
150.811065465	1009.41503906	38.6182937622	30.0217399597
150.811065465	1009.41503906	38.6182937622	30.0217399597
150.811065465	1009.41503906	38.6182937622	30.0217399597
150.811065466	1009.41503906	38.6182937622	30.0217399597
150.811065466	1009.41503906	38.6182937622	30.0217399597
150.811065466	1009.41503906	38.6182937622	30.0217399597
150.811065466	1009.41503906	38.6182937622	30.0217399597
150.811065467	1009.41503906	38.6182937622	30.0217399597
150.811065467	1009.41503906	38.6182937622	30.0217399597
150.811065467	1009.41503906	38.6182937622	30.0217399597
150.811065467	1009.41503906	38.6182937622	30.0217399597
150.811065467	1009.41503906	38.6182937622	30.0217399597
150.811065468	1009.41503906	38.6182937622	30.0217399597
150.811065468	1009.41503906	38.6182937622	30.0217399597
150.811065468	1009.41503906	38.6182937622	30.0217399597
150.811065468	1009.41503906	38.6182937622	30.0217399597
150.811065469	1009.41503906	38.6182937622	30.0217399597
150.811065469	1009.41699219	38.6182937622	30.0217399597
150.811065469	1009.41699219	38.6182937622	30.0217399597
150.811065469	1009.41699219	38.6182937622	30.0217399597
150.81106547	1009.41699219	38.6182937622	30.0217399597
150.81106547	1009.41699219	38.6182937622	30.0217399597
150.81106547	1009.41699219	38.6182937622	30.0217399597
150.81106547	1009.41699219	38.6182937622	30.0217399597
150.811065471	1009.41699219	38.6182937622	29.9855079651
150.811065471	1009.41699219	38.6182937622	29.9855079651
150.811065471	1009.41699219	40.6311759949	29.9855079651
150.811065471	1009.41699219	40.6311759949	29.9855079651
150.811065472	1009.41699219	40.6311759949	29.9855079651
150.811065472	1009.41699219	40.6311759949	29.9855079651
150.811065472	1009.41699219	40.6311759949	29.9855079651
150.811065472	1009.41699219	40.6311759949	29.9855079651
150.811065473	1009.41699219	40.6311759949	29.9855079651
150.811065473	1009.41699219	40.6311759949	29.9855079651
150.811065473	1009.41723633	40.6311759949	29.9855079651
150.811065473	1009.41723633	40.6311759949	29.9855079651
150.811065474	1009.41723633	40.6311759949	29.9855079651
150.811065474	1009.41723633	40.6311759949	29.9855079651
150.811065474	1009.41723633	40.6311759949	29.9855079651
150.811065474	1009.41723633	40.6311759949	29.9855079651
150.811065474	1009.41723633	40.6311759949	29.9855079651
150.811065475	1009.41723633	40.6311759949	29.9855079651
150.811065475	1009.41723633	40.6311759949	29.9855079651
150.811065475	1009.41723633	40.6311759949	29.9855079651
150.811065475	1009.41723633	40.6311759949	29.9855079651
150.811065476	1009.41723633	40.6311759949	29.9855079651
150.811065476	1009.41723633	40.6311759949	29.9855079651
150.811065476	1009.41723633	40.6311759949	29.9855079651
150.811065476	1009.41723633	40.6311759949	29.9855079651
150.811065476	1009.41723633	40.6311759949	29.9855079651
150.811065477	1009.41723633	40.6311759949	29.9855079651
150.811065477	1009.41308594	40.6311759949	29.9855079651
150.811065477	1009.41308594	40.6311759949	29.9855079651
150.811065478	1009.41308594	40.6311759949	29.9855079651
150.811065478	1009.41308594	40.6311759949	29.9855079651
150.811065478	1009.41308594	40.6311759949	29.9855079651
150.811065478	1009.41308594	40.6311759949	29.9855079651
150.811065478	1009.41308594	40.6311759949	29.9855079651
150.811065479	1009.41308594	40.6311759949	29.8586959839
150.811065479	1009.41308594	40.542804718	29.8586959839
150.811065479	1009.41308594	40.542804718	29.8586959839
150.81106548	1009.41308594	40.542804718	29.8586959839
150.81106548	1009.41308594	40.542804718	29.8586959839
150.81106548	1009.41308594	40.542804718	29.8586959839
150.81106548	1009.41308594	40.542804718	29.8586959839
150.81106548	1009.41308594	40.542804718	29.8586959839
150.811065481	1009.41308594	40.542804718	29.8586959839
150.811065481	1009.41308594	40.542804718	29.8586959839
150.811065481	1009.41503906	40.542804718	29.8586959839
150.811065481	1009.41503906	40.542804718	29.8586959839
150.811065482	1009.41503906	40.542804718	29.8586959839
150.811065482	1009.41503906	40.542804718	29.8586959839
150.811065482	1009.41503906	40.542804718	29.8586959839
150.811065482	1009.41503906	40.542804718	29.8586959839
150.811065483	1009.41503906	40.542804718	29.8586959839
150.811065483	1009.41503906	40.542804718	29.8586959839
150.811065483	1009.41503906	40.542804718	29.8586959839
150.811065483	1009.41503906	40.542804718	29.8586959839
150.811065483	1009.41503906	40.542804718	29.8586959839
150.811065484	1009.41503906	40.542804718	29.8586959839
150.811065484	1009.41503906	40.542804718	29.8586959839
150.811065484	1009.41503906	40.542804718	29.8586959839
150.811065484	1009.41503906	40.542804718	29.8586959839
150.811065485	1009.41503906	40.542804718	29.8586959839
150.811065485	1009.41503906	40.542804718	29.8586959839
150.811065485	1009.41748047	40.542804718	29.8586959839
150.811065485	1009.41748047	40.542804718	29.8586959839
150.811065486	1009.41748047	40.542804718	29.8586959839
150.811065486	1009.41748047	40.542804718	29.8586959839
150.811065486	1009.41748047	40.542804718	29.8586959839
150.811065486	1009.41748047	40.542804718	29.8586959839
150.811065487	1009.41748047	40.542804718	30.1123199463
150.811065487	1009.41748047	39.6034622192	30.1123199463
150.811065487	1009.41748047	39.6034622192	30.1123199463
150.811065487	1009.41748047	39.6034622192	30.1123199463
150.811065488	1009.41748047	39.6034622192	30.1123199463
150.811065488	1009.41748047	39.6034622192	30.1123199463
150.811065488	1009.41748047	39.6034622192	30.1123199463
150.811065488	1009.41748047	39.6034622192	30.1123199463
150.811065488	1009.41748047	39.6034622192	30.1123199463
150.811065489	1009.41748047	39.6034622192	30.1123199463
150.811065489	1009.41748047	39.6034622192	30.1123199463
150.811065489	1009.41674805	39.6034622192	30.1123199463
150.81106549	1009.41674805	39.6034622192	30.1123199463
150.81106549	1009.41674805	39.6034622192	30.1123199463
150.81106549	1009.41674805	39.6034622192	30.1123199463
150.81106549	1009.41674805	39.6034622192	30.1123199463
150.81106549	1009.41674805	39.6034622192	30.1123199463
150.811065491	1009.41674805	39.6034622192	30.1123199463
150.811065491	1009.41674805	39.6034622192	30.1123199463
150.811065491	1009.41674805	39.6034622192	30.1123199463
150.811065491	1009.41674805	39.6034622192	30.1123199463
150.811065492	1009.41674805	39.6034622192	30.1123199463
150.811065492	1009.41674805	39.6034622192	30.1123199463
150.811065492	1009.41674805	39.6034622192	30.1123199463
150.811065492	1009.41674805	39.6034622192	30.1123199463
150.811065492	1009.41674805	39.6034622192	30.1123199463
150.811065493	1009.41674805	39.6034622192	30.1123199463
150.811065493	1009.41674805	39.6034622192	30.1123199463
150.811065493	1009.42041016	39.6034622192	30.1123199463
150.811065494	1009.42041016	39.6034622192	30.1123199463
150.811065494	1009.42041016	39.6034622192	30.1123199463
150.811065494	1009.42041016	39.6034622192	30.1123199463
150.811065494	1009.42041016	39.6034622192	30.1123199463
150.811065494	1009.42041016	39.6034622192	30.0579719543
150.811065495	1009.42041016	42.1171035767	30.0579719543
150.811065495	1009.42041016	42.1171035767	30.0579719543
150.811065495	1009.42041016	42.1171035767	30.0579719543
150.811065495	1009.42041016	42.1171035767	30.0579719543
150.811065496	1009.42041016	42.1171035767	30.0579719543
150.811065496	1009.42041016	42.1171035767	30.0579719543
150.811065496	1009.42041016	42.1171035767	30.0579719543
150.811065496	1009.42041016	42.1171035767	30.0579719543
150.811065497	1009.42041016	42.1171035767	30.0579719543
150.811065497	1009.42041016	42.1171035767	30.0579719543
150.811065497	1009.42041016	42.1171035767	30.0579719543
150.811065497	1009.42163086	42.1171035767	30.0579719543
150.811065498	1009.42163086	42.1171035767	30.0579719543
150.811065498	1009.42163086	42.1171035767	30.0579719543
150.811065498	1009.42163086	42.1171035767	30.0579719543
150.811065498	1009.42163086	42.1171035767	30.0579719543
150.811065499	1009.42163086	42.1171035767	30.0579719543
150.811065499	1009.42163086	42.1171035767	30.0579719543
150.811065499	1009.42163086	42.1171035767	30.0579719543
150.811065499	1009.42163086	42.1171035767	30.0579719543
150.811065499	1009.42163086	42.1171035767	30.0579719543
150.8110655	1009.42163086	42.1171035767	30.0579719543
150.8110655	1009.42163086	42.1171035767	30.0579719543
150.8110655	1009.42163086	42.1171035767	30.0579719543
150.8110655	1009.42163086	42.1171035767	30.0579719543
150.811065501	1009.42163086	42.1171035767	30.0579719543
150.811065501	1009.42163086	42.1171035767	30.0579719543
150.811065501	1009.42163086	42.1171035767	30.0579719543
150.811065501	1009.42285156	42.1171035767	30.0579719543
150.811065502	1009.42285156	42.1171035767	30.0579719543
150.811065502	1009.42285156	42.1171035767	30.0579719543
150.811065502	1009.42285156	42.1171035767	30.0579719543
150.811065502	1009.42285156	42.1171035767	29.9492759705
150.811065503	1009.42285156	40.37915802	29.9492759705
150.811065503	1009.42285156	40.37915802	29.9492759705
150.811065503	1009.42285156	40.37915802	29.9492759705
150.811065503	1009.42285156	40.37915802	29.9492759705
150.811065504	1009.42285156	40.37915802	29.9492759705
150.811065504	1009.42285156	40.37915802	29.9492759705
150.811065504	1009.42285156	40.37915802	29.9492759705
150.811065504	1009.42285156	40.37915802	29.9492759705
150.811065504	1009.42285156	40.37915802	29.9492759705
150.811065505	1009.42285156	40.37915802	29.9492759705
150.811065505	1009.42285156	40.37915802	29.9492759705
150.811065505	1009.42285156	40.37915802	29.9492759705
150.811065505	1009.42431641	40.37915802	29.9492759705
150.811065506	1009.42431641	40.37915802	29.9492759705
150.811065506	1009.42431641	40.37915802	29.9492759705
150.811065506	1009.42431641	40.37915802	29.9492759705
150.811065506	1009.42431641	40.37915802	29.9492759705
150.811065507	1009.42431641	40.37915802	29.9492759705
150.811065507	1009.42431641	40.37915802	29.9492759705
150.811065507	1009.42431641	40.37915802	29.9492759705
150.811065507	1009.42431641	40.37915802	29.9492759705
150.811065508	1009.42431641	40.37915802	29.9492759705
150.811065508	1009.42431641	40.37915802	29.9492759705
150.811065508	1009.42431641	40.37915802	29.9492759705
150.811065508	1009.42431641	40.37915802	29.9492759705
150.811065508	1009.42431641	40.37915802	29.9492759705
150.811065509	1009.42431641	40.37915802	29.9492759705
150.811065509	1009.42431641	40.37915802	29.9492759705
150.811065509	1009.42431641	40.37915802	29.9492759705
150.811065509	1009.42578125	40.37915802	29.9492759705
150.81106551	1009.42578125	40.37915802	29.9492759705
150.81106551	1009.42578125	40.37915802	29.9492759705
150.81106551	1009.42578125	40.37915802	30.0760879517
150.811065511	1009.42578125	41.665435791	30.0760879517
150.811065511	1009.42578125	41.665435791	30.0760879517
150.811065511	1009.42578125	41.665435791	30.0760879517
150.811065511	1009.42578125	41.665435791	30.0760879517
150.811065511	1009.42578125	41.665435791	30.0760879517
150.811065512	1009.42578125	41.665435791	30.0760879517
150.811065512	1009.42578125	41.665435791	30.0760879517
150.811065512	1009.42578125	41.665435791	30.0760879517
150.811065512	1009.42578125	41.665435791	30.0760879517
150.811065513	1009.42578125	41.665435791	30.0760879517
150.811065513	1009.42578125	41.665435791	30.0760879517
150.811065513	1009.42578125	41.665435791	30.0760879517
150.811065513	1009.42578125	41.665435791	30.0760879517
150.811065513	1009.43334961	41.665435791	30.0760879517
150.811065514	1009.43334961	41.665435791	30.0760879517
150.811065514	1009.43334961	41.665435791	30.0760879517
150.811065514	1009.43334961	41.665435791	30.0760879517
150.811065515	1009.43334961	41.665435791	30.0760879517
150.811065515	1009.43334961	41.665435791	30.0760879517
150.811065515	1009.43334961	41.665435791	30.0760879517
150.811065515	1009.43334961	41.665435791	30.0760879517
150.811065515	1009.43334961	41.665435791	30.0760879517
150.811065516	1009.43334961	41.665435791	30.0760879517
150.811065516	1009.43334961	41.665435791	30.0760879517
150.811065516	1009.43334961	41.665435791	30.0760879517
150.811065516	1009.43334961	41.665435791	30.0760879517
150.811065517	1009.43334961	41.665435791	30.0760879517
150.811065517	1009.43334961	41.665435791	30.0760879517
150.811065517	1009.43334961	41.665435791	30.0760879517
150.811065517	1009.43334961	41.665435791	30.0760879517
150.811065517	1009.43457031	41.665435791	30.0760879517
150.811065518	1009.43457031	41.665435791	30.0760879517
150.811065518	1009.43457031	41.665435791	30.0036239624
150.811065518	1009.43457031	37.9669723511	30.0036239624
150.811065519	1009.43457031	37.9669723511	30.0036239624
150.811065519	1009.43457031	37.9669723511	30.0036239624
150.811065519	1009.43457031	37.9669723511	30.0036239624
150.811065519	1009.43457031	37.9669723511	30.0036239624
150.81106552	1009.43457031	37.9669723511	30.0036239624
150.81106552	1009.43457031	37.9669723511	30.0036239624
150.81106552	1009.43457031	37.9669723511	30.0036239624
150.81106552	1009.43457031	37.9669723511	30.0036239624
150.81106552	1009.43457031	37.9669723511	30.0036239624
150.811065521	1009.43457031	37.9669723511	30.0036239624
150.811065521	1009.43457031	37.9669723511	30.0036239624
150.811065521	1009.43457031	37.9669723511	30.0036239624
150.811065521	1009.43457031	37.9669723511	30.0036239624
150.811065522	1009.43383789	37.9669723511	30.0036239624
150.811065522	1009.43383789	37.9669723511	30.0036239624
150.811065522	1009.43383789	37.9669723511	30.0036239624
150.811065522	1009.43383789	37.9669723511	30.0036239624
150.811065523	1009.43383789	37.9669723511	30.0036239624
150.811065523	1009.43383789	37.9669723511	30.0036239624
150.811065523	1009.43383789	37.9669723511	30.0036239624
150.811065523	1009.43383789	37.9669723511	30.0036239624
150.811065524	1009.43383789	37.9669723511	30.0036239624
150.811065524	1009.43383789	37.9669723511	30.0036239624
150.811065524	1009.43383789	37.9669723511	30.0036239624
150.811065524	1009.43383789	37.9669723511	30.0036239624
