5.77663573037	1200
time	pressure	humidity	temperature
150.811186739	1008.11914062	39.8618164062	30.7776145935
150.81118674	1008.11914062	39.8618164062	30.7776145935
150.811186741	1008.11914062	39.8618164062	30.7776145935
150.811186741	1008.11914062	39.8618164062	30.7776145935
150.811186741	1008.1262207	39.8618164062	30.7776145935
150.811186741	1008.1262207	39.8618164062	30.7776145935
150.811186742	1008.1262207	39.8618164062	30.7776145935
150.811186742	1008.1262207	39.8618164062	30.7776145935
150.811186742	1008.1262207	39.8618164062	30.7776145935
150.811186742	1008.1262207	39.8618164062	30.7776145935
150.811186743	1008.1262207	39.8618164062	30.7776145935
150.811186743	1008.1262207	39.8618164062	30.7776145935
150.811186743	1008.1262207	39.8618164062	30.7776145935
150.811186743	1008.1262207	39.8618164062	30.7776145935
150.811186743	1008.1262207	39.8618164062	30.7776145935
150.811186744	1008.1262207	39.8618164062	30.7776145935
150.811186744	1008.1262207	39.8618164062	30.7776145935
150.811186744	1008.1262207	39.8618164062	30.7776145935
150.811186744	1008.1262207	39.8618164062	30.7776145935
150.811186745	1008.1262207	39.8618164062	30.7776145935
150.811186745	1008.1262207	39.8618164062	30.7776145935
150.811186745	1008.1262207	39.8618164062	30.7776145935
150.811186745	1008.13354492	39.8618164062	30.7776145935
150.811186746	1008.13354492	39.8618164062	30.7776145935
150.811186746	1008.13354492	39.8618164062	30.7776145935
150.811186746	1008.13354492	39.8618164062	30.7776145935
150.811186746	1008.13354492	39.8618164062	30.7776145935
150.811186746	1008.13354492	39.8618164062	30.7776145935
150.811186747	1008.13354492	39.8618164062	30.7776145935
150.811186747	1008.13354492	39.8618164062	30.7776145935
150.811186747	1008.13354492	39.8618164062	30.7419929504
150.811186747	1008.13354492	37.8004226685	30.7419929504
150.811186748	1008.13354492	37.8004226685	30.7419929504
150.811186748	1008.13354492	37.8004226685	30.7419929504
150.811186748	1008.13354492	37.8004226685	30.7419929504
150.811186748	1008.13354492	37.8004226685	30.7419929504
150.811186749	1008.13354492	37.8004226685	30.7419929504
150.811186749	1008.13354492	37.8004226685	30.7419929504
150.811186749	1008.13354492	37.8004226685	30.7419929504
150.811186749	1008.13085938	37.8004226685	30.7419929504
150.81118675	1008.13085938	37.8004226685	30.7419929504
150.81118675	1008.13085938	37.8004226685	30.7419929504
150.81118675	1008.13085938	37.8004226685	30.7419929504
150.81118675	1008.13085938	37.8004226685	30.7419929504
150.811186751	1008.13085938	37.8004226685	30.7419929504
150.811186751	1008.13085938	37.8004226685	30.7419929504
150.811186751	1008.13085938	37.8004226685	30.7419929504
150.811186751	1008.13085938	37.8004226685	30.7419929504
150.811186751	1008.13085938	37.8004226685	30.7419929504
150.811186752	1008.13085938	37.8004226685	30.7419929504
150.811186752	1008.13085938	37.8004226685	30.7419929504
150.811186752	1008.13085938	37.8004226685	30.7419929504
150.811186752	1008.13085938	37.8004226685	30.7419929504
150.811186753	1008.13085938	37.8004226685	30.7419929504
150.811186753	1008.13085938	37.8004226685	30.7419929504
150.811186753	1008.13085938	37.8004226685	30.7419929504
150.811186753	1008.13378906	37.8004226685	30.7419929504
150.811186754	1008.13378906	37.8004226685	30.7419929504
150.811186754	1008.13378906	37.8004226685	30.7419929504
150.811186754	1008.13378906	37.8004226685	30.7419929504
150.811186754	1008.13378906	37.8004226685	30.7419929504
150.811186755	1008.13378906	37.8004226685	30.7419929504
150.811186755	1008.13378906	37.8004226685	30.7419929504
150.811186755	1008.13378906	37.8004226685	30.6351299286
150.811186755	1008.13378906	40.1623687744	30.6351299286
150.811186756	1008.13378906	40.1623687744	30.6351299286
150.811186756	1008.13378906	40.1623687744	30.6351299286
150.811186756	1008.13378906	40.1623687744	30.6351299286
150.811186756	1008.13378906	40.1623687744	30.6351299286
150.811186757	1008.13378906	40.1623687744	30.6351299286
150.811186757	1008.13378906	40.1623687744	30.6351299286
150.811186757	1008.13378906	40.1623687744	30.6351299286
150.811186757	1008.13378906	40.1623687744	30.6351299286
150.811186757	1008.13720703	40.1623687744	30.6351299286
150.811186758	1008.13720703	40.1623687744	30.6351299286
150.811186758	1008.13720703	40.1623687744	30.6351299286
150.811186758	1008.13720703	40.1623687744	30.6351299286
150.811186758	1008.13720703	40.1623687744	30.6351299286
150.811186759	1008.13720703	40.1623687744	30.6351299286
150.811186759	1008.13720703	40.1623687744	30.6351299286
150.811186759	1008.13720703	40.1623687744	30.6351299286
150.811186759	1008.13720703	40.1623687744	30.6351299286
150.81118676	1008.13720703	40.1623687744	30.6351299286
150.81118676	1008.13720703	40.1623687744	30.6351299286
150.81118676	1008.13720703	40.1623687744	30.6351299286
150.81118676	1008.13720703	40.1623687744	30.6351299286
150.81118676	1008.13720703	40.1623687744	30.6351299286
150.811186761	1008.13720703	40.1623687744	30.6351299286
150.811186761	1008.13720703	40.1623687744	30.6351299286
150.811186761	1008.13720703	40.1623687744	30.6351299286
150.811186761	1008.13720703	40.1623687744	30.6351299286
150.811186762	1008.13964844	40.1623687744	30.6351299286
150.811186762	1008.13964844	40.1623687744	30.6351299286
150.811186762	1008.13964844	40.1623687744	30.6351299286
150.811186762	1008.13964844	40.1623687744	30.6351299286
150.811186763	1008.13964844	40.1623687744	30.6351299286
150.811186763	1008.13964844	40.1623687744	30.759803772
150.811186763	1008.13964844	38.2969894409	30.759803772
150.811186763	1008.13964844	38.2969894409	30.759803772
150.811186764	1008.13964844	38.2969894409	30.759803772
150.811186764	1008.13964844	38.2969894409	30.759803772
150.811186764	1008.13964844	38.2969894409	30.759803772
150.811186764	1008.13964844	38.2969894409	30.759803772
150.811186765	1008.13964844	38.2969894409	30.759803772
150.811186765	1008.13964844	38.2969894409	30.759803772
150.811186765	1008.13964844	38.2969894409	30.759803772
150.811186765	1008.13964844	38.2969894409	30.759803772
150.811186765	1008.13964844	38.2969894409	30.759803772
150.811186766	1008.13793945	38.2969894409	30.759803772
150.811186766	1008.13793945	38.2969894409	30.759803772
150.811186766	1008.13793945	38.2969894409	30.759803772
150.811186767	1008.13793945	38.2969894409	30.759803772
150.811186767	1008.13793945	38.2969894409	30.759803772
150.811186767	1008.13793945	38.2969894409	30.759803772
150.811186767	1008.13793945	38.2969894409	30.759803772
150.811186767	1008.13793945	38.2969894409	30.759803772
150.811186768	1008.13793945	38.2969894409	30.759803772
150.811186768	1008.13793945	38.2969894409	30.759803772
150.811186768	1008.13793945	38.2969894409	30.759803772
150.811186768	1008.13793945	38.2969894409	30.759803772
150.811186769	1008.13793945	38.2969894409	30.759803772
150.811186769	1008.13793945	38.2969894409	30.759803772
150.811186769	1008.13793945	38.2969894409	30.759803772
150.811186769	1008.13793945	38.2969894409	30.759803772
150.811186769	1008.13793945	38.2969894409	30.759803772
150.81118677	1008.13793945	38.2969894409	30.759803772
150.81118677	1008.13916016	38.2969894409	30.759803772
150.81118677	1008.13916016	38.2969894409	30.759803772
150.811186771	1008.13916016	38.2969894409	30.759803772
150.811186771	1008.13916016	38.2969894409	30.8132362366
150.811186771	1008.13916016	41.5540542603	30.8132362366
150.811186771	1008.13916016	41.5540542603	30.8132362366
150.811186772	1008.13916016	41.5540542603	30.8132362366
150.811186772	1008.13916016	41.5540542603	30.8132362366
150.811186772	1008.13916016	41.5540542603	30.8132362366
150.811186772	1008.13916016	41.5540542603	30.8132362366
150.811186772	1008.13916016	41.5540542603	30.8132362366
150.811186773	1008.13916016	41.5540542603	30.8132362366
150.811186773	1008.13916016	41.5540542603	30.8132362366
150.811186773	1008.13916016	41.5540542603	30.8132362366
150.811186773	1008.13916016	41.5540542603	30.8132362366
150.811186774	1008.13916016	41.5540542603	30.8132362366
150.811186774	1008.13916016	41.5540542603	30.8132362366
150.811186774	1008.1340332	41.5540542603	30.8132362366
150.811186774	1008.1340332	41.5540542603	30.8132362366
150.811186775	1008.1340332	41.5540542603	30.8132362366
150.811186775	1008.1340332	41.5540542603	30.8132362366
150.811186775	1008.1340332	41.5540542603	30.8132362366
150.811186775	1008.1340332	41.5540542603	30.8132362366
150.811186776	1008.1340332	41.5540542603	30.8132362366
150.811186776	1008.1340332	41.5540542603	30.8132362366
150.811186776	1008.1340332	41.5540542603	30.8132362366
150.811186776	1008.1340332	41.5540542603	30.8132362366
150.811186776	1008.1340332	41.5540542603	30.8132362366
150.811186777	1008.1340332	41.5540542603	30.8132362366
150.811186777	1008.1340332	41.5540542603	30.8132362366
150.811186777	1008.1340332	41.5540542603	30.8132362366
150.811186777	1008.1340332	41.5540542603	30.8132362366
150.811186778	1008.1340332	41.5540542603	30.8132362366
150.811186778	1008.1340332	41.5540542603	30.8132362366
150.811186778	1008.13623047	41.5540542603	30.8132362366
150.811186778	1008.13623047	41.5540542603	30.8132362366
150.811186779	1008.13623047	41.5540542603	30.7419929504
150.811186779	1008.13623047	40.9888839722	30.7419929504
150.811186779	1008.13623047	40.9888839722	30.7419929504
150.811186779	1008.13623047	40.9888839722	30.7419929504
150.81118678	1008.13623047	40.9888839722	30.7419929504
150.81118678	1008.13623047	40.9888839722	30.7419929504
150.81118678	1008.13623047	40.9888839722	30.7419929504
150.81118678	1008.13623047	40.9888839722	30.7419929504
150.811186781	1008.13623047	40.9888839722	30.7419929504
150.811186781	1008.13623047	40.9888839722	30.7419929504
150.811186781	1008.13623047	40.9888839722	30.7419929504
150.811186781	1008.13623047	40.9888839722	30.7419929504
150.811186781	1008.13623047	40.9888839722	30.7419929504
150.811186782	1008.13623047	40.9888839722	30.7419929504
150.811186782	1008.13623047	40.9888839722	30.7419929504
150.811186782	1008.13769531	40.9888839722	30.7419929504
150.811186783	1008.13769531	40.9888839722	30.7419929504
150.811186783	1008.13769531	40.9888839722	30.7419929504
150.811186783	1008.13769531	40.9888839722	30.7419929504
150.811186783	1008.13769531	40.9888839722	30.7419929504
150.811186783	1008.13769531	40.9888839722	30.7419929504
150.811186784	1008.13769531	40.9888839722	30.7419929504
150.811186784	1008.13769531	40.9888839722	30.7419929504
150.811186784	1008.13769531	40.9888839722	30.7419929504
150.811186784	1008.13769531	40.9888839722	30.7419929504
150.811186785	1008.13769531	40.9888839722	30.7419929504
150.811186785	1008.13769531	40.9888839722	30.7419929504
150.811186785	1008.13769531	40.9888839722	30.7419929504
150.811186785	1008.13769531	40.9888839722	30.7419929504
150.811186785	1008.13769531	40.9888839722	30.7419929504
150.811186786	1008.13769531	40.9888839722	30.7419929504
150.811186786	1008.13769531	40.9888839722	30.7419929504
150.811186786	1008.13769531	40.9888839722	30.7419929504
150.811186786	1008.14257812	40.9888839722	30.9200973511
150.811186787	1008.14257812	39.6886749268	30.9200973511
150.811186787	1008.14257812	39.6886749268	30.9200973511
150.811186787	1008.14257812	39.6886749268	30.9200973511
150.811186788	1008.14257812	39.6886749268	30.9200973511
150.811186788	1008.14257812	39.6886749268	30.9200973511
150.811186788	1008.14257812	39.6886749268	30.9200973511
150.811186788	1008.14257812	39.6886749268	30.9200973511
150.811186788	1008.14257812	39.6886749268	30.9200973511
150.811186789	1008.14257812	39.6886749268	30.9200973511
150.811186789	1008.14257812	39.6886749268	30.9200973511
150.811186789	1008.14257812	39.6886749268	30.9200973511
150.811186789	1008.14257812	39.6886749268	30.9200973511
150.81118679	1008.14257812	39.6886749268	30.9200973511
150.81118679	1008.14257812	39.6886749268	30.9200973511
150.81118679	1008.14257812	39.6886749268	30.9200973511
150.81118679	1008.14257812	39.6886749268	30.9200973511
150.81118679	1008.14135742	39.6886749268	30.9200973511
150.811186791	1008.14135742	39.6886749268	30.9200973511
150.811186791	1008.14135742	39.6886749268	30.9200973511
150.811186791	1008.14135742	39.6886749268	30.9200973511
150.811186791	1008.14135742	39.6886749268	30.9200973511
150.811186792	1008.14135742	39.6886749268	30.9200973511
150.811186792	1008.14135742	39.6886749268	30.9200973511
150.811186792	1008.14135742	39.6886749268	30.9200973511
150.811186792	1008.14135742	39.6886749268	30.9200973511
150.811186793	1008.14135742	39.6886749268	30.9200973511
150.811186793	1008.14135742	39.6886749268	30.9200973511
150.811186793	1008.14135742	39.6886749268	30.9200973511
150.811186793	1008.14135742	39.6886749268	30.9200973511
150.811186793	1008.14135742	39.6886749268	30.9200973511
150.811186794	1008.14135742	39.6886749268	30.9200973511
150.811186794	1008.14135742	39.6886749268	30.9200973511
150.811186794	1008.14135742	39.6886749268	30.9200973511
150.811186794	1008.13793945	39.6886749268	30.8132362366
150.811186795	1008.13793945	38.1271133423	30.8132362366
150.811186795	1008.13793945	38.1271133423	30.8132362366
150.811186795	1008.13793945	38.1271133423	30.8132362366
150.811186796	1008.13793945	38.1271133423	30.8132362366
150.811186796	1008.13793945	38.1271133423	30.8132362366
150.811186796	1008.13793945	38.1271133423	30.8132362366
150.811186796	1008.13793945	38.1271133423	30.8132362366
150.811186796	1008.13793945	38.1271133423	30.8132362366
150.811186797	1008.13793945	38.1271133423	30.8132362366
150.811186797	1008.13793945	38.1271133423	30.8132362366
150.811186797	1008.13793945	38.1271133423	30.8132362366
150.811186797	1008.13793945	38.1271133423	30.8132362366
150.811186798	1008.13793945	38.1271133423	30.8132362366
150.811186798	1008.13793945	38.1271133423	30.8132362366
150.811186798	1008.13793945	38.1271133423	30.8132362366
150.811186798	1008.13793945	38.1271133423	30.8132362366
150.811186798	1008.14160156	38.1271133423	30.8132362366
150.811186799	1008.14160156	38.1271133423	30.8132362366
150.811186799	1008.14160156	38.1271133423	30.8132362366
150.811186799	1008.14160156	38.1271133423	30.8132362366
150.8111868	1008.14160156	38.1271133423	30.8132362366
150.8111868	1008.14160156	38.1271133423	30.8132362366
150.8111868	1008.14160156	38.1271133423	30.8132362366
150.8111868	1008.14160156	38.1271133423	30.8132362366
150.8111868	1008.14160156	38.1271133423	30.8132362366
150.811186801	1008.14160156	38.1271133423	30.8132362366
150.811186801	1008.14160156	38.1271133423	30.8132362366
150.811186801	1008.14160156	38.1271133423	30.8132362366
150.811186801	1008.14160156	38.1271133423	30.8132362366
150.811186802	1008.14160156	38.1271133423	30.8132362366
150.811186802	1008.14160156	38.1271133423	30.8132362366
150.811186802	1008.14160156	38.1271133423	30.8132362366
150.811186802	1008.14160156	38.1271133423	30.7419929504
150.811186803	1008.14160156	41.6259231567	30.7419929504
150.811186803	1008.14257812	41.6259231567	30.7419929504
150.811186803	1008.14257812	41.6259231567	30.7419929504
150.811186803	1008.14257812	41.6259231567	30.7419929504
150.811186804	1008.14257812	41.6259231567	30.7419929504
150.811186804	1008.14257812	41.6259231567	30.7419929504
150.811186804	1008.14257812	41.6259231567	30.7419929504
150.811186804	1008.14257812	41.6259231567	30.7419929504
150.811186805	1008.14257812	41.6259231567	30.7419929504
150.811186805	1008.14257812	41.6259231567	30.7419929504
150.811186805	1008.14257812	41.6259231567	30.7419929504
150.811186805	1008.14257812	41.6259231567	30.7419929504
150.811186805	1008.14257812	41.6259231567	30.7419929504
150.811186806	1008.14257812	41.6259231567	30.7419929504
150.811186806	1008.14257812	41.6259231567	30.7419929504
150.811186806	1008.14257812	41.6259231567	30.7419929504
150.811186806	1008.14257812	41.6259231567	30.7419929504
150.811186807	1008.14257812	41.6259231567	30.7419929504
150.811186807	1008.14648438	41.6259231567	30.7419929504
150.811186807	1008.14648438	41.6259231567	30.7419929504
150.811186807	1008.14648438	41.6259231567	30.7419929504
150.811186808	1008.14648438	41.6259231567	30.7419929504
150.811186808	1008.14648438	41.6259231567	30.7419929504
150.811186808	1008.14648438	41.6259231567	30.7419929504
150.811186808	1008.14648438	41.6259231567	30.7419929504
150.811186809	1008.14648438	41.6259231567	30.7419929504
150.811186809	1008.14648438	41.6259231567	30.7419929504
150.811186809	1008.14648438	41.6259231567	30.7419929504
150.811186809	1008.14648438	41.6259231567	30.7419929504
150.811186809	1008.14648438	41.6259231567	30.7419929504
150.81118681	1008.14648438	41.6259231567	30.7419929504
150.81118681	1008.14648438	41.6259231567	30.7419929504
150.81118681	1008.14648438	41.6259231567	30.7776145935
150.81118681	1008.14648438	39.8846855164	30.7776145935
150.811186811	1008.14648438	39.8846855164	30.7776145935
150.811186811	1008.14501953	39.8846855164	30.7776145935
150.811186811	1008.14501953	39.8846855164	30.7776145935
150.811186812	1008.14501953	39.8846855164	30.7776145935
150.811186812	1008.14501953	39.8846855164	30.7776145935
150.811186812	1008.14501953	39.8846855164	30.7776145935
150.811186812	1008.14501953	39.8846855164	30.7776145935
150.811186812	1008.14501953	39.8846855164	30.7776145935
150.811186813	1008.14501953	39.8846855164	30.7776145935
150.811186813	1008.14501953	39.8846855164	30.7776145935
150.811186813	1008.14501953	39.8846855164	30.7776145935
150.811186813	1008.14501953	39.8846855164	30.7776145935
150.811186814	1008.14501953	39.8846855164	30.7776145935
150.811186814	1008.14501953	39.8846855164	30.7776145935
150.811186814	1008.14501953	39.8846855164	30.7776145935
150.811186814	1008.14501953	39.8846855164	30.7776145935
150.811186814	1008.14501953	39.8846855164	30.7776145935
150.811186815	1008.14501953	39.8846855164	30.7776145935
150.811186815	1008.14208984	39.8846855164	30.7776145935
150.811186815	1008.14208984	39.8846855164	30.7776145935
150.811186816	1008.14208984	39.8846855164	30.7776145935
150.811186816	1008.14208984	39.8846855164	30.7776145935
150.811186816	1008.14208984	39.8846855164	30.7776145935
150.811186816	1008.14208984	39.8846855164	30.7776145935
150.811186816	1008.14208984	39.8846855164	30.7776145935
150.811186817	1008.14208984	39.8846855164	30.7776145935
150.811186817	1008.14208984	39.8846855164	30.7776145935
150.811186817	1008.14208984	39.8846855164	30.7776145935
150.811186817	1008.14208984	39.8846855164	30.7776145935
150.811186818	1008.14208984	39.8846855164	30.7776145935
150.811186818	1008.14208984	39.8846855164	30.7776145935
150.811186818	1008.14208984	39.8846855164	30.7776145935
150.811186818	1008.14208984	40.4498519897	30.7776145935
150.811186819	1008.14208984	40.4498519897	30.7776145935
150.811186819	1008.14208984	40.4498519897	30.7776145935
150.811186819	1008.14941406	40.4498519897	30.7776145935
150.811186819	1008.14941406	40.4498519897	30.7776145935
150.81118682	1008.14941406	40.4498519897	30.7776145935
150.81118682	1008.14941406	40.4498519897	30.7776145935
150.81118682	1008.14941406	40.4498519897	30.7776145935
150.81118682	1008.14941406	40.4498519897	30.7776145935
150.811186821	1008.14941406	40.4498519897	30.7776145935
150.811186821	1008.14941406	40.4498519897	30.7776145935
150.811186821	1008.14941406	40.4498519897	30.7776145935
150.811186821	1008.14941406	40.4498519897	30.7776145935
150.811186821	1008.14941406	40.4498519897	30.7776145935
150.811186822	1008.14941406	40.4498519897	30.7776145935
150.811186822	1008.14941406	40.4498519897	30.7776145935
150.811186822	1008.14941406	40.4498519897	30.7776145935
150.811186822	1008.14941406	40.4498519897	30.7776145935
150.811186823	1008.14941406	40.4498519897	30.7776145935
150.811186823	1008.14941406	40.4498519897	30.7776145935
150.811186823	1008.14941406	40.4498519897	30.7776145935
150.811186823	1008.15234375	40.4498519897	30.7776145935
150.811186824	1008.15234375	40.4498519897	30.7776145935
150.811186824	1008.15234375	40.4498519897	30.7776145935
150.811186824	1008.15234375	40.4498519897	30.7776145935
150.811186824	1008.15234375	40.4498519897	30.7776145935
150.811186825	1008.15234375	40.4498519897	30.7776145935
150.811186825	1008.15234375	40.4498519897	30.7776145935
150.811186825	1008.15234375	40.4498519897	30.7776145935
150.811186825	1008.15234375	40.4498519897	30.7776145935
150.811186825	1008.15234375	40.4498519897	30.7776145935
150.811186826	1008.15234375	40.4498519897	30.7776145935
150.811186826	1008.15234375	40.4498519897	30.9022865295
150.811186826	1008.15234375	39.2999153137	30.9022865295
150.811186826	1008.15234375	39.2999153137	30.9022865295
150.811186827	1008.15234375	39.2999153137	30.9022865295
150.811186827	1008.15234375	39.2999153137	30.9022865295
150.811186827	1008.15234375	39.2999153137	30.9022865295
150.811186827	1008.15795898	39.2999153137	30.9022865295
150.811186828	1008.15795898	39.2999153137	30.9022865295
150.811186828	1008.15795898	39.2999153137	30.9022865295
150.811186828	1008.15795898	39.2999153137	30.9022865295
150.811186828	1008.15795898	39.2999153137	30.9022865295
150.811186829	1008.15795898	39.2999153137	30.9022865295
150.811186829	1008.15795898	39.2999153137	30.9022865295
150.811186829	1008.15795898	39.2999153137	30.9022865295
150.811186829	1008.15795898	39.2999153137	30.9022865295
150.81118683	1008.15795898	39.2999153137	30.9022865295
150.81118683	1008.15795898	39.2999153137	30.9022865295
150.81118683	1008.15795898	39.2999153137	30.9022865295
150.81118683	1008.15795898	39.2999153137	30.9022865295
150.81118683	1008.15795898	39.2999153137	30.9022865295
150.811186831	1008.15795898	39.2999153137	30.9022865295
150.811186831	1008.15795898	39.2999153137	30.9022865295
150.811186831	1008.15795898	39.2999153137	30.9022865295
150.811186831	1008.15795898	39.2999153137	30.9022865295
150.811186832	1008.15649414	39.2999153137	30.9022865295
150.811186832	1008.15649414	39.2999153137	30.9022865295
150.811186832	1008.15649414	39.2999153137	30.9022865295
150.811186832	1008.15649414	39.2999153137	30.9022865295
150.811186833	1008.15649414	39.2999153137	30.9022865295
150.811186833	1008.15649414	39.2999153137	30.9022865295
150.811186833	1008.15649414	39.2999153137	30.9022865295
150.811186833	1008.15649414	39.2999153137	30.9022865295
150.811186833	1008.15649414	39.2999153137	30.9022865295
150.811186834	1008.15649414	39.2999153137	30.8310451508
150.811186834	1008.15649414	37.7514228821	30.8310451508
150.811186834	1008.15649414	37.7514228821	30.8310451508
150.811186835	1008.15649414	37.7514228821	30.8310451508
150.811186835	1008.15649414	37.7514228821	30.8310451508
150.811186835	1008.15649414	37.7514228821	30.8310451508
150.811186835	1008.15649414	37.7514228821	30.8310451508
150.811186835	1008.15649414	37.7514228821	30.8310451508
150.811186836	1008.16137695	37.7514228821	30.8310451508
150.811186836	1008.16137695	37.7514228821	30.8310451508
150.811186836	1008.16137695	37.7514228821	30.8310451508
150.811186836	1008.16137695	37.7514228821	30.8310451508
150.811186837	1008.16137695	37.7514228821	30.8310451508
150.811186837	1008.16137695	37.7514228821	30.8310451508
150.811186837	1008.16137695	37.7514228821	30.8310451508
150.811186837	1008.16137695	37.7514228821	30.8310451508
150.811186838	1008.16137695	37.7514228821	30.8310451508
150.811186838	1008.16137695	37.7514228821	30.8310451508
150.811186838	1008.16137695	37.7514228821	30.8310451508
150.811186838	1008.16137695	37.7514228821	30.8310451508
150.811186838	1008.16137695	37.7514228821	30.8310451508
150.811186839	1008.16137695	37.7514228821	30.8310451508
150.811186839	1008.16137695	37.7514228821	30.8310451508
150.811186839	1008.16137695	37.7514228821	30.8310451508
150.811186839	1008.16137695	37.7514228821	30.8310451508
150.81118684	1008.1640625	37.7514228821	30.8310451508
150.81118684	1008.1640625	37.7514228821	30.8310451508
150.81118684	1008.1640625	37.7514228821	30.8310451508
150.81118684	1008.1640625	37.7514228821	30.8310451508
150.811186841	1008.1640625	37.7514228821	30.8310451508
150.811186841	1008.1640625	37.7514228821	30.8310451508
150.811186841	1008.1640625	37.7514228821	30.8310451508
150.811186841	1008.1640625	37.7514228821	30.8310451508
150.811186842	1008.1640625	37.7514228821	30.7419929504
150.811186842	1008.1640625	38.0781097412	30.7419929504
150.811186842	1008.1640625	38.0781097412	30.7419929504
150.811186842	1008.1640625	38.0781097412	30.7419929504
150.811186843	1008.1640625	38.0781097412	30.7419929504
150.811186843	1008.1640625	38.0781097412	30.7419929504
150.811186843	1008.1640625	38.0781097412	30.7419929504
150.811186843	1008.1640625	38.0781097412	30.7419929504
150.811186844	1008.1640625	38.0781097412	30.7419929504
150.811186844	1008.16113281	38.0781097412	30.7419929504
150.811186844	1008.16113281	38.0781097412	30.7419929504
150.811186844	1008.16113281	38.0781097412	30.7419929504
150.811186845	1008.16113281	38.0781097412	30.7419929504
150.811186845	1008.16113281	38.0781097412	30.7419929504
150.811186845	1008.16113281	38.0781097412	30.7419929504
150.811186845	1008.16113281	38.0781097412	30.7419929504
150.811186845	1008.16113281	38.0781097412	30.7419929504
150.811186846	1008.16113281	38.0781097412	30.7419929504
150.811186846	1008.16113281	38.0781097412	30.7419929504
150.811186846	1008.16113281	38.0781097412	30.7419929504
150.811186846	1008.16113281	38.0781097412	30.7419929504
150.811186847	1008.16113281	38.0781097412	30.7419929504
150.811186847	1008.16113281	38.0781097412	30.7419929504
150.811186847	1008.16113281	38.0781097412	30.7419929504
150.811186847	1008.16113281	38.0781097412	30.7419929504
150.811186847	1008.16113281	38.0781097412	30.7419929504
150.811186848	1008.16113281	38.0781097412	30.7419929504
150.811186848	1008.15527344	38.0781097412	30.7419929504
150.811186848	1008.15527344	38.0781097412	30.7419929504
150.811186849	1008.15527344	38.0781097412	30.7419929504
150.811186849	1008.15527344	38.0781097412	30.7419929504
150.811186849	1008.15527344	38.0781097412	30.7419929504
150.811186849	1008.15527344	38.0781097412	30.7419929504
150.811186849	1008.15527344	38.0781097412	30.7776145935
150.81118685	1008.15527344	42.0930862427	30.7776145935
150.81118685	1008.15527344	42.0930862427	30.7776145935
150.81118685	1008.15527344	42.0930862427	30.7776145935
150.81118685	1008.15527344	42.0930862427	30.7776145935
150.811186851	1008.15527344	42.0930862427	30.7776145935
150.811186851	1008.15527344	42.0930862427	30.7776145935
150.811186851	1008.15527344	42.0930862427	30.7776145935
150.811186851	1008.15527344	42.0930862427	30.7776145935
150.811186852	1008.15527344	42.0930862427	30.7776145935
150.811186852	1008.15527344	42.0930862427	30.7776145935
150.811186852	1008.15722656	42.0930862427	30.7776145935
150.811186852	1008.15722656	42.0930862427	30.7776145935
150.811186853	1008.15722656	42.0930862427	30.7776145935
150.811186853	1008.15722656	42.0930862427	30.7776145935
150.811186853	1008.15722656	42.0930862427	30.7776145935
150.811186853	1008.15722656	42.0930862427	30.7776145935
150.811186854	1008.15722656	42.0930862427	30.7776145935
150.811186854	1008.15722656	42.0930862427	30.7776145935
150.811186854	1008.15722656	42.0930862427	30.7776145935
150.811186854	1008.15722656	42.0930862427	30.7776145935
150.811186854	1008.15722656	42.0930862427	30.7776145935
150.811186855	1008.15722656	42.0930862427	30.7776145935
150.811186855	1008.15722656	42.0930862427	30.7776145935
150.811186855	1008.15722656	42.0930862427	30.7776145935
150.811186855	1008.15722656	42.0930862427	30.7776145935
150.811186856	1008.15722656	42.0930862427	30.7776145935
150.811186856	1008.15722656	42.0930862427	30.7776145935
150.811186856	1008.15600586	42.0930862427	30.7776145935
150.811186856	1008.15600586	42.0930862427	30.7776145935
150.811186857	1008.15600586	42.0930862427	30.7776145935
150.811186857	1008.15600586	42.0930862427	30.7776145935
150.811186857	1008.15600586	42.0930862427	30.7419929504
150.811186857	1008.15600586	42.0930862427	30.7419929504
150.811186858	1008.15600586	41.9428100586	30.7419929504
150.811186858	1008.15600586	41.9428100586	30.7419929504
150.811186858	1008.15600586	41.9428100586	30.7419929504
150.811186858	1008.15600586	41.9428100586	30.7419929504
150.811186859	1008.15600586	41.9428100586	30.7419929504
150.811186859	1008.15600586	41.9428100586	30.7419929504
150.811186859	1008.15600586	41.9428100586	30.7419929504
150.811186859	1008.15600586	41.9428100586	30.7419929504
150.811186859	1008.15600586	41.9428100586	30.7419929504
150.81118686	1008.15600586	41.9428100586	30.7419929504
150.81118686	1008.15600586	41.9428100586	30.7419929504
150.81118686	1008.15917969	41.9428100586	30.7419929504
150.811186861	1008.15917969	41.9428100586	30.7419929504
150.811186861	1008.15917969	41.9428100586	30.7419929504
150.811186861	1008.15917969	41.9428100586	30.7419929504
150.811186861	1008.15917969	41.9428100586	30.7419929504
150.811186861	1008.15917969	41.9428100586	30.7419929504
150.811186862	1008.15917969	41.9428100586	30.7419929504
150.811186862	1008.15917969	41.9428100586	30.7419929504
150.811186862	1008.15917969	41.9428100586	30.7419929504
150.811186862	1008.15917969	41.9428100586	30.7419929504
150.811186863	1008.15917969	41.9428100586	30.7419929504
150.811186863	1008.15917969	41.9428100586	30.7419929504
150.811186863	1008.15917969	41.9428100586	30.7419929504
150.811186863	1008.15917969	41.9428100586	30.7419929504
150.811186863	1008.15917969	41.9428100586	30.7419929504
150.811186864	1008.15917969	41.9428100586	30.7419929504
150.811186864	1008.15917969	41.9428100586	30.7419929504
150.811186864	1008.15917969	41.9428100586	30.7419929504
150.811186864	1008.16235352	41.9428100586	30.7419929504
150.811186865	1008.16235352	41.9428100586	30.7419929504
150.811186865	1008.16235352	41.9428100586	30.7241821289
150.811186865	1008.16235352	41.9428100586	30.7241821289
150.811186866	1008.16235352	42.2923660278	30.7241821289
150.811186866	1008.16235352	42.2923660278	30.7241821289
150.811186866	1008.16235352	42.2923660278	30.7241821289
150.811186866	1008.16235352	42.2923660278	30.7241821289
150.811186866	1008.16235352	42.2923660278	30.7241821289
150.811186867	1008.16235352	42.2923660278	30.7241821289
150.811186867	1008.16235352	42.2923660278	30.7241821289
150.811186867	1008.16235352	42.2923660278	30.7241821289
150.811186867	1008.16235352	42.2923660278	30.7241821289
150.811186868	1008.16235352	42.2923660278	30.7241821289
150.811186868	1008.16235352	42.2923660278	30.7241821289
150.811186868	1008.16235352	42.2923660278	30.7241821289
150.811186868	1008.16235352	42.2923660278	30.7241821289
150.811186868	1008.16015625	42.2923660278	30.7241821289
150.811186869	1008.16015625	42.2923660278	30.7241821289
150.811186869	1008.16015625	42.2923660278	30.7241821289
150.811186869	1008.16015625	42.2923660278	30.7241821289
150.81118687	1008.16015625	42.2923660278	30.7241821289
150.81118687	1008.16015625	42.2923660278	30.7241821289
150.81118687	1008.16015625	42.2923660278	30.7241821289
150.81118687	1008.16015625	42.2923660278	30.7241821289
150.81118687	1008.16015625	42.2923660278	30.7241821289
150.811186871	1008.16015625	42.2923660278	30.7241821289
150.811186871	1008.16015625	42.2923660278	30.7241821289
150.811186871	1008.16015625	42.2923660278	30.7241821289
150.811186871	1008.16015625	42.2923660278	30.7241821289
150.811186872	1008.16015625	42.2923660278	30.7241821289
150.811186872	1008.16015625	42.2923660278	30.7241821289
150.811186872	1008.16015625	42.2923660278	30.7241821289
150.811186872	1008.16015625	42.2923660278	30.7241821289
150.811186872	1008.16015625	42.2923660278	30.7241821289
150.811186873	1008.15771484	42.2923660278	30.7776145935
150.811186873	1008.15771484	42.2923660278	30.7776145935
150.811186873	1008.15771484	42.5341110229	30.7776145935
150.811186874	1008.15771484	42.5341110229	30.7776145935
150.811186874	1008.15771484	42.5341110229	30.7776145935
150.811186874	1008.15771484	42.5341110229	30.7776145935
150.811186874	1008.15771484	42.5341110229	30.7776145935
150.811186875	1008.15771484	42.5341110229	30.7776145935
150.811186875	1008.15771484	42.5341110229	30.7776145935
150.811186875	1008.15771484	42.5341110229	30.7776145935
150.811186875	1008.15771484	42.5341110229	30.7776145935
150.811186875	1008.15771484	42.5341110229	30.7776145935
150.811186876	1008.15771484	42.5341110229	30.7776145935
150.811186876	1008.15771484	42.5341110229	30.7776145935
150.811186876	1008.15771484	42.5341110229	30.7776145935
150.811186876	1008.15771484	42.5341110229	30.7776145935
150.811186877	1008.15161133	42.5341110229	30.7776145935
150.811186877	1008.15161133	42.5341110229	30.7776145935
150.811186877	1008.15161133	42.5341110229	30.7776145935
150.811186877	1008.15161133	42.5341110229	30.7776145935
150.811186878	1008.15161133	42.5341110229	30.7776145935
150.811186878	1008.15161133	42.5341110229	30.7776145935
150.811186878	1008.15161133	42.5341110229	30.7776145935
150.811186878	1008.15161133	42.5341110229	30.7776145935
150.811186878	1008.15161133	42.5341110229	30.7776145935
150.811186879	1008.15161133	42.5341110229	30.7776145935
150.811186879	1008.15161133	42.5341110229	30.7776145935
150.811186879	1008.15161133	42.5341110229	30.7776145935
150.811186879	1008.15161133	42.5341110229	30.7776145935
150.81118688	1008.15161133	42.5341110229	30.7776145935
150.81118688	1008.15161133	42.5341110229	30.7776145935
150.81118688	1008.15161133	42.5341110229	30.7776145935
150.81118688	1008.15161133	42.5341110229	30.7776145935
150.81118688	1008.15161133	42.5341110229	30.7776145935
150.811186881	1008.15869141	42.5341110229	30.8310451508
150.811186881	1008.15869141	38.107509613	30.8310451508
150.811186882	1008.15869141	38.107509613	30.8310451508
150.811186882	1008.15869141	38.107509613	30.8310451508
150.811186882	1008.15869141	38.107509613	30.8310451508
150.811186882	1008.15869141	38.107509613	30.8310451508
150.811186882	1008.15869141	38.107509613	30.8310451508
150.811186883	1008.15869141	38.107509613	30.8310451508
150.811187982	1008.92382812	38.5546112061	31.1271839142
150.811187983	1008.92114258	38.5546112061	31.1271839142
150.811187983	1008.92114258	38.5546112061	31.1271839142
150.811187983	1008.92114258	38.5546112061	31.1271839142
150.811187985	1008.92114258	38.5546112061	31.1271839142
150.811187985	1008.92114258	38.5546112061	31.1271839142
150.811187985	1008.92114258	38.5546112061	31.1271839142
150.811187985	1008.92114258	38.5546112061	31.1271839142
150.811187985	1008.92114258	38.5546112061	31.1271839142
150.811187986	1008.92114258	38.5546112061	31.1271839142
150.811187986	1008.92114258	38.5546112061	31.0905570984
150.811187986	1008.92114258	37.9637145996	31.0905570984
150.811187986	1008.92114258	37.9637145996	31.0905570984
150.811187986	1008.92114258	37.9637145996	31.0905570984
150.811187986	1008.92114258	37.9637145996	31.0905570984
150.811187987	1008.92407227	37.9637145996	31.0905570984
150.811187987	1008.92407227	37.9637145996	31.0905570984
150.811187987	1008.92407227	37.9637145996	31.0905570984
150.811187987	1008.92407227	37.9637145996	31.0905570984
150.811187987	1008.92407227	37.9637145996	31.0905570984
150.811187988	1008.92407227	37.9637145996	31.0905570984
150.811187988	1008.92407227	37.9637145996	31.0905570984
150.811187988	1008.92407227	37.9637145996	31.0905570984
150.811187988	1008.92407227	37.9637145996	31.0905570984
150.811187988	1008.92407227	37.9637145996	31.0905570984
150.811187988	1008.92407227	37.9637145996	31.0905570984
150.811187988	1008.92407227	37.9637145996	31.0905570984
150.811187989	1008.92407227	37.9637145996	31.0905570984
150.811187989	1008.92407227	37.9637145996	31.0905570984
150.811187989	1008.92407227	37.9637145996	31.0905570984
150.811187989	1008.92407227	37.9637145996	31.0905570984
150.811187989	1008.92407227	37.9637145996	31.0905570984
150.811187989	1008.92407227	37.9637145996	31.0905570984
150.811187989	1008.92407227	37.9637145996	31.0905570984
150.81118799	1008.92407227	37.9637145996	31.0905570984
150.81118799	1008.92407227	37.9637145996	31.0905570984
150.81118799	1008.92407227	37.9637145996	31.0905570984
150.81118799	1008.92407227	37.9637145996	31.0905570984
150.81118799	1008.92407227	37.9637145996	31.0905570984
150.81118799	1008.92407227	37.9637145996	31.0905570984
150.81118799	1008.92407227	37.9637145996	31.0905570984
150.811187991	1008.91870117	37.9637145996	31.0905570984
150.811187991	1008.91870117	37.9637145996	31.0905570984
150.811187991	1008.91870117	37.9637145996	31.0905570984
150.811187991	1008.91870117	37.9637145996	31.0905570984
150.811187991	1008.91870117	37.9637145996	31.0905570984
150.811187991	1008.91870117	37.9637145996	31.0905570984
150.811187992	1008.91870117	37.9637145996	31.0905570984
150.811187992	1008.91870117	37.9637145996	31.0905570984
150.811187992	1008.91870117	37.9637145996	31.0905570984
150.811187992	1008.91870117	37.9637145996	31.0905570984
150.811187992	1008.91870117	37.9637145996	31.0905570984
150.811187992	1008.91870117	37.9637145996	31.0905570984
150.811187992	1008.91870117	37.9637145996	31.0905570984
150.811187993	1008.91870117	37.9637145996	31.0905570984
150.811187993	1008.91870117	37.9637145996	31.0905570984
150.811187993	1008.91870117	37.9637145996	31.0905570984
150.811187993	1008.91870117	37.9637145996	31.0905570984
150.811187993	1008.91870117	37.9637145996	31.0905570984
150.811187993	1008.91870117	37.9637145996	31.0905570984
150.811187993	1008.91870117	37.9637145996	31.0905570984
150.811187994	1008.91870117	37.9637145996	31.0905570984
150.811187994	1008.91870117	37.9637145996	31.1454963684
150.811187994	1008.91870117	37.9637145996	31.1454963684
150.811187994	1008.91870117	38.642539978	31.1454963684
150.811187994	1008.91870117	38.642539978	31.1454963684
150.811187994	1008.91870117	38.642539978	31.1454963684
150.811187995	1008.91870117	38.642539978	31.1454963684
150.811187995	1008.91552734	38.642539978	31.1454963684
150.811187995	1008.91552734	38.642539978	31.1454963684
150.811187995	1008.91552734	38.642539978	31.1454963684
150.811187995	1008.91552734	38.642539978	31.1454963684
150.811187995	1008.91552734	38.642539978	31.1454963684
150.811187996	1008.91552734	38.642539978	31.1454963684
150.811187996	1008.91552734	38.642539978	31.1454963684
150.811187996	1008.91552734	38.642539978	31.1454963684
150.811187996	1008.91552734	38.642539978	31.1454963684
150.811187996	1008.91552734	38.642539978	31.1454963684
150.811187996	1008.91552734	38.642539978	31.1454963684
150.811187996	1008.91552734	38.642539978	31.1454963684
150.811187997	1008.91552734	38.642539978	31.1454963684
150.811187997	1008.91552734	38.642539978	31.1454963684
150.811187997	1008.91552734	38.642539978	31.1454963684
150.811187997	1008.91552734	38.642539978	31.1454963684
150.811187997	1008.91552734	38.642539978	31.1454963684
150.811187997	1008.91552734	38.642539978	31.1454963684
150.811187997	1008.91552734	38.642539978	31.1454963684
150.811187998	1008.91552734	38.642539978	31.1454963684
150.811187998	1008.91552734	38.642539978	31.1454963684
150.811187998	1008.91552734	38.642539978	31.1454963684
150.811187998	1008.91552734	38.642539978	31.1454963684
150.811187998	1008.91552734	38.642539978	31.1454963684
150.811187998	1008.91552734	38.642539978	31.1454963684
150.811187998	1008.91552734	38.642539978	31.1454963684
150.811187999	1008.91552734	38.642539978	31.1454963684
150.811187999	1008.91552734	38.642539978	31.1454963684
150.811187999	1008.9152832	38.642539978	31.1454963684
150.811187999	1008.9152832	38.642539978	31.1454963684
150.811187999	1008.9152832	38.642539978	31.1454963684
150.811187999	1008.9152832	38.642539978	31.1454963684
150.811188	1008.9152832	38.642539978	31.1454963684
150.811188	1008.9152832	38.642539978	31.1454963684
150.811188	1008.9152832	38.642539978	31.1454963684
150.811188	1008.9152832	38.642539978	31.1454963684
150.811188	1008.9152832	38.642539978	31.1454963684
150.811188	1008.9152832	38.642539978	31.1454963684
150.811188	1008.9152832	38.642539978	31.1454963684
150.811188	1008.9152832	38.642539978	31.1454963684
150.811188001	1008.9152832	38.642539978	31.1454963684
150.811188001	1008.9152832	38.642539978	31.1454963684
150.811188001	1008.9152832	38.642539978	31.1454963684
150.811188001	1008.9152832	38.642539978	31.1454963684
150.811188001	1008.9152832	38.642539978	31.1454963684
150.811188001	1008.9152832	38.642539978	31.1454963684
150.811188001	1008.9152832	38.642539978	31.1454963684
150.811188002	1008.9152832	38.642539978	31.1454963684
150.811188002	1008.9152832	38.642539978	31.16381073
150.811188002	1008.9152832	38.642539978	31.16381073
150.811188002	1008.9152832	38.1149559021	31.16381073
150.811188002	1008.9152832	38.1149559021	31.16381073
150.811188002	1008.9152832	38.1149559021	31.16381073
150.811188003	1008.9152832	38.1149559021	31.16381073
150.811188003	1008.9152832	38.1149559021	31.16381073
150.811188003	1008.9152832	38.1149559021	31.16381073
150.811188003	1008.91381836	38.1149559021	31.16381073
150.811188003	1008.91381836	38.1149559021	31.16381073
150.811188003	1008.91381836	38.1149559021	31.16381073
150.811188003	1008.91381836	38.1149559021	31.16381073
150.811188004	1008.91381836	38.1149559021	31.16381073
150.811188004	1008.91381836	38.1149559021	31.16381073
150.811188004	1008.91381836	38.1149559021	31.16381073
150.811188004	1008.91381836	38.1149559021	31.16381073
150.811188004	1008.91381836	38.1149559021	31.16381073
150.811188004	1008.91381836	38.1149559021	31.16381073
150.811188004	1008.91381836	38.1149559021	31.16381073
150.811188005	1008.91381836	38.1149559021	31.16381073
150.811188005	1008.91381836	38.1149559021	31.16381073
150.811188005	1008.91381836	38.1149559021	31.16381073
150.811188005	1008.91381836	38.1149559021	31.16381073
150.811188005	1008.91381836	38.1149559021	31.16381073
150.811188005	1008.91381836	38.1149559021	31.16381073
150.811188005	1008.91381836	38.1149559021	31.16381073
150.811188005	1008.91381836	38.1149559021	31.16381073
150.811188006	1008.91381836	38.1149559021	31.16381073
150.811188006	1008.91381836	38.1149559021	31.16381073
150.811188006	1008.91381836	38.1149559021	31.16381073
150.811188006	1008.91381836	38.1149559021	31.16381073
150.811188006	1008.91381836	38.1149559021	31.16381073
150.811188006	1008.91381836	38.1149559021	31.16381073
150.811188006	1008.91381836	38.1149559021	31.16381073
150.811188007	1008.91381836	38.1149559021	31.16381073
150.811188007	1008.91381836	38.1149559021	31.16381073
150.811188007	1008.91381836	38.1149559021	31.16381073
150.811188007	1008.91088867	38.1149559021	31.16381073
150.811188007	1008.91088867	38.1149559021	31.16381073
150.811188007	1008.91088867	38.1149559021	31.16381073
150.811188008	1008.91088867	38.1149559021	31.16381073
150.811188008	1008.91088867	38.1149559021	31.16381073
150.811188008	1008.91088867	38.1149559021	31.16381073
150.811188008	1008.91088867	38.1149559021	31.16381073
150.811188008	1008.91088867	38.1149559021	31.16381073
150.811188008	1008.91088867	38.1149559021	31.16381073
150.811188008	1008.91088867	38.1149559021	31.16381073
150.811188008	1008.91088867	38.1149559021	31.16381073
150.811188009	1008.91088867	38.1149559021	31.16381073
150.811188009	1008.91088867	38.1149559021	31.16381073
150.811188009	1008.91088867	38.1149559021	31.16381073
150.811188009	1008.91088867	38.1149559021	31.16381073
150.811188009	1008.91088867	38.1149559021	31.16381073
150.811188009	1008.91088867	38.1149559021	31.16381073
150.811188009	1008.91088867	38.1149559021	31.16381073
150.81118801	1008.91088867	38.1149559021	31.16381073
150.81118801	1008.91088867	38.1149559021	31.16381073
150.81118801	1008.91088867	38.1149559021	31.2004356384
150.81118801	1008.91088867	38.1149559021	31.2004356384
150.81118801	1008.91088867	39.2791557312	31.2004356384
150.81118801	1008.91088867	39.2791557312	31.2004356384
150.811188011	1008.91088867	39.2791557312	31.2004356384
150.811188011	1008.91088867	39.2791557312	31.2004356384
150.811188011	1008.91088867	39.2791557312	31.2004356384
150.811188011	1008.91088867	39.2791557312	31.2004356384
150.811188011	1008.91210938	39.2791557312	31.2004356384
150.811188011	1008.91210938	39.2791557312	31.2004356384
150.811188011	1008.91210938	39.2791557312	31.2004356384
150.811188012	1008.91210938	39.2791557312	31.2004356384
150.811188012	1008.91210938	39.2791557312	31.2004356384
150.811188012	1008.91210938	39.2791557312	31.2004356384
150.811188012	1008.91210938	39.2791557312	31.2004356384
150.811188012	1008.91210938	39.2791557312	31.2004356384
150.811188012	1008.91210938	39.2791557312	31.2004356384
150.811188012	1008.91210938	39.2791557312	31.2004356384
150.811188013	1008.91210938	39.2791557312	31.2004356384
150.811188013	1008.91210938	39.2791557312	31.2004356384
150.811188013	1008.91210938	39.2791557312	31.2004356384
150.811188013	1008.91210938	39.2791557312	31.2004356384
150.811188013	1008.91210938	39.2791557312	31.2004356384
150.811188013	1008.91210938	39.2791557312	31.2004356384
150.811188013	1008.91210938	39.2791557312	31.2004356384
150.811188014	1008.91210938	39.2791557312	31.2004356384
150.811188014	1008.91210938	39.2791557312	31.2004356384
150.811188014	1008.91210938	39.2791557312	31.2004356384
150.811188014	1008.91210938	39.2791557312	31.2004356384
150.811188014	1008.91210938	39.2791557312	31.2004356384
150.811188014	1008.91210938	39.2791557312	31.2004356384
150.811188014	1008.91210938	39.2791557312	31.2004356384
150.811188014	1008.91210938	39.2791557312	31.2004356384
150.811188015	1008.91210938	39.2791557312	31.2004356384
150.811188015	1008.91210938	39.2791557312	31.2004356384
150.811188015	1008.91210938	39.2791557312	31.2004356384
150.811188015	1008.91210938	39.2791557312	31.2004356384
150.811188015	1008.91503906	39.2791557312	31.2004356384
150.811188015	1008.91503906	39.2791557312	31.2004356384
150.811188016	1008.91503906	39.2791557312	31.2004356384
150.811188016	1008.91503906	39.2791557312	31.2004356384
150.811188016	1008.91503906	39.2791557312	31.2004356384
150.811188016	1008.91503906	39.2791557312	31.2004356384
150.811188016	1008.91503906	39.2791557312	31.2004356384
150.811188016	1008.91503906	39.2791557312	31.2004356384
150.811188016	1008.91503906	39.2791557312	31.2004356384
150.811188017	1008.91503906	39.2791557312	31.2004356384
150.811188017	1008.91503906	39.2791557312	31.2004356384
150.811188017	1008.91503906	39.2791557312	31.2004356384
150.811188017	1008.91503906	39.2791557312	31.2004356384
150.811188017	1008.91503906	39.2791557312	31.2004356384
150.811188017	1008.91503906	39.2791557312	31.2004356384
150.811188017	1008.91503906	39.2791557312	31.2004356384
150.811188017	1008.91503906	39.2791557312	31.2004356384
150.811188018	1008.91503906	39.2791557312	31.2004356384
150.811188018	1008.91503906	39.2791557312	31.2004356384
150.811188018	1008.91503906	39.2791557312	31.21875
150.811188018	1008.91503906	39.2791557312	31.21875
150.811188018	1008.91503906	37.8230285645	31.21875
150.811188018	1008.91503906	37.8230285645	31.21875
150.811188019	1008.91503906	37.8230285645	31.21875
150.811188019	1008.91503906	37.8230285645	31.21875
150.811188019	1008.91503906	37.8230285645	31.21875
150.811188019	1008.91503906	37.8230285645	31.21875
150.811188019	1008.9128418	37.8230285645	31.21875
150.811188019	1008.9128418	37.8230285645	31.21875
150.811188019	1008.9128418	37.8230285645	31.21875
150.81118802	1008.9128418	37.8230285645	31.21875
150.81118802	1008.9128418	37.8230285645	31.21875
150.81118802	1008.9128418	37.8230285645	31.21875
150.81118802	1008.9128418	37.8230285645	31.21875
150.81118802	1008.9128418	37.8230285645	31.21875
150.81118802	1008.9128418	37.8230285645	31.21875
150.81118802	1008.9128418	37.8230285645	31.21875
150.811188021	1008.9128418	37.8230285645	31.21875
150.811188021	1008.9128418	37.8230285645	31.21875
150.811188021	1008.9128418	37.8230285645	31.21875
150.811188021	1008.9128418	37.8230285645	31.21875
150.811188021	1008.9128418	37.8230285645	31.21875
150.811188021	1008.9128418	37.8230285645	31.21875
150.811188021	1008.9128418	37.8230285645	31.21875
150.811188022	1008.9128418	37.8230285645	31.21875
150.811188022	1008.9128418	37.8230285645	31.21875
150.811188022	1008.9128418	37.8230285645	31.21875
150.811188022	1008.9128418	37.8230285645	31.21875
150.811188022	1008.9128418	37.8230285645	31.21875
150.811188022	1008.9128418	37.8230285645	31.21875
150.811188022	1008.9128418	37.8230285645	31.21875
150.811188022	1008.9128418	37.8230285645	31.21875
150.811188023	1008.9128418	37.8230285645	31.21875
150.811188023	1008.9128418	37.8230285645	31.21875
150.811188023	1008.9128418	37.8230285645	31.21875
150.811188023	1008.9128418	37.8230285645	31.21875
150.811188023	1008.91186523	37.8230285645	31.21875
150.811188023	1008.91186523	37.8230285645	31.21875
150.811188024	1008.91186523	37.8230285645	31.21875
150.811188024	1008.91186523	37.8230285645	31.21875
150.811188024	1008.91186523	37.8230285645	31.21875
150.811188024	1008.91186523	37.8230285645	31.21875
150.811188024	1008.91186523	37.8230285645	31.21875
150.811188024	1008.91186523	37.8230285645	31.21875
150.811188024	1008.91186523	37.8230285645	31.21875
150.811188025	1008.91186523	37.8230285645	31.21875
150.811188025	1008.91186523	37.8230285645	31.21875
150.811188025	1008.91186523	37.8230285645	31.21875
150.811188025	1008.91186523	37.8230285645	31.21875
150.811188025	1008.91186523	37.8230285645	31.21875
150.811188025	1008.91186523	37.8230285645	31.21875
150.811188025	1008.91186523	37.8230285645	31.21875
150.811188025	1008.91186523	37.8230285645	31.21875
150.811188026	1008.91186523	37.8230285645	31.21875
150.811188026	1008.91186523	37.8230285645	31.21875
150.811188026	1008.91186523	37.8230285645	31.10887146
150.811188026	1008.91186523	37.8230285645	31.10887146
150.811188026	1008.91186523	38.0973701477	31.10887146
150.811188026	1008.91186523	38.0973701477	31.10887146
150.811188027	1008.91186523	38.0973701477	31.10887146
150.811188027	1008.91186523	38.0973701477	31.10887146
150.811188027	1008.91186523	38.0973701477	31.10887146
150.811188027	1008.91186523	38.0973701477	31.10887146
150.811188027	1008.91186523	38.0973701477	31.10887146
150.811188027	1008.91186523	38.0973701477	31.10887146
150.811188027	1008.91162109	38.0973701477	31.10887146
150.811188028	1008.91162109	38.0973701477	31.10887146
150.811188028	1008.91162109	38.0973701477	31.10887146
150.811188028	1008.91162109	38.0973701477	31.10887146
150.811188028	1008.91162109	38.0973701477	31.10887146
150.811188028	1008.91162109	38.0973701477	31.10887146
150.811188028	1008.91162109	38.0973701477	31.10887146
150.811188028	1008.91162109	38.0973701477	31.10887146
150.811188029	1008.91162109	38.0973701477	31.10887146
150.811188029	1008.91162109	38.0973701477	31.10887146
150.811188029	1008.91162109	38.0973701477	31.10887146
150.811188029	1008.91162109	38.0973701477	31.10887146
150.811188029	1008.91162109	38.0973701477	31.10887146
150.811188029	1008.91162109	38.0973701477	31.10887146
150.811188029	1008.91162109	38.0973701477	31.10887146
150.81118803	1008.91162109	38.0973701477	31.10887146
150.81118803	1008.91162109	38.0973701477	31.10887146
150.81118803	1008.91162109	38.0973701477	31.10887146
150.81118803	1008.91162109	38.0973701477	31.10887146
150.81118803	1008.91162109	38.0973701477	31.10887146
150.81118803	1008.91162109	38.0973701477	31.10887146
150.81118803	1008.91162109	38.0973701477	31.10887146
150.81118803	1008.91162109	38.0973701477	31.10887146
150.811188031	1008.91162109	38.0973701477	31.10887146
150.811188031	1008.91162109	38.0973701477	31.10887146
150.811188031	1008.91162109	38.0973701477	31.10887146
150.811188031	1008.91162109	38.0973701477	31.10887146
150.811188031	1008.91162109	38.0973701477	31.10887146
150.811188031	1008.91162109	38.0973701477	31.10887146
150.811188031	1008.9140625	38.0973701477	31.10887146
150.811188032	1008.9140625	38.0973701477	31.10887146
150.811188032	1008.9140625	38.0973701477	31.10887146
150.811188032	1008.9140625	38.0973701477	31.10887146
150.811188032	1008.9140625	38.0973701477	31.10887146
150.811188032	1008.9140625	38.0973701477	31.10887146
150.811188032	1008.9140625	38.0973701477	31.10887146
150.811188033	1008.9140625	38.0973701477	31.10887146
150.811188033	1008.9140625	38.0973701477	31.10887146
150.811188033	1008.9140625	38.0973701477	31.10887146
150.811188033	1008.9140625	38.0973701477	31.10887146
150.811188033	1008.9140625	38.0973701477	31.10887146
150.811188033	1008.9140625	38.0973701477	31.10887146
150.811188033	1008.9140625	38.0973701477	31.10887146
150.811188033	1008.9140625	38.0973701477	31.10887146
150.811188034	1008.9140625	38.0973701477	31.10887146
150.811188034	1008.9140625	38.0973701477	31.10887146
150.811188034	1008.9140625	38.0973701477	31.10887146
150.811188034	1008.9140625	38.0973701477	31.16381073
150.811188034	1008.9140625	38.0973701477	31.16381073
150.811188034	1008.9140625	39.5781173706	31.16381073
150.811188035	1008.9140625	39.5781173706	31.16381073
150.811188035	1008.9140625	39.5781173706	31.16381073
150.811188035	1008.9140625	39.5781173706	31.16381073
150.811188035	1008.9140625	39.5781173706	31.16381073
150.811188035	1008.9140625	39.5781173706	31.16381073
150.811188035	1008.9140625	39.5781173706	31.16381073
150.811188035	1008.9140625	39.5781173706	31.16381073
150.811188035	1008.91699219	39.5781173706	31.16381073
150.811188036	1008.91699219	39.5781173706	31.16381073
150.811188036	1008.91699219	39.5781173706	31.16381073
150.811188036	1008.91699219	39.5781173706	31.16381073
150.811188036	1008.91699219	39.5781173706	31.16381073
150.811188036	1008.91699219	39.5781173706	31.16381073
150.811188036	1008.91699219	39.5781173706	31.16381073
150.811188037	1008.91699219	39.5781173706	31.16381073
150.811188037	1008.91699219	39.5781173706	31.16381073
150.811188037	1008.91699219	39.5781173706	31.16381073
150.811188037	1008.91699219	39.5781173706	31.16381073
150.811188037	1008.91699219	39.5781173706	31.16381073
150.811188037	1008.91699219	39.5781173706	31.16381073
150.811188037	1008.91699219	39.5781173706	31.16381073
150.811188038	1008.91699219	39.5781173706	31.16381073
150.811188038	1008.91699219	39.5781173706	31.16381073
150.811188038	1008.91699219	39.5781173706	31.16381073
150.811188038	1008.91699219	39.5781173706	31.16381073
150.811188038	1008.91699219	39.5781173706	31.16381073
150.811188038	1008.91699219	39.5781173706	31.16381073
150.811188038	1008.91699219	39.5781173706	31.16381073
150.811188038	1008.91699219	39.5781173706	31.16381073
150.811188039	1008.91699219	39.5781173706	31.16381073
150.811188039	1008.91699219	39.5781173706	31.16381073
150.811188039	1008.91699219	39.5781173706	31.16381073
150.811188039	1008.91699219	39.5781173706	31.16381073
150.811188039	1008.91699219	39.5781173706	31.16381073
150.811188039	1008.91699219	39.5781173706	31.16381073
150.811188039	1008.91699219	39.5781173706	31.16381073
150.81118804	1008.91625977	39.5781173706	31.16381073
150.81118804	1008.91625977	39.5781173706	31.16381073
150.81118804	1008.91625977	39.5781173706	31.16381073
150.81118804	1008.91625977	39.5781173706	31.16381073
150.81118804	1008.91625977	39.5781173706	31.16381073
150.81118804	1008.91625977	39.5781173706	31.16381073
150.81118804	1008.91625977	39.5781173706	31.16381073
150.811188041	1008.91625977	39.5781173706	31.16381073
150.811188041	1008.91625977	39.5781173706	31.16381073
150.811188041	1008.91625977	39.5781173706	31.16381073
150.811188041	1008.91625977	39.5781173706	31.16381073
150.811188041	1008.91625977	39.5781173706	31.16381073
150.811188041	1008.91625977	39.5781173706	31.16381073
150.811188041	1008.91625977	39.5781173706	31.16381073
150.811188042	1008.91625977	39.5781173706	31.16381073
150.811188042	1008.91625977	39.5781173706	31.16381073
150.811188042	1008.91625977	39.5781173706	31.16381073
150.811188042	1008.91625977	39.5781173706	31.1821231842
150.811188042	1008.91625977	39.5781173706	31.1821231842
150.811188042	1008.91625977	41.0764541626	31.1821231842
150.811188043	1008.91625977	41.0764541626	31.1821231842
150.811188043	1008.91625977	41.0764541626	31.1821231842
150.811188043	1008.91625977	41.0764541626	31.1821231842
150.811188043	1008.91625977	41.0764541626	31.1821231842
150.811188043	1008.91625977	41.0764541626	31.1821231842
150.811188043	1008.91625977	41.0764541626	31.1821231842
150.811188043	1008.91625977	41.0764541626	31.1821231842
150.811188043	1008.91625977	41.0764541626	31.1821231842
150.811188044	1008.91552734	41.0764541626	31.1821231842
150.811188044	1008.91552734	41.0764541626	31.1821231842
150.811188044	1008.91552734	41.0764541626	31.1821231842
150.811188044	1008.91552734	41.0764541626	31.1821231842
150.811188044	1008.91552734	41.0764541626	31.1821231842
150.811188044	1008.91552734	41.0764541626	31.1821231842
150.811188045	1008.91552734	41.0764541626	31.1821231842
150.811188045	1008.91552734	41.0764541626	31.1821231842
150.811188045	1008.91552734	41.0764541626	31.1821231842
150.811188045	1008.91552734	41.0764541626	31.1821231842
150.811188045	1008.91552734	41.0764541626	31.1821231842
150.811188045	1008.91552734	41.0764541626	31.1821231842
150.811188045	1008.91552734	41.0764541626	31.1821231842
150.811188045	1008.91552734	41.0764541626	31.1821231842
150.811188046	1008.91552734	41.0764541626	31.1821231842
150.811188046	1008.91552734	41.0764541626	31.1821231842
150.811188046	1008.91552734	41.0764541626	31.1821231842
150.811188046	1008.91552734	41.0764541626	31.1821231842
150.811188046	1008.91552734	41.0764541626	31.1821231842
150.811188046	1008.91552734	41.0764541626	31.1821231842
150.811188046	1008.91552734	41.0764541626	31.1821231842
150.811188047	1008.91552734	41.0764541626	31.1821231842
150.811188047	1008.91552734	41.0764541626	31.1821231842
150.811188047	1008.91552734	41.0764541626	31.1821231842
150.811188047	1008.91552734	41.0764541626	31.1821231842
150.811188047	1008.91552734	41.0764541626	31.1821231842
150.811188047	1008.91552734	41.0764541626	31.1821231842
150.811188047	1008.91552734	41.0764541626	31.1821231842
150.811188048	1008.91552734	41.0764541626	31.1821231842
150.811188048	1008.91625977	41.0764541626	31.1821231842
150.811188048	1008.91625977	41.0764541626	31.1821231842
150.811188048	1008.91625977	41.0764541626	31.1821231842
150.811188048	1008.91625977	41.0764541626	31.1821231842
150.811188048	1008.91625977	41.0764541626	31.1821231842
150.811188048	1008.91625977	41.0764541626	31.1821231842
150.811188049	1008.91625977	41.0764541626	31.1821231842
150.811188049	1008.91625977	41.0764541626	31.1821231842
150.811188049	1008.91625977	41.0764541626	31.1821231842
150.811188049	1008.91625977	41.0764541626	31.1821231842
150.811188049	1008.91625977	41.0764541626	31.1821231842
150.811188049	1008.91625977	41.0764541626	31.1821231842
150.811188049	1008.91625977	41.0764541626	31.1821231842
150.81118805	1008.91625977	41.0764541626	31.1821231842
150.81118805	1008.91625977	41.0764541626	31.1821231842
150.81118805	1008.91625977	41.0764541626	31.1821231842
150.81118805	1008.91625977	41.0764541626	31.1821231842
150.81118805	1008.91625977	41.0764541626	31.0722446442
150.81118805	1008.91625977	41.0764541626	31.0722446442
150.81118805	1008.91625977	38.0094413757	31.0722446442
150.811188051	1008.91625977	38.0094413757	31.0722446442
150.811188051	1008.91625977	38.0094413757	31.0722446442
150.811188051	1008.91625977	38.0094413757	31.0722446442
150.811188051	1008.91625977	38.0094413757	31.0722446442
150.811188051	1008.91625977	38.0094413757	31.0722446442
150.811188051	1008.91625977	38.0094413757	31.0722446442
150.811188051	1008.91625977	38.0094413757	31.0722446442
150.811188052	1008.91625977	38.0094413757	31.0722446442
150.811188052	1008.921875	38.0094413757	31.0722446442
150.811188052	1008.921875	38.0094413757	31.0722446442
150.811188052	1008.921875	38.0094413757	31.0722446442
150.811188053	1008.921875	38.0094413757	31.0722446442
150.811188053	1008.921875	38.0094413757	31.0722446442
150.811188053	1008.921875	38.0094413757	31.0722446442
150.811188053	1008.921875	38.0094413757	31.0722446442
150.811188053	1008.921875	38.0094413757	31.0722446442
150.811188054	1008.921875	38.0094413757	31.0722446442
150.811188054	1008.921875	38.0094413757	31.0722446442
150.811188054	1008.921875	38.0094413757	31.0722446442
150.811188054	1008.921875	38.0094413757	31.0722446442
150.811188055	1008.921875	38.0094413757	31.0722446442
150.811188055	1008.921875	38.0094413757	31.0722446442
150.811188055	1008.921875	38.0094413757	31.0722446442
150.811188055	1008.921875	38.0094413757	31.0722446442
150.811188055	1008.921875	38.0094413757	31.0722446442
150.811188056	1008.921875	38.0094413757	31.0722446442
150.811188056	1008.92236328	38.0094413757	31.0722446442
150.811188056	1008.92236328	38.0094413757	31.0722446442
150.811188057	1008.92236328	38.0094413757	31.0722446442
150.811188057	1008.92236328	38.0094413757	31.0722446442
150.811188057	1008.92236328	38.0094413757	31.0722446442
150.811188057	1008.92236328	38.0094413757	31.0722446442
150.811188057	1008.92236328	38.0094413757	31.0722446442
150.811188058	1008.92236328	38.0094413757	31.0722446442
150.811188058	1008.92236328	38.0094413757	31.0722446442
150.811188058	1008.92236328	38.0094413757	31.2553749084
150.811188058	1008.92236328	37.9988899231	31.2553749084
150.811188059	1008.92236328	37.9988899231	31.2553749084
150.811188059	1008.92236328	37.9988899231	31.2553749084
150.811188059	1008.92236328	37.9988899231	31.2553749084
150.811188059	1008.92236328	37.9988899231	31.2553749084
150.81118806	1008.92236328	37.9988899231	31.2553749084
150.81118806	1008.92407227	37.9988899231	31.2553749084
150.81118806	1008.92407227	37.9988899231	31.2553749084
150.81118806	1008.92407227	37.9988899231	31.2553749084
150.811188061	1008.92407227	37.9988899231	31.2553749084
150.811188061	1008.92407227	37.9988899231	31.2553749084
150.811188061	1008.92407227	37.9988899231	31.2553749084
150.811188061	1008.92407227	37.9988899231	31.2553749084
150.811188062	1008.92407227	37.9988899231	31.2553749084
150.811188062	1008.92407227	37.9988899231	31.2553749084
150.811188062	1008.92407227	37.9988899231	31.2553749084
150.811188062	1008.92407227	37.9988899231	31.2553749084
150.811188063	1008.92407227	37.9988899231	31.2553749084
150.811188063	1008.92407227	37.9988899231	31.2553749084
150.811188063	1008.92407227	37.9988899231	31.2553749084
150.811188063	1008.92407227	37.9988899231	31.2553749084
150.811188063	1008.92407227	37.9988899231	31.2553749084
150.811188064	1008.92407227	37.9988899231	31.2553749084
150.811188064	1008.92504883	37.9988899231	31.2553749084
150.811188064	1008.92504883	37.9988899231	31.2553749084
150.811188065	1008.92504883	37.9988899231	31.2553749084
150.811188065	1008.92504883	37.9988899231	31.2553749084
150.811188065	1008.92504883	37.9988899231	31.2553749084
150.811188065	1008.92504883	37.9988899231	31.2553749084
150.811188065	1008.92504883	37.9988899231	31.2553749084
150.811188066	1008.92504883	37.9988899231	31.2553749084
150.811188066	1008.92504883	37.9988899231	31.2553749084
150.811188066	1008.92504883	37.9988899231	31.2004356384
150.811188066	1008.92504883	36.9507598877	31.2004356384
150.811188067	1008.92504883	36.9507598877	31.2004356384
150.811188067	1008.92504883	36.9507598877	31.2004356384
150.811188067	1008.92504883	36.9507598877	31.2004356384
150.811188067	1008.92504883	36.9507598877	31.2004356384
150.811188068	1008.92504883	36.9507598877	31.2004356384
150.811188068	1008.92504883	36.9507598877	31.2004356384
150.811188068	1008.92602539	36.9507598877	31.2004356384
150.811188069	1008.92602539	36.9507598877	31.2004356384
150.811188069	1008.92602539	36.9507598877	31.2004356384
150.811188069	1008.92602539	36.9507598877	31.2004356384
150.811188069	1008.92602539	36.9507598877	31.2004356384
150.811188069	1008.92602539	36.9507598877	31.2004356384
150.81118807	1008.92602539	36.9507598877	31.2004356384
150.81118807	1008.92602539	36.9507598877	31.2004356384
150.81118807	1008.92602539	36.9507598877	31.2004356384
150.81118807	1008.92602539	36.9507598877	31.2004356384
150.811188071	1008.92602539	36.9507598877	31.2004356384
150.811188071	1008.92602539	36.9507598877	31.2004356384
150.811188071	1008.92602539	36.9507598877	31.2004356384
150.811188071	1008.92602539	36.9507598877	31.2004356384
150.811188071	1008.92602539	36.9507598877	31.2004356384
150.811188072	1008.92602539	36.9507598877	31.2004356384
150.811188072	1008.92602539	36.9507598877	31.2004356384
150.811188072	1008.93432617	36.9507598877	31.2004356384
150.811188073	1008.93432617	36.9507598877	31.2004356384
150.811188073	1008.93432617	36.9507598877	31.2004356384
150.811188073	1008.93432617	36.9507598877	31.2004356384
150.811188073	1008.93432617	36.9507598877	31.2004356384
150.811188073	1008.93432617	36.9507598877	31.2004356384
150.811188074	1008.93432617	36.9507598877	31.2004356384
150.811188074	1008.93432617	36.9507598877	31.2004356384
150.811188074	1008.93432617	36.9507598877	31.2004356384
150.811188074	1008.93432617	36.9507598877	31.10887146
150.811188075	1008.93432617	40.3272857666	31.10887146
150.811188075	1008.93432617	40.3272857666	31.10887146
150.811188075	1008.93432617	40.3272857666	31.10887146
150.811188075	1008.93432617	40.3272857666	31.10887146
150.811188076	1008.93432617	40.3272857666	31.10887146
150.811188076	1008.93432617	40.3272857666	31.10887146
150.811188076	1008.93432617	40.3272857666	31.10887146
150.811188076	1008.93164062	40.3272857666	31.10887146
150.811188077	1008.93164062	40.3272857666	31.10887146
150.811188077	1008.93164062	40.3272857666	31.10887146
150.811188077	1008.93164062	40.3272857666	31.10887146
150.811188077	1008.93164062	40.3272857666	31.10887146
150.811188078	1008.93164062	40.3272857666	31.10887146
150.811188078	1008.93164062	40.3272857666	31.10887146
150.811188078	1008.93164062	40.3272857666	31.10887146
150.811188078	1008.93164062	40.3272857666	31.10887146
150.811188078	1008.93164062	40.3272857666	31.10887146
150.811188079	1008.93164062	40.3272857666	31.10887146
150.811188079	1008.93164062	40.3272857666	31.10887146
150.811188079	1008.93164062	40.3272857666	31.10887146
150.811188079	1008.93164062	40.3272857666	31.10887146
150.81118808	1008.93164062	40.3272857666	31.10887146
150.81118808	1008.93164062	40.3272857666	31.10887146
150.81118808	1008.93164062	40.3272857666	31.10887146
150.81118808	1008.92944336	40.3272857666	31.10887146
150.811188081	1008.92944336	40.3272857666	31.10887146
150.811188081	1008.92944336	40.3272857666	31.10887146
150.811188081	1008.92944336	40.3272857666	31.10887146
150.811188081	1008.92944336	40.3272857666	31.10887146
150.811188082	1008.92944336	40.3272857666	31.10887146
150.811188082	1008.92944336	40.3272857666	31.10887146
150.811188082	1008.92944336	40.3272857666	31.10887146
150.811188082	1008.92944336	40.3272857666	31.1271839142
150.811188083	1008.92944336	36.5497970581	31.1271839142
150.811188083	1008.92944336	36.5497970581	31.1271839142
150.811188083	1008.92944336	36.5497970581	31.1271839142
150.811188083	1008.92944336	36.5497970581	31.1271839142
150.811188084	1008.92944336	36.5497970581	31.1271839142
150.811188084	1008.92944336	36.5497970581	31.1271839142
