5.77663573037	1200
time	pressure	humidity	temperature
150.811186717	1007.72631836	41.4006729126	30.5461521149
150.811186717	1007.72631836	41.4006729126	30.5461521149
150.811186717	1007.72631836	41.4006729126	30.5461521149
150.811186718	1007.72631836	41.4006729126	30.5461521149
150.811186718	1007.72631836	41.4006729126	30.5461521149
150.811186718	1007.72631836	41.4006729126	30.5461521149
150.811186718	1007.72631836	41.4006729126	30.5461521149
150.811186718	1007.72631836	41.4006729126	30.5461521149
150.811186719	1007.72631836	41.4006729126	30.5461521149
150.811186719	1007.72631836	41.4006729126	30.5461521149
150.811186719	1007.72631836	41.4006729126	30.5461521149
150.811186719	1007.72631836	41.4006729126	30.5461521149
150.81118672	1007.72631836	41.4006729126	30.5461521149
150.81118672	1007.72631836	41.4006729126	30.5461521149
150.81118672	1007.72631836	41.4006729126	30.5461521149
150.81118672	1007.72290039	41.4006729126	30.5461521149
150.811186721	1007.72290039	41.4006729126	30.5461521149
150.811186721	1007.72290039	41.4006729126	30.5461521149
150.811186721	1007.72290039	41.4006729126	30.5461521149
150.811186721	1007.72290039	41.4006729126	30.5461521149
150.811186722	1007.72290039	41.4006729126	30.5461521149
150.811186722	1007.72290039	41.4006729126	30.5461521149
150.811186722	1007.72290039	41.4006729126	30.5461521149
150.811186722	1007.72290039	41.4006729126	30.5461521149
150.811186722	1007.72290039	41.4006729126	30.5461521149
150.811186723	1007.72290039	41.4006729126	30.4719009399
150.811186723	1007.72290039	43.3343467712	30.4719009399
150.811186723	1007.72290039	43.3343467712	30.4719009399
150.811186723	1007.72290039	43.3343467712	30.4719009399
150.811186724	1007.72290039	43.3343467712	30.4719009399
150.811186724	1007.72290039	43.3343467712	30.4719009399
150.811186724	1007.72607422	43.3343467712	30.4719009399
150.811186725	1007.72607422	43.3343467712	30.4719009399
150.811186725	1007.72607422	43.3343467712	30.4719009399
150.811186725	1007.72607422	43.3343467712	30.4719009399
150.811186725	1007.72607422	43.3343467712	30.4719009399
150.811186725	1007.72607422	43.3343467712	30.4719009399
150.811186726	1007.72607422	43.3343467712	30.4719009399
150.811186726	1007.72607422	43.3343467712	30.4719009399
150.811186726	1007.72607422	43.3343467712	30.4719009399
150.811186726	1007.72607422	43.3343467712	30.4719009399
150.811186727	1007.72607422	43.3343467712	30.4719009399
150.811186727	1007.72607422	43.3343467712	30.4719009399
150.811186727	1007.72607422	43.3343467712	30.4719009399
150.811186727	1007.72607422	43.3343467712	30.4719009399
150.811186727	1007.72607422	43.3343467712	30.4719009399
150.811186728	1007.72607422	43.3343467712	30.4719009399
150.811186728	1007.72607422	43.3343467712	30.4719009399
150.811186728	1007.72900391	43.3343467712	30.4719009399
150.811186728	1007.72900391	43.3343467712	30.4719009399
150.811186729	1007.72900391	43.3343467712	30.4719009399
150.811186729	1007.72900391	43.3343467712	30.4719009399
150.811186729	1007.72900391	43.3343467712	30.4719009399
150.811186729	1007.72900391	43.3343467712	30.4719009399
150.81118673	1007.72900391	43.3343467712	30.4719009399
150.81118673	1007.72900391	43.3343467712	30.4719009399
150.81118673	1007.72900391	43.3343467712	30.4719009399
150.81118673	1007.72900391	43.3343467712	30.4719009399
150.81118673	1007.72900391	43.3343467712	30.4719009399
150.811186731	1007.72900391	43.3343467712	30.5275878906
150.811186731	1007.72900391	39.6943016052	30.5275878906
150.811186731	1007.72900391	39.6943016052	30.5275878906
150.811186731	1007.72900391	39.6943016052	30.5275878906
150.811186732	1007.72900391	39.6943016052	30.5275878906
150.811186732	1007.72900391	39.6943016052	30.5275878906
150.811186732	1007.7253418	39.6943016052	30.5275878906
150.811186733	1007.7253418	39.6943016052	30.5275878906
150.811186733	1007.7253418	39.6943016052	30.5275878906
150.811186733	1007.7253418	39.6943016052	30.5275878906
150.811186733	1007.7253418	39.6943016052	30.5275878906
150.811186733	1007.7253418	39.6943016052	30.5275878906
150.811186734	1007.7253418	39.6943016052	30.5275878906
150.811186734	1007.7253418	39.6943016052	30.5275878906
150.811186734	1007.7253418	39.6943016052	30.5275878906
150.811186734	1007.7253418	39.6943016052	30.5275878906
150.811186735	1007.7253418	39.6943016052	30.5275878906
150.811186735	1007.7253418	39.6943016052	30.5275878906
150.811186735	1007.7253418	39.6943016052	30.5275878906
150.811186735	1007.7253418	39.6943016052	30.5275878906
150.811186735	1007.7253418	39.6943016052	30.5275878906
150.811186736	1007.7253418	39.6943016052	30.5275878906
150.811186736	1007.7253418	39.6943016052	30.5275878906
150.811186736	1007.72607422	39.6943016052	30.5275878906
150.811186737	1007.72607422	39.6943016052	30.5275878906
150.811186737	1007.72607422	39.6943016052	30.5275878906
150.811186737	1007.72607422	39.6943016052	30.5275878906
150.811186737	1007.72607422	39.6943016052	30.5275878906
150.811186737	1007.72607422	39.6943016052	30.5275878906
150.811186738	1007.72607422	39.6943016052	30.5275878906
150.811186738	1007.72607422	39.6943016052	30.5275878906
150.811186738	1007.72607422	39.6943016052	30.5275878906
150.811186738	1007.72607422	39.6943016052	30.5275878906
150.811186739	1007.72607422	39.6943016052	30.5275878906
150.811186739	1007.72607422	39.6943016052	30.5647144318
150.811186739	1007.72607422	42.143409729	30.5647144318
150.811186739	1007.72607422	42.143409729	30.5647144318
150.81118674	1007.72607422	42.143409729	30.5647144318
150.81118674	1007.72607422	42.143409729	30.5647144318
150.81118674	1007.72119141	42.143409729	30.5647144318
150.81118674	1007.72119141	42.143409729	30.5647144318
150.811186741	1007.72119141	42.143409729	30.5647144318
150.811186741	1007.72119141	42.143409729	30.5647144318
150.811186741	1007.72119141	42.143409729	30.5647144318
150.811186741	1007.72119141	42.143409729	30.5647144318
150.811186742	1007.72119141	42.143409729	30.5647144318
150.811186742	1007.72119141	42.143409729	30.5647144318
150.811186742	1007.72119141	42.143409729	30.5647144318
150.811186742	1007.72119141	42.143409729	30.5647144318
150.811186742	1007.72119141	42.143409729	30.5647144318
150.811186743	1007.72119141	42.143409729	30.5647144318
150.811186743	1007.72119141	42.143409729	30.5647144318
150.811186743	1007.72119141	42.143409729	30.5647144318
150.811186743	1007.72119141	42.143409729	30.5647144318
150.811186744	1007.72119141	42.143409729	30.5647144318
150.811186744	1007.72119141	42.143409729	30.5647144318
150.811186744	1007.72314453	42.143409729	30.5647144318
150.811186744	1007.72314453	42.143409729	30.5647144318
150.811186745	1007.72314453	42.143409729	30.5647144318
150.811186745	1007.72314453	42.143409729	30.5647144318
150.811186745	1007.72314453	42.143409729	30.5647144318
150.811186745	1007.72314453	42.143409729	30.5647144318
150.811186745	1007.72314453	42.143409729	30.5647144318
150.811186746	1007.72314453	42.143409729	30.5647144318
150.811186746	1007.72314453	42.143409729	30.5647144318
150.811186746	1007.72314453	42.143409729	30.5647144318
150.811186746	1007.72314453	42.143409729	30.5647144318
150.811186747	1007.72314453	42.143409729	30.5647144318
150.811186747	1007.72314453	42.143409729	30.5832767487
150.811186747	1007.72314453	42.4571495056	30.5832767487
150.811186747	1007.72314453	42.4571495056	30.5832767487
150.811186748	1007.72314453	42.4571495056	30.5832767487
150.811186748	1007.71679688	42.4571495056	30.5832767487
150.811186748	1007.71679688	42.4571495056	30.5832767487
150.811186749	1007.71679688	42.4571495056	30.5832767487
150.811186749	1007.71679688	42.4571495056	30.5832767487
150.811186749	1007.71679688	42.4571495056	30.5832767487
150.811186749	1007.71679688	42.4571495056	30.5832767487
150.811186749	1007.71679688	42.4571495056	30.5832767487
150.81118675	1007.71679688	42.4571495056	30.5832767487
150.81118675	1007.71679688	42.4571495056	30.5832767487
150.81118675	1007.71679688	42.4571495056	30.5832767487
150.81118675	1007.71679688	42.4571495056	30.5832767487
150.811186751	1007.71679688	42.4571495056	30.5832767487
150.811186751	1007.71679688	42.4571495056	30.5832767487
150.811186751	1007.71679688	42.4571495056	30.5832767487
150.811186751	1007.71679688	42.4571495056	30.5832767487
150.811186751	1007.71679688	42.4571495056	30.5832767487
150.811186752	1007.71679688	42.4571495056	30.5832767487
150.811186752	1007.71606445	42.4571495056	30.5832767487
150.811186752	1007.71606445	42.4571495056	30.5832767487
150.811186752	1007.71606445	42.4571495056	30.5832767487
150.811186753	1007.71606445	42.4571495056	30.5832767487
150.811186753	1007.71606445	42.4571495056	30.5832767487
150.811186753	1007.71606445	42.4571495056	30.5832767487
150.811186753	1007.71606445	42.4571495056	30.5832767487
150.811186754	1007.71606445	42.4571495056	30.5832767487
150.811186754	1007.71606445	42.4571495056	30.5832767487
150.811186754	1007.71606445	42.4571495056	30.5832767487
150.811186754	1007.71606445	42.4571495056	30.5832767487
150.811186754	1007.71606445	42.4571495056	30.5832767487
150.811186755	1007.71606445	42.4571495056	30.5832767487
150.811186755	1007.71606445	42.4571495056	30.4719009399
150.811186755	1007.71606445	41.3782615662	30.4719009399
150.811186755	1007.71606445	41.3782615662	30.4719009399
150.811186756	1007.71313477	41.3782615662	30.4719009399
150.811186756	1007.71313477	41.3782615662	30.4719009399
150.811186756	1007.71313477	41.3782615662	30.4719009399
150.811186757	1007.71313477	41.3782615662	30.4719009399
150.811186757	1007.71313477	41.3782615662	30.4719009399
150.811186757	1007.71313477	41.3782615662	30.4719009399
150.811186757	1007.71313477	41.3782615662	30.4719009399
150.811186757	1007.71313477	41.3782615662	30.4719009399
150.811186758	1007.71313477	41.3782615662	30.4719009399
150.811186758	1007.71313477	41.3782615662	30.4719009399
150.811186758	1007.71313477	41.3782615662	30.4719009399
150.811186758	1007.71313477	41.3782615662	30.4719009399
150.811186759	1007.71313477	41.3782615662	30.4719009399
150.811186759	1007.71313477	41.3782615662	30.4719009399
150.811186759	1007.71313477	41.3782615662	30.4719009399
150.811186759	1007.71313477	41.3782615662	30.4719009399
150.811186759	1007.71313477	41.3782615662	30.4719009399
150.81118676	1007.71166992	41.3782615662	30.4719009399
150.81118676	1007.71166992	41.3782615662	30.4719009399
150.81118676	1007.71166992	41.3782615662	30.4719009399
150.811186761	1007.71166992	41.3782615662	30.4719009399
150.811186761	1007.71166992	41.3782615662	30.4719009399
150.811186761	1007.71166992	41.3782615662	30.4719009399
150.811186761	1007.71166992	41.3782615662	30.4719009399
150.811186761	1007.71166992	41.3782615662	30.4719009399
150.811186762	1007.71166992	41.3782615662	30.4719009399
150.811186762	1007.71166992	41.3782615662	30.4719009399
150.811186762	1007.71166992	41.3782615662	30.4719009399
150.811186762	1007.71166992	41.3782615662	30.4719009399
150.811186763	1007.71166992	41.3782615662	30.4719009399
150.811186763	1007.71166992	41.3782615662	30.4719009399
150.811186763	1007.71166992	41.3782615662	30.5090255737
150.811186763	1007.71166992	39.7039070129	30.5090255737
150.811186764	1007.71118164	39.7039070129	30.5090255737
150.811186764	1007.71118164	39.7039070129	30.5090255737
150.811186764	1007.71118164	39.7039070129	30.5090255737
150.811186764	1007.71118164	39.7039070129	30.5090255737
150.811186765	1007.71118164	39.7039070129	30.5090255737
150.811186765	1007.71118164	39.7039070129	30.5090255737
150.811186765	1007.71118164	39.7039070129	30.5090255737
150.811186765	1007.71118164	39.7039070129	30.5090255737
150.811186766	1007.71118164	39.7039070129	30.5090255737
150.811186766	1007.71118164	39.7039070129	30.5090255737
150.811186766	1007.71118164	39.7039070129	30.5090255737
150.811186766	1007.71118164	39.7039070129	30.5090255737
150.811186766	1007.71118164	39.7039070129	30.5090255737
150.811186767	1007.71118164	39.7039070129	30.5090255737
150.811186767	1007.71118164	39.7039070129	30.5090255737
150.811186767	1007.71118164	39.7039070129	30.5090255737
150.811186767	1007.71118164	39.7039070129	30.5090255737
150.811186768	1007.71069336	39.7039070129	30.5090255737
150.811186768	1007.71069336	39.7039070129	30.5090255737
150.811186768	1007.71069336	39.7039070129	30.5090255737
150.811186768	1007.71069336	39.7039070129	30.5090255737
150.811186769	1007.71069336	39.7039070129	30.5090255737
150.811186769	1007.71069336	39.7039070129	30.5090255737
150.811186769	1007.71069336	39.7039070129	30.5090255737
150.811186769	1007.71069336	39.7039070129	30.5090255737
150.811186769	1007.71069336	39.7039070129	30.5090255737
150.81118677	1007.71069336	39.7039070129	30.5090255737
150.81118677	1007.71069336	39.7039070129	30.5090255737
150.81118677	1007.71069336	39.7039070129	30.5090255737
150.81118677	1007.71069336	39.7039070129	30.5090255737
150.811186771	1007.71069336	39.7039070129	30.5090255737
150.811186771	1007.71069336	39.7039070129	30.5090255737
150.811186771	1007.71069336	39.7039070129	30.4719009399
150.811186771	1007.70947266	40.7027587891	30.4719009399
150.811186772	1007.70947266	40.7027587891	30.4719009399
150.811186772	1007.70947266	40.7027587891	30.4719009399
150.811186772	1007.70947266	40.7027587891	30.4719009399
150.811186772	1007.70947266	40.7027587891	30.4719009399
150.811186773	1007.70947266	40.7027587891	30.4719009399
150.811186773	1007.70947266	40.7027587891	30.4719009399
150.811186773	1007.70947266	40.7027587891	30.4719009399
150.811186773	1007.70947266	40.7027587891	30.4719009399
150.811186774	1007.70947266	40.7027587891	30.4719009399
150.811186774	1007.70947266	40.7027587891	30.4719009399
150.811186774	1007.70947266	40.7027587891	30.4719009399
150.811186774	1007.70947266	40.7027587891	30.4719009399
150.811186774	1007.70947266	40.7027587891	30.4719009399
150.811186775	1007.70947266	40.7027587891	30.4719009399
150.811186775	1007.70947266	40.7027587891	30.4719009399
150.811186775	1007.70947266	40.7027587891	30.4719009399
150.811186775	1007.7097168	40.7027587891	30.4719009399
150.811186776	1007.7097168	40.7027587891	30.4719009399
150.811186776	1007.7097168	40.7027587891	30.4719009399
150.811186776	1007.7097168	40.7027587891	30.4719009399
150.811186776	1007.7097168	40.7027587891	30.4719009399
150.811186777	1007.7097168	40.7027587891	30.4719009399
150.811186777	1007.7097168	40.7027587891	30.4719009399
150.811186777	1007.7097168	40.7027587891	30.4719009399
150.811186777	1007.7097168	40.7027587891	30.4719009399
150.811186778	1007.7097168	40.7027587891	30.4719009399
150.811186778	1007.7097168	40.7027587891	30.4719009399
150.811186778	1007.7097168	40.7027587891	30.4719009399
150.811186778	1007.7097168	40.7027587891	30.4719009399
150.811186778	1007.7097168	40.7027587891	30.4719009399
150.811186779	1007.7097168	40.7027587891	30.4719009399
150.811186779	1007.7097168	40.7027587891	30.4719009399
150.811186779	1007.7097168	40.7027587891	30.5090255737
150.811186779	1007.71240234	40.2065353394	30.5090255737
150.81118678	1007.71240234	40.2065353394	30.5090255737
150.81118678	1007.71240234	40.2065353394	30.5090255737
150.81118678	1007.71240234	40.2065353394	30.5090255737
150.811186781	1007.71240234	40.2065353394	30.5090255737
150.811186781	1007.71240234	40.2065353394	30.5090255737
150.811186781	1007.71240234	40.2065353394	30.5090255737
150.811186781	1007.71240234	40.2065353394	30.5090255737
150.811186781	1007.71240234	40.2065353394	30.5090255737
150.811186782	1007.71240234	40.2065353394	30.5090255737
150.811186782	1007.71240234	40.2065353394	30.5090255737
150.811186782	1007.71240234	40.2065353394	30.5090255737
150.811186782	1007.71240234	40.2065353394	30.5090255737
150.811186783	1007.71240234	40.2065353394	30.5090255737
150.811186783	1007.71240234	40.2065353394	30.5090255737
150.811186783	1007.71240234	40.2065353394	30.5090255737
150.811186783	1007.71264648	40.2065353394	30.5090255737
150.811186784	1007.71264648	40.2065353394	30.5090255737
150.811186784	1007.71264648	40.2065353394	30.5090255737
150.811186784	1007.71264648	40.2065353394	30.5090255737
150.811186784	1007.71264648	40.2065353394	30.5090255737
150.811186785	1007.71264648	40.2065353394	30.5090255737
150.811186785	1007.71264648	40.2065353394	30.5090255737
150.811186785	1007.71264648	40.2065353394	30.5090255737
150.811186785	1007.71264648	40.2065353394	30.5090255737
150.811186785	1007.71264648	40.2065353394	30.5090255737
150.811186786	1007.71264648	40.2065353394	30.5090255737
150.811186786	1007.71264648	40.2065353394	30.5090255737
150.811186786	1007.71264648	40.2065353394	30.5090255737
150.811186786	1007.71264648	40.2065353394	30.5090255737
150.811186787	1007.71264648	40.2065353394	30.5090255737
150.811186787	1007.71264648	40.2065353394	30.5090255737
150.811186787	1007.71264648	40.2065353394	30.5090255737
150.811186787	1007.71142578	40.2065353394	30.5275878906
150.811186788	1007.71142578	41.333442688	30.5275878906
150.811186788	1007.71142578	41.333442688	30.5275878906
150.811186788	1007.71142578	41.333442688	30.5275878906
150.811186788	1007.71142578	41.333442688	30.5275878906
150.811186789	1007.71142578	41.333442688	30.5275878906
150.811186789	1007.71142578	41.333442688	30.5275878906
150.811186789	1007.71142578	41.333442688	30.5275878906
150.811186789	1007.71142578	41.333442688	30.5275878906
150.81118679	1007.71142578	41.333442688	30.5275878906
150.81118679	1007.71142578	41.333442688	30.5275878906
150.81118679	1007.71142578	41.333442688	30.5275878906
150.81118679	1007.71142578	41.333442688	30.5275878906
150.81118679	1007.71142578	41.333442688	30.5275878906
150.811186791	1007.71142578	41.333442688	30.5275878906
150.811186791	1007.71142578	41.333442688	30.5275878906
150.811186791	1007.71264648	41.333442688	30.5275878906
150.811186791	1007.71264648	41.333442688	30.5275878906
150.811186792	1007.71264648	41.333442688	30.5275878906
150.811186792	1007.71264648	41.333442688	30.5275878906
150.811186792	1007.71264648	41.333442688	30.5275878906
150.811186792	1007.71264648	41.333442688	30.5275878906
150.811186793	1007.71264648	41.333442688	30.5275878906
150.811186793	1007.71264648	41.333442688	30.5275878906
150.811186793	1007.71264648	41.333442688	30.5275878906
150.811186793	1007.71264648	41.333442688	30.5275878906
150.811186793	1007.71264648	41.333442688	30.5275878906
150.811186794	1007.71264648	41.333442688	30.5275878906
150.811186794	1007.71264648	41.333442688	30.5275878906
150.811186794	1007.71264648	41.333442688	30.5275878906
150.811186794	1007.71264648	41.333442688	30.5275878906
150.811186795	1007.71264648	41.333442688	30.5275878906
150.811186795	1007.71264648	41.333442688	30.5275878906
150.811186795	1007.71508789	41.333442688	30.5275878906
150.811186795	1007.71508789	41.333442688	30.4904632568
150.811186796	1007.71508789	40.9876861572	30.4904632568
150.811186796	1007.71508789	40.9876861572	30.4904632568
150.811186796	1007.71508789	40.9876861572	30.4904632568
150.811186796	1007.71508789	40.9876861572	30.4904632568
150.811186797	1007.71508789	40.9876861572	30.4904632568
150.811186797	1007.71508789	40.9876861572	30.4904632568
150.811186797	1007.71508789	40.9876861572	30.4904632568
150.811186797	1007.71508789	40.9876861572	30.4904632568
150.811186798	1007.71508789	40.9876861572	30.4904632568
150.811186798	1007.71508789	40.9876861572	30.4904632568
150.811186798	1007.71508789	40.9876861572	30.4904632568
150.811186798	1007.71508789	40.9876861572	30.4904632568
150.811186798	1007.71508789	40.9876861572	30.4904632568
150.811186799	1007.71508789	40.9876861572	30.4904632568
150.811186799	1007.71704102	40.9876861572	30.4904632568
150.811186799	1007.71704102	40.9876861572	30.4904632568
150.8111868	1007.71704102	40.9876861572	30.4904632568
150.8111868	1007.71704102	40.9876861572	30.4904632568
150.8111868	1007.71704102	40.9876861572	30.4904632568
150.8111868	1007.71704102	40.9876861572	30.4904632568
150.8111868	1007.71704102	40.9876861572	30.4904632568
150.811186801	1007.71704102	40.9876861572	30.4904632568
150.811186801	1007.71704102	40.9876861572	30.4904632568
150.811186801	1007.71704102	40.9876861572	30.4904632568
150.811186801	1007.71704102	40.9876861572	30.4904632568
150.811186802	1007.71704102	40.9876861572	30.4904632568
150.811186802	1007.71704102	40.9876861572	30.4904632568
150.811186802	1007.71704102	40.9876861572	30.4904632568
150.811186802	1007.71704102	40.9876861572	30.4904632568
150.811186802	1007.71704102	40.9876861572	30.4904632568
150.811186803	1007.71704102	40.9876861572	30.4904632568
150.811186803	1007.71777344	40.9876861572	30.4904632568
150.811186803	1007.71777344	40.9876861572	30.4904632568
150.811186804	1007.71777344	40.9876861572	30.5461521149
150.811186804	1007.71777344	41.7080116272	30.5461521149
150.811186804	1007.71777344	41.7080116272	30.5461521149
150.811186804	1007.71777344	41.7080116272	30.5461521149
150.811186805	1007.71777344	41.7080116272	30.5461521149
150.811186805	1007.71777344	41.7080116272	30.5461521149
150.811186805	1007.71777344	41.7080116272	30.5461521149
150.811186805	1007.71777344	41.7080116272	30.5461521149
150.811186805	1007.71777344	41.7080116272	30.5461521149
150.811186806	1007.71777344	41.7080116272	30.5461521149
150.811186806	1007.71777344	41.7080116272	30.5461521149
150.811186806	1007.71777344	41.7080116272	30.5461521149
150.811186806	1007.71777344	41.7080116272	30.5461521149
150.811186807	1007.71777344	41.7080116272	30.5461521149
150.811186807	1007.71557617	41.7080116272	30.5461521149
150.811186807	1007.71557617	41.7080116272	30.5461521149
150.811186807	1007.71557617	41.7080116272	30.5461521149
150.811186808	1007.71557617	41.7080116272	30.5461521149
150.811186808	1007.71557617	41.7080116272	30.5461521149
150.811186808	1007.71557617	41.7080116272	30.5461521149
150.811186808	1007.71557617	41.7080116272	30.5461521149
150.811186809	1007.71557617	41.7080116272	30.5461521149
150.811186809	1007.71557617	41.7080116272	30.5461521149
150.811186809	1007.71557617	41.7080116272	30.5461521149
150.811186809	1007.71557617	41.7080116272	30.5461521149
150.811186809	1007.71557617	41.7080116272	30.5461521149
150.81118681	1007.71557617	41.7080116272	30.5461521149
150.81118681	1007.71557617	41.7080116272	30.5461521149
150.81118681	1007.71557617	41.7080116272	30.5461521149
150.81118681	1007.71557617	41.7080116272	30.5461521149
150.81118681	1007.71557617	41.7080116272	30.5461521149
150.811186811	1007.71484375	41.7080116272	30.5461521149
150.811186811	1007.71484375	41.7080116272	30.5461521149
150.811186811	1007.71484375	41.7080116272	30.5461521149
150.811186812	1007.71484375	41.7080116272	30.4719009399
150.811186812	1007.71484375	43.0206031799	30.4719009399
150.811186812	1007.71484375	43.0206031799	30.4719009399
150.811186812	1007.71484375	43.0206031799	30.4719009399
150.811186813	1007.71484375	43.0206031799	30.4719009399
150.811186813	1007.71484375	43.0206031799	30.4719009399
150.811186813	1007.71484375	43.0206031799	30.4719009399
150.811186813	1007.71484375	43.0206031799	30.4719009399
150.811186814	1007.71484375	43.0206031799	30.4719009399
150.811186814	1007.71484375	43.0206031799	30.4719009399
150.811186814	1007.71484375	43.0206031799	30.4719009399
150.811186814	1007.71484375	43.0206031799	30.4719009399
150.811186814	1007.71484375	43.0206031799	30.4719009399
150.811186815	1007.71606445	43.0206031799	30.4719009399
150.811186815	1007.71606445	43.0206031799	30.4719009399
150.811186815	1007.71606445	43.0206031799	30.4719009399
150.811186815	1007.71606445	43.0206031799	30.4719009399
150.811186816	1007.71606445	43.0206031799	30.4719009399
150.811186816	1007.71606445	43.0206031799	30.4719009399
150.811186816	1007.71606445	43.0206031799	30.4719009399
150.811186816	1007.71606445	43.0206031799	30.4719009399
150.811186817	1007.71606445	43.0206031799	30.4719009399
150.811186817	1007.71606445	43.0206031799	30.4719009399
150.811186817	1007.71606445	43.0206031799	30.4719009399
150.811186817	1007.71606445	43.0206031799	30.4719009399
150.811186817	1007.71606445	43.0206031799	30.4719009399
150.811186818	1007.71606445	43.0206031799	30.4719009399
150.811186818	1007.71606445	43.0206031799	30.4719009399
150.811186818	1007.71606445	43.0206031799	30.4719009399
150.811186818	1007.71606445	43.0206031799	30.4719009399
150.811186819	1007.71386719	43.0206031799	30.4719009399
150.811186819	1007.71386719	43.0206031799	30.4719009399
150.811186819	1007.71386719	43.0206031799	30.4719009399
150.811186819	1007.71386719	43.0206031799	30.4719009399
150.81118682	1007.71386719	43.0206031799	30.5832767487
150.81118682	1007.71386719	42.7484817505	30.5832767487
150.81118682	1007.71386719	42.7484817505	30.5832767487
150.81118682	1007.71386719	42.7484817505	30.5832767487
150.811186821	1007.71386719	42.7484817505	30.5832767487
150.811186821	1007.71386719	42.7484817505	30.5832767487
150.811186821	1007.71386719	42.7484817505	30.5832767487
150.811186821	1007.71386719	42.7484817505	30.5832767487
150.811186822	1007.71386719	42.7484817505	30.5832767487
150.811186822	1007.71386719	42.7484817505	30.5832767487
150.811186822	1007.71386719	42.7484817505	30.5832767487
150.811186822	1007.71386719	42.7484817505	30.5832767487
150.811186822	1007.70874023	42.7484817505	30.5832767487
150.811186823	1007.70874023	42.7484817505	30.5832767487
150.811186823	1007.70874023	42.7484817505	30.5832767487
150.811186823	1007.70874023	42.7484817505	30.5832767487
150.811186824	1007.70874023	42.7484817505	30.5832767487
150.811186824	1007.70874023	42.7484817505	30.5832767487
150.811186824	1007.70874023	42.7484817505	30.5832767487
150.811186824	1007.70874023	42.7484817505	30.5832767487
150.811186824	1007.70874023	42.7484817505	30.5832767487
150.811186825	1007.70874023	42.7484817505	30.5832767487
150.811186825	1007.70874023	42.7484817505	30.5832767487
150.811186825	1007.70874023	42.7484817505	30.5832767487
150.811186825	1007.70874023	42.7484817505	30.5832767487
150.811186826	1007.70874023	42.7484817505	30.5832767487
150.811186826	1007.70874023	42.7484817505	30.5832767487
150.811186826	1007.70874023	42.7484817505	30.5832767487
150.811186826	1007.70874023	42.7484817505	30.5832767487
150.811186826	1007.70629883	42.7484817505	30.5832767487
150.811186827	1007.70629883	42.7484817505	30.5832767487
150.811186827	1007.70629883	42.7484817505	30.5832767487
150.811186827	1007.70629883	42.7484817505	30.5832767487
150.811186828	1007.70629883	42.7484817505	30.5832767487
150.811186828	1007.70629883	42.7484817505	30.6018409729
150.811186828	1007.70629883	42.0089492798	30.6018409729
150.811186828	1007.70629883	42.0089492798	30.6018409729
150.811186829	1007.70629883	42.0089492798	30.6018409729
150.811186829	1007.70629883	42.0089492798	30.6018409729
150.811186829	1007.70629883	42.0089492798	30.6018409729
150.811186829	1007.70629883	42.0089492798	30.6018409729
150.811186829	1007.70629883	42.0089492798	30.6018409729
150.81118683	1007.70629883	42.0089492798	30.6018409729
150.81118683	1007.70629883	42.0089492798	30.6018409729
150.81118683	1007.70629883	42.0089492798	30.6018409729
150.81118683	1007.70800781	42.0089492798	30.6018409729
150.811186831	1007.70800781	42.0089492798	30.6018409729
150.811186831	1007.70800781	42.0089492798	30.6018409729
150.811186831	1007.70800781	42.0089492798	30.6018409729
150.811186831	1007.70800781	42.0089492798	30.6018409729
150.811186832	1007.70800781	42.0089492798	30.6018409729
150.811186832	1007.70800781	42.0089492798	30.6018409729
150.811186832	1007.70800781	42.0089492798	30.6018409729
150.811186832	1007.70800781	42.0089492798	30.6018409729
150.811186833	1007.70800781	42.0089492798	30.6018409729
150.811186833	1007.70800781	42.0089492798	30.6018409729
150.811186833	1007.70800781	42.0089492798	30.6018409729
150.811186833	1007.70800781	42.0089492798	30.6018409729
150.811186833	1007.70800781	42.0089492798	30.6018409729
150.811186834	1007.70800781	42.0089492798	30.6018409729
150.811186834	1007.70800781	42.0089492798	30.6018409729
150.811186834	1007.70800781	42.0089492798	30.6018409729
150.811186834	1007.70751953	42.0089492798	30.6018409729
150.811186835	1007.70751953	42.0089492798	30.6018409729
150.811186835	1007.70751953	42.0089492798	30.6018409729
150.811186835	1007.70751953	42.0089492798	30.6018409729
150.811186835	1007.70751953	42.0089492798	30.6018409729
150.811186836	1007.70751953	42.0089492798	30.6018409729
150.811186836	1007.70751953	42.0089492798	30.6018409729
150.811186836	1007.70751953	40.2641601562	30.6018409729
150.811186836	1007.70751953	40.2641601562	30.6018409729
150.811186837	1007.70751953	40.2641601562	30.6018409729
150.811186837	1007.70751953	40.2641601562	30.6018409729
150.811186837	1007.70751953	40.2641601562	30.6018409729
150.811186837	1007.70751953	40.2641601562	30.6018409729
150.811186838	1007.70751953	40.2641601562	30.6018409729
150.811186838	1007.70751953	40.2641601562	30.6018409729
150.811186838	1007.70751953	40.2641601562	30.6018409729
150.811186838	1007.703125	40.2641601562	30.6018409729
150.811186839	1007.703125	40.2641601562	30.6018409729
150.811186839	1007.703125	40.2641601562	30.6018409729
150.811186839	1007.703125	40.2641601562	30.6018409729
150.811186839	1007.703125	40.2641601562	30.6018409729
150.811186839	1007.703125	40.2641601562	30.6018409729
150.81118684	1007.703125	40.2641601562	30.6018409729
150.81118684	1007.703125	40.2641601562	30.6018409729
150.81118684	1007.703125	40.2641601562	30.6018409729
150.81118684	1007.703125	40.2641601562	30.6018409729
150.811186841	1007.703125	40.2641601562	30.6018409729
150.811186841	1007.703125	40.2641601562	30.6018409729
150.811186841	1007.703125	40.2641601562	30.6018409729
150.811186841	1007.703125	40.2641601562	30.6018409729
150.811186841	1007.703125	40.2641601562	30.6018409729
150.811186842	1007.703125	40.2641601562	30.6018409729
150.811186842	1007.703125	40.2641601562	30.6018409729
150.811186842	1007.70605469	40.2641601562	30.6018409729
150.811186843	1007.70605469	40.2641601562	30.6018409729
150.811186843	1007.70605469	40.2641601562	30.6018409729
150.811186843	1007.70605469	40.2641601562	30.6018409729
150.811186843	1007.70605469	40.2641601562	30.6018409729
150.811186843	1007.70605469	40.2641601562	30.6018409729
150.811186844	1007.70605469	40.2641601562	30.6018409729
150.811186844	1007.70605469	40.2641601562	30.6204032898
150.811186844	1007.70605469	40.8148078918	30.6204032898
150.811186844	1007.70605469	40.8148078918	30.6204032898
150.811186845	1007.70605469	40.8148078918	30.6204032898
150.811186845	1007.70605469	40.8148078918	30.6204032898
150.811186845	1007.70605469	40.8148078918	30.6204032898
150.811186845	1007.70605469	40.8148078918	30.6204032898
150.811186846	1007.70605469	40.8148078918	30.6204032898
150.811186846	1007.70605469	40.8148078918	30.6204032898
150.811186846	1007.70654297	40.8148078918	30.6204032898
150.811186846	1007.70654297	40.8148078918	30.6204032898
150.811186847	1007.70654297	40.8148078918	30.6204032898
150.811186847	1007.70654297	40.8148078918	30.6204032898
150.811186847	1007.70654297	40.8148078918	30.6204032898
150.811186847	1007.70654297	40.8148078918	30.6204032898
150.811186848	1007.70654297	40.8148078918	30.6204032898
150.811186848	1007.70654297	40.8148078918	30.6204032898
150.811186848	1007.70654297	40.8148078918	30.6204032898
150.811186848	1007.70654297	40.8148078918	30.6204032898
150.811186848	1007.70654297	40.8148078918	30.6204032898
150.811186849	1007.70654297	40.8148078918	30.6204032898
150.811186849	1007.70654297	40.8148078918	30.6204032898
150.811186849	1007.70654297	40.8148078918	30.6204032898
150.811186849	1007.70654297	40.8148078918	30.6204032898
150.81118685	1007.70654297	40.8148078918	30.6204032898
150.81118685	1007.70654297	40.8148078918	30.6204032898
150.81118685	1007.70385742	40.8148078918	30.6204032898
150.81118685	1007.70385742	40.8148078918	30.6204032898
150.811186851	1007.70385742	40.8148078918	30.6204032898
150.811186851	1007.70385742	40.8148078918	30.6204032898
150.811186851	1007.70385742	40.8148078918	30.6204032898
150.811186851	1007.70385742	40.8148078918	30.6204032898
150.811186852	1007.70385742	40.8148078918	30.6204032898
150.811186852	1007.70385742	40.8148078918	30.6204032898
150.811186852	1007.70385742	40.8148078918	30.5090255737
150.811186852	1007.70385742	40.8148078918	30.5090255737
150.811186853	1007.70385742	43.1262512207	30.5090255737
150.811186853	1007.70385742	43.1262512207	30.5090255737
150.811186853	1007.70385742	43.1262512207	30.5090255737
150.811186853	1007.70385742	43.1262512207	30.5090255737
150.811186853	1007.70385742	43.1262512207	30.5090255737
150.811186854	1007.70385742	43.1262512207	30.5090255737
150.811186854	1007.70043945	43.1262512207	30.5090255737
150.811186854	1007.70043945	43.1262512207	30.5090255737
150.811186855	1007.70043945	43.1262512207	30.5090255737
150.811186855	1007.70043945	43.1262512207	30.5090255737
150.811186855	1007.70043945	43.1262512207	30.5090255737
150.811186855	1007.70043945	43.1262512207	30.5090255737
150.811186855	1007.70043945	43.1262512207	30.5090255737
150.811186856	1007.70043945	43.1262512207	30.5090255737
150.811186856	1007.70043945	43.1262512207	30.5090255737
150.811186856	1007.70043945	43.1262512207	30.5090255737
150.811186856	1007.70043945	43.1262512207	30.5090255737
150.811186857	1007.70043945	43.1262512207	30.5090255737
150.811186857	1007.70043945	43.1262512207	30.5090255737
150.811186857	1007.70043945	43.1262512207	30.5090255737
150.811186857	1007.70043945	43.1262512207	30.5090255737
150.811186857	1007.70043945	43.1262512207	30.5090255737
150.811186858	1007.70043945	43.1262512207	30.5090255737
150.811186858	1007.70214844	43.1262512207	30.5090255737
150.811186858	1007.70214844	43.1262512207	30.5090255737
150.811186858	1007.70214844	43.1262512207	30.5090255737
150.811186859	1007.70214844	43.1262512207	30.5090255737
150.811186859	1007.70214844	43.1262512207	30.5090255737
150.811186859	1007.70214844	43.1262512207	30.5090255737
150.811187468	1009.12207031	41.079574585	30.1847839355
150.811187469	1009.12207031	41.079574585	30.1847839355
150.811187471	1009.12207031	41.079574585	30.1847839355
150.811187471	1009.12207031	41.079574585	30.1847839355
150.811187471	1009.12207031	41.079574585	30.1847839355
150.811187471	1009.12207031	41.079574585	30.1847839355
150.811187472	1009.12207031	41.079574585	30.1847839355
150.811187472	1009.12207031	41.079574585	30.1847839355
150.811187472	1009.12207031	41.079574585	30.1847839355
150.811187472	1009.12182617	41.079574585	30.1847839355
150.811187472	1009.12182617	41.079574585	30.1847839355
150.811187472	1009.12182617	41.079574585	30.1847839355
150.811187472	1009.12182617	41.079574585	30.1847839355
150.811187473	1009.12182617	41.079574585	30.1847839355
150.811187473	1009.12182617	41.079574585	30.1847839355
150.811187473	1009.12182617	41.079574585	30.1123199463
150.811187473	1009.12182617	41.079574585	30.1123199463
150.811187473	1009.12182617	40.4184303284	30.1123199463
150.811187473	1009.12182617	40.4184303284	30.1123199463
150.811187474	1009.12182617	40.4184303284	30.1123199463
150.811187474	1009.12182617	40.4184303284	30.1123199463
150.811187474	1009.12182617	40.4184303284	30.1123199463
150.811187474	1009.12182617	40.4184303284	30.1123199463
150.811187474	1009.12182617	40.4184303284	30.1123199463
150.811187474	1009.12182617	40.4184303284	30.1123199463
150.811187474	1009.12182617	40.4184303284	30.1123199463
150.811187474	1009.12182617	40.4184303284	30.1123199463
150.811187475	1009.12182617	40.4184303284	30.1123199463
150.811187475	1009.12182617	40.4184303284	30.1123199463
150.811187475	1009.12182617	40.4184303284	30.1123199463
150.811187475	1009.12182617	40.4184303284	30.1123199463
150.811187475	1009.12182617	40.4184303284	30.1123199463
150.811187475	1009.12182617	40.4184303284	30.1123199463
150.811187475	1009.12182617	40.4184303284	30.1123199463
150.811187476	1009.12182617	40.4184303284	30.1123199463
150.811187476	1009.12182617	40.4184303284	30.1123199463
150.811187476	1009.12182617	40.4184303284	30.1123199463
150.811187476	1009.12109375	40.4184303284	30.1123199463
150.811187476	1009.12109375	40.4184303284	30.1123199463
150.811187476	1009.12109375	40.4184303284	30.1123199463
150.811187476	1009.12109375	40.4184303284	30.1123199463
150.811187477	1009.12109375	40.4184303284	30.1123199463
150.811187477	1009.12109375	40.4184303284	30.1123199463
150.811187477	1009.12109375	40.4184303284	30.1123199463
150.811187477	1009.12109375	40.4184303284	30.1123199463
150.811187477	1009.12109375	40.4184303284	30.1123199463
150.811187477	1009.12109375	40.4184303284	30.1123199463
150.811187477	1009.12109375	40.4184303284	30.1123199463
150.811187478	1009.12109375	40.4184303284	30.1123199463
150.811187478	1009.12109375	40.4184303284	30.1123199463
150.811187478	1009.12109375	40.4184303284	30.1123199463
150.811187478	1009.12109375	40.4184303284	30.1123199463
150.811187478	1009.12109375	40.4184303284	30.1123199463
150.811187478	1009.12109375	40.4184303284	30.1123199463
150.811187478	1009.12109375	40.4184303284	30.1123199463
150.811187479	1009.12109375	40.4184303284	30.1123199463
150.811187479	1009.12109375	40.4184303284	30.1123199463
150.811187479	1009.12109375	40.4184303284	30.1123199463
150.811187479	1009.12109375	40.4184303284	30.1123199463
150.811187479	1009.12109375	40.4184303284	30.1123199463
150.811187479	1009.12109375	40.4184303284	30.1123199463
150.811187479	1009.12109375	40.4184303284	30.1123199463
150.811187479	1009.12109375	40.4184303284	30.1123199463
150.81118748	1009.12109375	40.4184303284	30.1123199463
150.81118748	1009.12109375	40.4184303284	30.1123199463
150.81118748	1009.12109375	40.4184303284	30.1123199463
150.81118748	1009.12231445	40.4184303284	30.1123199463
150.81118748	1009.12231445	40.4184303284	30.1123199463
150.81118748	1009.12231445	40.4184303284	30.1123199463
150.811187481	1009.12231445	40.4184303284	30.1123199463
150.811187481	1009.12231445	40.4184303284	30.1123199463
150.811187481	1009.12231445	40.4184303284	30.2753620148
150.811187481	1009.12231445	41.2857704163	30.2753620148
150.811187481	1009.12231445	41.2857704163	30.2753620148
150.811187481	1009.12231445	41.2857704163	30.2753620148
150.811187481	1009.12231445	41.2857704163	30.2753620148
150.811187482	1009.12231445	41.2857704163	30.2753620148
150.811187482	1009.12231445	41.2857704163	30.2753620148
150.811187482	1009.12231445	41.2857704163	30.2753620148
150.811187482	1009.12231445	41.2857704163	30.2753620148
150.811187482	1009.12231445	41.2857704163	30.2753620148
150.811187482	1009.12231445	41.2857704163	30.2753620148
150.811187482	1009.12231445	41.2857704163	30.2753620148
150.811187483	1009.12231445	41.2857704163	30.2753620148
150.811187483	1009.12231445	41.2857704163	30.2753620148
150.811187483	1009.12231445	41.2857704163	30.2753620148
150.811187483	1009.12231445	41.2857704163	30.2753620148
150.811187483	1009.12231445	41.2857704163	30.2753620148
150.811187483	1009.12231445	41.2857704163	30.2753620148
150.811187483	1009.12231445	41.2857704163	30.2753620148
150.811187484	1009.12231445	41.2857704163	30.2753620148
150.811187484	1009.12231445	41.2857704163	30.2753620148
150.811187484	1009.12231445	41.2857704163	30.2753620148
150.811187484	1009.12231445	41.2857704163	30.2753620148
150.811187484	1009.12255859	41.2857704163	30.2753620148
150.811187484	1009.12255859	41.2857704163	30.2753620148
150.811187484	1009.12255859	41.2857704163	30.2753620148
150.811187485	1009.12255859	41.2857704163	30.2753620148
150.811187485	1009.12255859	41.2857704163	30.2753620148
150.811187485	1009.12255859	41.2857704163	30.2753620148
150.811187485	1009.12255859	41.2857704163	30.2753620148
150.811187485	1009.12255859	41.2857704163	30.2753620148
150.811187485	1009.12255859	41.2857704163	30.2753620148
150.811187485	1009.12255859	41.2857704163	30.2753620148
150.811187486	1009.12255859	41.2857704163	30.2753620148
150.811187486	1009.12255859	41.2857704163	30.2753620148
150.811187486	1009.12255859	41.2857704163	30.2753620148
150.811187486	1009.12255859	41.2857704163	30.2753620148
150.811187486	1009.12255859	41.2857704163	30.2753620148
150.811187486	1009.12255859	41.2857704163	30.2753620148
150.811187486	1009.12255859	41.2857704163	30.2753620148
150.811187487	1009.12255859	41.2857704163	30.2753620148
150.811187487	1009.12255859	41.2857704163	30.2753620148
150.811187487	1009.12255859	41.2857704163	30.2753620148
150.811187487	1009.12255859	41.2857704163	30.2753620148
150.811187487	1009.12255859	41.2857704163	30.2753620148
150.811187487	1009.12255859	41.2857704163	30.2753620148
150.811187487	1009.12255859	41.2857704163	30.2753620148
150.811187487	1009.12255859	41.2857704163	30.2753620148
150.811187488	1009.12255859	41.2857704163	30.2753620148
150.811187488	1009.12255859	41.2857704163	30.2753620148
150.811187488	1009.12255859	41.2857704163	30.2753620148
150.811187488	1009.12255859	41.2857704163	30.2753620148
150.811187488	1009.1262207	41.2857704163	30.2753620148
150.811187488	1009.1262207	41.2857704163	30.2753620148
150.811187489	1009.1262207	41.2857704163	30.2753620148
150.811187489	1009.1262207	41.2857704163	30.1485519409
150.811187489	1009.1262207	41.2857704163	30.1485519409
150.811187489	1009.1262207	40.3726119995	30.1485519409
150.811187489	1009.1262207	40.3726119995	30.1485519409
150.811187489	1009.1262207	40.3726119995	30.1485519409
150.811187489	1009.1262207	40.3726119995	30.1485519409
150.81118749	1009.1262207	40.3726119995	30.1485519409
150.81118749	1009.1262207	40.3726119995	30.1485519409
150.81118749	1009.1262207	40.3726119995	30.1485519409
150.81118749	1009.1262207	40.3726119995	30.1485519409
150.81118749	1009.1262207	40.3726119995	30.1485519409
150.81118749	1009.1262207	40.3726119995	30.1485519409
150.81118749	1009.1262207	40.3726119995	30.1485519409
150.811187491	1009.1262207	40.3726119995	30.1485519409
150.811187491	1009.1262207	40.3726119995	30.1485519409
150.811187491	1009.1262207	40.3726119995	30.1485519409
150.811187491	1009.1262207	40.3726119995	30.1485519409
150.811187491	1009.1262207	40.3726119995	30.1485519409
150.811187491	1009.1262207	40.3726119995	30.1485519409
150.811187491	1009.1262207	40.3726119995	30.1485519409
150.811187492	1009.1262207	40.3726119995	30.1485519409
150.811187492	1009.1262207	40.3726119995	30.1485519409
150.811187492	1009.1262207	40.3726119995	30.1485519409
150.811187492	1009.1262207	40.3726119995	30.1485519409
150.811187492	1009.1262207	40.3726119995	30.1485519409
150.811187492	1009.12597656	40.3726119995	30.1485519409
150.811187492	1009.12597656	40.3726119995	30.1485519409
150.811187493	1009.12597656	40.3726119995	30.1485519409
150.811187493	1009.12597656	40.3726119995	30.1485519409
150.811187493	1009.12597656	40.3726119995	30.1485519409
150.811187493	1009.12597656	40.3726119995	30.1485519409
150.811187493	1009.12597656	40.3726119995	30.1485519409
150.811187493	1009.12597656	40.3726119995	30.1485519409
150.811187493	1009.12597656	40.3726119995	30.1485519409
150.811187494	1009.12597656	40.3726119995	30.1485519409
150.811187494	1009.12597656	40.3726119995	30.1485519409
150.811187494	1009.12597656	40.3726119995	30.1485519409
150.811187494	1009.12597656	40.3726119995	30.1485519409
150.811187494	1009.12597656	40.3726119995	30.1485519409
150.811187494	1009.12597656	40.3726119995	30.1485519409
150.811187494	1009.12597656	40.3726119995	30.1485519409
150.811187494	1009.12597656	40.3726119995	30.1485519409
150.811187495	1009.12597656	40.3726119995	30.1485519409
150.811187495	1009.12597656	40.3726119995	30.1485519409
150.811187495	1009.12597656	40.3726119995	30.1485519409
150.811187495	1009.12597656	40.3726119995	30.1485519409
150.811187495	1009.12597656	40.3726119995	30.1485519409
150.811187495	1009.12597656	40.3726119995	30.1485519409
150.811187495	1009.12597656	40.3726119995	30.1485519409
150.811187496	1009.12597656	40.3726119995	30.1485519409
150.811187496	1009.12597656	40.3726119995	30.1485519409
150.811187496	1009.12597656	40.3726119995	30.1485519409
150.811187496	1009.12597656	40.3726119995	30.1485519409
150.811187496	1009.12597656	40.3726119995	30.1485519409
150.811187496	1009.12695312	40.3726119995	30.1485519409
150.811187497	1009.12695312	40.3726119995	30.1485519409
150.811187497	1009.12695312	40.3726119995	30.2934780121
150.811187497	1009.12695312	40.3726119995	30.2934780121
150.811187497	1009.12695312	39.0896034241	30.2934780121
150.811187497	1009.12695312	39.0896034241	30.2934780121
150.811187497	1009.12695312	39.0896034241	30.2934780121
150.811187497	1009.12695312	39.0896034241	30.2934780121
150.811187498	1009.12695312	39.0896034241	30.2934780121
150.811187498	1009.12695312	39.0896034241	30.2934780121
150.811187498	1009.12695312	39.0896034241	30.2934780121
150.811187498	1009.12695312	39.0896034241	30.2934780121
150.811187498	1009.12695312	39.0896034241	30.2934780121
150.811187498	1009.12695312	39.0896034241	30.2934780121
150.811187498	1009.12695312	39.0896034241	30.2934780121
150.811187499	1009.12695312	39.0896034241	30.2934780121
150.811187499	1009.12695312	39.0896034241	30.2934780121
150.811187499	1009.12695312	39.0896034241	30.2934780121
150.811187499	1009.12695312	39.0896034241	30.2934780121
150.811187499	1009.12695312	39.0896034241	30.2934780121
150.811187499	1009.12695312	39.0896034241	30.2934780121
150.811187499	1009.12695312	39.0896034241	30.2934780121
150.811187499	1009.12695312	39.0896034241	30.2934780121
150.8111875	1009.12695312	39.0896034241	30.2934780121
150.8111875	1009.12695312	39.0896034241	30.2934780121
150.8111875	1009.12695312	39.0896034241	30.2934780121
150.8111875	1009.12695312	39.0896034241	30.2934780121
150.8111875	1009.12695312	39.0896034241	30.2934780121
150.8111875	1009.12988281	39.0896034241	30.2934780121
150.811187501	1009.12988281	39.0896034241	30.2934780121
150.811187501	1009.12988281	39.0896034241	30.2934780121
150.811187501	1009.12988281	39.0896034241	30.2934780121
150.811187501	1009.12988281	39.0896034241	30.2934780121
150.811187501	1009.12988281	39.0896034241	30.2934780121
150.811187501	1009.12988281	39.0896034241	30.2934780121
150.811187501	1009.12988281	39.0896034241	30.2934780121
150.811187501	1009.12988281	39.0896034241	30.2934780121
150.811187502	1009.12988281	39.0896034241	30.2934780121
150.811187502	1009.12988281	39.0896034241	30.2934780121
150.811187502	1009.12988281	39.0896034241	30.2934780121
150.811187502	1009.12988281	39.0896034241	30.2934780121
150.811187502	1009.12988281	39.0896034241	30.2934780121
150.811187503	1009.12988281	39.0896034241	30.2934780121
150.811187503	1009.12988281	39.0896034241	30.2934780121
150.811187503	1009.12988281	39.0896034241	30.2934780121
150.811187503	1009.12988281	39.0896034241	30.2934780121
150.811187504	1009.12988281	39.0896034241	30.2934780121
150.811187504	1009.12988281	39.0896034241	30.2934780121
150.811187504	1009.12988281	39.0896034241	30.2934780121
150.811187504	1009.12988281	39.0896034241	30.2934780121
150.811187504	1009.12866211	39.0896034241	30.2028999329
150.811187505	1009.12866211	41.6981658936	30.2028999329
150.811187505	1009.12866211	41.6981658936	30.2028999329
150.811187505	1009.12866211	41.6981658936	30.2028999329
150.811187506	1009.12866211	41.6981658936	30.2028999329
150.811187506	1009.12866211	41.6981658936	30.2028999329
150.811187506	1009.12866211	41.6981658936	30.2028999329
150.811187506	1009.12866211	41.6981658936	30.2028999329
150.811187507	1009.12866211	41.6981658936	30.2028999329
150.811187507	1009.12866211	41.6981658936	30.2028999329
150.811187507	1009.12866211	41.6981658936	30.2028999329
150.811187507	1009.12866211	41.6981658936	30.2028999329
150.811187507	1009.12866211	41.6981658936	30.2028999329
150.811187508	1009.12866211	41.6981658936	30.2028999329
150.811187508	1009.12866211	41.6981658936	30.2028999329
150.811187508	1009.12866211	41.6981658936	30.2028999329
150.811187508	1009.12988281	41.6981658936	30.2028999329
150.811187509	1009.12988281	41.6981658936	30.2028999329
150.811187509	1009.12988281	41.6981658936	30.2028999329
150.811187509	1009.12988281	41.6981658936	30.2028999329
150.811187509	1009.12988281	41.6981658936	30.2028999329
150.81118751	1009.12988281	41.6981658936	30.2028999329
150.81118751	1009.12988281	41.6981658936	30.2028999329
150.81118751	1009.12988281	41.6981658936	30.2028999329
150.81118751	1009.12988281	41.6981658936	30.2028999329
150.811187511	1009.12988281	41.6981658936	30.2028999329
150.811187511	1009.12988281	41.6981658936	30.2028999329
150.811187511	1009.12988281	41.6981658936	30.2028999329
150.811187511	1009.12988281	41.6981658936	30.2028999329
150.811187511	1009.12988281	41.6981658936	30.2028999329
150.811187512	1009.12988281	41.6981658936	30.2028999329
150.811187512	1009.12988281	41.6981658936	30.2028999329
150.811187512	1009.12988281	41.6981658936	30.2028999329
150.811187512	1009.13037109	41.6981658936	30.1847839355
150.811187513	1009.13037109	39.024143219	30.1847839355
150.811187513	1009.13037109	39.024143219	30.1847839355
150.811187513	1009.13037109	39.024143219	30.1847839355
150.811187514	1009.13037109	39.024143219	30.1847839355
150.811187514	1009.13037109	39.024143219	30.1847839355
150.811187514	1009.13037109	39.024143219	30.1847839355
150.811187514	1009.13037109	39.024143219	30.1847839355
150.811187514	1009.13037109	39.024143219	30.1847839355
150.811187515	1009.13037109	39.024143219	30.1847839355
150.811187515	1009.13037109	39.024143219	30.1847839355
150.811187515	1009.13037109	39.024143219	30.1847839355
150.811187515	1009.13037109	39.024143219	30.1847839355
150.811187516	1009.13037109	39.024143219	30.1847839355
150.811187516	1009.13037109	39.024143219	30.1847839355
150.811187516	1009.13037109	39.024143219	30.1847839355
150.811187516	1009.13037109	39.024143219	30.1847839355
150.811187516	1009.13232422	39.024143219	30.1847839355
150.811187517	1009.13232422	39.024143219	30.1847839355
150.811187517	1009.13232422	39.024143219	30.1847839355
150.811187518	1009.13232422	39.024143219	30.1847839355
150.811187518	1009.13232422	39.024143219	30.1847839355
150.811187518	1009.13232422	39.024143219	30.1847839355
150.811187518	1009.13232422	39.024143219	30.1847839355
150.811187519	1009.13232422	39.024143219	30.1847839355
150.811187519	1009.13232422	39.024143219	30.1847839355
150.811187519	1009.13232422	39.024143219	30.1847839355
150.811187519	1009.13232422	39.024143219	30.1847839355
150.811187519	1009.13232422	39.024143219	30.1847839355
150.81118752	1009.13232422	39.024143219	30.1847839355
150.81118752	1009.13232422	39.024143219	30.1847839355
150.81118752	1009.13232422	39.024143219	30.1847839355
150.81118752	1009.13232422	39.024143219	30.1304359436
150.811187521	1009.12988281	38.8932266235	30.1304359436
150.811187521	1009.12988281	38.8932266235	30.1304359436
150.811187521	1009.12988281	38.8932266235	30.1304359436
150.811187522	1009.12988281	38.8932266235	30.1304359436
150.811187522	1009.12988281	38.8932266235	30.1304359436
150.811187522	1009.12988281	38.8932266235	30.1304359436
150.811187522	1009.12988281	38.8932266235	30.1304359436
150.811187522	1009.12988281	38.8932266235	30.1304359436
150.811187523	1009.12988281	38.8932266235	30.1304359436
150.811187523	1009.12988281	38.8932266235	30.1304359436
150.811187523	1009.12988281	38.8932266235	30.1304359436
150.811187523	1009.12988281	38.8932266235	30.1304359436
150.811187524	1009.12988281	38.8932266235	30.1304359436
150.811187524	1009.12988281	38.8932266235	30.1304359436
150.811187524	1009.12988281	38.8932266235	30.1304359436
150.811187524	1009.12988281	38.8932266235	30.1304359436
150.811187524	1009.12988281	38.8932266235	30.1304359436
150.811187525	1009.12915039	38.8932266235	30.1304359436
150.811187525	1009.12915039	38.8932266235	30.1304359436
150.811187525	1009.12915039	38.8932266235	30.1304359436
150.811187526	1009.12915039	38.8932266235	30.1304359436
150.811187526	1009.12915039	38.8932266235	30.1304359436
150.811187526	1009.12915039	38.8932266235	30.1304359436
150.811187526	1009.12915039	38.8932266235	30.1304359436
150.811187526	1009.12915039	38.8932266235	30.1304359436
150.811187527	1009.12915039	38.8932266235	30.1304359436
150.811187527	1009.12915039	38.8932266235	30.1304359436
150.811187527	1009.12915039	38.8932266235	30.1304359436
150.811187527	1009.12915039	38.8932266235	30.1304359436
150.811187528	1009.12915039	38.8932266235	30.1304359436
150.811187528	1009.12915039	38.8932266235	30.1304359436
150.811187528	1009.12915039	38.8932266235	30.1304359436
150.811187528	1009.12915039	38.8932266235	30.1847839355
150.811187529	1009.12890625	39.2794342041	30.1847839355
150.811187529	1009.12890625	39.2794342041	30.1847839355
150.811187529	1009.12890625	39.2794342041	30.1847839355
150.811187529	1009.12890625	39.2794342041	30.1847839355
150.81118753	1009.12890625	39.2794342041	30.1847839355
150.81118753	1009.12890625	39.2794342041	30.1847839355
150.81118753	1009.12890625	39.2794342041	30.1847839355
150.81118753	1009.12890625	39.2794342041	30.1847839355
150.811187531	1009.12890625	39.2794342041	30.1847839355
150.811187531	1009.12890625	39.2794342041	30.1847839355
150.811187531	1009.12890625	39.2794342041	30.1847839355
150.811187531	1009.12890625	39.2794342041	30.1847839355
150.811187531	1009.12890625	39.2794342041	30.1847839355
150.811187532	1009.12890625	39.2794342041	30.1847839355
150.811187532	1009.12890625	39.2794342041	30.1847839355
150.811187532	1009.12890625	39.2794342041	30.1847839355
150.811187532	1009.12890625	39.2794342041	30.1847839355
150.811187533	1009.13134766	39.2794342041	30.1847839355
150.811187533	1009.13134766	39.2794342041	30.1847839355
150.811187533	1009.13134766	39.2794342041	30.1847839355
150.811187533	1009.13134766	39.2794342041	30.1847839355
150.811187534	1009.13134766	39.2794342041	30.1847839355
150.811187534	1009.13134766	39.2794342041	30.1847839355
150.811187534	1009.13134766	39.2794342041	30.1847839355
150.811187534	1009.13134766	39.2794342041	30.1847839355
150.811187535	1009.13134766	39.2794342041	30.1847839355
150.811187535	1009.13134766	39.2794342041	30.1847839355
150.811187535	1009.13134766	39.2794342041	30.1847839355
150.811187535	1009.13134766	39.2794342041	30.1847839355
150.811187535	1009.13134766	39.2794342041	30.1847839355
150.811187536	1009.13134766	39.2794342041	30.1847839355
150.811187536	1009.13134766	39.2794342041	30.1847839355
150.811187536	1009.13134766	39.2794342041	30.2210159302
150.811187536	1009.13134766	41.4625091553	30.2210159302
150.811187537	1009.13354492	41.4625091553	30.2210159302
150.811187537	1009.13354492	41.4625091553	30.2210159302
150.811187537	1009.13354492	41.4625091553	30.2210159302
150.811187538	1009.13354492	41.4625091553	30.2210159302
150.811187538	1009.13354492	41.4625091553	30.2210159302
150.811187538	1009.13354492	41.4625091553	30.2210159302
150.811187538	1009.13354492	41.4625091553	30.2210159302
150.811187539	1009.13354492	41.4625091553	30.2210159302
150.811187539	1009.13354492	41.4625091553	30.2210159302
150.811187539	1009.13354492	41.4625091553	30.2210159302
150.811187539	1009.13354492	41.4625091553	30.2210159302
150.811187539	1009.13354492	41.4625091553	30.2210159302
150.81118754	1009.13354492	41.4625091553	30.2210159302
150.81118754	1009.13354492	41.4625091553	30.2210159302
150.81118754	1009.13354492	41.4625091553	30.2210159302
150.81118754	1009.13354492	41.4625091553	30.2210159302
150.81118754	1009.13354492	41.4625091553	30.2210159302
150.811187541	1009.13208008	41.4625091553	30.2210159302
150.811187541	1009.13208008	41.4625091553	30.2210159302
150.811187541	1009.13208008	41.4625091553	30.2210159302
150.811187542	1009.13208008	41.4625091553	30.2210159302
150.811187542	1009.13208008	41.4625091553	30.2210159302
150.811187542	1009.13208008	41.4625091553	30.2210159302
150.811187542	1009.13208008	41.4625091553	30.2210159302
150.811187542	1009.13208008	41.4625091553	30.2210159302
150.811187543	1009.13208008	41.4625091553	30.2210159302
150.811187543	1009.13208008	41.4625091553	30.2210159302
150.811187543	1009.13208008	41.4625091553	30.2210159302
150.811187543	1009.13208008	41.4625091553	30.2210159302
150.811187544	1009.13208008	41.4625091553	30.2210159302
150.811187544	1009.13208008	41.4625091553	30.2210159302
150.811187544	1009.13208008	41.4625091553	30.1847839355
150.811187544	1009.13208008	40.4478874207	30.1847839355
150.811187545	1009.13208008	40.4478874207	30.1847839355
150.811187545	1009.13574219	40.4478874207	30.1847839355
150.811187545	1009.13574219	40.4478874207	30.1847839355
150.811187546	1009.13574219	40.4478874207	30.1847839355
150.811187546	1009.13574219	40.4478874207	30.1847839355
150.811187546	1009.13574219	40.4478874207	30.1847839355
150.811187546	1009.13574219	40.4478874207	30.1847839355
150.811187546	1009.13574219	40.4478874207	30.1847839355
150.811187547	1009.13574219	40.4478874207	30.1847839355
150.811187547	1009.13574219	40.4478874207	30.1847839355
150.811187547	1009.13574219	40.4478874207	30.1847839355
150.811187547	1009.13574219	40.4478874207	30.1847839355
150.811187548	1009.13574219	40.4478874207	30.1847839355
150.811187548	1009.13574219	40.4478874207	30.1847839355
150.811187548	1009.13574219	40.4478874207	30.1847839355
150.811187548	1009.13574219	40.4478874207	30.1847839355
150.811187548	1009.13574219	40.4478874207	30.1847839355
150.811187549	1009.13574219	40.4478874207	30.1847839355
150.811187549	1009.13745117	40.4478874207	30.1847839355
150.811187549	1009.13745117	40.4478874207	30.1847839355
150.81118755	1009.13745117	40.4478874207	30.1847839355
150.81118755	1009.13745117	40.4478874207	30.1847839355
150.81118755	1009.13745117	40.4478874207	30.1847839355
150.81118755	1009.13745117	40.4478874207	30.1847839355
150.81118755	1009.13745117	40.4478874207	30.1847839355
150.811187551	1009.13745117	40.4478874207	30.1847839355
150.811187551	1009.13745117	40.4478874207	30.1847839355
150.811187551	1009.13745117	40.4478874207	30.1847839355
150.811187551	1009.13745117	40.4478874207	30.1847839355
150.811187552	1009.13745117	40.4478874207	30.1847839355
150.811187552	1009.13745117	40.4478874207	30.1847839355
150.811187552	1009.13745117	40.4478874207	30.1485519409
150.811187552	1009.13745117	42.4967689514	30.1485519409
150.811187553	1009.13745117	42.4967689514	30.1485519409
150.811187553	1009.13745117	42.4967689514	30.1485519409
150.811187553	1009.13354492	42.4967689514	30.1485519409
150.811187553	1009.13354492	42.4967689514	30.1485519409
150.811187554	1009.13354492	42.4967689514	30.1485519409
150.811187554	1009.13354492	42.4967689514	30.1485519409
150.811187554	1009.13354492	42.4967689514	30.1485519409
150.811187554	1009.13354492	42.4967689514	30.1485519409
150.811187555	1009.13354492	42.4967689514	30.1485519409
150.811187555	1009.13354492	42.4967689514	30.1485519409
150.811187555	1009.13354492	42.4967689514	30.1485519409
150.811187555	1009.13354492	42.4967689514	30.1485519409
150.811187555	1009.13354492	42.4967689514	30.1485519409
150.811187556	1009.13354492	42.4967689514	30.1485519409
150.811187556	1009.13354492	42.4967689514	30.1485519409
150.811187556	1009.13354492	42.4967689514	30.1485519409
150.811187556	1009.13354492	42.4967689514	30.1485519409
150.811187557	1009.13354492	42.4967689514	30.1485519409
150.811187557	1009.13354492	42.4967689514	30.1485519409
150.811187557	1009.12841797	42.4967689514	30.1485519409
150.811187557	1009.12841797	42.4967689514	30.1485519409
150.811187558	1009.12841797	42.4967689514	30.1485519409
150.811187558	1009.12841797	42.4967689514	30.1485519409
150.811187558	1009.12841797	42.4967689514	30.1485519409
150.811187558	1009.12841797	42.4967689514	30.1485519409
150.811187559	1009.12841797	42.4967689514	30.1485519409
150.811187559	1009.12841797	42.4967689514	30.1485519409
150.811187559	1009.12841797	42.4967689514	30.1485519409
150.811187559	1009.12841797	42.4967689514	30.1485519409
150.811187559	1009.12841797	42.4967689514	30.1485519409
150.81118756	1009.12841797	42.4967689514	30.1485519409
150.81118756	1009.12841797	42.4967689514	30.1666679382
150.81118756	1009.12841797	42.7815170288	30.1666679382
150.81118756	1009.12841797	42.7815170288	30.1666679382
150.811187561	1009.12841797	42.7815170288	30.1666679382
150.811187561	1009.13183594	42.7815170288	30.1666679382
150.811187561	1009.13183594	42.7815170288	30.1666679382
150.811187562	1009.13183594	42.7815170288	30.1666679382
150.811187562	1009.13183594	42.7815170288	30.1666679382
150.811187562	1009.13183594	42.7815170288	30.1666679382
150.811187562	1009.13183594	42.7815170288	30.1666679382
150.811187562	1009.13183594	42.7815170288	30.1666679382
150.811187563	1009.13183594	42.7815170288	30.1666679382
150.811187563	1009.13183594	42.7815170288	30.1666679382
150.811187563	1009.13183594	42.7815170288	30.1666679382
150.811187563	1009.13183594	42.7815170288	30.1666679382
150.811187564	1009.13183594	42.7815170288	30.1666679382
150.811187564	1009.13183594	42.7815170288	30.1666679382
150.811187564	1009.13183594	42.7815170288	30.1666679382
150.811187564	1009.13183594	42.7815170288	30.1666679382
150.811187564	1009.13183594	42.7815170288	30.1666679382
150.811187565	1009.13183594	42.7815170288	30.1666679382
150.811187565	1009.13183594	42.7815170288	30.1666679382
150.811187565	1009.12939453	42.7815170288	30.1666679382
150.811187566	1009.12939453	42.7815170288	30.1666679382
150.811187566	1009.12939453	42.7815170288	30.1666679382
150.811187566	1009.12939453	42.7815170288	30.1666679382
150.811187566	1009.12939453	42.7815170288	30.1666679382
150.811187566	1009.12939453	42.7815170288	30.1666679382
150.811187567	1009.12939453	42.7815170288	30.1666679382
150.811187567	1009.12939453	42.7815170288	30.1666679382
150.811187567	1009.12939453	42.7815170288	30.1666679382
150.811187567	1009.12939453	42.7815170288	30.1666679382
150.811187568	1009.12939453	42.7815170288	30.1666679382
150.811187568	1009.12939453	42.7815170288	30.2210159302
150.811187568	1009.12939453	42.6636924744	30.2210159302
150.811187568	1009.12939453	42.6636924744	30.2210159302
150.811187569	1009.12939453	42.6636924744	30.2210159302
150.811187569	1009.12939453	42.6636924744	30.2210159302
150.811187569	1009.12792969	42.6636924744	30.2210159302
150.81118757	1009.12792969	42.6636924744	30.2210159302
150.81118757	1009.12792969	42.6636924744	30.2210159302
150.81118757	1009.12792969	42.6636924744	30.2210159302
150.81118757	1009.12792969	42.6636924744	30.2210159302
150.81118757	1009.12792969	42.6636924744	30.2210159302
150.811187571	1009.12792969	42.6636924744	30.2210159302
150.811187571	1009.12792969	42.6636924744	30.2210159302
150.811187571	1009.12792969	42.6636924744	30.2210159302
150.811187571	1009.12792969	42.6636924744	30.2210159302
150.811187572	1009.12792969	42.6636924744	30.2210159302
150.811187572	1009.12792969	42.6636924744	30.2210159302
150.811187572	1009.12792969	42.6636924744	30.2210159302
150.811187572	1009.12792969	42.6636924744	30.2210159302
150.811187572	1009.12792969	42.6636924744	30.2210159302
150.811187573	1009.12792969	42.6636924744	30.2210159302
150.811187573	1009.12792969	42.6636924744	30.2210159302
150.811187573	1009.12792969	42.6636924744	30.2210159302
150.811187573	1009.12719727	42.6636924744	30.2210159302
150.811187574	1009.12719727	42.6636924744	30.2210159302
150.811187574	1009.12719727	42.6636924744	30.2210159302
150.811187574	1009.12719727	42.6636924744	30.2210159302
150.811187574	1009.12719727	42.6636924744	30.2210159302
150.811187575	1009.12719727	42.6636924744	30.2210159302
150.811187575	1009.12719727	42.6636924744	30.2210159302
150.811187575	1009.12719727	42.6636924744	30.2210159302
150.811187575	1009.12719727	42.6636924744	30.2210159302
150.811187575	1009.12719727	42.6636924744	30.2210159302
150.811187576	1009.12719727	42.6636924744	30.1666679382
150.811187576	1009.12719727	39.5347290039	30.1666679382
150.811187576	1009.12719727	39.5347290039	30.1666679382
150.811187577	1009.12719727	39.5347290039	30.1666679382
150.811187577	1009.12719727	39.5347290039	30.1666679382
150.811187577	1009.12719727	39.5347290039	30.1666679382
150.811187577	1009.12597656	39.5347290039	30.1666679382
150.811187578	1009.12597656	39.5347290039	30.1666679382
150.811187578	1009.12597656	39.5347290039	30.1666679382
150.811187578	1009.12597656	39.5347290039	30.1666679382
150.811187578	1009.12597656	39.5347290039	30.1666679382
150.811187579	1009.12597656	39.5347290039	30.1666679382
150.811187579	1009.12597656	39.5347290039	30.1666679382
150.811187579	1009.12597656	39.5347290039	30.1666679382
150.811187579	1009.12597656	39.5347290039	30.1666679382
150.811187579	1009.12597656	39.5347290039	30.1666679382
150.81118758	1009.12597656	39.5347290039	30.1666679382
150.81118758	1009.12597656	39.5347290039	30.1666679382
150.81118758	1009.12597656	39.5347290039	30.1666679382
150.81118758	1009.12597656	39.5347290039	30.1666679382
150.811187581	1009.12597656	39.5347290039	30.1666679382
150.811187581	1009.12597656	39.5347290039	30.1666679382
150.811187581	1009.12597656	39.5347290039	30.1666679382
150.811187581	1009.12695312	39.5347290039	30.1666679382
150.811187582	1009.12695312	39.5347290039	30.1666679382
150.811187582	1009.12695312	39.5347290039	30.1666679382
150.811187582	1009.12695312	39.5347290039	30.1666679382
150.811187582	1009.12695312	39.5347290039	30.1666679382
150.811187582	1009.12695312	39.5347290039	30.1666679382
150.811187583	1009.12695312	39.5347290039	30.1666679382
150.811187583	1009.12695312	39.5347290039	30.1666679382
150.811187583	1009.12695312	39.5347290039	30.1666679382
150.811187583	1009.12695312	39.5347290039	30.1666679382
150.811187584	1009.12695312	39.5347290039	30.1666679382
150.811187584	1009.12695312	40.4347953796	30.1666679382
150.811187584	1009.12695312	40.4347953796	30.1666679382
150.811187584	1009.12695312	40.4347953796	30.1666679382
150.811187585	1009.12695312	40.4347953796	30.1666679382
150.811187585	1009.12695312	40.4347953796	30.1666679382
150.811187585	1009.12695312	40.4347953796	30.1666679382
150.811187585	1009.125	40.4347953796	30.1666679382
150.811187586	1009.125	40.4347953796	30.1666679382
150.811187586	1009.125	40.4347953796	30.1666679382
150.811187586	1009.125	40.4347953796	30.1666679382
150.811187586	1009.125	40.4347953796	30.1666679382
150.811187587	1009.125	40.4347953796	30.1666679382
150.811187587	1009.125	40.4347953796	30.1666679382
150.811187587	1009.125	40.4347953796	30.1666679382
150.811187587	1009.125	40.4347953796	30.1666679382
150.811187588	1009.125	40.4347953796	30.1666679382
150.811187588	1009.125	40.4347953796	30.1666679382
150.811187588	1009.125	40.4347953796	30.1666679382
150.811187588	1009.125	40.4347953796	30.1666679382
150.811187588	1009.125	40.4347953796	30.1666679382
150.811187589	1009.125	40.4347953796	30.1666679382
150.811187589	1009.125	40.4347953796	30.1666679382
150.811187589	1009.125	40.4347953796	30.1666679382
150.811187589	1009.12597656	40.4347953796	30.1666679382
150.81118759	1009.12597656	40.4347953796	30.1666679382
150.81118759	1009.12597656	40.4347953796	30.1666679382
150.81118759	1009.12597656	40.4347953796	30.1666679382
150.81118759	1009.12597656	40.4347953796	30.1666679382
150.811187591	1009.12597656	40.4347953796	30.1666679382
150.811187591	1009.12597656	40.4347953796	30.1666679382
150.811187591	1009.12597656	40.4347953796	30.1666679382
150.811187591	1009.12597656	40.4347953796	30.1666679382
150.811187591	1009.12597656	40.4347953796	30.1847839355
150.811187592	1009.12597656	41.7538070679	30.1847839355
150.811187592	1009.12597656	41.7538070679	30.1847839355
150.811187592	1009.12597656	41.7538070679	30.1847839355
150.811187593	1009.12597656	41.7538070679	30.1847839355
150.811187593	1009.12597656	41.7538070679	30.1847839355
150.811187593	1009.12597656	41.7538070679	30.1847839355
150.811187593	1009.12597656	41.7538070679	30.1847839355
