5.80324517732	1200
time	pressure	humidity	temperature
150.811197932	1006.76757812	36.186542511	33.1795349121
150.811197935	1006.76757812	36.186542511	33.1795349121
150.811197935	1006.76757812	36.186542511	33.1795349121
150.811197935	1006.76757812	36.186542511	33.1795349121
150.811197936	1006.76757812	36.186542511	33.1795349121
150.811197936	1006.76757812	36.186542511	33.1795349121
150.811197936	1006.76757812	36.186542511	33.1072616577
150.811197937	1006.76757812	35.6980209351	33.1072616577
150.811197937	1006.77099609	35.6980209351	33.1072616577
150.811197937	1006.77099609	35.6980209351	33.1072616577
150.811197937	1006.77099609	35.6980209351	33.1072616577
150.811197938	1006.77099609	35.6980209351	33.1072616577
150.811197938	1006.77099609	35.6980209351	33.1072616577
150.811197938	1006.77099609	35.6980209351	33.1072616577
150.811197938	1006.77099609	35.6980209351	33.1072616577
150.811197938	1006.77099609	35.6980209351	33.1072616577
150.811197939	1006.77099609	35.6980209351	33.1072616577
150.811197939	1006.77099609	35.6980209351	33.1072616577
150.811197939	1006.77099609	35.6980209351	33.1072616577
150.811197939	1006.77099609	35.6980209351	33.1072616577
150.81119794	1006.77099609	35.6980209351	33.1072616577
150.81119794	1006.77099609	35.6980209351	33.1072616577
150.81119794	1006.77099609	35.6980209351	33.1072616577
150.81119794	1006.77099609	35.6980209351	33.1072616577
150.81119794	1006.77099609	35.6980209351	33.1072616577
150.811197941	1006.77392578	35.6980209351	33.1072616577
150.811197941	1006.77392578	35.6980209351	33.1072616577
150.811197941	1006.77392578	35.6980209351	33.1072616577
150.811197942	1006.77392578	35.6980209351	33.1072616577
150.811197942	1006.77392578	35.6980209351	33.1072616577
150.811197942	1006.77392578	35.6980209351	33.1072616577
150.811197942	1006.77392578	35.6980209351	33.1072616577
150.811197942	1006.77392578	35.6980209351	33.1072616577
150.811197943	1006.77392578	35.6980209351	33.1072616577
150.811197943	1006.77392578	35.6980209351	33.1072616577
150.811197943	1006.77392578	35.6980209351	33.1072616577
150.811197943	1006.77392578	35.6980209351	33.1072616577
150.811197944	1006.77392578	35.6980209351	33.1072616577
150.811197944	1006.77392578	35.6980209351	33.1072616577
150.811197944	1006.77392578	35.6980209351	33.1072616577
150.811197944	1006.77392578	35.6980209351	33.125328064
150.811197945	1006.77392578	38.0643005371	33.125328064
150.811197945	1006.77685547	38.0643005371	33.125328064
150.811197945	1006.77685547	38.0643005371	33.125328064
150.811197945	1006.77685547	38.0643005371	33.125328064
150.811197946	1006.77685547	38.0643005371	33.125328064
150.811197946	1006.77685547	38.0643005371	33.125328064
150.811197946	1006.77685547	38.0643005371	33.125328064
150.811197946	1006.77685547	38.0643005371	33.125328064
150.811197947	1006.77685547	38.0643005371	33.125328064
150.811197947	1006.77685547	38.0643005371	33.125328064
150.811197947	1006.77685547	38.0643005371	33.125328064
150.811197947	1006.77685547	38.0643005371	33.125328064
150.811197947	1006.77685547	38.0643005371	33.125328064
150.811197948	1006.77685547	38.0643005371	33.125328064
150.811197948	1006.77685547	38.0643005371	33.125328064
150.811197948	1006.77685547	38.0643005371	33.125328064
150.811197948	1006.77685547	38.0643005371	33.125328064
150.811197949	1006.77685547	38.0643005371	33.125328064
150.811197949	1006.77612305	38.0643005371	33.125328064
150.811197949	1006.77612305	38.0643005371	33.125328064
150.811197949	1006.77612305	38.0643005371	33.125328064
150.81119795	1006.77612305	38.0643005371	33.125328064
150.81119795	1006.77612305	38.0643005371	33.125328064
150.81119795	1006.77612305	38.0643005371	33.125328064
150.81119795	1006.77612305	38.0643005371	33.125328064
150.811197951	1006.77612305	38.0643005371	33.125328064
150.811197951	1006.77612305	38.0643005371	33.125328064
150.811197951	1006.77612305	38.0643005371	33.125328064
150.811197951	1006.77612305	38.0643005371	33.125328064
150.811197951	1006.77612305	38.0643005371	33.125328064
150.811197952	1006.77612305	38.0643005371	33.125328064
150.811197952	1006.77612305	38.0643005371	33.125328064
150.811197952	1006.77612305	38.0643005371	33.125328064
150.811197952	1006.77612305	38.0643005371	33.2156677246
150.811197953	1006.77392578	37.062828064	33.2156677246
150.811197953	1006.77392578	37.062828064	33.2156677246
150.811197953	1006.77392578	37.062828064	33.2156677246
150.811197954	1006.77392578	37.062828064	33.2156677246
150.811197954	1006.77392578	37.062828064	33.2156677246
150.811197954	1006.77392578	37.062828064	33.2156677246
150.811197954	1006.77392578	37.062828064	33.2156677246
150.811197954	1006.77392578	37.062828064	33.2156677246
150.811197955	1006.77392578	37.062828064	33.2156677246
150.811197955	1006.77392578	37.062828064	33.2156677246
150.811197955	1006.77392578	37.062828064	33.2156677246
150.811197955	1006.77392578	37.062828064	33.2156677246
150.811197956	1006.77392578	37.062828064	33.2156677246
150.811197956	1006.77392578	37.062828064	33.2156677246
150.811197956	1006.77392578	37.062828064	33.2156677246
150.811197956	1006.77392578	37.062828064	33.2156677246
150.811197956	1006.77392578	37.062828064	33.2156677246
150.811197957	1006.7722168	37.062828064	33.2156677246
150.811197957	1006.7722168	37.062828064	33.2156677246
150.811197957	1006.7722168	37.062828064	33.2156677246
150.811197957	1006.7722168	37.062828064	33.2156677246
150.811197958	1006.7722168	37.062828064	33.2156677246
150.811197958	1006.7722168	37.062828064	33.2156677246
150.811197958	1006.7722168	37.062828064	33.2156677246
150.811197958	1006.7722168	37.062828064	33.2156677246
150.811197959	1006.7722168	37.062828064	33.2156677246
150.811197959	1006.7722168	37.062828064	33.2156677246
150.811197959	1006.7722168	37.062828064	33.2156677246
150.811197959	1006.7722168	37.062828064	33.2156677246
150.811197959	1006.7722168	37.062828064	33.2156677246
150.81119796	1006.7722168	37.062828064	33.2156677246
150.81119796	1006.7722168	37.062828064	33.2156677246
150.81119796	1006.7722168	37.062828064	33.2156677246
150.81119796	1006.7722168	37.062828064	33.2156677246
150.811197961	1006.77563477	34.775932312	33.1433944702
150.811197961	1006.77563477	34.775932312	33.1433944702
150.811197961	1006.77563477	34.775932312	33.1433944702
150.811197962	1006.77563477	34.775932312	33.1433944702
150.811197962	1006.77563477	34.775932312	33.1433944702
150.811197962	1006.77563477	34.775932312	33.1433944702
150.811197962	1006.77563477	34.775932312	33.1433944702
150.811197962	1006.77563477	34.775932312	33.1433944702
150.811197963	1006.77563477	34.775932312	33.1433944702
150.811197963	1006.77563477	34.775932312	33.1433944702
150.811197963	1006.77563477	34.775932312	33.1433944702
150.811197963	1006.77563477	34.775932312	33.1433944702
150.811197964	1006.77563477	34.775932312	33.1433944702
150.811197964	1006.77563477	34.775932312	33.1433944702
150.811197964	1006.77563477	34.775932312	33.1433944702
150.811197964	1006.77563477	34.775932312	33.1433944702
150.811197964	1006.77563477	34.775932312	33.1433944702
150.811197965	1006.77563477	34.775932312	33.1433944702
150.811197965	1006.77563477	34.775932312	33.1433944702
150.811197965	1006.77563477	34.775932312	33.1433944702
150.811197966	1006.77563477	34.775932312	33.1433944702
150.811197966	1006.77563477	34.775932312	33.1433944702
150.811197966	1006.77563477	34.775932312	33.1433944702
150.811197966	1006.77563477	34.775932312	33.1433944702
150.811197966	1006.77563477	34.775932312	33.1433944702
150.811197967	1006.77563477	34.775932312	33.1433944702
150.811197967	1006.77563477	34.775932312	33.1433944702
150.811197967	1006.77563477	34.775932312	33.1433944702
150.811197967	1006.77563477	34.775932312	33.1433944702
150.811197968	1006.77563477	34.775932312	33.1433944702
150.811197968	1006.77563477	34.775932312	33.1433944702
150.811197968	1006.77563477	34.775932312	33.1433944702
150.811197968	1006.77563477	34.775932312	33.1433944702
150.811197968	1006.77709961	34.775932312	33.1072616577
150.811197969	1006.77709961	38.8978424072	33.1072616577
150.811197969	1006.77709961	38.8978424072	33.1072616577
150.811197969	1006.77709961	38.8978424072	33.1072616577
150.81119797	1006.77709961	38.8978424072	33.1072616577
150.81119797	1006.77709961	38.8978424072	33.1072616577
150.81119797	1006.77709961	38.8978424072	33.1072616577
150.81119797	1006.77709961	38.8978424072	33.1072616577
150.811197971	1006.77709961	38.8978424072	33.1072616577
150.811197971	1006.77709961	38.8978424072	33.1072616577
150.811197971	1006.77709961	38.8978424072	33.1072616577
150.811197971	1006.77709961	38.8978424072	33.1072616577
150.811197971	1006.77709961	38.8978424072	33.1072616577
150.811197972	1006.77709961	38.8978424072	33.1072616577
150.811197972	1006.77709961	38.8978424072	33.1072616577
150.811197972	1006.77709961	38.8978424072	33.1072616577
150.811197972	1006.77539062	38.8978424072	33.1072616577
150.811197973	1006.77539062	38.8978424072	33.1072616577
150.811197973	1006.77539062	38.8978424072	33.1072616577
150.811197973	1006.77539062	38.8978424072	33.1072616577
150.811197973	1006.77539062	38.8978424072	33.1072616577
150.811197974	1006.77539062	38.8978424072	33.1072616577
150.811197974	1006.77539062	38.8978424072	33.1072616577
150.811197974	1006.77539062	38.8978424072	33.1072616577
150.811197974	1006.77539062	38.8978424072	33.1072616577
150.811197975	1006.77539062	38.8978424072	33.1072616577
150.811197975	1006.77539062	38.8978424072	33.1072616577
150.811197975	1006.77539062	38.8978424072	33.1072616577
150.811197975	1006.77539062	38.8978424072	33.1072616577
150.811197975	1006.77539062	38.8978424072	33.1072616577
150.811197976	1006.77539062	38.8978424072	33.1072616577
150.811197976	1006.77539062	38.8978424072	33.1072616577
150.811197976	1006.77539062	38.8978424072	33.1072616577
150.811197976	1006.77539062	38.8978424072	33.1072616577
150.811197977	1006.77563477	38.8978424072	33.1072616577
150.811197977	1006.77563477	38.8978424072	33.125328064
150.811197977	1006.77563477	36.1682243347	33.125328064
150.811197978	1006.77563477	36.1682243347	33.125328064
150.811197978	1006.77563477	36.1682243347	33.125328064
150.811197978	1006.77563477	36.1682243347	33.125328064
150.811197978	1006.77563477	36.1682243347	33.125328064
150.811197978	1006.77563477	36.1682243347	33.125328064
150.811197979	1006.77563477	36.1682243347	33.125328064
150.811197979	1006.77563477	36.1682243347	33.125328064
150.811197979	1006.77563477	36.1682243347	33.125328064
150.811197979	1006.77563477	36.1682243347	33.125328064
150.81119798	1006.77563477	36.1682243347	33.125328064
150.81119798	1006.77563477	36.1682243347	33.125328064
150.81119798	1006.77563477	36.1682243347	33.125328064
150.81119798	1006.77563477	36.1682243347	33.125328064
150.81119798	1006.77661133	36.1682243347	33.125328064
150.811197981	1006.77661133	36.1682243347	33.125328064
150.811197981	1006.77661133	36.1682243347	33.125328064
150.811197981	1006.77661133	36.1682243347	33.125328064
150.811197981	1006.77661133	36.1682243347	33.125328064
150.811197982	1006.77661133	36.1682243347	33.125328064
150.811197982	1006.77661133	36.1682243347	33.125328064
150.811197982	1006.77661133	36.1682243347	33.125328064
150.811197982	1006.77661133	36.1682243347	33.125328064
150.811197983	1006.77661133	36.1682243347	33.125328064
150.811197983	1006.77661133	36.1682243347	33.125328064
150.811197983	1006.77661133	36.1682243347	33.125328064
150.811197983	1006.77661133	36.1682243347	33.125328064
150.811197983	1006.77661133	36.1682243347	33.125328064
150.811197984	1006.77661133	36.1682243347	33.125328064
150.811197984	1006.77661133	36.1682243347	33.125328064
150.811197984	1006.77661133	36.1682243347	33.125328064
150.811197984	1006.7722168	36.1682243347	33.125328064
150.811197985	1006.7722168	36.1682243347	33.125328064
150.811197985	1006.7722168	36.1682243347	33.0891914368
150.811197985	1006.7722168	37.0078735352	33.0891914368
150.811197986	1006.7722168	37.0078735352	33.0891914368
150.811197986	1006.7722168	37.0078735352	33.0891914368
150.811197986	1006.7722168	37.0078735352	33.0891914368
150.811197986	1006.7722168	37.0078735352	33.0891914368
150.811197986	1006.7722168	37.0078735352	33.0891914368
150.811197987	1006.7722168	37.0078735352	33.0891914368
150.811197987	1006.7722168	37.0078735352	33.0891914368
150.811197987	1006.7722168	37.0078735352	33.0891914368
150.811197987	1006.7722168	37.0078735352	33.0891914368
150.811197988	1006.7722168	37.0078735352	33.0891914368
150.811197988	1006.7722168	37.0078735352	33.0891914368
150.811197988	1006.7722168	37.0078735352	33.0891914368
150.811197988	1006.77197266	37.0078735352	33.0891914368
150.811197989	1006.77197266	37.0078735352	33.0891914368
150.811197989	1006.77197266	37.0078735352	33.0891914368
150.811197989	1006.77197266	37.0078735352	33.0891914368
150.811197989	1006.77197266	37.0078735352	33.0891914368
150.81119799	1006.77197266	37.0078735352	33.0891914368
150.81119799	1006.77197266	37.0078735352	33.0891914368
150.81119799	1006.77197266	37.0078735352	33.0891914368
150.81119799	1006.77197266	37.0078735352	33.0891914368
150.81119799	1006.77197266	37.0078735352	33.0891914368
150.811197991	1006.77197266	37.0078735352	33.0891914368
150.811197991	1006.77197266	37.0078735352	33.0891914368
150.811197991	1006.77197266	37.0078735352	33.0891914368
150.811197991	1006.77197266	37.0078735352	33.0891914368
150.811197992	1006.77197266	37.0078735352	33.0891914368
150.811197992	1006.77197266	37.0078735352	33.0891914368
150.811197992	1006.77197266	37.0078735352	33.0891914368
150.811197992	1006.77319336	37.0078735352	33.0891914368
150.811197993	1006.77319336	37.0078735352	33.0891914368
150.811197993	1006.77319336	37.0078735352	33.0891914368
150.811197993	1006.77319336	37.0078735352	33.0891914368
150.811197993	1006.77319336	37.0078735352	33.0891914368
150.811197994	1006.77319336	35.0537796021	33.0891914368
150.811197994	1006.77319336	35.0537796021	33.0891914368
150.811197994	1006.77319336	35.0537796021	33.0891914368
150.811197994	1006.77319336	35.0537796021	33.0891914368
150.811197995	1006.77319336	35.0537796021	33.0891914368
150.811197995	1006.77319336	35.0537796021	33.0891914368
150.811197995	1006.77319336	35.0537796021	33.0891914368
150.811197995	1006.77319336	35.0537796021	33.0891914368
150.811197995	1006.77319336	35.0537796021	33.0891914368
150.811197996	1006.77319336	35.0537796021	33.0891914368
150.811197996	1006.77319336	35.0537796021	33.0891914368
150.811197996	1006.77416992	35.0537796021	33.0891914368
150.811197997	1006.77416992	35.0537796021	33.0891914368
150.811197997	1006.77416992	35.0537796021	33.0891914368
150.811197997	1006.77416992	35.0537796021	33.0891914368
150.811197997	1006.77416992	35.0537796021	33.0891914368
150.811197997	1006.77416992	35.0537796021	33.0891914368
150.811197998	1006.77416992	35.0537796021	33.0891914368
150.811197998	1006.77416992	35.0537796021	33.0891914368
150.811197998	1006.77416992	35.0537796021	33.0891914368
150.811197998	1006.77416992	35.0537796021	33.0891914368
150.811197999	1006.77416992	35.0537796021	33.0891914368
150.811197999	1006.77416992	35.0537796021	33.0891914368
150.811197999	1006.77416992	35.0537796021	33.0891914368
150.811197999	1006.77416992	35.0537796021	33.0891914368
150.811197999	1006.77416992	35.0537796021	33.0891914368
150.811198	1006.77416992	35.0537796021	33.0891914368
150.811198	1006.77416992	35.0537796021	33.0891914368
150.811198	1006.77270508	35.0537796021	33.0891914368
150.811198	1006.77270508	35.0537796021	33.0891914368
150.811198001	1006.77270508	35.0537796021	33.0891914368
150.811198001	1006.77270508	35.0537796021	33.0891914368
150.811198001	1006.77270508	35.0537796021	33.0891914368
150.811198001	1006.77270508	35.0537796021	33.0711212158
150.811198002	1006.77270508	38.9558563232	33.0711212158
150.811198002	1006.77270508	38.9558563232	33.0711212158
150.811198002	1006.77270508	38.9558563232	33.0711212158
150.811198002	1006.77270508	38.9558563232	33.0711212158
150.811198003	1006.77270508	38.9558563232	33.0711212158
150.811198003	1006.77270508	38.9558563232	33.0711212158
150.811198003	1006.77270508	38.9558563232	33.0711212158
150.811198003	1006.77270508	38.9558563232	33.0711212158
150.811198004	1006.77270508	38.9558563232	33.0711212158
150.811198004	1006.77270508	38.9558563232	33.0711212158
150.811198004	1006.77270508	38.9558563232	33.0711212158
150.811198004	1006.77880859	38.9558563232	33.0711212158
150.811198005	1006.77880859	38.9558563232	33.0711212158
150.811198005	1006.77880859	38.9558563232	33.0711212158
150.811198005	1006.77880859	38.9558563232	33.0711212158
150.811198005	1006.77880859	38.9558563232	33.0711212158
150.811198005	1006.77880859	38.9558563232	33.0711212158
150.811198006	1006.77880859	38.9558563232	33.0711212158
150.811198006	1006.77880859	38.9558563232	33.0711212158
150.811198006	1006.77880859	38.9558563232	33.0711212158
150.811198006	1006.77880859	38.9558563232	33.0711212158
150.811198007	1006.77880859	38.9558563232	33.0711212158
150.811198007	1006.77880859	38.9558563232	33.0711212158
150.811198007	1006.77880859	38.9558563232	33.0711212158
150.811198007	1006.77880859	38.9558563232	33.0711212158
150.811198007	1006.77880859	38.9558563232	33.0711212158
150.811198008	1006.77880859	38.9558563232	33.0711212158
150.811198008	1006.77880859	38.9558563232	33.0711212158
150.811198008	1006.77734375	38.9558563232	33.0711212158
150.811198009	1006.77734375	38.9558563232	33.0711212158
150.811198009	1006.77734375	38.9558563232	33.0711212158
150.811198009	1006.77734375	38.9558563232	33.0711212158
150.811198009	1006.77734375	38.9558563232	33.0711212158
150.811198009	1006.77734375	38.9558563232	33.2518081665
150.81119801	1006.77734375	34.8308944702	33.2518081665
150.81119801	1006.77734375	34.8308944702	33.2518081665
150.81119801	1006.77734375	34.8308944702	33.2518081665
150.81119801	1006.77734375	34.8308944702	33.2518081665
150.811198011	1006.77734375	34.8308944702	33.2518081665
150.811198011	1006.77734375	34.8308944702	33.2518081665
150.811198011	1006.77734375	34.8308944702	33.2518081665
150.811198011	1006.77734375	34.8308944702	33.2518081665
150.811198012	1006.77734375	34.8308944702	33.2518081665
150.811198012	1006.77734375	34.8308944702	33.2518081665
150.811198012	1006.77416992	34.8308944702	33.2518081665
150.811198012	1006.77416992	34.8308944702	33.2518081665
150.811198013	1006.77416992	34.8308944702	33.2518081665
150.811198013	1006.77416992	34.8308944702	33.2518081665
150.811198013	1006.77416992	34.8308944702	33.2518081665
150.811198013	1006.77416992	34.8308944702	33.2518081665
150.811198014	1006.77416992	34.8308944702	33.2518081665
150.811198014	1006.77416992	34.8308944702	33.2518081665
150.811198014	1006.77416992	34.8308944702	33.2518081665
150.811198014	1006.77416992	34.8308944702	33.2518081665
150.811198014	1006.77416992	34.8308944702	33.2518081665
150.811198015	1006.77416992	34.8308944702	33.2518081665
150.811198015	1006.77416992	34.8308944702	33.2518081665
150.811198015	1006.77416992	34.8308944702	33.2518081665
150.811198015	1006.77416992	34.8308944702	33.2518081665
150.811198016	1006.77416992	34.8308944702	33.2518081665
150.811198016	1006.77416992	34.8308944702	33.2518081665
150.811198016	1006.76879883	34.8308944702	33.2518081665
150.811198016	1006.76879883	34.8308944702	33.2518081665
150.811198017	1006.76879883	34.8308944702	33.2518081665
150.811198017	1006.76879883	34.8308944702	33.2518081665
150.811198017	1006.76879883	34.8308944702	33.2518081665
150.811198017	1006.76879883	34.8308944702	33.2518081665
150.811198017	1006.76879883	34.8308944702	33.2518081665
150.811198018	1006.76879883	34.8308944702	33.1795349121
150.811198018	1006.76879883	35.2644577026	33.1795349121
150.811198018	1006.76879883	35.2644577026	33.1795349121
150.811198019	1006.76879883	35.2644577026	33.1795349121
150.811198019	1006.76879883	35.2644577026	33.1795349121
150.811198019	1006.76879883	35.2644577026	33.1795349121
150.811198019	1006.76879883	35.2644577026	33.1795349121
150.811198019	1006.76879883	35.2644577026	33.1795349121
150.81119802	1006.76879883	35.2644577026	33.1795349121
150.81119802	1006.77197266	35.2644577026	33.1795349121
150.81119802	1006.77197266	35.2644577026	33.1795349121
150.811198021	1006.77197266	35.2644577026	33.1795349121
150.811198021	1006.77197266	35.2644577026	33.1795349121
150.811198021	1006.77197266	35.2644577026	33.1795349121
150.811198021	1006.77197266	35.2644577026	33.1795349121
150.811198021	1006.77197266	35.2644577026	33.1795349121
150.811198022	1006.77197266	35.2644577026	33.1795349121
150.811198022	1006.77197266	35.2644577026	33.1795349121
150.811198022	1006.77197266	35.2644577026	33.1795349121
150.811198022	1006.77197266	35.2644577026	33.1795349121
150.811198023	1006.77197266	35.2644577026	33.1795349121
150.811198023	1006.77197266	35.2644577026	33.1795349121
150.811198023	1006.77197266	35.2644577026	33.1795349121
150.811198023	1006.77197266	35.2644577026	33.1795349121
150.811198023	1006.77197266	35.2644577026	33.1795349121
150.811198024	1006.77197266	35.2644577026	33.1795349121
150.811198024	1006.76635742	35.2644577026	33.1795349121
150.811198024	1006.76635742	35.2644577026	33.1795349121
150.811198024	1006.76635742	35.2644577026	33.1795349121
150.811198025	1006.76635742	35.2644577026	33.1795349121
150.811198025	1006.76635742	35.2644577026	33.1795349121
150.811198025	1006.76635742	35.2644577026	33.1795349121
150.811198025	1006.76635742	35.2644577026	33.1795349121
150.811198026	1006.76635742	35.2644577026	33.1795349121
150.811198026	1006.76635742	35.2644577026	33.0891914368
150.811198026	1006.76635742	38.2108573914	33.0891914368
150.811198026	1006.76635742	38.2108573914	33.0891914368
150.811198027	1006.76635742	38.2108573914	33.0891914368
150.811198027	1006.76635742	38.2108573914	33.0891914368
150.811198027	1006.76635742	38.2108573914	33.0891914368
150.811198027	1006.76635742	38.2108573914	33.0891914368
150.811198028	1006.76635742	38.2108573914	33.0891914368
150.811198028	1006.76586914	38.2108573914	33.0891914368
150.811198028	1006.76586914	38.2108573914	33.0891914368
150.811198028	1006.76586914	38.2108573914	33.0891914368
150.811198029	1006.76586914	38.2108573914	33.0891914368
150.811198029	1006.76586914	38.2108573914	33.0891914368
150.811198029	1006.76586914	38.2108573914	33.0891914368
150.811198029	1006.76586914	38.2108573914	33.0891914368
150.81119803	1006.76586914	38.2108573914	33.0891914368
150.81119803	1006.76586914	38.2108573914	33.0891914368
150.81119803	1006.76586914	38.2108573914	33.0891914368
150.81119803	1006.76586914	38.2108573914	33.0891914368
150.81119803	1006.76586914	38.2108573914	33.0891914368
150.811198031	1006.76586914	38.2108573914	33.0891914368
150.811198031	1006.76586914	38.2108573914	33.0891914368
150.811198031	1006.76586914	38.2108573914	33.0891914368
150.811198031	1006.76586914	38.2108573914	33.0891914368
150.811198032	1006.76586914	38.2108573914	33.0891914368
150.811198032	1006.7668457	38.2108573914	33.0891914368
150.811198032	1006.7668457	38.2108573914	33.0891914368
150.811198032	1006.7668457	38.2108573914	33.0891914368
150.811198033	1006.7668457	38.2108573914	33.0891914368
150.811198033	1006.7668457	38.2108573914	33.0891914368
150.811198033	1006.7668457	38.2108573914	33.0891914368
150.811198033	1006.7668457	38.2108573914	33.0891914368
150.811198033	1006.7668457	38.2108573914	33.0891914368
150.811198034	1006.7668457	38.2108573914	33.0891914368
150.811198034	1006.7668457	38.2108573914	33.1795349121
150.811198034	1006.7668457	35.6339035034	33.1795349121
150.811198035	1006.7668457	35.6339035034	33.1795349121
150.811198035	1006.7668457	35.6339035034	33.1795349121
150.811198035	1006.7668457	35.6339035034	33.1795349121
150.811198035	1006.7668457	35.6339035034	33.1795349121
150.811198035	1006.7668457	35.6339035034	33.1795349121
150.811198036	1006.7668457	35.6339035034	33.1795349121
150.811198036	1006.76977539	35.6339035034	33.1795349121
150.811198036	1006.76977539	35.6339035034	33.1795349121
150.811198036	1006.76977539	35.6339035034	33.1795349121
150.811198037	1006.76977539	35.6339035034	33.1795349121
150.811198037	1006.76977539	35.6339035034	33.1795349121
150.811198037	1006.76977539	35.6339035034	33.1795349121
150.811198037	1006.76977539	35.6339035034	33.1795349121
150.811198038	1006.76977539	35.6339035034	33.1795349121
150.811198038	1006.76977539	35.6339035034	33.1795349121
150.811198038	1006.76977539	35.6339035034	33.1795349121
150.811198038	1006.76977539	35.6339035034	33.1795349121
150.811198038	1006.76977539	35.6339035034	33.1795349121
150.811198039	1006.76977539	35.6339035034	33.1795349121
150.811198039	1006.76977539	35.6339035034	33.1795349121
150.811198039	1006.76977539	35.6339035034	33.1795349121
150.811198039	1006.76977539	35.6339035034	33.1795349121
150.81119804	1006.76977539	35.6339035034	33.1795349121
150.81119804	1006.77441406	35.6339035034	33.1795349121
150.81119804	1006.77441406	35.6339035034	33.1795349121
150.81119804	1006.77441406	35.6339035034	33.1795349121
150.811198041	1006.77441406	35.6339035034	33.1795349121
150.811198041	1006.77441406	35.6339035034	33.1795349121
150.811198041	1006.77441406	35.6339035034	33.1795349121
150.811198041	1006.77441406	35.6339035034	33.1795349121
150.811198042	1006.77441406	35.6339035034	33.1795349121
150.811198042	1006.77441406	35.6339035034	33.1795349121
150.811198042	1006.77441406	35.6339035034	33.1795349121
150.811198042	1006.77441406	35.6339035034	33.0711212158
150.811198043	1006.77441406	34.3454246521	33.0711212158
150.811198043	1006.77441406	34.3454246521	33.0711212158
150.811198043	1006.77441406	34.3454246521	33.0711212158
150.811198043	1006.77441406	34.3454246521	33.0711212158
150.811198043	1006.77441406	34.3454246521	33.0711212158
150.811198044	1006.77636719	34.3454246521	33.0711212158
150.811198044	1006.77636719	34.3454246521	33.0711212158
150.811198044	1006.77636719	34.3454246521	33.0711212158
150.811198045	1006.77636719	34.3454246521	33.0711212158
150.811198045	1006.77636719	34.3454246521	33.0711212158
150.811198045	1006.77636719	34.3454246521	33.0711212158
150.811198045	1006.77636719	34.3454246521	33.0711212158
150.811198045	1006.77636719	34.3454246521	33.0711212158
150.811198046	1006.77636719	34.3454246521	33.0711212158
150.811198046	1006.77636719	34.3454246521	33.0711212158
150.811198046	1006.77636719	34.3454246521	33.0711212158
150.811198046	1006.77636719	34.3454246521	33.0711212158
150.811198047	1006.77636719	34.3454246521	33.0711212158
150.811198047	1006.77636719	34.3454246521	33.0711212158
150.811198047	1006.77636719	34.3454246521	33.0711212158
150.811198047	1006.77636719	34.3454246521	33.0711212158
150.811198047	1006.77636719	34.3454246521	33.0711212158
150.811198048	1006.77514648	34.3454246521	33.0711212158
150.811198048	1006.77514648	34.3454246521	33.0711212158
150.811198048	1006.77514648	34.3454246521	33.0711212158
150.811198049	1006.77514648	34.3454246521	33.0711212158
150.811198049	1006.77514648	34.3454246521	33.0711212158
150.811198049	1006.77514648	34.3454246521	33.0711212158
150.811198049	1006.77514648	34.3454246521	33.0711212158
150.811198049	1006.77514648	34.3454246521	33.0711212158
150.81119805	1006.77514648	34.3454246521	33.0711212158
150.81119805	1006.77514648	34.3454246521	33.0711212158
150.81119805	1006.77514648	34.3454246521	33.0711212158
150.81119805	1006.77514648	34.3454246521	33.125328064
150.811198051	1006.77514648	36.2201309204	33.125328064
150.811198051	1006.77514648	36.2201309204	33.125328064
150.811198051	1006.77514648	36.2201309204	33.125328064
150.811198051	1006.77514648	36.2201309204	33.125328064
150.811198052	1006.77685547	36.2201309204	33.125328064
150.811198052	1006.77685547	36.2201309204	33.125328064
150.811198052	1006.77685547	36.2201309204	33.125328064
150.811198052	1006.77685547	36.2201309204	33.125328064
150.811198053	1006.77685547	36.2201309204	33.125328064
150.811198053	1006.77685547	36.2201309204	33.125328064
150.811198053	1006.77685547	36.2201309204	33.125328064
150.811198053	1006.77685547	36.2201309204	33.125328064
150.811198054	1006.77685547	36.2201309204	33.125328064
150.811198054	1006.77685547	36.2201309204	33.125328064
150.811198054	1006.77685547	36.2201309204	33.125328064
150.811198054	1006.77685547	36.2201309204	33.125328064
150.811198054	1006.77685547	36.2201309204	33.125328064
150.811198055	1006.77685547	36.2201309204	33.125328064
150.811198055	1006.77685547	36.2201309204	33.125328064
150.811198055	1006.77685547	36.2201309204	33.125328064
150.811198055	1006.77685547	36.2201309204	33.125328064
150.811198056	1006.77685547	36.2201309204	33.125328064
150.811198056	1006.77685547	36.2201309204	33.125328064
150.811198056	1006.77685547	36.2201309204	33.125328064
150.811198056	1006.77685547	36.2201309204	33.125328064
150.811198057	1006.77685547	36.2201309204	33.125328064
150.811198057	1006.77685547	36.2201309204	33.125328064
150.811198057	1006.77685547	36.2201309204	33.125328064
150.811198057	1006.77685547	36.2201309204	33.125328064
150.811198057	1006.77685547	36.2201309204	33.125328064
150.811198058	1006.77685547	36.2201309204	33.125328064
150.811198058	1006.77685547	36.2201309204	33.125328064
150.811198058	1006.77685547	36.2201309204	33.125328064
150.811198058	1006.77685547	36.2201309204	33.0891914368
150.811198059	1006.77685547	36.2201309204	33.0891914368
150.811198059	1006.77685547	38.0734634399	33.0891914368
150.811198059	1006.77685547	38.0734634399	33.0891914368
150.811198059	1006.77685547	38.0734634399	33.0891914368
150.81119806	1006.7734375	38.0734634399	33.0891914368
150.81119806	1006.7734375	38.0734634399	33.0891914368
150.81119806	1006.7734375	38.0734634399	33.0891914368
150.81119806	1006.7734375	38.0734634399	33.0891914368
150.811198061	1006.7734375	38.0734634399	33.0891914368
150.811198061	1006.7734375	38.0734634399	33.0891914368
150.811198061	1006.7734375	38.0734634399	33.0891914368
150.811198061	1006.7734375	38.0734634399	33.0891914368
150.811198062	1006.7734375	38.0734634399	33.0891914368
150.811198062	1006.7734375	38.0734634399	33.0891914368
150.811198062	1006.7734375	38.0734634399	33.0891914368
150.811198062	1006.7734375	38.0734634399	33.0891914368
150.811198062	1006.7734375	38.0734634399	33.0891914368
150.811198063	1006.7734375	38.0734634399	33.0891914368
150.811198063	1006.7734375	38.0734634399	33.0891914368
150.811198063	1006.7734375	38.0734634399	33.0891914368
150.811198063	1006.7734375	38.0734634399	33.0891914368
150.811198064	1006.77294922	38.0734634399	33.0891914368
150.811198064	1006.77294922	38.0734634399	33.0891914368
150.811198064	1006.77294922	38.0734634399	33.0891914368
150.811198064	1006.77294922	38.0734634399	33.0891914368
150.811198065	1006.77294922	38.0734634399	33.0891914368
150.811198065	1006.77294922	38.0734634399	33.0891914368
150.811198065	1006.77294922	38.0734634399	33.0891914368
150.811198065	1006.77294922	38.0734634399	33.0891914368
150.811198066	1006.77294922	38.0734634399	33.0891914368
150.811198066	1006.77294922	38.0734634399	33.0891914368
150.811198066	1006.77294922	38.0734634399	33.0891914368
150.811198066	1006.77294922	38.0734634399	33.0891914368
150.811198066	1006.77294922	38.0734634399	33.0891914368
150.811198067	1006.77294922	38.0734634399	33.1433944702
150.811198067	1006.77294922	35.5636749268	33.1433944702
150.811198067	1006.77294922	35.5636749268	33.1433944702
150.811198067	1006.77392578	35.5636749268	33.1433944702
150.811198068	1006.77392578	35.5636749268	33.1433944702
150.811198068	1006.77392578	35.5636749268	33.1433944702
150.811198068	1006.77392578	35.5636749268	33.1433944702
150.811198069	1006.77392578	35.5636749268	33.1433944702
150.811198069	1006.77392578	35.5636749268	33.1433944702
150.811198069	1006.77392578	35.5636749268	33.1433944702
150.811198069	1006.77392578	35.5636749268	33.1433944702
150.811198069	1006.77392578	35.5636749268	33.1433944702
150.81119807	1006.77392578	35.5636749268	33.1433944702
150.81119807	1006.77392578	35.5636749268	33.1433944702
150.81119807	1006.77392578	35.5636749268	33.1433944702
150.81119807	1006.77392578	35.5636749268	33.1433944702
150.811198071	1006.77392578	35.5636749268	33.1433944702
150.811198071	1006.77392578	35.5636749268	33.1433944702
150.811198071	1006.77392578	35.5636749268	33.1433944702
150.811198071	1006.77392578	35.5636749268	33.1433944702
150.811198071	1006.77563477	35.5636749268	33.1433944702
150.811198072	1006.77563477	35.5636749268	33.1433944702
150.811198072	1006.77563477	35.5636749268	33.1433944702
150.811198072	1006.77563477	35.5636749268	33.1433944702
150.811198072	1006.77563477	35.5636749268	33.1433944702
150.811198073	1006.77563477	35.5636749268	33.1433944702
150.811198073	1006.77563477	35.5636749268	33.1433944702
150.811198073	1006.77563477	35.5636749268	33.1433944702
150.811198073	1006.77563477	35.5636749268	33.1433944702
150.811198074	1006.77563477	35.5636749268	33.1433944702
150.811198074	1006.77563477	35.5636749268	33.1433944702
150.811198074	1006.77563477	35.5636749268	33.1433944702
150.811198074	1006.77563477	35.5636749268	33.1433944702
150.811198074	1006.77563477	35.5636749268	33.1433944702
150.811198075	1006.77563477	35.5636749268	33.0711212158
150.811198075	1006.77563477	34.556098938	33.0711212158
150.811198075	1006.77880859	34.556098938	33.0711212158
150.811198076	1006.77880859	34.556098938	33.0711212158
150.811198076	1006.77880859	34.556098938	33.0711212158
150.811198076	1006.77880859	34.556098938	33.0711212158
150.811198076	1006.77880859	34.556098938	33.0711212158
150.811198077	1006.77880859	34.556098938	33.0711212158
150.811198077	1006.77880859	34.556098938	33.0711212158
150.811198077	1006.77880859	34.556098938	33.0711212158
150.811198077	1006.77880859	34.556098938	33.0711212158
150.811199098	1007.9765625	40.409526825	32.7888717651
150.811199101	1007.9765625	40.409526825	32.7888717651
150.811199101	1007.9765625	40.409526825	32.7888717651
150.811199101	1007.9765625	40.409526825	32.7888717651
150.811199102	1007.97949219	40.409526825	32.7888717651
150.811199102	1007.97949219	40.409526825	32.7888717651
150.811199102	1007.97949219	40.409526825	32.7888717651
150.811199102	1007.97949219	40.409526825	32.7888717651
150.811199102	1007.97949219	40.409526825	32.7888717651
150.811199102	1007.97949219	40.409526825	32.7888717651
150.811199103	1007.97949219	40.409526825	32.7888717651
150.811199103	1007.97949219	40.409526825	32.7888717651
150.811199103	1007.97949219	40.409526825	32.7888717651
150.811199103	1007.97949219	40.409526825	32.7888717651
150.811199103	1007.97949219	40.409526825	32.7888717651
150.811199103	1007.97949219	40.409526825	32.7888717651
150.811199103	1007.97949219	40.409526825	32.7888717651
150.811199103	1007.97949219	40.409526825	32.7888717651
150.811199104	1007.97949219	40.409526825	32.7888717651
150.811199104	1007.97949219	40.409526825	32.7888717651
150.811199104	1007.97949219	40.409526825	32.7888717651
150.811199104	1007.97949219	40.409526825	32.7888717651
150.811199104	1007.97949219	40.409526825	32.7888717651
150.811199104	1007.97949219	40.409526825	32.7888717651
150.811199104	1007.97949219	40.409526825	32.7888717651
150.811199105	1007.97949219	40.409526825	32.7888717651
150.811199105	1007.97949219	40.409526825	32.7888717651
150.811199105	1007.97949219	40.409526825	32.7888717651
150.811199105	1007.97949219	39.437828064	32.7888717651
150.811199105	1007.97949219	39.437828064	32.7888717651
150.811199105	1007.97949219	39.437828064	32.7888717651
150.811199105	1007.97949219	39.437828064	32.7888717651
150.811199106	1007.97949219	39.437828064	32.7888717651
150.811199106	1007.97949219	39.437828064	32.7888717651
150.811199106	1007.97949219	39.437828064	32.7888717651
150.811199106	1007.97949219	39.437828064	32.7888717651
150.811199106	1007.97949219	39.437828064	32.7888717651
150.811199106	1007.97949219	39.437828064	32.7888717651
150.811199107	1007.97949219	39.437828064	32.7888717651
150.811199107	1007.97949219	39.437828064	32.7888717651
150.811199107	1007.97949219	39.437828064	32.7888717651
150.811199107	1007.97949219	39.437828064	32.7888717651
150.811199107	1007.97949219	39.437828064	32.7888717651
150.811199107	1007.97949219	39.437828064	32.7888717651
150.811199107	1007.97949219	39.437828064	32.7888717651
150.811199108	1007.97949219	39.437828064	32.7888717651
150.811199108	1007.97949219	39.437828064	32.7888717651
150.811199108	1007.97949219	39.437828064	32.7888717651
150.811199108	1007.97949219	39.437828064	32.7888717651
150.811199108	1007.97949219	39.437828064	32.7888717651
150.811199108	1007.97949219	39.437828064	32.7888717651
150.811199108	1007.97949219	39.437828064	32.7888717651
150.811199108	1007.97949219	39.437828064	32.7888717651
150.811199109	1007.97949219	39.437828064	32.7888717651
150.811199109	1007.97949219	39.437828064	32.7888717651
150.811199109	1007.97949219	39.437828064	32.7888717651
150.811199109	1007.97949219	39.437828064	32.7888717651
150.811199109	1007.97949219	39.437828064	32.7888717651
150.811199109	1007.97949219	39.437828064	32.7888717651
150.811199109	1007.97949219	39.437828064	32.7888717651
150.81119911	1007.97949219	39.437828064	32.7888717651
150.81119911	1007.97875977	39.437828064	32.7888717651
150.81119911	1007.97875977	39.437828064	32.7888717651
150.81119911	1007.97875977	39.437828064	32.7888717651
150.81119911	1007.97875977	39.437828064	32.7888717651
150.81119911	1007.97875977	39.437828064	32.7888717651
150.81119911	1007.97875977	39.437828064	32.7888717651
150.811199111	1007.97875977	39.437828064	32.7888717651
150.811199111	1007.97875977	39.437828064	32.7888717651
150.811199111	1007.97875977	39.437828064	32.7888717651
150.811199111	1007.97875977	39.437828064	32.7888717651
150.811199111	1007.97875977	39.437828064	32.7888717651
150.811199111	1007.97875977	39.437828064	32.7888717651
150.811199111	1007.97875977	39.437828064	32.7888717651
150.811199112	1007.97875977	39.437828064	32.7888717651
150.811199112	1007.97875977	39.437828064	32.7888717651
150.811199112	1007.97875977	39.437828064	32.7888717651
150.811199112	1007.97875977	39.437828064	32.7888717651
150.811199112	1007.97875977	39.437828064	32.7888717651
150.811199112	1007.97875977	39.437828064	32.7888717651
150.811199112	1007.97875977	39.437828064	32.7888717651
150.811199113	1007.97875977	39.437828064	32.7888717651
150.811199113	1007.97875977	39.437828064	32.7888717651
150.811199113	1007.97875977	39.437828064	32.8436660767
150.811199113	1007.97875977	39.437828064	32.8436660767
150.811199113	1007.97875977	39.2115936279	32.8436660767
150.811199113	1007.97875977	39.2115936279	32.8436660767
150.811199113	1007.97875977	39.2115936279	32.8436660767
150.811199114	1007.97875977	39.2115936279	32.8436660767
150.811199114	1007.98046875	39.2115936279	32.8436660767
150.811199114	1007.98046875	39.2115936279	32.8436660767
150.811199114	1007.98046875	39.2115936279	32.8436660767
150.811199114	1007.98046875	39.2115936279	32.8436660767
150.811199114	1007.98046875	39.2115936279	32.8436660767
150.811199115	1007.98046875	39.2115936279	32.8436660767
150.811199115	1007.98046875	39.2115936279	32.8436660767
150.811199115	1007.98046875	39.2115936279	32.8436660767
150.811199115	1007.98046875	39.2115936279	32.8436660767
150.811199115	1007.98046875	39.2115936279	32.8436660767
150.811199115	1007.98046875	39.2115936279	32.8436660767
150.811199115	1007.98046875	39.2115936279	32.8436660767
150.811199115	1007.98046875	39.2115936279	32.8436660767
150.811199116	1007.98046875	39.2115936279	32.8436660767
150.811199116	1007.98046875	39.2115936279	32.8436660767
150.811199116	1007.98046875	39.2115936279	32.8436660767
150.811199116	1007.98046875	39.2115936279	32.8436660767
150.811199116	1007.98046875	39.2115936279	32.8436660767
150.811199116	1007.98046875	39.2115936279	32.8436660767
150.811199116	1007.98046875	39.2115936279	32.8436660767
150.811199117	1007.98046875	39.2115936279	32.8436660767
150.811199117	1007.98046875	39.2115936279	32.8436660767
150.811199117	1007.98046875	39.2115936279	32.8436660767
150.811199117	1007.98046875	39.2115936279	32.8436660767
150.811199117	1007.98046875	39.2115936279	32.8436660767
150.811199117	1007.98046875	39.2115936279	32.8436660767
150.811199117	1007.98046875	39.2115936279	32.8436660767
150.811199118	1007.98046875	39.2115936279	32.8436660767
150.811199118	1007.98046875	39.2115936279	32.8436660767
150.811199118	1007.98217773	39.2115936279	32.8436660767
150.811199118	1007.98217773	39.2115936279	32.8436660767
150.811199118	1007.98217773	39.2115936279	32.8436660767
150.811199118	1007.98217773	39.2115936279	32.8436660767
150.811199118	1007.98217773	39.2115936279	32.8436660767
150.811199119	1007.98217773	39.2115936279	32.8436660767
150.811199119	1007.98217773	39.2115936279	32.8436660767
150.811199119	1007.98217773	39.2115936279	32.8436660767
150.811199119	1007.98217773	39.2115936279	32.8436660767
150.811199119	1007.98217773	39.2115936279	32.8436660767
150.811199119	1007.98217773	39.2115936279	32.8436660767
150.811199119	1007.98217773	39.2115936279	32.8436660767
150.81119912	1007.98217773	39.2115936279	32.8436660767
150.81119912	1007.98217773	39.2115936279	32.8436660767
150.81119912	1007.98217773	39.2115936279	32.8436660767
150.81119912	1007.98217773	39.2115936279	32.8436660767
150.81119912	1007.98217773	39.2115936279	32.8436660767
150.81119912	1007.98217773	39.2115936279	32.8436660767
150.81119912	1007.98217773	39.2115936279	32.8436660767
150.81119912	1007.98217773	39.2115936279	32.8436660767
150.811199121	1007.98217773	39.2115936279	32.8436660767
150.811199121	1007.98217773	39.2115936279	32.7706108093
150.811199121	1007.98217773	39.2115936279	32.7706108093
150.811199121	1007.98217773	39.14112854	32.7706108093
150.811199121	1007.98217773	39.14112854	32.7706108093
150.811199121	1007.98217773	39.14112854	32.7706108093
150.811199122	1007.98217773	39.14112854	32.7706108093
150.811199122	1007.98217773	39.14112854	32.7706108093
150.811199122	1007.98217773	39.14112854	32.7706108093
150.811199122	1007.97998047	39.14112854	32.7706108093
150.811199122	1007.97998047	39.14112854	32.7706108093
150.811199122	1007.97998047	39.14112854	32.7706108093
150.811199122	1007.97998047	39.14112854	32.7706108093
150.811199123	1007.97998047	39.14112854	32.7706108093
150.811199123	1007.97998047	39.14112854	32.7706108093
150.811199123	1007.97998047	39.14112854	32.7706108093
150.811199123	1007.97998047	39.14112854	32.7706108093
150.811199123	1007.97998047	39.14112854	32.7706108093
150.811199123	1007.97998047	39.14112854	32.7706108093
150.811199123	1007.97998047	39.14112854	32.7706108093
150.811199124	1007.97998047	39.14112854	32.7706108093
150.811199124	1007.97998047	39.14112854	32.7706108093
150.811199124	1007.97998047	39.14112854	32.7706108093
150.811199124	1007.97998047	39.14112854	32.7706108093
150.811199124	1007.97998047	39.14112854	32.7706108093
150.811199124	1007.97998047	39.14112854	32.7706108093
150.811199124	1007.97998047	39.14112854	32.7706108093
150.811199125	1007.97998047	39.14112854	32.7706108093
150.811199125	1007.97998047	39.14112854	32.7706108093
150.811199125	1007.97998047	39.14112854	32.7706108093
150.811199125	1007.97998047	39.14112854	32.7706108093
150.811199125	1007.97998047	39.14112854	32.7706108093
150.811199125	1007.97998047	39.14112854	32.7706108093
150.811199125	1007.97998047	39.14112854	32.7706108093
150.811199125	1007.97998047	39.14112854	32.7706108093
150.811199126	1007.97998047	39.14112854	32.7706108093
150.811199126	1007.97998047	39.14112854	32.7706108093
150.811199126	1007.97998047	39.14112854	32.7706108093
150.811199126	1007.97851562	39.14112854	32.7706108093
150.811199126	1007.97851562	39.14112854	32.7706108093
150.811199126	1007.97851562	39.14112854	32.7706108093
150.811199127	1007.97851562	39.14112854	32.7706108093
150.811199127	1007.97851562	39.14112854	32.7706108093
150.811199127	1007.97851562	39.14112854	32.7706108093
150.811199127	1007.97851562	39.14112854	32.7706108093
150.811199127	1007.97851562	39.14112854	32.7706108093
150.811199127	1007.97851562	39.14112854	32.7706108093
150.811199127	1007.97851562	39.14112854	32.7706108093
150.811199127	1007.97851562	39.14112854	32.7706108093
150.811199128	1007.97851562	39.14112854	32.7706108093
150.811199128	1007.97851562	39.14112854	32.7706108093
150.811199128	1007.97851562	39.14112854	32.7706108093
150.811199128	1007.97851562	39.14112854	32.7706108093
150.811199128	1007.97851562	39.14112854	32.7706108093
150.811199128	1007.97851562	39.14112854	32.7706108093
150.811199128	1007.97851562	39.14112854	32.7706108093
150.811199129	1007.97851562	39.14112854	32.7706108093
150.811199129	1007.97851562	39.14112854	32.7706108093
150.811199129	1007.97851562	39.14112854	32.8254013062
150.811199129	1007.97851562	39.14112854	32.8254013062
150.811199129	1007.97851562	39.2004699707	32.8254013062
150.811199129	1007.97851562	39.2004699707	32.8254013062
150.81119913	1007.97851562	39.2004699707	32.8254013062
150.81119913	1007.97851562	39.2004699707	32.8254013062
150.81119913	1007.97851562	39.2004699707	32.8254013062
150.81119913	1007.97851562	39.2004699707	32.8254013062
150.81119913	1007.98168945	39.2004699707	32.8254013062
150.81119913	1007.98168945	39.2004699707	32.8254013062
150.81119913	1007.98168945	39.2004699707	32.8254013062
150.811199131	1007.98168945	39.2004699707	32.8254013062
150.811199131	1007.98168945	39.2004699707	32.8254013062
150.811199131	1007.98168945	39.2004699707	32.8254013062
150.811199131	1007.98168945	39.2004699707	32.8254013062
150.811199131	1007.98168945	39.2004699707	32.8254013062
150.811199131	1007.98168945	39.2004699707	32.8254013062
150.811199131	1007.98168945	39.2004699707	32.8254013062
150.811199132	1007.98168945	39.2004699707	32.8254013062
150.811199132	1007.98168945	39.2004699707	32.8254013062
150.811199132	1007.98168945	39.2004699707	32.8254013062
150.811199132	1007.98168945	39.2004699707	32.8254013062
150.811199132	1007.98168945	39.2004699707	32.8254013062
150.811199132	1007.98168945	39.2004699707	32.8254013062
150.811199132	1007.98168945	39.2004699707	32.8254013062
150.811199132	1007.98168945	39.2004699707	32.8254013062
150.811199133	1007.98168945	39.2004699707	32.8254013062
150.811199133	1007.98168945	39.2004699707	32.8254013062
150.811199133	1007.98168945	39.2004699707	32.8254013062
150.811199133	1007.98168945	39.2004699707	32.8254013062
150.811199133	1007.98168945	39.2004699707	32.8254013062
150.811199133	1007.98168945	39.2004699707	32.8254013062
150.811199133	1007.98168945	39.2004699707	32.8254013062
150.811199134	1007.98168945	39.2004699707	32.8254013062
150.811199134	1007.98168945	39.2004699707	32.8254013062
150.811199134	1007.98168945	39.2004699707	32.8254013062
150.811199134	1007.98168945	39.2004699707	32.8254013062
150.811199134	1007.98022461	39.2004699707	32.8254013062
150.811199134	1007.98022461	39.2004699707	32.8254013062
150.811199135	1007.98022461	39.2004699707	32.8254013062
150.811199135	1007.98022461	39.2004699707	32.8254013062
150.811199135	1007.98022461	39.2004699707	32.8254013062
150.811199135	1007.98022461	39.2004699707	32.8254013062
150.811199135	1007.98022461	39.2004699707	32.8254013062
150.811199135	1007.98022461	39.2004699707	32.8254013062
150.811199135	1007.98022461	39.2004699707	32.8254013062
150.811199135	1007.98022461	39.2004699707	32.8254013062
150.811199136	1007.98022461	39.2004699707	32.8254013062
150.811199136	1007.98022461	39.2004699707	32.8254013062
150.811199136	1007.98022461	39.2004699707	32.8254013062
150.811199136	1007.98022461	39.2004699707	32.8254013062
150.811199136	1007.98022461	39.2004699707	32.8254013062
150.811199136	1007.98022461	39.2004699707	32.8254013062
150.811199136	1007.98022461	39.2004699707	32.8254013062
150.811199137	1007.98022461	39.2004699707	32.8254013062
150.811199137	1007.98022461	39.2004699707	32.8254013062
150.811199137	1007.98022461	39.2004699707	32.8254013062
150.811199137	1007.98022461	39.2004699707	32.8984603882
150.811199137	1007.98022461	39.2004699707	32.8984603882
150.811199137	1007.98022461	38.8221740723	32.8984603882
150.811199137	1007.98022461	38.8221740723	32.8984603882
150.811199138	1007.98022461	38.8221740723	32.8984603882
150.811199138	1007.98022461	38.8221740723	32.8984603882
150.811199138	1007.98022461	38.8221740723	32.8984603882
150.811199138	1007.98022461	38.8221740723	32.8984603882
150.811199138	1007.97973633	38.8221740723	32.8984603882
150.811199138	1007.97973633	38.8221740723	32.8984603882
150.811199139	1007.97973633	38.8221740723	32.8984603882
150.811199139	1007.97973633	38.8221740723	32.8984603882
150.811199139	1007.97973633	38.8221740723	32.8984603882
150.811199139	1007.97973633	38.8221740723	32.8984603882
150.811199139	1007.97973633	38.8221740723	32.8984603882
150.811199139	1007.97973633	38.8221740723	32.8984603882
150.811199139	1007.97973633	38.8221740723	32.8984603882
150.81119914	1007.97973633	38.8221740723	32.8984603882
150.81119914	1007.97973633	38.8221740723	32.8984603882
150.81119914	1007.97973633	38.8221740723	32.8984603882
150.81119914	1007.97973633	38.8221740723	32.8984603882
150.81119914	1007.97973633	38.8221740723	32.8984603882
150.81119914	1007.97973633	38.8221740723	32.8984603882
150.81119914	1007.97973633	38.8221740723	32.8984603882
150.81119914	1007.97973633	38.8221740723	32.8984603882
150.811199141	1007.97973633	38.8221740723	32.8984603882
150.811199141	1007.97973633	38.8221740723	32.8984603882
150.811199141	1007.97973633	38.8221740723	32.8984603882
150.811199141	1007.97973633	38.8221740723	32.8984603882
150.811199141	1007.97973633	38.8221740723	32.8984603882
150.811199141	1007.97973633	38.8221740723	32.8984603882
150.811199141	1007.97973633	38.8221740723	32.8984603882
150.811199142	1007.97973633	38.8221740723	32.8984603882
150.811199142	1007.97973633	38.8221740723	32.8984603882
150.811199142	1007.97973633	38.8221740723	32.8984603882
150.811199142	1007.97973633	38.8221740723	32.8984603882
150.811199142	1007.97973633	38.8221740723	32.8984603882
150.811199142	1007.98242188	38.8221740723	32.8984603882
150.811199142	1007.98242188	38.8221740723	32.8984603882
150.811199143	1007.98242188	38.8221740723	32.8984603882
150.811199143	1007.98242188	38.8221740723	32.8984603882
150.811199143	1007.98242188	38.8221740723	32.8984603882
150.811199143	1007.98242188	38.8221740723	32.8984603882
150.811199143	1007.98242188	38.8221740723	32.8984603882
150.811199143	1007.98242188	38.8221740723	32.8984603882
150.811199143	1007.98242188	38.8221740723	32.8984603882
150.811199144	1007.98242188	38.8221740723	32.8984603882
150.811199144	1007.98242188	38.8221740723	32.8984603882
150.811199144	1007.98242188	38.8221740723	32.8984603882
150.811199144	1007.98242188	38.8221740723	32.8984603882
150.811199144	1007.98242188	38.8221740723	32.8984603882
150.811199144	1007.98242188	38.8221740723	32.8984603882
150.811199144	1007.98242188	38.8221740723	32.8984603882
150.811199145	1007.98242188	38.8221740723	32.8984603882
150.811199145	1007.98242188	38.8221740723	32.8984603882
150.811199145	1007.98242188	38.8221740723	32.8984603882
150.811199145	1007.98242188	38.8221740723	32.7888717651
150.811199145	1007.98242188	38.8221740723	32.7888717651
150.811199145	1007.98242188	39.7419471741	32.7888717651
150.811199145	1007.98242188	39.7419471741	32.7888717651
150.811199146	1007.98242188	39.7419471741	32.7888717651
150.811199146	1007.98242188	39.7419471741	32.7888717651
150.811199146	1007.98242188	39.7419471741	32.7888717651
150.811199146	1007.98242188	39.7419471741	32.7888717651
150.811199146	1007.98242188	39.7419471741	32.7888717651
150.811199146	1007.98242188	39.7419471741	32.7888717651
150.811199146	1007.97949219	39.7419471741	32.7888717651
150.811199147	1007.97949219	39.7419471741	32.7888717651
150.811199147	1007.97949219	39.7419471741	32.7888717651
150.811199147	1007.97949219	39.7419471741	32.7888717651
150.811199147	1007.97949219	39.7419471741	32.7888717651
150.811199147	1007.97949219	39.7419471741	32.7888717651
150.811199147	1007.97949219	39.7419471741	32.7888717651
150.811199147	1007.97949219	39.7419471741	32.7888717651
150.811199148	1007.97949219	39.7419471741	32.7888717651
150.811199148	1007.97949219	39.7419471741	32.7888717651
150.811199148	1007.97949219	39.7419471741	32.7888717651
150.811199148	1007.97949219	39.7419471741	32.7888717651
150.811199148	1007.97949219	39.7419471741	32.7888717651
150.811199148	1007.97949219	39.7419471741	32.7888717651
150.811199148	1007.97949219	39.7419471741	32.7888717651
150.811199149	1007.97949219	39.7419471741	32.7888717651
150.811199149	1007.97949219	39.7419471741	32.7888717651
150.811199149	1007.97949219	39.7419471741	32.7888717651
150.811199149	1007.97949219	39.7419471741	32.7888717651
150.811199149	1007.97949219	39.7419471741	32.7888717651
150.811199149	1007.97949219	39.7419471741	32.7888717651
150.811199149	1007.97949219	39.7419471741	32.7888717651
150.811199149	1007.97949219	39.7419471741	32.7888717651
150.81119915	1007.97949219	39.7419471741	32.7888717651
150.81119915	1007.97949219	39.7419471741	32.7888717651
150.81119915	1007.97949219	39.7419471741	32.7888717651
150.81119915	1007.97949219	39.7419471741	32.7888717651
150.81119915	1007.97949219	39.7419471741	32.7888717651
150.81119915	1007.97949219	39.7419471741	32.7888717651
150.81119915	1007.98266602	39.7419471741	32.7888717651
150.811199151	1007.98266602	39.7419471741	32.7888717651
150.811199151	1007.98266602	39.7419471741	32.7888717651
150.811199151	1007.98266602	39.7419471741	32.7888717651
150.811199151	1007.98266602	39.7419471741	32.7888717651
150.811199151	1007.98266602	39.7419471741	32.7888717651
150.811199151	1007.98266602	39.7419471741	32.7888717651
150.811199152	1007.98266602	39.7419471741	32.7888717651
150.811199152	1007.98266602	39.7419471741	32.7888717651
150.811199152	1007.98266602	39.7419471741	32.7888717651
150.811199152	1007.98266602	39.7419471741	32.7888717651
150.811199152	1007.98266602	39.7419471741	32.7888717651
150.811199152	1007.98266602	39.7419471741	32.7888717651
150.811199152	1007.98266602	39.7419471741	32.7888717651
150.811199152	1007.98266602	39.7419471741	32.7888717651
150.811199153	1007.98266602	39.7419471741	32.7888717651
150.811199153	1007.98266602	39.7419471741	32.7888717651
150.811199153	1007.98266602	39.7419471741	32.7888717651
150.811199153	1007.98266602	39.7419471741	32.7888717651
150.811199153	1007.98266602	39.7419471741	32.7888717651
150.811199153	1007.98266602	38.8889312744	32.7888717651
150.811199154	1007.98266602	38.8889312744	32.7888717651
150.811199154	1007.98266602	38.8889312744	32.7888717651
150.811199154	1007.98266602	38.8889312744	32.7888717651
150.811199154	1007.98266602	38.8889312744	32.7888717651
150.811199154	1007.98266602	38.8889312744	32.7888717651
150.811199154	1007.98266602	38.8889312744	32.7888717651
150.811199154	1007.98266602	38.8889312744	32.7888717651
150.811199154	1007.98095703	38.8889312744	32.7888717651
150.811199155	1007.98095703	38.8889312744	32.7888717651
150.811199155	1007.98095703	38.8889312744	32.7888717651
150.811199155	1007.98095703	38.8889312744	32.7888717651
150.811199155	1007.98095703	38.8889312744	32.7888717651
150.811199155	1007.98095703	38.8889312744	32.7888717651
150.811199155	1007.98095703	38.8889312744	32.7888717651
150.811199156	1007.98095703	38.8889312744	32.7888717651
150.811199156	1007.98095703	38.8889312744	32.7888717651
150.811199156	1007.98095703	38.8889312744	32.7888717651
150.811199156	1007.98095703	38.8889312744	32.7888717651
150.811199156	1007.98095703	38.8889312744	32.7888717651
150.811199156	1007.98095703	38.8889312744	32.7888717651
150.811199156	1007.98095703	38.8889312744	32.7888717651
150.811199157	1007.98095703	38.8889312744	32.7888717651
150.811199157	1007.98095703	38.8889312744	32.7888717651
150.811199157	1007.98095703	38.8889312744	32.7888717651
150.811199157	1007.98095703	38.8889312744	32.7888717651
150.811199157	1007.98095703	38.8889312744	32.7888717651
150.811199157	1007.98095703	38.8889312744	32.7888717651
150.811199157	1007.98095703	38.8889312744	32.7888717651
150.811199157	1007.98095703	38.8889312744	32.7888717651
150.811199158	1007.98095703	38.8889312744	32.7888717651
150.811199158	1007.98095703	38.8889312744	32.7888717651
150.811199158	1007.98095703	38.8889312744	32.7888717651
150.811199158	1007.98095703	38.8889312744	32.7888717651
150.811199158	1007.98095703	38.8889312744	32.7888717651
150.811199158	1007.98095703	38.8889312744	32.7888717651
150.811199158	1007.98095703	38.8889312744	32.7888717651
150.811199159	1007.98730469	38.8889312744	32.7888717651
150.811199159	1007.98730469	38.8889312744	32.7888717651
150.811199159	1007.98730469	38.8889312744	32.7888717651
150.811199159	1007.98730469	38.8889312744	32.7888717651
150.811199159	1007.98730469	38.8889312744	32.7888717651
150.811199159	1007.98730469	38.8889312744	32.7888717651
150.811199159	1007.98730469	38.8889312744	32.7888717651
150.81119916	1007.98730469	38.8889312744	32.7888717651
150.81119916	1007.98730469	38.8889312744	32.7888717651
150.81119916	1007.98730469	38.8889312744	32.7888717651
150.81119916	1007.98730469	38.8889312744	32.7888717651
150.81119916	1007.98730469	38.8889312744	32.7888717651
150.81119916	1007.98730469	38.8889312744	32.7888717651
150.81119916	1007.98730469	38.8889312744	32.7888717651
150.811199161	1007.98730469	38.8889312744	32.7888717651
150.811199161	1007.98730469	38.8889312744	32.7888717651
150.811199161	1007.98730469	38.8889312744	32.7888717651
150.811199161	1007.98730469	38.8889312744	32.7888717651
150.811199161	1007.98730469	38.8889312744	32.7340812683
150.811199161	1007.98730469	39.5120048523	32.7340812683
150.811199162	1007.98730469	39.5120048523	32.7340812683
150.811199162	1007.98730469	39.5120048523	32.7340812683
150.811199162	1007.98730469	39.5120048523	32.7340812683
150.811199162	1007.98730469	39.5120048523	32.7340812683
150.811199162	1007.98730469	39.5120048523	32.7340812683
150.811199162	1007.98730469	39.5120048523	32.7340812683
150.811199162	1007.98730469	39.5120048523	32.7340812683
150.811199162	1007.98730469	39.5120048523	32.7340812683
150.811199163	1007.98974609	39.5120048523	32.7340812683
150.811199163	1007.98974609	39.5120048523	32.7340812683
150.811199163	1007.98974609	39.5120048523	32.7340812683
150.811199163	1007.98974609	39.5120048523	32.7340812683
150.811199163	1007.98974609	39.5120048523	32.7340812683
150.811199163	1007.98974609	39.5120048523	32.7340812683
150.811199164	1007.98974609	39.5120048523	32.7340812683
150.811199164	1007.98974609	39.5120048523	32.7340812683
150.811199164	1007.98974609	39.5120048523	32.7340812683
150.811199164	1007.98974609	39.5120048523	32.7340812683
150.811199164	1007.98974609	39.5120048523	32.7340812683
150.811199164	1007.98974609	39.5120048523	32.7340812683
150.811199164	1007.98974609	39.5120048523	32.7340812683
150.811199164	1007.98974609	39.5120048523	32.7340812683
150.811199165	1007.98974609	39.5120048523	32.7340812683
150.811199165	1007.98974609	39.5120048523	32.7340812683
150.811199165	1007.98974609	39.5120048523	32.7340812683
150.811199165	1007.98974609	39.5120048523	32.7340812683
150.811199165	1007.98974609	39.5120048523	32.7340812683
150.811199165	1007.98974609	39.5120048523	32.7340812683
150.811199165	1007.98974609	39.5120048523	32.7340812683
150.811199166	1007.98974609	39.5120048523	32.7340812683
150.811199166	1007.98974609	39.5120048523	32.7340812683
150.811199166	1007.98974609	39.5120048523	32.7340812683
150.811199166	1007.98974609	39.5120048523	32.7340812683
150.811199166	1007.98974609	39.5120048523	32.7340812683
150.811199166	1007.98974609	39.5120048523	32.7340812683
150.811199166	1007.98974609	39.5120048523	32.7340812683
150.811199167	1007.98974609	39.5120048523	32.7340812683
150.811199167	1007.99121094	39.5120048523	32.7340812683
150.811199167	1007.99121094	39.5120048523	32.7340812683
150.811199167	1007.99121094	39.5120048523	32.7340812683
150.811199167	1007.99121094	39.5120048523	32.7340812683
150.811199167	1007.99121094	39.5120048523	32.7340812683
150.811199167	1007.99121094	39.5120048523	32.7340812683
150.811199168	1007.99121094	39.5120048523	32.7340812683
150.811199168	1007.99121094	39.5120048523	32.7340812683
150.811199168	1007.99121094	39.5120048523	32.7340812683
150.811199168	1007.99121094	39.5120048523	32.7340812683
150.811199168	1007.99121094	39.5120048523	32.7340812683
150.811199168	1007.99121094	39.5120048523	32.7340812683
150.811199168	1007.99121094	39.5120048523	32.7340812683
150.811199169	1007.99121094	39.5120048523	32.7340812683
150.811199169	1007.99121094	39.5120048523	32.7340812683
150.811199169	1007.99121094	39.5120048523	32.7340812683
150.811199169	1007.99121094	39.5120048523	32.7340812683
150.811199169	1007.99121094	39.5120048523	32.8071365356
150.811199169	1007.99121094	39.5120048523	32.8071365356
150.811199169	1007.99121094	37.5649032593	32.8071365356
150.81119917	1007.99121094	37.5649032593	32.8071365356
150.81119917	1007.99121094	37.5649032593	32.8071365356
150.81119917	1007.99121094	37.5649032593	32.8071365356
150.81119917	1007.99121094	37.5649032593	32.8071365356
150.81119917	1007.99121094	37.5649032593	32.8071365356
150.81119917	1007.99121094	37.5649032593	32.8071365356
150.81119917	1007.99121094	37.5649032593	32.8071365356
150.811199171	1007.99121094	37.5649032593	32.8071365356
150.811199171	1007.99121094	37.5649032593	32.8071365356
150.811199171	1007.98681641	37.5649032593	32.8071365356
150.811199171	1007.98681641	37.5649032593	32.8071365356
150.811199171	1007.98681641	37.5649032593	32.8071365356
150.811199171	1007.98681641	37.5649032593	32.8071365356
150.811199171	1007.98681641	37.5649032593	32.8071365356
150.811199172	1007.98681641	37.5649032593	32.8071365356
150.811199172	1007.98681641	37.5649032593	32.8071365356
150.811199172	1007.98681641	37.5649032593	32.8071365356
150.811199172	1007.98681641	37.5649032593	32.8071365356
150.811199172	1007.98681641	37.5649032593	32.8071365356
150.811199172	1007.98681641	37.5649032593	32.8071365356
150.811199172	1007.98681641	37.5649032593	32.8071365356
150.811199173	1007.98681641	37.5649032593	32.8071365356
150.811199173	1007.98681641	37.5649032593	32.8071365356
150.811199173	1007.98681641	37.5649032593	32.8071365356
150.811199173	1007.98681641	37.5649032593	32.8071365356
150.811199173	1007.98681641	37.5649032593	32.8071365356
150.811199173	1007.98681641	37.5649032593	32.8071365356
150.811199173	1007.98681641	37.5649032593	32.8071365356
150.811199174	1007.98681641	37.5649032593	32.8071365356
150.811199174	1007.98681641	37.5649032593	32.8071365356
150.811199174	1007.98681641	37.5649032593	32.8071365356
150.811199174	1007.98681641	37.5649032593	32.8071365356
150.811199174	1007.98681641	37.5649032593	32.8071365356
150.811199174	1007.98681641	37.5649032593	32.8071365356
150.811199174	1007.98681641	37.5649032593	32.8071365356
150.811199174	1007.98681641	37.5649032593	32.8071365356
150.811199175	1007.98681641	37.5649032593	32.8071365356
150.811199175	1007.98681641	37.5649032593	32.8071365356
150.811199175	1007.98364258	37.5649032593	32.8071365356
150.811199175	1007.98364258	37.5649032593	32.8071365356
150.811199175	1007.98364258	37.5649032593	32.8071365356
150.811199175	1007.98364258	37.5649032593	32.8071365356
150.811199176	1007.98364258	37.5649032593	32.8071365356
150.811199176	1007.98364258	37.5649032593	32.8071365356
150.811199176	1007.98364258	37.5649032593	32.8071365356
150.811199176	1007.98364258	37.5649032593	32.8071365356
150.811199176	1007.98364258	37.5649032593	32.8071365356
150.811199176	1007.98364258	37.5649032593	32.8071365356
150.811199176	1007.98364258	37.5649032593	32.8071365356
150.811199177	1007.98364258	37.5649032593	32.8071365356
150.811199177	1007.98364258	37.5649032593	32.8071365356
150.811199177	1007.98364258	37.5649032593	32.8071365356
150.811199177	1007.98364258	37.5649032593	32.8071365356
150.811199177	1007.98364258	37.5649032593	32.8071365356
150.811199177	1007.98364258	37.5649032593	32.697555542
150.811199177	1007.98364258	37.5649032593	32.697555542
150.811199178	1007.98364258	39.5453834534	32.697555542
150.811199178	1007.98364258	39.5453834534	32.697555542
150.811199178	1007.98364258	39.5453834534	32.697555542
150.811199178	1007.98364258	39.5453834534	32.697555542
150.811199178	1007.98364258	39.5453834534	32.697555542
150.811199178	1007.98364258	39.5453834534	32.697555542
150.811199178	1007.98364258	39.5453834534	32.697555542
150.811199179	1007.98364258	39.5453834534	32.697555542
150.811199179	1007.98364258	39.5453834534	32.697555542
150.811199179	1007.98364258	39.5453834534	32.697555542
150.811199179	1007.98657227	39.5453834534	32.697555542
150.811199179	1007.98657227	39.5453834534	32.697555542
150.811199179	1007.98657227	39.5453834534	32.697555542
150.811199179	1007.98657227	39.5453834534	32.697555542
150.81119918	1007.98657227	39.5453834534	32.697555542
150.81119918	1007.98657227	39.5453834534	32.697555542
150.81119918	1007.98657227	39.5453834534	32.697555542
150.81119918	1007.98657227	39.5453834534	32.697555542
150.81119918	1007.98657227	39.5453834534	32.697555542
150.81119918	1007.98657227	39.5453834534	32.697555542
150.81119918	1007.98657227	39.5453834534	32.697555542
150.811199181	1007.98657227	39.5453834534	32.697555542
150.811199181	1007.98657227	39.5453834534	32.697555542
150.811199181	1007.98657227	39.5453834534	32.697555542
150.811199181	1007.98657227	39.5453834534	32.697555542
150.811199181	1007.98657227	39.5453834534	32.697555542
150.811199181	1007.98657227	39.5453834534	32.697555542
150.811199181	1007.98657227	39.5453834534	32.697555542
150.811199181	1007.98657227	39.5453834534	32.697555542
150.811199182	1007.98657227	39.5453834534	32.697555542
150.811199182	1007.98657227	39.5453834534	32.697555542
150.811199182	1007.98657227	39.5453834534	32.697555542
150.811199182	1007.98657227	39.5453834534	32.697555542
150.811199182	1007.98657227	39.5453834534	32.697555542
150.811199182	1007.98657227	39.5453834534	32.697555542
150.811199182	1007.98657227	39.5453834534	32.697555542
150.811199183	1007.98657227	39.5453834534	32.697555542
150.811199183	1007.98657227	39.5453834534	32.697555542
150.811199183	1007.98657227	39.5453834534	32.697555542
150.811199183	1007.9831543	39.5453834534	32.697555542
150.811199183	1007.9831543	39.5453834534	32.697555542
150.811199183	1007.9831543	39.5453834534	32.697555542
150.811199184	1007.9831543	39.5453834534	32.697555542
150.811199184	1007.9831543	39.5453834534	32.697555542
150.811199184	1007.9831543	39.5453834534	32.697555542
150.811199184	1007.9831543	39.5453834534	32.697555542
150.811199184	1007.9831543	39.5453834534	32.697555542
150.811199184	1007.9831543	39.5453834534	32.697555542
150.811199184	1007.9831543	39.5453834534	32.697555542
150.811199184	1007.9831543	39.5453834534	32.697555542
150.811199185	1007.9831543	39.5453834534	32.697555542
150.811199185	1007.9831543	39.5453834534	32.697555542
150.811199185	1007.9831543	39.5453834534	32.697555542
150.811199185	1007.9831543	39.5453834534	32.697555542
150.811199185	1007.9831543	39.5453834534	32.697555542
150.811199185	1007.9831543	39.5453834534	32.8254013062
150.811199185	1007.9831543	40.3909835815	32.8254013062
150.811199186	1007.9831543	40.3909835815	32.8254013062
150.811199186	1007.9831543	40.3909835815	32.8254013062
150.811199186	1007.9831543	40.3909835815	32.8254013062
150.811199186	1007.9831543	40.3909835815	32.8254013062
150.811199186	1007.9831543	40.3909835815	32.8254013062
