5.80324517732	1200
time	pressure	humidity	temperature
150.811197731	1008.15869141	40.5086555481	30.884475708
150.811197732	1008.16259766	40.5086555481	30.884475708
150.811197732	1008.16259766	40.5086555481	30.884475708
150.811197732	1008.16259766	40.5086555481	30.6707515717
150.811197733	1008.16259766	39.1725082397	30.6707515717
150.811197733	1008.16259766	39.1725082397	30.6707515717
150.811197733	1008.16259766	39.1725082397	30.6707515717
150.811197733	1008.16259766	39.1725082397	30.6707515717
150.811197734	1008.16259766	39.1725082397	30.6707515717
150.811197734	1008.16259766	39.1725082397	30.6707515717
150.811197734	1008.16259766	39.1725082397	30.6707515717
150.811197734	1008.16259766	39.1725082397	30.6707515717
150.811197734	1008.16259766	39.1725082397	30.6707515717
150.811197735	1008.16259766	39.1725082397	30.6707515717
150.811197735	1008.16259766	39.1725082397	30.6707515717
150.811197735	1008.16259766	39.1725082397	30.6707515717
150.811197735	1008.16259766	39.1725082397	30.6707515717
150.811197736	1008.16430664	39.1725082397	30.6707515717
150.811197736	1008.16430664	39.1725082397	30.6707515717
150.811197736	1008.16430664	39.1725082397	30.6707515717
150.811197736	1008.16430664	39.1725082397	30.6707515717
150.811197737	1008.16430664	39.1725082397	30.6707515717
150.811197737	1008.16430664	39.1725082397	30.6707515717
150.811197737	1008.16430664	39.1725082397	30.6707515717
150.811197737	1008.16430664	39.1725082397	30.6707515717
150.811197738	1008.16430664	39.1725082397	30.6707515717
150.811197738	1008.16430664	39.1725082397	30.6707515717
150.811197738	1008.16430664	39.1725082397	30.6707515717
150.811197738	1008.16430664	39.1725082397	30.6707515717
150.811197738	1008.16430664	39.1725082397	30.6707515717
150.811197739	1008.16430664	39.1725082397	30.6707515717
150.811197739	1008.16430664	39.1725082397	30.6707515717
150.811197739	1008.16430664	39.1725082397	30.6707515717
150.811197739	1008.16430664	39.1725082397	30.6707515717
150.81119774	1008.16430664	39.1725082397	30.6707515717
150.81119774	1008.16601562	39.1725082397	30.6707515717
150.81119774	1008.16601562	39.1725082397	30.7419929504
150.81119774	1008.16601562	37.4933395386	30.7419929504
150.811197741	1008.16601562	37.4933395386	30.7419929504
150.811197741	1008.16601562	37.4933395386	30.7419929504
150.811197741	1008.16601562	37.4933395386	30.7419929504
150.811197741	1008.16601562	37.4933395386	30.7419929504
150.811197742	1008.16601562	37.4933395386	30.7419929504
150.811197742	1008.16601562	37.4933395386	30.7419929504
150.811197742	1008.16601562	37.4933395386	30.7419929504
150.811197742	1008.16601562	37.4933395386	30.7419929504
150.811197743	1008.16601562	37.4933395386	30.7419929504
150.811197743	1008.16601562	37.4933395386	30.7419929504
150.811197743	1008.16601562	37.4933395386	30.7419929504
150.811197743	1008.16601562	37.4933395386	30.7419929504
150.811197743	1008.16601562	37.4933395386	30.7419929504
150.811197744	1008.16601562	37.4933395386	30.7419929504
150.811197744	1008.16796875	37.4933395386	30.7419929504
150.811197744	1008.16796875	37.4933395386	30.7419929504
150.811197745	1008.16796875	37.4933395386	30.7419929504
150.811197745	1008.16796875	37.4933395386	30.7419929504
150.811197745	1008.16796875	37.4933395386	30.7419929504
150.811197745	1008.16796875	37.4933395386	30.7419929504
150.811197745	1008.16796875	37.4933395386	30.7419929504
150.811197746	1008.16796875	37.4933395386	30.7419929504
150.811197746	1008.16796875	37.4933395386	30.7419929504
150.811197746	1008.16796875	37.4933395386	30.7419929504
150.811197746	1008.16796875	37.4933395386	30.7419929504
150.811197747	1008.16796875	37.4933395386	30.7419929504
150.811197747	1008.16796875	37.4933395386	30.7419929504
150.811197747	1008.16796875	37.4933395386	30.7419929504
150.811197747	1008.16796875	37.4933395386	30.7419929504
150.811197747	1008.16796875	37.4933395386	30.7419929504
150.811197748	1008.16796875	37.4933395386	30.7419929504
150.811197748	1008.16796875	37.4933395386	30.7419929504
150.811197748	1008.16821289	37.4933395386	30.795425415
150.811197749	1008.16821289	38.2708511353	30.795425415
150.811197749	1008.16821289	38.2708511353	30.795425415
150.811197749	1008.16821289	38.2708511353	30.795425415
150.811197749	1008.16821289	38.2708511353	30.795425415
150.81119775	1008.16821289	38.2708511353	30.795425415
150.81119775	1008.16821289	38.2708511353	30.795425415
150.81119775	1008.16821289	38.2708511353	30.795425415
150.81119775	1008.16821289	38.2708511353	30.795425415
150.81119775	1008.16821289	38.2708511353	30.795425415
150.811197751	1008.16821289	38.2708511353	30.795425415
150.811197751	1008.16821289	38.2708511353	30.795425415
150.811197751	1008.16821289	38.2708511353	30.795425415
150.811197751	1008.16821289	38.2708511353	30.795425415
150.811197752	1008.16821289	38.2708511353	30.795425415
150.811197752	1008.16821289	38.2708511353	30.795425415
150.811197752	1008.17114258	38.2708511353	30.795425415
150.811197752	1008.17114258	38.2708511353	30.795425415
150.811197753	1008.17114258	38.2708511353	30.795425415
150.811197753	1008.17114258	38.2708511353	30.795425415
150.811197753	1008.17114258	38.2708511353	30.795425415
150.811197753	1008.17114258	38.2708511353	30.795425415
150.811197753	1008.17114258	38.2708511353	30.795425415
150.811197754	1008.17114258	38.2708511353	30.795425415
150.811197754	1008.17114258	38.2708511353	30.795425415
150.811197754	1008.17114258	38.2708511353	30.795425415
150.811197754	1008.17114258	38.2708511353	30.795425415
150.811197755	1008.17114258	38.2708511353	30.795425415
150.811197755	1008.17114258	38.2708511353	30.795425415
150.811197755	1008.17114258	38.2708511353	30.795425415
150.811197755	1008.17114258	38.2708511353	30.795425415
150.811197755	1008.17114258	38.2708511353	30.795425415
150.811197756	1008.17114258	38.2708511353	30.795425415
150.811197756	1008.17114258	38.2708511353	30.7419929504
150.811197756	1008.1706543	37.8755645752	30.7419929504
150.811197757	1008.1706543	37.8755645752	30.7419929504
150.811197757	1008.1706543	37.8755645752	30.7419929504
150.811197757	1008.1706543	37.8755645752	30.7419929504
150.811197757	1008.1706543	37.8755645752	30.7419929504
150.811197758	1008.1706543	37.8755645752	30.7419929504
150.811197758	1008.1706543	37.8755645752	30.7419929504
150.811197758	1008.1706543	37.8755645752	30.7419929504
150.811197758	1008.1706543	37.8755645752	30.7419929504
150.811197758	1008.1706543	37.8755645752	30.7419929504
150.811197759	1008.1706543	37.8755645752	30.7419929504
150.811197759	1008.1706543	37.8755645752	30.7419929504
150.811197759	1008.1706543	37.8755645752	30.7419929504
150.811197759	1008.1706543	37.8755645752	30.7419929504
150.81119776	1008.1706543	37.8755645752	30.7419929504
150.81119776	1008.1706543	37.8755645752	30.7419929504
150.81119776	1008.1706543	37.8755645752	30.7419929504
150.81119776	1008.16699219	37.8755645752	30.7419929504
150.811197761	1008.16699219	37.8755645752	30.7419929504
150.811197761	1008.16699219	37.8755645752	30.7419929504
150.811197761	1008.16699219	37.8755645752	30.7419929504
150.811197761	1008.16699219	37.8755645752	30.7419929504
150.811197762	1008.16699219	37.8755645752	30.7419929504
150.811197762	1008.16699219	37.8755645752	30.7419929504
150.811197762	1008.16699219	37.8755645752	30.7419929504
150.811197762	1008.16699219	37.8755645752	30.7419929504
150.811197762	1008.16699219	37.8755645752	30.7419929504
150.811197763	1008.16699219	37.8755645752	30.7419929504
150.811197763	1008.16699219	37.8755645752	30.7419929504
150.811197763	1008.16699219	37.8755645752	30.7419929504
150.811197763	1008.16699219	37.8755645752	30.7419929504
150.811197764	1008.16699219	37.8755645752	30.7419929504
150.811197764	1008.16699219	37.8755645752	30.8488559723
150.811197764	1008.16699219	42.710521698	30.8488559723
150.811197764	1008.17358398	42.710521698	30.8488559723
150.811197765	1008.17358398	42.710521698	30.8488559723
150.811197765	1008.17358398	42.710521698	30.8488559723
150.811197765	1008.17358398	42.710521698	30.8488559723
150.811197765	1008.17358398	42.710521698	30.8488559723
150.811197766	1008.17358398	42.710521698	30.8488559723
150.811197766	1008.17358398	42.710521698	30.8488559723
150.811197766	1008.17358398	42.710521698	30.8488559723
150.811197766	1008.17358398	42.710521698	30.8488559723
150.811197767	1008.17358398	42.710521698	30.8488559723
150.811197767	1008.17358398	42.710521698	30.8488559723
150.811197767	1008.17358398	42.710521698	30.8488559723
150.811197767	1008.17358398	42.710521698	30.8488559723
150.811197767	1008.17358398	42.710521698	30.8488559723
150.811197768	1008.17358398	42.710521698	30.8488559723
150.811197768	1008.17358398	42.710521698	30.8488559723
150.811197768	1008.17358398	42.710521698	30.8488559723
150.811197768	1008.17358398	42.710521698	30.8488559723
150.811197769	1008.1730957	42.710521698	30.8488559723
150.811197769	1008.1730957	42.710521698	30.8488559723
150.811197769	1008.1730957	42.710521698	30.8488559723
150.811197769	1008.1730957	42.710521698	30.8488559723
150.81119777	1008.1730957	42.710521698	30.8488559723
150.81119777	1008.1730957	42.710521698	30.8488559723
150.81119777	1008.1730957	42.710521698	30.8488559723
150.81119777	1008.1730957	42.710521698	30.8488559723
150.811197771	1008.1730957	42.710521698	30.8488559723
150.811197771	1008.1730957	42.710521698	30.8488559723
150.811197771	1008.1730957	42.710521698	30.8488559723
150.811197771	1008.1730957	42.710521698	30.8488559723
150.811197771	1008.1730957	42.710521698	30.8488559723
150.811197772	1008.1730957	42.710521698	30.7419929504
150.811197772	1008.1730957	40.9986839294	30.7419929504
150.811197772	1008.1730957	40.9986839294	30.7419929504
150.811197772	1008.1730957	40.9986839294	30.7419929504
150.811197773	1008.17675781	40.9986839294	30.7419929504
150.811197773	1008.17675781	40.9986839294	30.7419929504
150.811197773	1008.17675781	40.9986839294	30.7419929504
150.811197774	1008.17675781	40.9986839294	30.7419929504
150.811197774	1008.17675781	40.9986839294	30.7419929504
150.811197774	1008.17675781	40.9986839294	30.7419929504
150.811197774	1008.17675781	40.9986839294	30.7419929504
150.811197774	1008.17675781	40.9986839294	30.7419929504
150.811197775	1008.17675781	40.9986839294	30.7419929504
150.811197775	1008.17675781	40.9986839294	30.7419929504
150.811197775	1008.17675781	40.9986839294	30.7419929504
150.811197775	1008.17675781	40.9986839294	30.7419929504
150.811197776	1008.17675781	40.9986839294	30.7419929504
150.811197776	1008.17675781	40.9986839294	30.7419929504
150.811197776	1008.17675781	40.9986839294	30.7419929504
150.811197776	1008.17675781	40.9986839294	30.7419929504
150.811197776	1008.17675781	40.9986839294	30.7419929504
150.811197777	1008.17724609	40.9986839294	30.7419929504
150.811197777	1008.17724609	40.9986839294	30.7419929504
150.811197777	1008.17724609	40.9986839294	30.7419929504
150.811197778	1008.17724609	40.9986839294	30.7419929504
150.811197778	1008.17724609	40.9986839294	30.7419929504
150.811197778	1008.17724609	40.9986839294	30.7419929504
150.811197778	1008.17724609	40.9986839294	30.7419929504
150.811197778	1008.17724609	40.9986839294	30.7419929504
150.811197779	1008.17724609	40.9986839294	30.7419929504
150.811197779	1008.17724609	40.9986839294	30.7419929504
150.811197779	1008.17724609	40.9986839294	30.7419929504
150.811197779	1008.17724609	40.9986839294	30.7419929504
150.81119778	1008.17724609	40.9986839294	30.759803772
150.81119778	1008.17724609	40.4204483032	30.759803772
150.81119778	1008.17724609	40.4204483032	30.759803772
150.81119778	1008.17724609	40.4204483032	30.759803772
150.811197781	1008.17724609	40.4204483032	30.759803772
150.811197781	1008.17626953	40.4204483032	30.759803772
150.811197781	1008.17626953	40.4204483032	30.759803772
150.811197781	1008.17626953	40.4204483032	30.759803772
150.811197782	1008.17626953	40.4204483032	30.759803772
150.811197782	1008.17626953	40.4204483032	30.759803772
150.811197782	1008.17626953	40.4204483032	30.759803772
150.811197782	1008.17626953	40.4204483032	30.759803772
150.811197783	1008.17626953	40.4204483032	30.759803772
150.811197783	1008.17626953	40.4204483032	30.759803772
150.811197783	1008.17626953	40.4204483032	30.759803772
150.811197783	1008.17626953	40.4204483032	30.759803772
150.811197783	1008.17626953	40.4204483032	30.759803772
150.811197784	1008.17626953	40.4204483032	30.759803772
150.811197784	1008.17626953	40.4204483032	30.759803772
150.811197784	1008.17626953	40.4204483032	30.759803772
150.811197784	1008.17626953	40.4204483032	30.759803772
150.811197785	1008.17626953	40.4204483032	30.759803772
150.811197785	1008.17626953	40.4204483032	30.759803772
150.811197785	1008.17285156	40.4204483032	30.759803772
150.811197785	1008.17285156	40.4204483032	30.759803772
150.811197786	1008.17285156	40.4204483032	30.759803772
150.811197786	1008.17285156	40.4204483032	30.759803772
150.811197786	1008.17285156	40.4204483032	30.759803772
150.811197786	1008.17285156	40.4204483032	30.759803772
150.811197786	1008.17285156	40.4204483032	30.759803772
150.811197787	1008.17285156	40.4204483032	30.759803772
150.811197787	1008.17285156	40.4204483032	30.759803772
150.811197787	1008.17285156	40.4204483032	30.759803772
150.811197787	1008.17285156	40.4204483032	30.7241821289
150.811197788	1008.17285156	43.7689857483	30.7241821289
150.811197788	1008.17285156	43.7689857483	30.7241821289
150.811197788	1008.17285156	43.7689857483	30.7241821289
150.811197788	1008.17285156	43.7689857483	30.7241821289
150.811197789	1008.17285156	43.7689857483	30.7241821289
150.811197789	1008.17285156	43.7689857483	30.7241821289
150.811197789	1008.17138672	43.7689857483	30.7241821289
150.81119779	1008.17138672	43.7689857483	30.7241821289
150.81119779	1008.17138672	43.7689857483	30.7241821289
150.81119779	1008.17138672	43.7689857483	30.7241821289
150.81119779	1008.17138672	43.7689857483	30.7241821289
150.81119779	1008.17138672	43.7689857483	30.7241821289
150.811197791	1008.17138672	43.7689857483	30.7241821289
150.811197791	1008.17138672	43.7689857483	30.7241821289
150.811197791	1008.17138672	43.7689857483	30.7241821289
150.811197791	1008.17138672	43.7689857483	30.7241821289
150.811197792	1008.17138672	43.7689857483	30.7241821289
150.811197792	1008.17138672	43.7689857483	30.7241821289
150.811197792	1008.17138672	43.7689857483	30.7241821289
150.811197792	1008.17138672	43.7689857483	30.7241821289
150.811197792	1008.17138672	43.7689857483	30.7241821289
150.811197793	1008.17138672	43.7689857483	30.7241821289
150.811197793	1008.17138672	43.7689857483	30.7241821289
150.811197793	1008.17041016	43.7689857483	30.7241821289
150.811197793	1008.17041016	43.7689857483	30.7241821289
150.811197794	1008.17041016	43.7689857483	30.7241821289
150.811197794	1008.17041016	43.7689857483	30.7241821289
150.811197794	1008.17041016	43.7689857483	30.7241821289
150.811197794	1008.17041016	43.7689857483	30.7241821289
150.811197795	1008.17041016	43.7689857483	30.7241821289
150.811197795	1008.17041016	43.7689857483	30.7241821289
150.811197795	1008.17041016	43.7689857483	30.7241821289
150.811197795	1008.17041016	43.7689857483	30.759803772
150.811197796	1008.17041016	41.1750946045	30.759803772
150.811197796	1008.17041016	41.1750946045	30.759803772
150.811197796	1008.17041016	41.1750946045	30.759803772
150.811197796	1008.17041016	41.1750946045	30.759803772
150.811197797	1008.17041016	41.1750946045	30.759803772
150.811197797	1008.17041016	41.1750946045	30.759803772
150.811197797	1008.17041016	41.1750946045	30.759803772
150.811197797	1008.17236328	41.1750946045	30.759803772
150.811197798	1008.17236328	41.1750946045	30.759803772
150.811197798	1008.17236328	41.1750946045	30.759803772
150.811197798	1008.17236328	41.1750946045	30.759803772
150.811197798	1008.17236328	41.1750946045	30.759803772
150.811197798	1008.17236328	41.1750946045	30.759803772
150.811197799	1008.17236328	41.1750946045	30.759803772
150.811197799	1008.17236328	41.1750946045	30.759803772
150.811197799	1008.17236328	41.1750946045	30.759803772
150.811197799	1008.17236328	41.1750946045	30.759803772
150.8111978	1008.17236328	41.1750946045	30.759803772
150.8111978	1008.17236328	41.1750946045	30.759803772
150.8111978	1008.17236328	41.1750946045	30.759803772
150.8111978	1008.17236328	41.1750946045	30.759803772
150.8111978	1008.17236328	41.1750946045	30.759803772
150.811197801	1008.17236328	41.1750946045	30.759803772
150.811197801	1008.17236328	41.1750946045	30.759803772
150.811197801	1008.17236328	41.1750946045	30.759803772
150.811197801	1008.17114258	41.1750946045	30.759803772
150.811197802	1008.17114258	41.1750946045	30.759803772
150.811197802	1008.17114258	41.1750946045	30.759803772
150.811197802	1008.17114258	41.1750946045	30.759803772
150.811197802	1008.17114258	41.1750946045	30.759803772
150.811197803	1008.17114258	41.1750946045	30.759803772
150.811197803	1008.17114258	41.1750946045	30.759803772
150.811197803	1008.17114258	41.1750946045	30.8132362366
150.811197803	1008.17114258	41.0052185059	30.8132362366
150.811197804	1008.17114258	41.0052185059	30.8132362366
150.811197804	1008.17114258	41.0052185059	30.8132362366
150.811197804	1008.17114258	41.0052185059	30.8132362366
150.811197804	1008.17114258	41.0052185059	30.8132362366
150.811197805	1008.17114258	41.0052185059	30.8132362366
150.811197805	1008.17114258	41.0052185059	30.8132362366
150.811197805	1008.17114258	41.0052185059	30.8132362366
150.811197805	1008.17114258	41.0052185059	30.8132362366
150.811197805	1008.17773438	41.0052185059	30.8132362366
150.811197806	1008.17773438	41.0052185059	30.8132362366
150.811197806	1008.17773438	41.0052185059	30.8132362366
150.811197806	1008.17773438	41.0052185059	30.8132362366
150.811197807	1008.17773438	41.0052185059	30.8132362366
150.811197807	1008.17773438	41.0052185059	30.8132362366
150.811197807	1008.17773438	41.0052185059	30.8132362366
150.811197807	1008.17773438	41.0052185059	30.8132362366
150.811197807	1008.17773438	41.0052185059	30.8132362366
150.811197808	1008.17773438	41.0052185059	30.8132362366
150.811197808	1008.17773438	41.0052185059	30.8132362366
150.811197808	1008.17773438	41.0052185059	30.8132362366
150.811197808	1008.17773438	41.0052185059	30.8132362366
150.811197809	1008.17773438	41.0052185059	30.8132362366
150.811197809	1008.17773438	41.0052185059	30.8132362366
150.811197809	1008.17773438	41.0052185059	30.8132362366
150.811197809	1008.17773438	41.0052185059	30.8132362366
150.811197809	1008.17773438	41.0052185059	30.8132362366
150.81119781	1008.17724609	41.0052185059	30.8132362366
150.81119781	1008.17724609	41.0052185059	30.8132362366
150.81119781	1008.17724609	41.0052185059	30.8132362366
150.811197811	1008.17724609	41.0052185059	30.8132362366
150.811197811	1008.17724609	41.0052185059	30.8132362366
150.811197811	1008.17724609	41.0052185059	30.759803772
150.811197811	1008.17724609	40.3812484741	30.759803772
150.811197812	1008.17724609	40.3812484741	30.759803772
150.811197812	1008.17724609	40.3812484741	30.759803772
150.811197812	1008.17724609	40.3812484741	30.759803772
150.811197812	1008.17724609	40.3812484741	30.759803772
150.811197812	1008.17724609	40.3812484741	30.759803772
150.811197813	1008.17724609	40.3812484741	30.759803772
150.811197813	1008.17724609	40.3812484741	30.759803772
150.811197813	1008.17724609	40.3812484741	30.759803772
150.811197813	1008.17724609	40.3812484741	30.759803772
150.811197814	1008.17724609	40.3812484741	30.759803772
150.811197814	1008.18334961	40.3812484741	30.759803772
150.811197814	1008.18334961	40.3812484741	30.759803772
150.811197814	1008.18334961	40.3812484741	30.759803772
150.811197815	1008.18334961	40.3812484741	30.759803772
150.811197815	1008.18334961	40.3812484741	30.759803772
150.811197815	1008.18334961	40.3812484741	30.759803772
150.811197815	1008.18334961	40.3812484741	30.759803772
150.811197816	1008.18334961	40.3812484741	30.759803772
150.811197816	1008.18334961	40.3812484741	30.759803772
150.811197816	1008.18334961	40.3812484741	30.759803772
150.811197816	1008.18334961	40.3812484741	30.759803772
150.811197816	1008.18334961	40.3812484741	30.759803772
150.811197817	1008.18334961	40.3812484741	30.759803772
150.811197817	1008.18334961	40.3812484741	30.759803772
150.811197817	1008.18334961	40.3812484741	30.759803772
150.811197817	1008.18334961	40.3812484741	30.759803772
150.811197818	1008.18334961	40.3812484741	30.759803772
150.811197818	1008.18701172	40.3812484741	30.759803772
150.811197818	1008.18701172	40.3812484741	30.759803772
150.811197818	1008.18701172	40.3812484741	30.759803772
150.811197819	1008.18701172	40.3812484741	30.759803772
150.811197819	1008.18701172	40.3812484741	30.795425415
150.811197819	1008.18701172	38.4211273193	30.795425415
150.811197819	1008.18701172	38.4211273193	30.795425415
150.81119782	1008.18701172	38.4211273193	30.795425415
150.81119782	1008.18701172	38.4211273193	30.795425415
150.81119782	1008.18701172	38.4211273193	30.795425415
150.81119782	1008.18701172	38.4211273193	30.795425415
150.811197821	1008.18701172	38.4211273193	30.795425415
150.811197821	1008.18701172	38.4211273193	30.795425415
150.811197821	1008.18701172	38.4211273193	30.795425415
150.811197821	1008.18701172	38.4211273193	30.795425415
150.811197821	1008.18701172	38.4211273193	30.795425415
150.811197822	1008.18701172	38.4211273193	30.795425415
150.811197822	1008.19140625	38.4211273193	30.795425415
150.811197822	1008.19140625	38.4211273193	30.795425415
150.811197823	1008.19140625	38.4211273193	30.795425415
150.811197823	1008.19140625	38.4211273193	30.795425415
150.811197823	1008.19140625	38.4211273193	30.795425415
150.811197823	1008.19140625	38.4211273193	30.795425415
150.811197823	1008.19140625	38.4211273193	30.795425415
150.811197824	1008.19140625	38.4211273193	30.795425415
150.811197824	1008.19140625	38.4211273193	30.795425415
150.811197824	1008.19140625	38.4211273193	30.795425415
150.811197824	1008.19140625	38.4211273193	30.795425415
150.811197825	1008.19140625	38.4211273193	30.795425415
150.811197825	1008.19140625	38.4211273193	30.795425415
150.811197825	1008.19140625	38.4211273193	30.795425415
150.811197825	1008.19140625	38.4211273193	30.795425415
150.811197825	1008.19140625	38.4211273193	30.795425415
150.811197826	1008.19140625	38.4211273193	30.795425415
150.811197826	1008.19140625	38.4211273193	30.795425415
150.811197826	1008.19067383	38.4211273193	30.795425415
150.811197826	1008.19067383	38.4211273193	30.795425415
150.811197827	1008.19067383	38.4211273193	30.8132362366
150.811197827	1008.19067383	40.9496841431	30.8132362366
150.811197827	1008.19067383	40.9496841431	30.8132362366
150.811197828	1008.19067383	40.9496841431	30.8132362366
150.811197828	1008.19067383	40.9496841431	30.8132362366
150.811197828	1008.19067383	40.9496841431	30.8132362366
150.811197828	1008.19067383	40.9496841431	30.8132362366
150.811197828	1008.19067383	40.9496841431	30.8132362366
150.811197829	1008.19067383	40.9496841431	30.8132362366
150.811197829	1008.19067383	40.9496841431	30.8132362366
150.811197829	1008.19067383	40.9496841431	30.8132362366
150.811197829	1008.19067383	40.9496841431	30.8132362366
150.81119783	1008.19067383	40.9496841431	30.8132362366
150.81119783	1008.19067383	40.9496841431	30.8132362366
150.81119783	1008.19067383	40.9496841431	30.8132362366
150.81119783	1008.19091797	40.9496841431	30.8132362366
150.811197831	1008.19091797	40.9496841431	30.8132362366
150.811197831	1008.19091797	40.9496841431	30.8132362366
150.811197831	1008.19091797	40.9496841431	30.8132362366
150.811197831	1008.19091797	40.9496841431	30.8132362366
150.811197832	1008.19091797	40.9496841431	30.8132362366
150.811197832	1008.19091797	40.9496841431	30.8132362366
150.811197832	1008.19091797	40.9496841431	30.8132362366
150.811197832	1008.19091797	40.9496841431	30.8132362366
150.811197833	1008.19091797	40.9496841431	30.8132362366
150.811197833	1008.19091797	40.9496841431	30.8132362366
150.811197833	1008.19091797	40.9496841431	30.8132362366
150.811197833	1008.19091797	40.9496841431	30.8132362366
150.811197834	1008.19091797	40.9496841431	30.8132362366
150.811197834	1008.19091797	40.9496841431	30.8132362366
150.811197834	1008.19091797	40.9496841431	30.8132362366
150.811197834	1008.19848633	40.9496841431	30.8132362366
150.811197835	1008.19848633	40.9496841431	30.7241821289
150.811197835	1008.19848633	42.8444633484	30.7241821289
150.811197835	1008.19848633	42.8444633484	30.7241821289
150.811197835	1008.19848633	42.8444633484	30.7241821289
150.811197836	1008.19848633	42.8444633484	30.7241821289
150.811197836	1008.19848633	42.8444633484	30.7241821289
150.811197836	1008.19848633	42.8444633484	30.7241821289
150.811197836	1008.19848633	42.8444633484	30.7241821289
150.811197837	1008.19848633	42.8444633484	30.7241821289
150.811197837	1008.19848633	42.8444633484	30.7241821289
150.811197837	1008.19848633	42.8444633484	30.7241821289
150.811197837	1008.19848633	42.8444633484	30.7241821289
150.811197837	1008.19848633	42.8444633484	30.7241821289
150.811197838	1008.19848633	42.8444633484	30.7241821289
150.811197838	1008.19848633	42.8444633484	30.7241821289
150.811197838	1008.19848633	42.8444633484	30.7241821289
150.811197838	1008.20092773	42.8444633484	30.7241821289
150.811197839	1008.20092773	42.8444633484	30.7241821289
150.811197839	1008.20092773	42.8444633484	30.7241821289
150.811197839	1008.20092773	42.8444633484	30.7241821289
150.811197839	1008.20092773	42.8444633484	30.7241821289
150.81119784	1008.20092773	42.8444633484	30.7241821289
150.81119784	1008.20092773	42.8444633484	30.7241821289
150.81119784	1008.20092773	42.8444633484	30.7241821289
150.81119784	1008.20092773	42.8444633484	30.7241821289
150.81119784	1008.20092773	42.8444633484	30.7241821289
150.811197841	1008.20092773	42.8444633484	30.7241821289
150.811197841	1008.20092773	42.8444633484	30.7241821289
150.811197841	1008.20092773	42.8444633484	30.7241821289
150.811197841	1008.20092773	42.8444633484	30.7241821289
150.811197842	1008.20092773	42.8444633484	30.7241821289
150.811197842	1008.20092773	42.8444633484	30.7241821289
150.811197842	1008.20092773	42.8444633484	30.7241821289
150.811197842	1008.20092773	42.8444633484	30.8132362366
150.811197843	1008.20141602	39.6886749268	30.8132362366
150.811197843	1008.20141602	39.6886749268	30.8132362366
150.811197843	1008.20141602	39.6886749268	30.8132362366
150.811197843	1008.20141602	39.6886749268	30.8132362366
150.811197844	1008.20141602	39.6886749268	30.8132362366
150.811197844	1008.20141602	39.6886749268	30.8132362366
150.811197844	1008.20141602	39.6886749268	30.8132362366
150.811197844	1008.20141602	39.6886749268	30.8132362366
150.811197845	1008.20141602	39.6886749268	30.8132362366
150.811197845	1008.20141602	39.6886749268	30.8132362366
150.811197845	1008.20141602	39.6886749268	30.8132362366
150.811197845	1008.20141602	39.6886749268	30.8132362366
150.811197845	1008.20141602	39.6886749268	30.8132362366
150.811197846	1008.20141602	39.6886749268	30.8132362366
150.811197846	1008.20141602	39.6886749268	30.8132362366
150.811197846	1008.20141602	39.6886749268	30.8132362366
150.811197846	1008.20141602	39.6886749268	30.8132362366
150.811197847	1008.20776367	39.6886749268	30.8132362366
150.811197847	1008.20776367	39.6886749268	30.8132362366
150.811197847	1008.20776367	39.6886749268	30.8132362366
150.811197847	1008.20776367	39.6886749268	30.8132362366
150.811197848	1008.20776367	39.6886749268	30.8132362366
150.811197848	1008.20776367	39.6886749268	30.8132362366
150.811197848	1008.20776367	39.6886749268	30.8132362366
150.811197848	1008.20776367	39.6886749268	30.8132362366
150.811197849	1008.20776367	39.6886749268	30.8132362366
150.811197849	1008.20776367	39.6886749268	30.8132362366
150.811197849	1008.20776367	39.6886749268	30.8132362366
150.811197849	1008.20776367	39.6886749268	30.8132362366
150.811197849	1008.20776367	39.6886749268	30.8132362366
150.81119785	1008.20776367	39.6886749268	30.8132362366
150.81119785	1008.20776367	39.6886749268	30.8132362366
150.81119785	1008.20776367	39.6886749268	30.8488559723
150.81119785	1008.20776367	37.6044120789	30.8488559723
150.811197851	1008.21142578	37.6044120789	30.8488559723
150.811197851	1008.21142578	37.6044120789	30.8488559723
150.811197851	1008.21142578	37.6044120789	30.8488559723
150.811197852	1008.21142578	37.6044120789	30.8488559723
150.811197852	1008.21142578	37.6044120789	30.8488559723
150.811197852	1008.21142578	37.6044120789	30.8488559723
150.811197852	1008.21142578	37.6044120789	30.8488559723
150.811197852	1008.21142578	37.6044120789	30.8488559723
150.811197853	1008.21142578	37.6044120789	30.8488559723
150.811197853	1008.21142578	37.6044120789	30.8488559723
150.811197853	1008.21142578	37.6044120789	30.8488559723
150.811197853	1008.21142578	37.6044120789	30.8488559723
150.811197854	1008.21142578	37.6044120789	30.8488559723
150.811197854	1008.21142578	37.6044120789	30.8488559723
150.811197854	1008.21142578	37.6044120789	30.8488559723
150.811197854	1008.21142578	37.6044120789	30.8488559723
150.811197854	1008.21142578	37.6044120789	30.8488559723
150.811197855	1008.21826172	37.6044120789	30.8488559723
150.811197855	1008.21826172	37.6044120789	30.8488559723
150.811197855	1008.21826172	37.6044120789	30.8488559723
150.811197856	1008.21826172	37.6044120789	30.8488559723
150.811197856	1008.21826172	37.6044120789	30.8488559723
150.811197856	1008.21826172	37.6044120789	30.8488559723
150.811197856	1008.21826172	37.6044120789	30.8488559723
150.811197856	1008.21826172	37.6044120789	30.8488559723
150.811197857	1008.21826172	37.6044120789	30.8488559723
150.811197857	1008.21826172	37.6044120789	30.8488559723
150.811197857	1008.21826172	37.6044120789	30.8488559723
150.811197857	1008.21826172	37.6044120789	30.8488559723
150.811197858	1008.21826172	37.6044120789	30.8488559723
150.811197858	1008.21826172	37.6044120789	30.8488559723
150.811197858	1008.21826172	37.6044120789	30.759803772
150.811197858	1008.21826172	41.7141265869	30.759803772
150.811197859	1008.21826172	41.7141265869	30.759803772
150.811197859	1008.21875	41.7141265869	30.759803772
150.811197859	1008.21875	41.7141265869	30.759803772
150.811197859	1008.21875	41.7141265869	30.759803772
150.81119786	1008.21875	41.7141265869	30.759803772
150.81119786	1008.21875	41.7141265869	30.759803772
150.81119786	1008.21875	41.7141265869	30.759803772
150.81119786	1008.21875	41.7141265869	30.759803772
150.811197861	1008.21875	41.7141265869	30.759803772
150.811197861	1008.21875	41.7141265869	30.759803772
150.811197861	1008.21875	41.7141265869	30.759803772
150.811197861	1008.21875	41.7141265869	30.759803772
150.811197861	1008.21875	41.7141265869	30.759803772
150.811197862	1008.21875	41.7141265869	30.759803772
150.811197862	1008.21875	41.7141265869	30.759803772
150.811197862	1008.21875	41.7141265869	30.759803772
150.811197862	1008.21875	41.7141265869	30.759803772
150.811197863	1008.21875	41.7141265869	30.759803772
150.811197863	1008.21875	41.7141265869	30.759803772
150.811197863	1008.21435547	41.7141265869	30.759803772
150.811197864	1008.21435547	41.7141265869	30.759803772
150.811197864	1008.21435547	41.7141265869	30.759803772
150.811197864	1008.21435547	41.7141265869	30.759803772
150.811197864	1008.21435547	41.7141265869	30.759803772
150.811197864	1008.21435547	41.7141265869	30.759803772
150.811197865	1008.21435547	41.7141265869	30.759803772
150.811197865	1008.21435547	41.7141265869	30.759803772
150.811197865	1008.21435547	41.7141265869	30.759803772
150.811197865	1008.21435547	41.7141265869	30.759803772
150.811197866	1008.21435547	41.7141265869	30.759803772
150.811197866	1008.21435547	41.7141265869	30.8132362366
150.811197866	1008.21435547	41.7141265869	30.8132362366
150.811197866	1008.21435547	40.1166305542	30.8132362366
150.811197867	1008.21435547	40.1166305542	30.8132362366
150.811197867	1008.21435547	40.1166305542	30.8132362366
150.811197867	1008.21606445	40.1166305542	30.8132362366
150.811197867	1008.21606445	40.1166305542	30.8132362366
150.811197868	1008.21606445	40.1166305542	30.8132362366
150.811197868	1008.21606445	40.1166305542	30.8132362366
150.811197868	1008.21606445	40.1166305542	30.8132362366
150.811197868	1008.21606445	40.1166305542	30.8132362366
150.811197869	1008.21606445	40.1166305542	30.8132362366
150.811197869	1008.21606445	40.1166305542	30.8132362366
150.811197869	1008.21606445	40.1166305542	30.8132362366
150.811197869	1008.21606445	40.1166305542	30.8132362366
150.811197869	1008.21606445	40.1166305542	30.8132362366
150.81119787	1008.21606445	40.1166305542	30.8132362366
150.81119787	1008.21606445	40.1166305542	30.8132362366
150.81119787	1008.21606445	40.1166305542	30.8132362366
150.81119787	1008.21606445	40.1166305542	30.8132362366
150.811197871	1008.21606445	40.1166305542	30.8132362366
150.811197871	1008.21606445	40.1166305542	30.8132362366
150.811197871	1008.21606445	40.1166305542	30.8132362366
150.811197871	1008.21606445	40.1166305542	30.8132362366
150.811197872	1008.21606445	40.1166305542	30.8132362366
150.811197872	1008.21606445	40.1166305542	30.8132362366
150.811197872	1008.21606445	40.1166305542	30.8132362366
150.811197872	1008.21606445	40.1166305542	30.8132362366
150.811197873	1008.21606445	40.1166305542	30.8132362366
150.811197873	1008.21606445	40.1166305542	30.8132362366
150.811197873	1008.21606445	40.1166305542	30.8132362366
150.811197873	1008.21606445	40.1166305542	30.8132362366
150.811197873	1008.21606445	40.1166305542	30.8132362366
150.811197874	1008.21606445	40.1166305542	30.8132362366
150.811197874	1008.21606445	40.1166305542	30.7776145935
150.811197874	1008.21606445	40.7210006714	30.7776145935
150.811197874	1008.21606445	40.7210006714	30.7776145935
150.811198983	1009.01635742	37.9953727722	31.10887146
150.811198983	1009.01635742	37.9953727722	31.10887146
150.811198983	1009.01635742	37.9953727722	31.10887146
150.811198984	1009.01635742	37.9953727722	31.10887146
150.811198984	1009.01635742	37.9953727722	31.10887146
150.811198984	1009.01635742	37.9953727722	31.1271839142
150.811198984	1009.01635742	37.9953727722	31.1271839142
150.811198984	1009.01269531	39.9825973511	31.1271839142
150.811198986	1009.01269531	39.9825973511	31.1271839142
150.811198986	1009.01269531	39.9825973511	31.1271839142
150.811198986	1009.01269531	39.9825973511	31.1271839142
150.811198987	1009.01269531	39.9825973511	31.1271839142
150.811198987	1009.01269531	39.9825973511	31.1271839142
150.811198987	1009.01269531	39.9825973511	31.1271839142
150.811198987	1009.01269531	39.9825973511	31.1271839142
150.811198987	1009.01269531	39.9825973511	31.1271839142
150.811198988	1009.01269531	39.9825973511	31.1271839142
150.811198988	1009.01269531	39.9825973511	31.1271839142
150.811198988	1009.01269531	39.9825973511	31.1271839142
150.811198988	1009.01269531	39.9825973511	31.1271839142
150.811198988	1009.01269531	39.9825973511	31.1271839142
150.811198988	1009.01269531	39.9825973511	31.1271839142
150.811198988	1009.01269531	39.9825973511	31.1271839142
150.811198988	1009.01269531	39.9825973511	31.1271839142
150.811198989	1009.01269531	39.9825973511	31.1271839142
150.811198989	1009.01269531	39.9825973511	31.1271839142
150.811198989	1009.01269531	39.9825973511	31.1271839142
150.811198989	1009.01123047	39.9825973511	31.1271839142
150.811198989	1009.01123047	39.9825973511	31.1271839142
150.811198989	1009.01123047	39.9825973511	31.1271839142
150.81119899	1009.01123047	39.9825973511	31.1271839142
150.81119899	1009.01123047	39.9825973511	31.1271839142
150.81119899	1009.01123047	39.9825973511	31.1271839142
150.81119899	1009.01123047	39.9825973511	31.1271839142
150.81119899	1009.01123047	39.9825973511	31.1271839142
150.81119899	1009.01123047	39.9825973511	31.1271839142
150.81119899	1009.01123047	39.9825973511	31.1271839142
150.81119899	1009.01123047	39.9825973511	31.1271839142
150.811198991	1009.01123047	39.9825973511	31.1271839142
150.811198991	1009.01123047	39.9825973511	31.1271839142
150.811198991	1009.01123047	39.9825973511	31.1271839142
150.811198991	1009.01123047	39.9825973511	31.1271839142
150.811198991	1009.01123047	39.9825973511	31.1271839142
150.811198991	1009.01123047	39.9825973511	31.1271839142
150.811198991	1009.01123047	39.9825973511	31.1271839142
150.811198992	1009.01123047	39.9825973511	31.1271839142
150.811198992	1009.01123047	39.9825973511	31.1271839142
150.811198992	1009.01123047	39.9825973511	31.2553749084
150.811198992	1009.01123047	39.9825973511	31.2553749084
150.811198992	1009.01123047	36.4372444153	31.2553749084
150.811198992	1009.01123047	36.4372444153	31.2553749084
150.811198992	1009.01123047	36.4372444153	31.2553749084
150.811198993	1009.01123047	36.4372444153	31.2553749084
150.811198993	1009.01123047	36.4372444153	31.2553749084
150.811198993	1009.01123047	36.4372444153	31.2553749084
150.811198993	1009.01123047	36.4372444153	31.2553749084
150.811198993	1009.01147461	36.4372444153	31.2553749084
150.811198993	1009.01147461	36.4372444153	31.2553749084
150.811198994	1009.01147461	36.4372444153	31.2553749084
150.811198994	1009.01147461	36.4372444153	31.2553749084
150.811198994	1009.01147461	36.4372444153	31.2553749084
150.811198994	1009.01147461	36.4372444153	31.2553749084
150.811198994	1009.01147461	36.4372444153	31.2553749084
150.811198994	1009.01147461	36.4372444153	31.2553749084
150.811198994	1009.01147461	36.4372444153	31.2553749084
150.811198995	1009.01147461	36.4372444153	31.2553749084
150.811198995	1009.01147461	36.4372444153	31.2553749084
150.811198995	1009.01147461	36.4372444153	31.2553749084
150.811198995	1009.01147461	36.4372444153	31.2553749084
150.811198995	1009.01147461	36.4372444153	31.2553749084
150.811198995	1009.01147461	36.4372444153	31.2553749084
150.811198995	1009.01147461	36.4372444153	31.2553749084
150.811198995	1009.01147461	36.4372444153	31.2553749084
150.811198996	1009.01147461	36.4372444153	31.2553749084
150.811198996	1009.01147461	36.4372444153	31.2553749084
150.811198996	1009.01147461	36.4372444153	31.2553749084
150.811198996	1009.01147461	36.4372444153	31.2553749084
150.811198996	1009.01147461	36.4372444153	31.2553749084
150.811198996	1009.01147461	36.4372444153	31.2553749084
150.811198996	1009.01147461	36.4372444153	31.2553749084
150.811198997	1009.01147461	36.4372444153	31.2553749084
150.811198997	1009.01147461	36.4372444153	31.2553749084
150.811198997	1009.01147461	36.4372444153	31.2553749084
150.811198997	1009.01147461	36.4372444153	31.2553749084
150.811198997	1009.01147461	36.4372444153	31.2553749084
150.811198997	1009.01000977	36.4372444153	31.2553749084
150.811198997	1009.01000977	36.4372444153	31.2553749084
150.811198998	1009.01000977	36.4372444153	31.2553749084
150.811198998	1009.01000977	36.4372444153	31.2553749084
150.811198998	1009.01000977	36.4372444153	31.2553749084
150.811198998	1009.01000977	36.4372444153	31.2553749084
150.811198998	1009.01000977	36.4372444153	31.2553749084
150.811198998	1009.01000977	36.4372444153	31.2553749084
150.811198998	1009.01000977	36.4372444153	31.2553749084
150.811198999	1009.01000977	36.4372444153	31.2553749084
150.811198999	1009.01000977	36.4372444153	31.2553749084
150.811198999	1009.01000977	36.4372444153	31.2553749084
150.811198999	1009.01000977	36.4372444153	31.2553749084
150.811198999	1009.01000977	36.4372444153	31.2553749084
150.811198999	1009.01000977	36.4372444153	31.2553749084
150.811198999	1009.01000977	36.4372444153	31.2553749084
150.811199	1009.01000977	36.4372444153	31.2553749084
150.811199	1009.01000977	36.4372444153	31.2553749084
150.811199	1009.01000977	36.4372444153	31.2553749084
150.811199	1009.01000977	36.4372444153	31.10887146
150.811199	1009.01000977	36.4372444153	31.10887146
150.811199	1009.01000977	38.6706771851	31.10887146
150.811199	1009.01000977	38.6706771851	31.10887146
150.811199001	1009.01000977	38.6706771851	31.10887146
150.811199001	1009.01000977	38.6706771851	31.10887146
150.811199001	1009.01000977	38.6706771851	31.10887146
150.811199001	1009.01000977	38.6706771851	31.10887146
150.811199001	1009.01000977	38.6706771851	31.10887146
150.811199001	1009.00708008	38.6706771851	31.10887146
150.811199001	1009.00708008	38.6706771851	31.10887146
150.811199002	1009.00708008	38.6706771851	31.10887146
150.811199002	1009.00708008	38.6706771851	31.10887146
150.811199002	1009.00708008	38.6706771851	31.10887146
150.811199002	1009.00708008	38.6706771851	31.10887146
150.811199002	1009.00708008	38.6706771851	31.10887146
150.811199002	1009.00708008	38.6706771851	31.10887146
150.811199002	1009.00708008	38.6706771851	31.10887146
150.811199003	1009.00708008	38.6706771851	31.10887146
150.811199003	1009.00708008	38.6706771851	31.10887146
150.811199003	1009.00708008	38.6706771851	31.10887146
150.811199003	1009.00708008	38.6706771851	31.10887146
150.811199003	1009.00708008	38.6706771851	31.10887146
150.811199003	1009.00708008	38.6706771851	31.10887146
150.811199003	1009.00708008	38.6706771851	31.10887146
150.811199004	1009.00708008	38.6706771851	31.10887146
150.811199004	1009.00708008	38.6706771851	31.10887146
150.811199004	1009.00708008	38.6706771851	31.10887146
150.811199004	1009.00708008	38.6706771851	31.10887146
150.811199004	1009.00708008	38.6706771851	31.10887146
150.811199004	1009.00708008	38.6706771851	31.10887146
150.811199004	1009.00708008	38.6706771851	31.10887146
150.811199004	1009.00708008	38.6706771851	31.10887146
150.811199005	1009.00708008	38.6706771851	31.10887146
150.811199005	1009.00708008	38.6706771851	31.10887146
150.811199005	1009.00708008	38.6706771851	31.10887146
150.811199005	1009.00708008	38.6706771851	31.10887146
150.811199005	1009.00708008	38.6706771851	31.10887146
150.811199005	1009.00805664	38.6706771851	31.10887146
150.811199006	1009.00805664	38.6706771851	31.10887146
150.811199006	1009.00805664	38.6706771851	31.10887146
150.811199006	1009.00805664	38.6706771851	31.10887146
150.811199006	1009.00805664	38.6706771851	31.10887146
150.811199006	1009.00805664	38.6706771851	31.10887146
150.811199006	1009.00805664	38.6706771851	31.10887146
150.811199006	1009.00805664	38.6706771851	31.10887146
150.811199007	1009.00805664	38.6706771851	31.10887146
150.811199007	1009.00805664	38.6706771851	31.10887146
150.811199007	1009.00805664	38.6706771851	31.10887146
150.811199007	1009.00805664	38.6706771851	31.10887146
150.811199007	1009.00805664	38.6706771851	31.10887146
150.811199007	1009.00805664	38.6706771851	31.10887146
150.811199007	1009.00805664	38.6706771851	31.10887146
150.811199007	1009.00805664	38.6706771851	31.10887146
150.811199008	1009.00805664	38.6706771851	31.10887146
150.811199008	1009.00805664	38.6706771851	31.10887146
150.811199008	1009.00805664	38.6706771851	31.16381073
150.811199008	1009.00805664	38.6706771851	31.16381073
150.811199008	1009.00805664	38.9415016174	31.16381073
150.811199008	1009.00805664	38.9415016174	31.16381073
150.811199009	1009.00805664	38.9415016174	31.16381073
150.811199009	1009.00805664	38.9415016174	31.16381073
150.811199009	1009.00805664	38.9415016174	31.16381073
150.811199009	1009.00805664	38.9415016174	31.16381073
150.811199009	1009.00805664	38.9415016174	31.16381073
150.811199009	1009.00805664	38.9415016174	31.16381073
150.811199009	1009.00805664	38.9415016174	31.16381073
150.811199009	1009.00830078	38.9415016174	31.16381073
150.81119901	1009.00830078	38.9415016174	31.16381073
150.81119901	1009.00830078	38.9415016174	31.16381073
150.81119901	1009.00830078	38.9415016174	31.16381073
150.81119901	1009.00830078	38.9415016174	31.16381073
150.81119901	1009.00830078	38.9415016174	31.16381073
150.81119901	1009.00830078	38.9415016174	31.16381073
150.811199011	1009.00830078	38.9415016174	31.16381073
150.811199011	1009.00830078	38.9415016174	31.16381073
150.811199011	1009.00830078	38.9415016174	31.16381073
150.811199011	1009.00830078	38.9415016174	31.16381073
150.811199011	1009.00830078	38.9415016174	31.16381073
150.811199011	1009.00830078	38.9415016174	31.16381073
150.811199011	1009.00830078	38.9415016174	31.16381073
150.811199012	1009.00830078	38.9415016174	31.16381073
150.811199012	1009.00830078	38.9415016174	31.16381073
150.811199012	1009.00830078	38.9415016174	31.16381073
150.811199012	1009.00830078	38.9415016174	31.16381073
150.811199012	1009.00830078	38.9415016174	31.16381073
150.811199012	1009.00830078	38.9415016174	31.16381073
150.811199012	1009.00830078	38.9415016174	31.16381073
150.811199012	1009.00830078	38.9415016174	31.16381073
150.811199013	1009.00830078	38.9415016174	31.16381073
150.811199013	1009.00830078	38.9415016174	31.16381073
150.811199013	1009.00830078	38.9415016174	31.16381073
150.811199013	1009.00830078	38.9415016174	31.16381073
150.811199013	1009.00830078	38.9415016174	31.16381073
150.811199013	1009.00830078	38.9415016174	31.16381073
150.811199013	1009.00830078	38.9415016174	31.16381073
150.811199014	1009.00805664	38.9415016174	31.16381073
150.811199014	1009.00805664	38.9415016174	31.16381073
150.811199014	1009.00805664	38.9415016174	31.16381073
150.811199014	1009.00805664	38.9415016174	31.16381073
150.811199014	1009.00805664	38.9415016174	31.16381073
150.811199014	1009.00805664	38.9415016174	31.16381073
150.811199014	1009.00805664	38.9415016174	31.16381073
150.811199015	1009.00805664	38.9415016174	31.16381073
150.811199015	1009.00805664	38.9415016174	31.16381073
150.811199015	1009.00805664	38.9415016174	31.16381073
150.811199015	1009.00805664	38.9415016174	31.16381073
150.811199015	1009.00805664	38.9415016174	31.16381073
150.811199015	1009.00805664	38.9415016174	31.16381073
150.811199015	1009.00805664	38.9415016174	31.16381073
150.811199016	1009.00805664	38.9415016174	31.16381073
150.811199016	1009.00805664	38.9415016174	31.16381073
150.811199016	1009.00805664	38.9415016174	31.16381073
150.811199016	1009.00805664	38.9415016174	31.1271839142
150.811199016	1009.00805664	38.9415016174	31.1271839142
150.811199016	1009.00805664	36.8909683228	31.1271839142
150.811199016	1009.00805664	36.8909683228	31.1271839142
150.811199017	1009.00805664	36.8909683228	31.1271839142
150.811199017	1009.00805664	36.8909683228	31.1271839142
150.811199017	1009.00805664	36.8909683228	31.1271839142
150.811199017	1009.00805664	36.8909683228	31.1271839142
150.811199017	1009.00805664	36.8909683228	31.1271839142
150.811199017	1009.00805664	36.8909683228	31.1271839142
150.811199017	1009.00805664	36.8909683228	31.1271839142
150.811199018	1009.00244141	36.8909683228	31.1271839142
150.811199018	1009.00244141	36.8909683228	31.1271839142
150.811199018	1009.00244141	36.8909683228	31.1271839142
150.811199018	1009.00244141	36.8909683228	31.1271839142
150.811199018	1009.00244141	36.8909683228	31.1271839142
150.811199018	1009.00244141	36.8909683228	31.1271839142
150.811199019	1009.00244141	36.8909683228	31.1271839142
150.811199019	1009.00244141	36.8909683228	31.1271839142
150.811199019	1009.00244141	36.8909683228	31.1271839142
150.811199019	1009.00244141	36.8909683228	31.1271839142
150.811199019	1009.00244141	36.8909683228	31.1271839142
150.81119902	1009.00244141	36.8909683228	31.1271839142
150.81119902	1009.00244141	36.8909683228	31.1271839142
150.81119902	1009.00244141	36.8909683228	31.1271839142
150.81119902	1009.00244141	36.8909683228	31.1271839142
150.811199021	1009.00244141	36.8909683228	31.1271839142
150.811199021	1009.00244141	36.8909683228	31.1271839142
150.811199021	1009.00244141	36.8909683228	31.1271839142
150.811199021	1009.00244141	36.8909683228	31.1271839142
150.811199021	1009.00244141	36.8909683228	31.1271839142
150.811199021	1009.00244141	36.8909683228	31.1271839142
150.811199021	1009.00244141	36.8909683228	31.1271839142
150.811199021	1009.00244141	36.8909683228	31.1271839142
150.811199022	1009.00366211	36.8909683228	31.1271839142
150.811199022	1009.00366211	36.8909683228	31.1271839142
150.811199022	1009.00366211	36.8909683228	31.1271839142
150.811199022	1009.00366211	36.8909683228	31.1271839142
150.811199022	1009.00366211	36.8909683228	31.1271839142
150.811199022	1009.00366211	36.8909683228	31.1271839142
150.811199023	1009.00366211	36.8909683228	31.1271839142
150.811199023	1009.00366211	36.8909683228	31.1271839142
150.811199023	1009.00366211	36.8909683228	31.1271839142
150.811199023	1009.00366211	36.8909683228	31.1271839142
150.811199023	1009.00366211	36.8909683228	31.1271839142
150.811199023	1009.00366211	36.8909683228	31.1271839142
150.811199023	1009.00366211	36.8909683228	31.1271839142
150.811199024	1009.00366211	36.8909683228	31.1271839142
150.811199024	1009.00366211	36.8909683228	31.1271839142
150.811199024	1009.00366211	36.8909683228	31.1271839142
150.811199024	1009.00366211	36.8909683228	31.1271839142
150.811199024	1009.00366211	36.8909683228	31.1271839142
150.811199024	1009.00366211	38.118473053	31.1271839142
150.811199024	1009.00366211	38.118473053	31.1271839142
150.811199025	1009.00366211	38.118473053	31.1271839142
150.811199025	1009.00366211	38.118473053	31.1271839142
150.811199025	1009.00366211	38.118473053	31.1271839142
150.811199025	1009.00366211	38.118473053	31.1271839142
150.811199025	1009.00366211	38.118473053	31.1271839142
150.811199025	1009.00366211	38.118473053	31.1271839142
150.811199025	1009.00366211	38.118473053	31.1271839142
150.811199026	1009.00366211	38.118473053	31.1271839142
150.811199026	1009.00073242	38.118473053	31.1271839142
150.811199026	1009.00073242	38.118473053	31.1271839142
150.811199026	1009.00073242	38.118473053	31.1271839142
150.811199026	1009.00073242	38.118473053	31.1271839142
150.811199026	1009.00073242	38.118473053	31.1271839142
150.811199027	1009.00073242	38.118473053	31.1271839142
150.811199027	1009.00073242	38.118473053	31.1271839142
150.811199027	1009.00073242	38.118473053	31.1271839142
150.811199027	1009.00073242	38.118473053	31.1271839142
150.811199027	1009.00073242	38.118473053	31.1271839142
150.811199027	1009.00073242	38.118473053	31.1271839142
150.811199027	1009.00073242	38.118473053	31.1271839142
150.811199028	1009.00073242	38.118473053	31.1271839142
150.811199028	1009.00073242	38.118473053	31.1271839142
150.811199028	1009.00073242	38.118473053	31.1271839142
150.811199028	1009.00073242	38.118473053	31.1271839142
150.811199028	1009.00073242	38.118473053	31.1271839142
150.811199028	1009.00073242	38.118473053	31.1271839142
150.811199028	1009.00073242	38.118473053	31.1271839142
150.811199029	1009.00073242	38.118473053	31.1271839142
150.811199029	1009.00073242	38.118473053	31.1271839142
150.811199029	1009.00073242	38.118473053	31.1271839142
150.811199029	1009.00073242	38.118473053	31.1271839142
150.811199029	1009.00073242	38.118473053	31.1271839142
150.811199029	1009.00073242	38.118473053	31.1271839142
150.811199029	1009.00073242	38.118473053	31.1271839142
150.81119903	1009.00073242	38.118473053	31.1271839142
150.81119903	1009.00073242	38.118473053	31.1271839142
150.81119903	1009.00244141	38.118473053	31.1271839142
150.81119903	1009.00244141	38.118473053	31.1271839142
150.81119903	1009.00244141	38.118473053	31.1271839142
150.81119903	1009.00244141	38.118473053	31.1271839142
150.811199031	1009.00244141	38.118473053	31.1271839142
150.811199031	1009.00244141	38.118473053	31.1271839142
150.811199031	1009.00244141	38.118473053	31.1271839142
150.811199031	1009.00244141	38.118473053	31.1271839142
150.811199031	1009.00244141	38.118473053	31.1271839142
150.811199031	1009.00244141	38.118473053	31.1271839142
150.811199031	1009.00244141	38.118473053	31.1271839142
150.811199031	1009.00244141	38.118473053	31.1271839142
150.811199032	1009.00244141	38.118473053	31.1271839142
150.811199032	1009.00244141	38.118473053	31.1271839142
150.811199032	1009.00244141	38.118473053	31.1271839142
150.811199032	1009.00244141	38.118473053	31.0905570984
150.811199032	1009.00244141	38.118473053	31.0905570984
150.811199032	1009.00244141	38.0410957336	31.0905570984
150.811199033	1009.00244141	38.0410957336	31.0905570984
150.811199033	1009.00244141	38.0410957336	31.0905570984
150.811199033	1009.00244141	38.0410957336	31.0905570984
150.811199033	1009.00244141	38.0410957336	31.0905570984
150.811199033	1009.00244141	38.0410957336	31.0905570984
150.811199033	1009.00244141	38.0410957336	31.0905570984
150.811199033	1009.00244141	38.0410957336	31.0905570984
150.811199034	1009.00244141	38.0410957336	31.0905570984
150.811199034	1009.00244141	38.0410957336	31.0905570984
150.811199034	1009.00244141	38.0410957336	31.0905570984
150.811199034	1009.00219727	38.0410957336	31.0905570984
150.811199034	1009.00219727	38.0410957336	31.0905570984
150.811199034	1009.00219727	38.0410957336	31.0905570984
150.811199034	1009.00219727	38.0410957336	31.0905570984
150.811199035	1009.00219727	38.0410957336	31.0905570984
150.811199035	1009.00219727	38.0410957336	31.0905570984
150.811199035	1009.00219727	38.0410957336	31.0905570984
150.811199035	1009.00219727	38.0410957336	31.0905570984
150.811199035	1009.00219727	38.0410957336	31.0905570984
150.811199035	1009.00219727	38.0410957336	31.0905570984
150.811199035	1009.00219727	38.0410957336	31.0905570984
150.811199036	1009.00219727	38.0410957336	31.0905570984
150.811199036	1009.00219727	38.0410957336	31.0905570984
150.811199036	1009.00219727	38.0410957336	31.0905570984
150.811199036	1009.00219727	38.0410957336	31.0905570984
150.811199036	1009.00219727	38.0410957336	31.0905570984
150.811199036	1009.00219727	38.0410957336	31.0905570984
150.811199036	1009.00219727	38.0410957336	31.0905570984
150.811199037	1009.00219727	38.0410957336	31.0905570984
150.811199037	1009.00219727	38.0410957336	31.0905570984
150.811199037	1009.00219727	38.0410957336	31.0905570984
150.811199037	1009.00219727	38.0410957336	31.0905570984
150.811199037	1009.00219727	38.0410957336	31.0905570984
150.811199037	1009.00219727	38.0410957336	31.0905570984
150.811199037	1009.00219727	38.0410957336	31.0905570984
150.811199037	1009.00219727	38.0410957336	31.0905570984
150.811199038	1009.00219727	38.0410957336	31.0905570984
150.811199038	1009.00219727	38.0410957336	31.0905570984
150.811199038	1009.00219727	38.0410957336	31.0905570984
150.811199038	1009.00097656	38.0410957336	31.0905570984
150.811199038	1009.00097656	38.0410957336	31.0905570984
150.811199038	1009.00097656	38.0410957336	31.0905570984
150.811199039	1009.00097656	38.0410957336	31.0905570984
150.811199039	1009.00097656	38.0410957336	31.0905570984
150.811199039	1009.00097656	38.0410957336	31.0905570984
150.811199039	1009.00097656	38.0410957336	31.0905570984
150.811199039	1009.00097656	38.0410957336	31.0905570984
150.811199039	1009.00097656	38.0410957336	31.0905570984
150.811199039	1009.00097656	38.0410957336	31.0905570984
150.811199039	1009.00097656	38.0410957336	31.0905570984
150.81119904	1009.00097656	38.0410957336	31.0905570984
150.81119904	1009.00097656	38.0410957336	31.0905570984
150.81119904	1009.00097656	38.0410957336	31.0905570984
150.81119904	1009.00097656	38.0410957336	31.0905570984
150.81119904	1009.00097656	38.0410957336	31.1271839142
150.81119904	1009.00097656	38.0410957336	31.1271839142
150.811199041	1009.00097656	38.9907455444	31.1271839142
150.811199041	1009.00097656	38.9907455444	31.1271839142
150.811199041	1009.00097656	38.9907455444	31.1271839142
150.811199041	1009.00097656	38.9907455444	31.1271839142
150.811199041	1009.00097656	38.9907455444	31.1271839142
150.811199041	1009.00097656	38.9907455444	31.1271839142
150.811199041	1009.00097656	38.9907455444	31.1271839142
150.811199042	1009.00097656	38.9907455444	31.1271839142
150.811199042	1009.00097656	38.9907455444	31.1271839142
150.811199042	1009.00097656	38.9907455444	31.1271839142
150.811199042	1009.00097656	38.9907455444	31.1271839142
150.811199042	1008.99780273	38.9907455444	31.1271839142
150.811199042	1008.99780273	38.9907455444	31.1271839142
150.811199042	1008.99780273	38.9907455444	31.1271839142
150.811199043	1008.99780273	38.9907455444	31.1271839142
150.811199043	1008.99780273	38.9907455444	31.1271839142
150.811199043	1008.99780273	38.9907455444	31.1271839142
150.811199043	1008.99780273	38.9907455444	31.1271839142
150.811199043	1008.99780273	38.9907455444	31.1271839142
150.811199043	1008.99780273	38.9907455444	31.1271839142
150.811199043	1008.99780273	38.9907455444	31.1271839142
150.811199044	1008.99780273	38.9907455444	31.1271839142
150.811199044	1008.99780273	38.9907455444	31.1271839142
150.811199044	1008.99780273	38.9907455444	31.1271839142
150.811199044	1008.99780273	38.9907455444	31.1271839142
150.811199044	1008.99780273	38.9907455444	31.1271839142
150.811199044	1008.99780273	38.9907455444	31.1271839142
150.811199044	1008.99780273	38.9907455444	31.1271839142
150.811199044	1008.99780273	38.9907455444	31.1271839142
150.811199045	1008.99780273	38.9907455444	31.1271839142
150.811199045	1008.99780273	38.9907455444	31.1271839142
150.811199045	1008.99780273	38.9907455444	31.1271839142
150.811199045	1008.99780273	38.9907455444	31.1271839142
150.811199045	1008.99780273	38.9907455444	31.1271839142
150.811199045	1008.99780273	38.9907455444	31.1271839142
150.811199045	1008.99780273	38.9907455444	31.1271839142
150.811199046	1008.99780273	38.9907455444	31.1271839142
150.811199046	1008.99780273	38.9907455444	31.1271839142
150.811199046	1008.99780273	38.9907455444	31.1271839142
150.811199046	1008.99780273	38.9907455444	31.1271839142
150.811199046	1008.99438477	38.9907455444	31.1271839142
150.811199046	1008.99438477	38.9907455444	31.1271839142
150.811199047	1008.99438477	38.9907455444	31.1271839142
150.811199047	1008.99438477	38.9907455444	31.1271839142
150.811199047	1008.99438477	38.9907455444	31.1271839142
150.811199047	1008.99438477	38.9907455444	31.1271839142
150.811199047	1008.99438477	38.9907455444	31.1271839142
150.811199047	1008.99438477	38.9907455444	31.1271839142
150.811199047	1008.99438477	38.9907455444	31.1271839142
150.811199047	1008.99438477	38.9907455444	31.1271839142
150.811199048	1008.99438477	38.9907455444	31.1271839142
150.811199048	1008.99438477	38.9907455444	31.1271839142
150.811199048	1008.99438477	38.9907455444	31.1271839142
150.811199048	1008.99438477	38.9907455444	31.1271839142
150.811199048	1008.99438477	38.9907455444	31.0905570984
150.811199048	1008.99438477	38.9907455444	31.0905570984
150.811199048	1008.99438477	37.2637901306	31.0905570984
150.811199049	1008.99438477	37.2637901306	31.0905570984
150.811199049	1008.99438477	37.2637901306	31.0905570984
150.811199049	1008.99438477	37.2637901306	31.0905570984
150.811199049	1008.99438477	37.2637901306	31.0905570984
150.81119905	1008.99438477	37.2637901306	31.0905570984
150.81119905	1008.99438477	37.2637901306	31.0905570984
150.81119905	1009.00292969	37.2637901306	31.0905570984
150.811199051	1009.00292969	37.2637901306	31.0905570984
150.811199051	1009.00292969	37.2637901306	31.0905570984
150.811199051	1009.00292969	37.2637901306	31.0905570984
150.811199051	1009.00292969	37.2637901306	31.0905570984
150.811199051	1009.00292969	37.2637901306	31.0905570984
150.811199052	1009.00292969	37.2637901306	31.0905570984
150.811199052	1009.00292969	37.2637901306	31.0905570984
150.811199052	1009.00292969	37.2637901306	31.0905570984
150.811199052	1009.00292969	37.2637901306	31.0905570984
150.811199053	1009.00292969	37.2637901306	31.0905570984
150.811199053	1009.00292969	37.2637901306	31.0905570984
150.811199053	1009.00292969	37.2637901306	31.0905570984
150.811199053	1009.00292969	37.2637901306	31.0905570984
150.811199053	1009.00292969	37.2637901306	31.0905570984
150.811199054	1009.00292969	37.2637901306	31.0905570984
150.811199054	1009.00292969	37.2637901306	31.0905570984
150.811199054	1009.00292969	37.2637901306	31.0905570984
150.811199054	1009.00219727	37.2637901306	31.0905570984
150.811199055	1009.00219727	37.2637901306	31.0905570984
150.811199055	1009.00219727	37.2637901306	31.0905570984
150.811199055	1009.00219727	37.2637901306	31.0905570984
150.811199055	1009.00219727	37.2637901306	31.0905570984
150.811199056	1009.00219727	37.2637901306	31.0905570984
150.811199056	1009.00219727	37.2637901306	31.0905570984
150.811199056	1009.00219727	37.2637901306	31.0905570984
150.811199056	1009.00219727	37.2637901306	31.2920036316
150.811199057	1009.00219727	37.9742660522	31.2920036316
150.811199057	1009.00219727	37.9742660522	31.2920036316
150.811199057	1009.00219727	37.9742660522	31.2920036316
150.811199057	1009.00219727	37.9742660522	31.2920036316
150.811199058	1009.00219727	37.9742660522	31.2920036316
150.811199058	1009.00219727	37.9742660522	31.2920036316
150.811199058	1009.00219727	37.9742660522	31.2920036316
150.811199058	1009.00048828	37.9742660522	31.2920036316
150.811199059	1009.00048828	37.9742660522	31.2920036316
150.811199059	1009.00048828	37.9742660522	31.2920036316
150.811199059	1009.00048828	37.9742660522	31.2920036316
150.811199059	1009.00048828	37.9742660522	31.2920036316
150.81119906	1009.00048828	37.9742660522	31.2920036316
150.81119906	1009.00048828	37.9742660522	31.2920036316
150.81119906	1009.00048828	37.9742660522	31.2920036316
150.81119906	1009.00048828	37.9742660522	31.2920036316
150.81119906	1009.00048828	37.9742660522	31.2920036316
150.811199061	1009.00048828	37.9742660522	31.2920036316
150.811199061	1009.00048828	37.9742660522	31.2920036316
150.811199061	1009.00048828	37.9742660522	31.2920036316
150.811199061	1009.00048828	37.9742660522	31.2920036316
150.811199062	1009.00048828	37.9742660522	31.2920036316
150.811199062	1009.00048828	37.9742660522	31.2920036316
150.811199062	1009.00048828	37.9742660522	31.2920036316
150.811199062	1009.00048828	37.9742660522	31.2920036316
150.811199062	1008.99975586	37.9742660522	31.2920036316
150.811199063	1008.99975586	37.9742660522	31.2920036316
150.811199063	1008.99975586	37.9742660522	31.2920036316
150.811199063	1008.99975586	37.9742660522	31.2920036316
150.811199064	1008.99975586	37.9742660522	31.2920036316
150.811199064	1008.99975586	37.9742660522	31.2920036316
150.811199064	1008.99975586	37.9742660522	31.2920036316
150.811199064	1008.99975586	37.9742660522	31.0905570984
150.811199064	1008.99975586	39.6203231812	31.0905570984
150.811199065	1008.99975586	39.6203231812	31.0905570984
150.811199065	1008.99975586	39.6203231812	31.0905570984
150.811199065	1008.99975586	39.6203231812	31.0905570984
150.811199065	1008.99975586	39.6203231812	31.0905570984
150.811199066	1008.99975586	39.6203231812	31.0905570984
150.811199066	1008.99975586	39.6203231812	31.0905570984
150.811199066	1008.99975586	39.6203231812	31.0905570984
150.811199066	1008.99975586	39.6203231812	31.0905570984
150.811199067	1009.0012207	39.6203231812	31.0905570984
150.811199067	1009.0012207	39.6203231812	31.0905570984
150.811199067	1009.0012207	39.6203231812	31.0905570984
150.811199067	1009.0012207	39.6203231812	31.0905570984
150.811199068	1009.0012207	39.6203231812	31.0905570984
150.811199068	1009.0012207	39.6203231812	31.0905570984
150.811199068	1009.0012207	39.6203231812	31.0905570984
150.811199068	1009.0012207	39.6203231812	31.0905570984
150.811199069	1009.0012207	39.6203231812	31.0905570984
150.811199069	1009.0012207	39.6203231812	31.0905570984
150.811199069	1009.0012207	39.6203231812	31.0905570984
150.811199069	1009.0012207	39.6203231812	31.0905570984
150.811199069	1009.0012207	39.6203231812	31.0905570984
150.81119907	1009.0012207	39.6203231812	31.0905570984
150.81119907	1009.0012207	39.6203231812	31.0905570984
150.81119907	1009.0012207	39.6203231812	31.0905570984
150.81119907	1009.0012207	39.6203231812	31.0905570984
150.811199071	1009.00341797	39.6203231812	31.0905570984
150.811199071	1009.00341797	39.6203231812	31.0905570984
150.811199071	1009.00341797	39.6203231812	31.0905570984
150.811199071	1009.00341797	39.6203231812	31.0905570984
150.811199072	1009.00341797	39.6203231812	31.0905570984
150.811199072	1009.00341797	39.6203231812	31.0905570984
150.811199072	1009.00341797	39.6203231812	31.0905570984
150.811199072	1009.00341797	39.6203231812	31.16381073
150.811199073	1009.00341797	39.1419830322	31.16381073
150.811199073	1009.00341797	39.1419830322	31.16381073
150.811199073	1009.00341797	39.1419830322	31.16381073
150.811199073	1009.00341797	39.1419830322	31.16381073
150.811199074	1009.00341797	39.1419830322	31.16381073
150.811199074	1009.00341797	39.1419830322	31.16381073
150.811199074	1009.00341797	39.1419830322	31.16381073
150.811199074	1009.00341797	39.1419830322	31.16381073
150.811199074	1009.00341797	39.1419830322	31.16381073
150.811199075	1009.0065918	39.1419830322	31.16381073
150.811199075	1009.0065918	39.1419830322	31.16381073
150.811199075	1009.0065918	39.1419830322	31.16381073
150.811199076	1009.0065918	39.1419830322	31.16381073
150.811199076	1009.0065918	39.1419830322	31.16381073
150.811199076	1009.0065918	39.1419830322	31.16381073
150.811199076	1009.0065918	39.1419830322	31.16381073
150.811199076	1009.0065918	39.1419830322	31.16381073
150.811199077	1009.0065918	39.1419830322	31.16381073
150.811199077	1009.0065918	39.1419830322	31.16381073
150.811199077	1009.0065918	39.1419830322	31.16381073
150.811199077	1009.0065918	39.1419830322	31.16381073
150.811199078	1009.0065918	39.1419830322	31.16381073
150.811199078	1009.0065918	39.1419830322	31.16381073
150.811199078	1009.0065918	39.1419830322	31.16381073
150.811199078	1009.0065918	39.1419830322	31.16381073
150.811199078	1009.0065918	39.1419830322	31.16381073
150.811199079	1009.00537109	39.1419830322	31.16381073
150.811199079	1009.00537109	39.1419830322	31.16381073
150.811199079	1009.00537109	39.1419830322	31.16381073
150.81119908	1009.00537109	39.1419830322	31.16381073
150.81119908	1009.00537109	39.1419830322	31.16381073
150.81119908	1009.00537109	39.1419830322	31.16381073
150.81119908	1009.00537109	39.1419830322	31.16381073
150.81119908	1009.00537109	39.1419830322	31.1271839142
150.811199081	1009.00537109	40.063495636	31.1271839142
150.811199081	1009.00537109	40.063495636	31.1271839142
150.811199081	1009.00537109	40.063495636	31.1271839142
150.811199081	1009.00537109	40.063495636	31.1271839142
150.811199082	1009.00537109	40.063495636	31.1271839142
150.811199082	1009.00537109	40.063495636	31.1271839142
150.811199082	1009.00537109	40.063495636	31.1271839142
150.811199082	1009.00537109	40.063495636	31.1271839142
150.811199083	1009.00537109	40.063495636	31.1271839142
150.811199083	1009.00610352	40.063495636	31.1271839142
150.811199083	1009.00610352	40.063495636	31.1271839142
150.811199083	1009.00610352	40.063495636	31.1271839142
150.811199084	1009.00610352	40.063495636	31.1271839142
150.811199084	1009.00610352	40.063495636	31.1271839142
150.811199084	1009.00610352	40.063495636	31.1271839142
150.811199084	1009.00610352	40.063495636	31.1271839142
150.811199085	1009.00610352	40.063495636	31.1271839142
150.811199085	1009.00610352	40.063495636	31.1271839142
150.811199085	1009.00610352	40.063495636	31.1271839142
150.811199085	1009.00610352	40.063495636	31.1271839142
150.811199085	1009.00610352	40.063495636	31.1271839142
150.811199086	1009.00610352	40.063495636	31.1271839142
150.811199086	1009.00610352	40.063495636	31.1271839142
150.811199086	1009.00610352	40.063495636	31.1271839142
150.811199086	1009.00610352	40.063495636	31.1271839142
150.811199087	1009.00610352	40.063495636	31.1271839142
150.811199087	1009.00634766	40.063495636	31.1271839142
150.811199087	1009.00634766	40.063495636	31.1271839142
