5.84077026672	1200
time	pressure	humidity	temperature
150.811205157	1008.16601562	40.3649139404	30.8666648865
150.811205158	1008.16601562	40.3649139404	30.8666648865
150.811205158	1008.16845703	40.3649139404	30.8666648865
150.811205159	1008.16845703	40.3649139404	30.8666648865
150.811205159	1008.16845703	40.3649139404	30.8666648865
150.811205159	1008.16845703	40.3649139404	30.8666648865
150.811205159	1008.16845703	40.3649139404	30.8666648865
150.81120516	1008.16845703	40.3649139404	30.8666648865
150.81120516	1008.16845703	40.3649139404	30.8666648865
150.81120516	1008.16845703	40.3649139404	30.8666648865
150.81120516	1008.16845703	40.3649139404	30.8666648865
150.81120516	1008.16845703	40.3649139404	30.8666648865
150.811205161	1008.16845703	40.3649139404	30.8666648865
150.811205161	1008.16845703	40.3649139404	30.8666648865
150.811205161	1008.16845703	40.3649139404	30.8666648865
150.811205161	1008.16845703	40.3649139404	30.8666648865
150.811205162	1008.16845703	40.3649139404	30.8666648865
150.811205162	1008.16845703	40.3649139404	30.8666648865
150.811205162	1008.16845703	40.3649139404	30.8666648865
150.811205162	1008.171875	40.3649139404	30.8666648865
150.811205163	1008.171875	40.3649139404	30.8666648865
150.811205163	1008.171875	40.3649139404	30.8666648865
150.811205163	1008.171875	40.3649139404	30.8666648865
150.811205163	1008.171875	40.3649139404	30.8666648865
150.811205164	1008.171875	40.3649139404	30.8666648865
150.811205164	1008.171875	40.3649139404	30.8666648865
150.811205164	1008.171875	40.3649139404	30.8666648865
150.811205164	1008.171875	40.3649139404	30.8666648865
150.811205164	1008.171875	40.3649139404	30.8666648865
150.811205165	1008.171875	40.3649139404	30.8666648865
150.811205165	1008.171875	40.3649139404	30.8132362366
150.811205165	1008.171875	40.0937652588	30.8132362366
150.811205165	1008.171875	40.0937652588	30.8132362366
150.811205166	1008.171875	40.0937652588	30.8132362366
150.811205166	1008.171875	40.0937652588	30.8132362366
150.811205166	1008.171875	40.0937652588	30.8132362366
150.811205166	1008.17651367	40.0937652588	30.8132362366
150.811205167	1008.17651367	40.0937652588	30.8132362366
150.811205167	1008.17651367	40.0937652588	30.8132362366
150.811205167	1008.17651367	40.0937652588	30.8132362366
150.811205167	1008.17651367	40.0937652588	30.8132362366
150.811205168	1008.17651367	40.0937652588	30.8132362366
150.811205168	1008.17651367	40.0937652588	30.8132362366
150.811205168	1008.17651367	40.0937652588	30.8132362366
150.811205168	1008.17651367	40.0937652588	30.8132362366
150.811205169	1008.17651367	40.0937652588	30.8132362366
150.811205169	1008.17651367	40.0937652588	30.8132362366
150.811205169	1008.17651367	40.0937652588	30.8132362366
150.811205169	1008.17651367	40.0937652588	30.8132362366
150.811205169	1008.17651367	40.0937652588	30.8132362366
150.81120517	1008.17651367	40.0937652588	30.8132362366
150.81120517	1008.17651367	40.0937652588	30.8132362366
150.81120517	1008.17651367	40.0937652588	30.8132362366
150.81120517	1008.17651367	40.0937652588	30.8132362366
150.811205171	1008.17626953	40.0937652588	30.8132362366
150.811205171	1008.17626953	40.0937652588	30.8132362366
150.811205171	1008.17626953	40.0937652588	30.8132362366
150.811205171	1008.17626953	40.0937652588	30.8132362366
150.811205172	1008.17626953	40.0937652588	30.8132362366
150.811205172	1008.17626953	40.0937652588	30.8132362366
150.811205172	1008.17626953	40.0937652588	30.8132362366
150.811205172	1008.17626953	40.0937652588	30.8132362366
150.811205173	1008.17626953	40.0937652588	30.8132362366
150.811205173	1008.17626953	40.0937652588	30.8666648865
150.811205173	1008.17626953	38.3688583374	30.8666648865
150.811205173	1008.17626953	38.3688583374	30.8666648865
150.811205174	1008.17626953	38.3688583374	30.8666648865
150.811205174	1008.17626953	38.3688583374	30.8666648865
150.811205174	1008.17626953	38.3688583374	30.8666648865
150.811205174	1008.17626953	38.3688583374	30.8666648865
150.811205174	1008.17626953	38.3688583374	30.8666648865
150.811205175	1008.17602539	38.3688583374	30.8666648865
150.811205175	1008.17602539	38.3688583374	30.8666648865
150.811205175	1008.17602539	38.3688583374	30.8666648865
150.811205176	1008.17602539	38.3688583374	30.8666648865
150.811205176	1008.17602539	38.3688583374	30.8666648865
150.811205176	1008.17602539	38.3688583374	30.8666648865
150.811205176	1008.17602539	38.3688583374	30.8666648865
150.811205176	1008.17602539	38.3688583374	30.8666648865
150.811205177	1008.17602539	38.3688583374	30.8666648865
150.811205177	1008.17602539	38.3688583374	30.8666648865
150.811205177	1008.17602539	38.3688583374	30.8666648865
150.811205177	1008.17602539	38.3688583374	30.8666648865
150.811205178	1008.17602539	38.3688583374	30.8666648865
150.811205178	1008.17602539	38.3688583374	30.8666648865
150.811205178	1008.17602539	38.3688583374	30.8666648865
150.811205178	1008.17602539	38.3688583374	30.8666648865
150.811205178	1008.17602539	38.3688583374	30.8666648865
150.811205179	1008.17382812	38.3688583374	30.8666648865
150.811205179	1008.17382812	38.3688583374	30.8666648865
150.811205179	1008.17382812	38.3688583374	30.8666648865
150.81120518	1008.17382812	38.3688583374	30.8666648865
150.81120518	1008.17382812	38.3688583374	30.8666648865
150.81120518	1008.17382812	38.3688583374	30.8666648865
150.81120518	1008.17382812	38.3688583374	30.8666648865
150.81120518	1008.17382812	38.3688583374	30.8666648865
150.811205181	1008.17382812	38.3688583374	30.8132362366
150.811205181	1008.17382812	41.7663993835	30.8132362366
150.811205181	1008.17382812	41.7663993835	30.8132362366
150.811205181	1008.17382812	41.7663993835	30.8132362366
150.811205182	1008.17382812	41.7663993835	30.8132362366
150.811205182	1008.17382812	41.7663993835	30.8132362366
150.811205182	1008.17382812	41.7663993835	30.8132362366
150.811205182	1008.17382812	41.7663993835	30.8132362366
150.811205183	1008.17382812	41.7663993835	30.8132362366
150.811205183	1008.17382812	41.7663993835	30.8132362366
150.811205183	1008.17382812	41.7663993835	30.8132362366
150.811205183	1008.17382812	41.7663993835	30.8132362366
150.811205184	1008.17382812	41.7663993835	30.8132362366
150.811205184	1008.17382812	41.7663993835	30.8132362366
150.811205184	1008.17382812	41.7663993835	30.8132362366
150.811205184	1008.17382812	41.7663993835	30.8132362366
150.811205185	1008.17382812	41.7663993835	30.8132362366
150.811205185	1008.17382812	41.7663993835	30.8132362366
150.811205185	1008.17382812	41.7663993835	30.8132362366
150.811205185	1008.17382812	41.7663993835	30.8132362366
150.811205185	1008.17382812	41.7663993835	30.8132362366
150.811205186	1008.17382812	41.7663993835	30.8132362366
150.811205186	1008.17382812	41.7663993835	30.8132362366
150.811205186	1008.17382812	41.7663993835	30.8132362366
150.811205186	1008.17382812	41.7663993835	30.8132362366
150.811205187	1008.17382812	41.7663993835	30.8132362366
150.811205187	1008.17382812	41.7663993835	30.8132362366
150.811205187	1008.17602539	41.7663993835	30.8132362366
150.811205187	1008.17602539	41.7663993835	30.8132362366
150.811205188	1008.17602539	41.7663993835	30.8132362366
150.811205188	1008.17602539	41.7663993835	30.8132362366
150.811205188	1008.17602539	41.7663993835	30.8132362366
150.811205188	1008.17602539	41.7663993835	30.8132362366
150.811205188	1008.17602539	41.7663993835	30.795425415
150.811205189	1008.17602539	41.5279159546	30.795425415
150.811205189	1008.17602539	41.5279159546	30.795425415
150.811205189	1008.17602539	41.5279159546	30.795425415
150.81120519	1008.17602539	41.5279159546	30.795425415
150.81120519	1008.17602539	41.5279159546	30.795425415
150.81120519	1008.17602539	41.5279159546	30.795425415
150.81120519	1008.17602539	41.5279159546	30.795425415
150.81120519	1008.17602539	41.5279159546	30.795425415
150.811205191	1008.17602539	41.5279159546	30.795425415
150.811205191	1008.17602539	41.5279159546	30.795425415
150.811205191	1008.17944336	41.5279159546	30.795425415
150.811205192	1008.17944336	41.5279159546	30.795425415
150.811205192	1008.17944336	41.5279159546	30.795425415
150.811205192	1008.17944336	41.5279159546	30.795425415
150.811205192	1008.17944336	41.5279159546	30.795425415
150.811205192	1008.17944336	41.5279159546	30.795425415
150.811205193	1008.17944336	41.5279159546	30.795425415
150.811205193	1008.17944336	41.5279159546	30.795425415
150.811205193	1008.17944336	41.5279159546	30.795425415
150.811205193	1008.17944336	41.5279159546	30.795425415
150.811205194	1008.17944336	41.5279159546	30.795425415
150.811205194	1008.17944336	41.5279159546	30.795425415
150.811205194	1008.17944336	41.5279159546	30.795425415
150.811205194	1008.17944336	41.5279159546	30.795425415
150.811205194	1008.17944336	41.5279159546	30.795425415
150.811205195	1008.17944336	41.5279159546	30.795425415
150.811205195	1008.17944336	41.5279159546	30.795425415
150.811205195	1008.17944336	41.5279159546	30.795425415
150.811205195	1008.18310547	41.5279159546	30.795425415
150.811205196	1008.18310547	41.5279159546	30.795425415
150.811205196	1008.18310547	41.5279159546	30.795425415
150.811205196	1008.18310547	41.5279159546	30.795425415
150.811205196	1008.18310547	41.5279159546	30.795425415
150.811205197	1008.18310547	41.3090362549	30.795425415
150.811205197	1008.18310547	41.3090362549	30.795425415
150.811205197	1008.18310547	41.3090362549	30.795425415
150.811205197	1008.18310547	41.3090362549	30.795425415
150.811205198	1008.18310547	41.3090362549	30.795425415
150.811205198	1008.18310547	41.3090362549	30.795425415
150.811205198	1008.18310547	41.3090362549	30.795425415
150.811205198	1008.18310547	41.3090362549	30.795425415
150.811205199	1008.18310547	41.3090362549	30.795425415
150.811205199	1008.18310547	41.3090362549	30.795425415
150.811205199	1008.18310547	41.3090362549	30.795425415
150.811205199	1008.18310547	41.3090362549	30.795425415
150.811205199	1008.18286133	41.3090362549	30.795425415
150.8112052	1008.18286133	41.3090362549	30.795425415
150.8112052	1008.18286133	41.3090362549	30.795425415
150.8112052	1008.18286133	41.3090362549	30.795425415
150.8112052	1008.18286133	41.3090362549	30.795425415
150.811205201	1008.18286133	41.3090362549	30.795425415
150.811205201	1008.18286133	41.3090362549	30.795425415
150.811205201	1008.18286133	41.3090362549	30.795425415
150.811205201	1008.18286133	41.3090362549	30.795425415
150.811205202	1008.18286133	41.3090362549	30.795425415
150.811205202	1008.18286133	41.3090362549	30.795425415
150.811205202	1008.18286133	41.3090362549	30.795425415
150.811205202	1008.18286133	41.3090362549	30.795425415
150.811205202	1008.18286133	41.3090362549	30.795425415
150.811205203	1008.18286133	41.3090362549	30.795425415
150.811205203	1008.18286133	41.3090362549	30.795425415
150.811205203	1008.18286133	41.3090362549	30.795425415
150.811205203	1008.18066406	41.3090362549	30.795425415
150.811205204	1008.18066406	41.3090362549	30.795425415
150.811205204	1008.18066406	41.3090362549	30.795425415
150.811205204	1008.18066406	41.3090362549	30.759803772
150.811205205	1008.18066406	38.6465415955	30.759803772
150.811205205	1008.18066406	38.6465415955	30.759803772
150.811205205	1008.18066406	38.6465415955	30.759803772
150.811205205	1008.18066406	38.6465415955	30.759803772
150.811205206	1008.18066406	38.6465415955	30.759803772
150.811205206	1008.18066406	38.6465415955	30.759803772
150.811205206	1008.18066406	38.6465415955	30.759803772
150.811205206	1008.18066406	38.6465415955	30.759803772
150.811205206	1008.18066406	38.6465415955	30.759803772
150.811205207	1008.18066406	38.6465415955	30.759803772
150.811205207	1008.18066406	38.6465415955	30.759803772
150.811205207	1008.18066406	38.6465415955	30.759803772
150.811205207	1008.18066406	38.6465415955	30.759803772
150.811205208	1008.18164062	38.6465415955	30.759803772
150.811205208	1008.18164062	38.6465415955	30.759803772
150.811205208	1008.18164062	38.6465415955	30.759803772
150.811205208	1008.18164062	38.6465415955	30.759803772
150.811205209	1008.18164062	38.6465415955	30.759803772
150.811205209	1008.18164062	38.6465415955	30.759803772
150.811205209	1008.18164062	38.6465415955	30.759803772
150.811205209	1008.18164062	38.6465415955	30.759803772
150.811205209	1008.18164062	38.6465415955	30.759803772
150.81120521	1008.18164062	38.6465415955	30.759803772
150.81120521	1008.18164062	38.6465415955	30.759803772
150.81120521	1008.18164062	38.6465415955	30.759803772
150.81120521	1008.18164062	38.6465415955	30.759803772
150.811205211	1008.18164062	38.6465415955	30.759803772
150.811205211	1008.18164062	38.6465415955	30.759803772
150.811205211	1008.18164062	38.6465415955	30.759803772
150.811205211	1008.18164062	38.6465415955	30.759803772
150.811205211	1008.18164062	38.6465415955	30.759803772
150.811205212	1008.18334961	38.6465415955	30.759803772
150.811205212	1008.18334961	38.6465415955	30.8666648865
150.811205212	1008.18334961	39.5906677246	30.8666648865
150.811205213	1008.18334961	39.5906677246	30.8666648865
150.811205213	1008.18334961	39.5906677246	30.8666648865
150.811205213	1008.18334961	39.5906677246	30.8666648865
150.811205213	1008.18334961	39.5906677246	30.8666648865
150.811205214	1008.18334961	39.5906677246	30.8666648865
150.811205214	1008.18334961	39.5906677246	30.8666648865
150.811205214	1008.18334961	39.5906677246	30.8666648865
150.811205214	1008.18334961	39.5906677246	30.8666648865
150.811205215	1008.18334961	39.5906677246	30.8666648865
150.811205215	1008.18334961	39.5906677246	30.8666648865
150.811205215	1008.18334961	39.5906677246	30.8666648865
150.811205215	1008.18334961	39.5906677246	30.8666648865
150.811205215	1008.18334961	39.5906677246	30.8666648865
150.811205216	1008.18334961	39.5906677246	30.8666648865
150.811205216	1008.18701172	39.5906677246	30.8666648865
150.811205216	1008.18701172	39.5906677246	30.8666648865
150.811205216	1008.18701172	39.5906677246	30.8666648865
150.811205217	1008.18701172	39.5906677246	30.8666648865
150.811205217	1008.18701172	39.5906677246	30.8666648865
150.811205217	1008.18701172	39.5906677246	30.8666648865
150.811205217	1008.18701172	39.5906677246	30.8666648865
150.811205218	1008.18701172	39.5906677246	30.8666648865
150.811205218	1008.18701172	39.5906677246	30.8666648865
150.811205218	1008.18701172	39.5906677246	30.8666648865
150.811205218	1008.18701172	39.5906677246	30.8666648865
150.811205218	1008.18701172	39.5906677246	30.8666648865
150.811205219	1008.18701172	39.5906677246	30.8666648865
150.811205219	1008.18701172	39.5906677246	30.8666648865
150.811205219	1008.18701172	39.5906677246	30.8666648865
150.811205219	1008.18701172	39.5906677246	30.8666648865
150.81120522	1008.18701172	39.5906677246	30.8666648865
150.81120522	1008.18579102	39.5906677246	30.9022865295
150.81120522	1008.18579102	42.380569458	30.9022865295
150.811205221	1008.18579102	42.380569458	30.9022865295
150.811205221	1008.18579102	42.380569458	30.9022865295
150.811205221	1008.18579102	42.380569458	30.9022865295
150.811205221	1008.18579102	42.380569458	30.9022865295
150.811205221	1008.18579102	42.380569458	30.9022865295
150.811205222	1008.18579102	42.380569458	30.9022865295
150.811205222	1008.18579102	42.380569458	30.9022865295
150.811205222	1008.18579102	42.380569458	30.9022865295
150.811205222	1008.18579102	42.380569458	30.9022865295
150.811205223	1008.18579102	42.380569458	30.9022865295
150.811205223	1008.18579102	42.380569458	30.9022865295
150.811205223	1008.18579102	42.380569458	30.9022865295
150.811205223	1008.18579102	42.380569458	30.9022865295
150.811205223	1008.18579102	42.380569458	30.9022865295
150.811205224	1008.18579102	42.380569458	30.9022865295
150.811205224	1008.18774414	42.380569458	30.9022865295
150.811205224	1008.18774414	42.380569458	30.9022865295
150.811205225	1008.18774414	42.380569458	30.9022865295
150.811205225	1008.18774414	42.380569458	30.9022865295
150.811205225	1008.18774414	42.380569458	30.9022865295
150.811205225	1008.18774414	42.380569458	30.9022865295
150.811205225	1008.18774414	42.380569458	30.9022865295
150.811205226	1008.18774414	42.380569458	30.9022865295
150.811205226	1008.18774414	42.380569458	30.9022865295
150.811205226	1008.18774414	42.380569458	30.9022865295
150.811205226	1008.18774414	42.380569458	30.9022865295
150.811205227	1008.18774414	42.380569458	30.9022865295
150.811205227	1008.18774414	42.380569458	30.9022865295
150.811205227	1008.18774414	42.380569458	30.9022865295
150.811205227	1008.18774414	42.380569458	30.9022865295
150.811205227	1008.18774414	42.380569458	30.9022865295
150.811205228	1008.18774414	42.380569458	30.9022865295
150.811205228	1008.18774414	42.380569458	30.8310451508
150.811205228	1008.19018555	38.4832000732	30.8310451508
150.811205229	1008.19018555	38.4832000732	30.8310451508
150.811205229	1008.19018555	38.4832000732	30.8310451508
150.811205229	1008.19018555	38.4832000732	30.8310451508
150.811205229	1008.19018555	38.4832000732	30.8310451508
150.81120523	1008.19018555	38.4832000732	30.8310451508
150.81120523	1008.19018555	38.4832000732	30.8310451508
150.81120523	1008.19018555	38.4832000732	30.8310451508
150.81120523	1008.19018555	38.4832000732	30.8310451508
150.81120523	1008.19018555	38.4832000732	30.8310451508
150.811205231	1008.19018555	38.4832000732	30.8310451508
150.811205231	1008.19018555	38.4832000732	30.8310451508
150.811205231	1008.19018555	38.4832000732	30.8310451508
150.811205231	1008.19018555	38.4832000732	30.8310451508
150.811205232	1008.19018555	38.4832000732	30.8310451508
150.811205232	1008.19018555	38.4832000732	30.8310451508
150.811205232	1008.19018555	38.4832000732	30.8310451508
150.811205232	1008.19018555	38.4832000732	30.8310451508
150.811205233	1008.19018555	38.4832000732	30.8310451508
150.811205233	1008.19018555	38.4832000732	30.8310451508
150.811205233	1008.19018555	38.4832000732	30.8310451508
150.811205233	1008.19018555	38.4832000732	30.8310451508
150.811205234	1008.19018555	38.4832000732	30.8310451508
150.811205234	1008.19018555	38.4832000732	30.8310451508
150.811205234	1008.19018555	38.4832000732	30.8310451508
150.811205234	1008.19018555	38.4832000732	30.8310451508
150.811205234	1008.19018555	38.4832000732	30.8310451508
150.811205235	1008.19018555	38.4832000732	30.8310451508
150.811205235	1008.19018555	38.4832000732	30.8310451508
150.811205235	1008.19018555	38.4832000732	30.8310451508
150.811205235	1008.19018555	38.4832000732	30.8310451508
150.811205236	1008.19018555	38.4832000732	30.8310451508
150.811205236	1008.19018555	38.4832000732	30.9022865295
150.811205236	1008.19018555	39.5939331055	30.9022865295
150.811205236	1008.18774414	39.5939331055	30.9022865295
150.811205237	1008.18774414	39.5939331055	30.9022865295
150.811205237	1008.18774414	39.5939331055	30.9022865295
150.811205237	1008.18774414	39.5939331055	30.9022865295
150.811205237	1008.18774414	39.5939331055	30.9022865295
150.811205238	1008.18774414	39.5939331055	30.9022865295
150.811205238	1008.18774414	39.5939331055	30.9022865295
150.811205238	1008.18774414	39.5939331055	30.9022865295
150.811205238	1008.18774414	39.5939331055	30.9022865295
150.811205239	1008.18774414	39.5939331055	30.9022865295
150.811205239	1008.18774414	39.5939331055	30.9022865295
150.811205239	1008.18774414	39.5939331055	30.9022865295
150.811205239	1008.18774414	39.5939331055	30.9022865295
150.811205239	1008.18774414	39.5939331055	30.9022865295
150.81120524	1008.18774414	39.5939331055	30.9022865295
150.81120524	1008.18774414	39.5939331055	30.9022865295
150.81120524	1008.18774414	39.5939331055	30.9022865295
150.81120524	1008.1875	39.5939331055	30.9022865295
150.811205241	1008.1875	39.5939331055	30.9022865295
150.811205241	1008.1875	39.5939331055	30.9022865295
150.811205241	1008.1875	39.5939331055	30.9022865295
150.811205241	1008.1875	39.5939331055	30.9022865295
150.811205242	1008.1875	39.5939331055	30.9022865295
150.811205242	1008.1875	39.5939331055	30.9022865295
150.811205242	1008.1875	39.5939331055	30.9022865295
150.811205242	1008.1875	39.5939331055	30.9022865295
150.811205243	1008.1875	39.5939331055	30.9022865295
150.811205243	1008.1875	39.5939331055	30.9022865295
150.811205243	1008.1875	39.5939331055	30.9022865295
150.811205243	1008.1875	39.5939331055	30.9022865295
150.811205243	1008.1875	39.5939331055	30.884475708
150.811205244	1008.1875	39.5939331055	30.884475708
150.811205244	1008.1875	41.8513374329	30.884475708
150.811205244	1008.1875	41.8513374329	30.884475708
150.811205244	1008.18676758	41.8513374329	30.884475708
150.811205245	1008.18676758	41.8513374329	30.884475708
150.811205245	1008.18676758	41.8513374329	30.884475708
150.811205245	1008.18676758	41.8513374329	30.884475708
150.811205246	1008.18676758	41.8513374329	30.884475708
150.811205246	1008.18676758	41.8513374329	30.884475708
150.811205246	1008.18676758	41.8513374329	30.884475708
150.811205246	1008.18676758	41.8513374329	30.884475708
150.811205246	1008.18676758	41.8513374329	30.884475708
150.811205247	1008.18676758	41.8513374329	30.884475708
150.811205247	1008.18676758	41.8513374329	30.884475708
150.811205247	1008.18676758	41.8513374329	30.884475708
150.811205247	1008.18676758	41.8513374329	30.884475708
150.811205248	1008.18676758	41.8513374329	30.884475708
150.811205248	1008.18676758	41.8513374329	30.884475708
150.811205248	1008.18676758	41.8513374329	30.884475708
150.811205248	1008.18676758	41.8513374329	30.884475708
150.811205248	1008.18676758	41.8513374329	30.884475708
150.811205249	1008.19116211	41.8513374329	30.884475708
150.811205249	1008.19116211	41.8513374329	30.884475708
150.811205249	1008.19116211	41.8513374329	30.884475708
150.811205249	1008.19116211	41.8513374329	30.884475708
150.81120525	1008.19116211	41.8513374329	30.884475708
150.81120525	1008.19116211	41.8513374329	30.884475708
150.81120525	1008.19116211	41.8513374329	30.884475708
150.81120525	1008.19116211	41.8513374329	30.884475708
150.811205251	1008.19116211	41.8513374329	30.884475708
150.811205251	1008.19116211	41.8513374329	30.884475708
150.811205251	1008.19116211	41.8513374329	30.884475708
150.811205251	1008.19116211	41.8513374329	30.9200973511
150.811205252	1008.19116211	41.8513374329	30.9200973511
150.811205252	1008.19116211	42.4132385254	30.9200973511
150.811205252	1008.19116211	42.4132385254	30.9200973511
150.811205252	1008.19116211	42.4132385254	30.9200973511
150.811205253	1008.19116211	42.4132385254	30.9200973511
150.811205253	1008.19067383	42.4132385254	30.9200973511
150.811205253	1008.19067383	42.4132385254	30.9200973511
150.811205253	1008.19067383	42.4132385254	30.9200973511
150.811205254	1008.19067383	42.4132385254	30.9200973511
150.811205254	1008.19067383	42.4132385254	30.9200973511
150.811205254	1008.19067383	42.4132385254	30.9200973511
150.811205254	1008.19067383	42.4132385254	30.9200973511
150.811205255	1008.19067383	42.4132385254	30.9200973511
150.811205255	1008.19067383	42.4132385254	30.9200973511
150.811205255	1008.19067383	42.4132385254	30.9200973511
150.811205255	1008.19067383	42.4132385254	30.9200973511
150.811205255	1008.19067383	42.4132385254	30.9200973511
150.811205256	1008.19067383	42.4132385254	30.9200973511
150.811205256	1008.19067383	42.4132385254	30.9200973511
150.811205256	1008.19067383	42.4132385254	30.9200973511
150.811205256	1008.19067383	42.4132385254	30.9200973511
150.811205257	1008.19067383	42.4132385254	30.9200973511
150.811205257	1008.19067383	42.4132385254	30.9200973511
150.811205257	1008.18969727	42.4132385254	30.9200973511
150.811205257	1008.18969727	42.4132385254	30.9200973511
150.811205258	1008.18969727	42.4132385254	30.9200973511
150.811205258	1008.18969727	42.4132385254	30.9200973511
150.811205258	1008.18969727	42.4132385254	30.9200973511
150.811205258	1008.18969727	42.4132385254	30.9200973511
150.811205258	1008.18969727	42.4132385254	30.9200973511
150.811205259	1008.18969727	42.4132385254	30.9200973511
150.811205259	1008.18969727	42.4132385254	30.9200973511
150.811205259	1008.18969727	42.4132385254	30.9200973511
150.811205259	1008.18969727	42.4132385254	30.9200973511
150.81120526	1008.18969727	42.4589729309	30.9200973511
150.81120526	1008.18969727	42.4589729309	30.9200973511
150.81120526	1008.18969727	42.4589729309	30.9200973511
150.81120526	1008.18969727	42.4589729309	30.9200973511
150.811205261	1008.18969727	42.4589729309	30.9200973511
150.811205261	1008.18969727	42.4589729309	30.9200973511
150.811205261	1008.19140625	42.4589729309	30.9200973511
150.811205261	1008.19140625	42.4589729309	30.9200973511
150.811205262	1008.19140625	42.4589729309	30.9200973511
150.811205262	1008.19140625	42.4589729309	30.9200973511
150.811205262	1008.19140625	42.4589729309	30.9200973511
150.811205262	1008.19140625	42.4589729309	30.9200973511
150.811205263	1008.19140625	42.4589729309	30.9200973511
150.811205263	1008.19140625	42.4589729309	30.9200973511
150.811205263	1008.19140625	42.4589729309	30.9200973511
150.811205263	1008.19140625	42.4589729309	30.9200973511
150.811205263	1008.19140625	42.4589729309	30.9200973511
150.811205264	1008.19140625	42.4589729309	30.9200973511
150.811205264	1008.19140625	42.4589729309	30.9200973511
150.811205264	1008.19140625	42.4589729309	30.9200973511
150.811205264	1008.19140625	42.4589729309	30.9200973511
150.811205265	1008.19140625	42.4589729309	30.9200973511
150.811205265	1008.19140625	42.4589729309	30.9200973511
150.811205265	1008.1953125	42.4589729309	30.9200973511
150.811205265	1008.1953125	42.4589729309	30.9200973511
150.811205266	1008.1953125	42.4589729309	30.9200973511
150.811205266	1008.1953125	42.4589729309	30.9200973511
150.811205266	1008.1953125	42.4589729309	30.9200973511
150.811205266	1008.1953125	42.4589729309	30.9200973511
150.811205267	1008.1953125	42.4589729309	30.9200973511
150.811205267	1008.1953125	42.4589729309	30.9200973511
150.811205267	1008.1953125	42.4589729309	30.8132362366
150.811205267	1008.1953125	40.4759864807	30.8132362366
150.811205268	1008.1953125	40.4759864807	30.8132362366
150.811205268	1008.1953125	40.4759864807	30.8132362366
150.811205268	1008.1953125	40.4759864807	30.8132362366
150.811205268	1008.1953125	40.4759864807	30.8132362366
150.811205269	1008.1953125	40.4759864807	30.8132362366
150.811205269	1008.1953125	40.4759864807	30.8132362366
150.811205269	1008.1953125	40.4759864807	30.8132362366
150.811205269	1008.19750977	40.4759864807	30.8132362366
150.81120527	1008.19750977	40.4759864807	30.8132362366
150.81120527	1008.19750977	40.4759864807	30.8132362366
150.81120527	1008.19750977	40.4759864807	30.8132362366
150.81120527	1008.19750977	40.4759864807	30.8132362366
150.81120527	1008.19750977	40.4759864807	30.8132362366
150.811205271	1008.19750977	40.4759864807	30.8132362366
150.811205271	1008.19750977	40.4759864807	30.8132362366
150.811205271	1008.19750977	40.4759864807	30.8132362366
150.811205271	1008.19750977	40.4759864807	30.8132362366
150.811205272	1008.19750977	40.4759864807	30.8132362366
150.811205272	1008.19750977	40.4759864807	30.8132362366
150.811205272	1008.19750977	40.4759864807	30.8132362366
150.811205272	1008.19750977	40.4759864807	30.8132362366
150.811205272	1008.19750977	40.4759864807	30.8132362366
150.811205273	1008.19750977	40.4759864807	30.8132362366
150.811205273	1008.19750977	40.4759864807	30.8132362366
150.811205273	1008.19750977	40.4759864807	30.8132362366
150.811205273	1008.20507812	40.4759864807	30.8132362366
150.811205274	1008.20507812	40.4759864807	30.8132362366
150.811205274	1008.20507812	40.4759864807	30.8132362366
150.811205274	1008.20507812	40.4759864807	30.8132362366
150.811205274	1008.20507812	40.4759864807	30.8132362366
150.811205275	1008.20507812	40.4759864807	30.8132362366
150.811205275	1008.20507812	40.4759864807	30.795425415
150.811205275	1008.20507812	41.8611373901	30.795425415
150.811205276	1008.20507812	41.8611373901	30.795425415
150.811205276	1008.20507812	41.8611373901	30.795425415
150.811205276	1008.20507812	41.8611373901	30.795425415
150.811205276	1008.20507812	41.8611373901	30.795425415
150.811205276	1008.20507812	41.8611373901	30.795425415
150.811205277	1008.20507812	41.8611373901	30.795425415
150.811205277	1008.20507812	41.8611373901	30.795425415
150.811205277	1008.20507812	41.8611373901	30.795425415
150.811205277	1008.20507812	41.8611373901	30.795425415
150.811205278	1008.19921875	41.8611373901	30.795425415
150.811205278	1008.19921875	41.8611373901	30.795425415
150.811205278	1008.19921875	41.8611373901	30.795425415
150.811205278	1008.19921875	41.8611373901	30.795425415
150.811205279	1008.19921875	41.8611373901	30.795425415
150.811205279	1008.19921875	41.8611373901	30.795425415
150.811205279	1008.19921875	41.8611373901	30.795425415
150.811205279	1008.19921875	41.8611373901	30.795425415
150.811205279	1008.19921875	41.8611373901	30.795425415
150.81120528	1008.19921875	41.8611373901	30.795425415
150.81120528	1008.19921875	41.8611373901	30.795425415
150.81120528	1008.19921875	41.8611373901	30.795425415
150.81120528	1008.19921875	41.8611373901	30.795425415
150.811205281	1008.19921875	41.8611373901	30.795425415
150.811205281	1008.19921875	41.8611373901	30.795425415
150.811205281	1008.19921875	41.8611373901	30.795425415
150.811205281	1008.19921875	41.8611373901	30.795425415
150.811205281	1008.20141602	41.8611373901	30.795425415
150.811205282	1008.20141602	41.8611373901	30.795425415
150.811205282	1008.20141602	41.8611373901	30.795425415
150.811205282	1008.20141602	41.8611373901	30.795425415
150.811205283	1008.20141602	41.8611373901	30.795425415
150.811205283	1008.20141602	41.8611373901	30.8310451508
150.811205283	1008.20141602	41.8317337036	30.8310451508
150.811205283	1008.20141602	41.8317337036	30.8310451508
150.811205284	1008.20141602	41.8317337036	30.8310451508
150.811205284	1008.20141602	41.8317337036	30.8310451508
150.811205284	1008.20141602	41.8317337036	30.8310451508
150.811205284	1008.20141602	41.8317337036	30.8310451508
150.811205284	1008.20141602	41.8317337036	30.8310451508
150.811205285	1008.20141602	41.8317337036	30.8310451508
150.811205285	1008.20141602	41.8317337036	30.8310451508
150.811205285	1008.20141602	41.8317337036	30.8310451508
150.811205285	1008.20141602	41.8317337036	30.8310451508
150.811205286	1008.20214844	41.8317337036	30.8310451508
150.811205286	1008.20214844	41.8317337036	30.8310451508
150.811205286	1008.20214844	41.8317337036	30.8310451508
150.811205286	1008.20214844	41.8317337036	30.8310451508
150.811205287	1008.20214844	41.8317337036	30.8310451508
150.811205287	1008.20214844	41.8317337036	30.8310451508
150.811205287	1008.20214844	41.8317337036	30.8310451508
150.811205287	1008.20214844	41.8317337036	30.8310451508
150.811205288	1008.20214844	41.8317337036	30.8310451508
150.811205288	1008.20214844	41.8317337036	30.8310451508
150.811205288	1008.20214844	41.8317337036	30.8310451508
150.811205288	1008.20214844	41.8317337036	30.8310451508
150.811205288	1008.20214844	41.8317337036	30.8310451508
150.811205289	1008.20214844	41.8317337036	30.8310451508
150.811205289	1008.20214844	41.8317337036	30.8310451508
150.811205289	1008.20214844	41.8317337036	30.8310451508
150.811205289	1008.20214844	41.8317337036	30.8310451508
150.81120529	1008.20214844	41.8317337036	30.8310451508
150.81120529	1008.20068359	41.8317337036	30.8310451508
150.81120529	1008.20068359	41.8317337036	30.8310451508
150.81120529	1008.20068359	41.8317337036	30.8310451508
150.811205291	1008.20068359	41.8317337036	30.795425415
150.811205291	1008.20068359	38.8882904053	30.795425415
150.811205291	1008.20068359	38.8882904053	30.795425415
150.811205291	1008.20068359	38.8882904053	30.795425415
150.811205292	1008.20068359	38.8882904053	30.795425415
150.811205292	1008.20068359	38.8882904053	30.795425415
150.811205292	1008.20068359	38.8882904053	30.795425415
150.811205292	1008.20068359	38.8882904053	30.795425415
150.811205293	1008.20068359	38.8882904053	30.795425415
150.811205293	1008.20068359	38.8882904053	30.795425415
150.811205293	1008.20068359	38.8882904053	30.795425415
150.811205293	1008.20068359	38.8882904053	30.795425415
150.811205293	1008.20068359	38.8882904053	30.795425415
150.811205294	1008.20068359	38.8882904053	30.795425415
150.811205294	1008.20117188	38.8882904053	30.795425415
150.811205294	1008.20117188	38.8882904053	30.795425415
150.811205295	1008.20117188	38.8882904053	30.795425415
150.811205295	1008.20117188	38.8882904053	30.795425415
150.811205295	1008.20117188	38.8882904053	30.795425415
150.811205295	1008.20117188	38.8882904053	30.795425415
150.811205295	1008.20117188	38.8882904053	30.795425415
150.811205296	1008.20117188	38.8882904053	30.795425415
150.811205296	1008.20117188	38.8882904053	30.795425415
150.811205296	1008.20117188	38.8882904053	30.795425415
150.811205296	1008.20117188	38.8882904053	30.795425415
150.811205297	1008.20117188	38.8882904053	30.795425415
150.811205297	1008.20117188	38.8882904053	30.795425415
150.811205297	1008.20117188	38.8882904053	30.795425415
150.811205297	1008.20117188	38.8882904053	30.795425415
150.811205297	1008.20117188	38.8882904053	30.795425415
150.811205298	1008.20117188	38.8882904053	30.795425415
150.811205298	1008.20117188	38.8882904053	30.795425415
150.811205298	1008.2019043	38.8882904053	30.795425415
150.811205298	1008.2019043	38.8882904053	30.795425415
150.811205299	1008.2019043	37.6468811035	30.795425415
150.811205299	1008.2019043	37.6468811035	30.795425415
150.811205299	1008.2019043	37.6468811035	30.795425415
150.8112053	1008.2019043	37.6468811035	30.795425415
150.8112053	1008.2019043	37.6468811035	30.795425415
150.8112053	1008.2019043	37.6468811035	30.795425415
150.8112053	1008.2019043	37.6468811035	30.795425415
150.8112053	1008.2019043	37.6468811035	30.795425415
150.811206443	1009.0090332	38.1606826782	31.1454963684
150.811206444	1009.0090332	38.1606826782	31.1454963684
150.811206446	1009.0090332	38.1606826782	31.1454963684
150.811206446	1009.0090332	38.1606826782	31.1454963684
150.811206446	1009.0090332	38.1606826782	31.1454963684
150.811206446	1009.0090332	38.1606826782	31.1454963684
150.811206446	1009.0090332	38.1606826782	31.1454963684
150.811206447	1009.0090332	38.1606826782	31.1454963684
150.811206447	1009.0090332	38.1606826782	31.1454963684
150.811206447	1009.0090332	38.1606826782	31.1454963684
150.811206447	1009.0090332	38.1606826782	31.1454963684
150.811206447	1009.0090332	38.1606826782	31.1454963684
150.811206447	1009.0090332	38.1606826782	31.1454963684
150.811206447	1009.0090332	38.1606826782	31.1454963684
150.811206448	1009.0090332	38.1606826782	31.1454963684
150.811206448	1009.01147461	38.1606826782	31.1271839142
150.811206448	1009.01147461	39.6554985046	31.1271839142
150.811206448	1009.01147461	39.6554985046	31.1271839142
150.811206448	1009.01147461	39.6554985046	31.1271839142
150.811206448	1009.01147461	39.6554985046	31.1271839142
150.811206449	1009.01147461	39.6554985046	31.1271839142
150.811206449	1009.01147461	39.6554985046	31.1271839142
150.811206449	1009.01147461	39.6554985046	31.1271839142
150.811206449	1009.01147461	39.6554985046	31.1271839142
150.811206449	1009.01147461	39.6554985046	31.1271839142
150.811206449	1009.01147461	39.6554985046	31.1271839142
150.811206449	1009.01147461	39.6554985046	31.1271839142
150.81120645	1009.01147461	39.6554985046	31.1271839142
150.81120645	1009.01147461	39.6554985046	31.1271839142
150.81120645	1009.01147461	39.6554985046	31.1271839142
150.81120645	1009.01147461	39.6554985046	31.1271839142
150.81120645	1009.01147461	39.6554985046	31.1271839142
150.81120645	1009.01147461	39.6554985046	31.1271839142
150.81120645	1009.01147461	39.6554985046	31.1271839142
150.81120645	1009.01147461	39.6554985046	31.1271839142
150.811206451	1009.01147461	39.6554985046	31.1271839142
150.811206451	1009.01147461	39.6554985046	31.1271839142
150.811206451	1009.01147461	39.6554985046	31.1271839142
150.811206451	1009.01147461	39.6554985046	31.1271839142
150.811206451	1009.01147461	39.6554985046	31.1271839142
150.811206451	1009.01147461	39.6554985046	31.1271839142
150.811206451	1009.01147461	39.6554985046	31.1271839142
150.811206452	1009.00366211	39.6554985046	31.1271839142
150.811206452	1009.00366211	39.6554985046	31.1271839142
150.811206452	1009.00366211	39.6554985046	31.1271839142
150.811206452	1009.00366211	39.6554985046	31.1271839142
150.811206453	1009.00366211	39.6554985046	31.1271839142
150.811206453	1009.00366211	39.6554985046	31.1271839142
150.811206453	1009.00366211	39.6554985046	31.1271839142
150.811206453	1009.00366211	39.6554985046	31.1271839142
150.811206453	1009.00366211	39.6554985046	31.1271839142
150.811206453	1009.00366211	39.6554985046	31.1271839142
150.811206453	1009.00366211	39.6554985046	31.1271839142
150.811206453	1009.00366211	39.6554985046	31.1271839142
150.811206454	1009.00366211	39.6554985046	31.1271839142
150.811206454	1009.00366211	39.6554985046	31.1271839142
150.811206454	1009.00366211	39.6554985046	31.1271839142
150.811206454	1009.00366211	39.6554985046	31.1271839142
150.811206454	1009.00366211	39.6554985046	31.1271839142
150.811206454	1009.00366211	39.6554985046	31.1271839142
150.811206454	1009.00366211	39.6554985046	31.1271839142
150.811206455	1009.00366211	39.6554985046	31.1271839142
150.811206455	1009.00366211	39.6554985046	31.1271839142
150.811206455	1009.00366211	39.6554985046	31.1271839142
150.811206455	1009.00366211	39.6554985046	31.1271839142
150.811206455	1009.00366211	39.6554985046	31.1271839142
150.811206455	1009.00366211	39.6554985046	31.1271839142
150.811206455	1009.00366211	39.6554985046	31.1271839142
150.811206455	1009.00366211	39.6554985046	31.1271839142
150.811206456	1009.00366211	39.6554985046	31.1271839142
150.811206456	1009.00366211	39.6554985046	31.21875
150.811206456	1009.00366211	38.0833015442	31.21875
150.811206456	1009.00366211	38.0833015442	31.21875
150.811206456	1009.00366211	38.0833015442	31.21875
150.811206457	1009.00366211	38.0833015442	31.21875
150.811206457	1009.00366211	38.0833015442	31.21875
150.811206457	1009.00366211	38.0833015442	31.21875
150.811206457	1009.00366211	38.0833015442	31.21875
150.811206457	1009.00366211	38.0833015442	31.21875
150.811206457	1009.00366211	38.0833015442	31.21875
150.811206457	1009.00366211	38.0833015442	31.21875
150.811206457	1009.00366211	38.0833015442	31.21875
150.811206458	1009.00366211	38.0833015442	31.21875
150.811206458	1009.00366211	38.0833015442	31.21875
150.811206458	1009.00366211	38.0833015442	31.21875
150.811206458	1009.00366211	38.0833015442	31.21875
150.811206458	1009.00366211	38.0833015442	31.21875
150.811206458	1009.00366211	38.0833015442	31.21875
150.811206458	1009.00366211	38.0833015442	31.21875
150.811206459	1009.00366211	38.0833015442	31.21875
150.811206459	1009.00366211	38.0833015442	31.21875
150.811206459	1009.00366211	38.0833015442	31.21875
150.811206459	1009.00366211	38.0833015442	31.21875
150.811206459	1009.00366211	38.0833015442	31.21875
150.811206459	1009.00366211	38.0833015442	31.21875
150.811206459	1009.00366211	38.0833015442	31.21875
150.81120646	1009.00366211	38.0833015442	31.21875
150.81120646	1009.00366211	38.0833015442	31.21875
150.81120646	1009.00366211	38.0833015442	31.21875
150.81120646	1009.00463867	38.0833015442	31.21875
150.81120646	1009.00463867	38.0833015442	31.21875
150.81120646	1009.00463867	38.0833015442	31.21875
150.81120646	1009.00463867	38.0833015442	31.21875
150.811206461	1009.00463867	38.0833015442	31.21875
150.811206461	1009.00463867	38.0833015442	31.21875
150.811206461	1009.00463867	38.0833015442	31.21875
150.811206461	1009.00463867	38.0833015442	31.21875
150.811206461	1009.00463867	38.0833015442	31.21875
150.811206461	1009.00463867	38.0833015442	31.21875
150.811206461	1009.00463867	38.0833015442	31.21875
150.811206462	1009.00463867	38.0833015442	31.21875
150.811206462	1009.00463867	38.0833015442	31.21875
150.811206462	1009.00463867	38.0833015442	31.21875
150.811206462	1009.00463867	38.0833015442	31.21875
150.811206462	1009.00463867	38.0833015442	31.21875
150.811206462	1009.00463867	38.0833015442	31.21875
150.811206462	1009.00463867	38.0833015442	31.21875
150.811206462	1009.00463867	38.0833015442	31.21875
150.811206463	1009.00463867	38.0833015442	31.21875
150.811206463	1009.00463867	38.0833015442	31.21875
150.811206463	1009.00463867	38.0833015442	31.21875
150.811206463	1009.00463867	38.0833015442	31.21875
150.811206463	1009.00463867	38.0833015442	31.21875
150.811206463	1009.00463867	38.0833015442	31.21875
150.811206463	1009.00463867	38.0833015442	31.21875
150.811206464	1009.00463867	38.0833015442	31.21875
150.811206464	1009.00463867	38.0833015442	31.21875
150.811206464	1009.00463867	38.0833015442	31.21875
150.811206464	1009.00732422	38.4350242615	31.21875
150.811206464	1009.00732422	38.4350242615	31.21875
150.811206464	1009.00732422	38.4350242615	31.21875
150.811206465	1009.00732422	38.4350242615	31.21875
150.811206465	1009.00732422	38.4350242615	31.21875
150.811206465	1009.00732422	38.4350242615	31.21875
150.811206465	1009.00732422	38.4350242615	31.21875
150.811206465	1009.00732422	38.4350242615	31.21875
150.811206465	1009.00732422	38.4350242615	31.21875
150.811206465	1009.00732422	38.4350242615	31.21875
150.811206466	1009.00732422	38.4350242615	31.21875
150.811206466	1009.00732422	38.4350242615	31.21875
150.811206466	1009.00732422	38.4350242615	31.21875
150.811206466	1009.00732422	38.4350242615	31.21875
150.811206466	1009.00732422	38.4350242615	31.21875
150.811206466	1009.00732422	38.4350242615	31.21875
150.811206466	1009.00732422	38.4350242615	31.21875
150.811206467	1009.00732422	38.4350242615	31.21875
150.811206467	1009.00732422	38.4350242615	31.21875
150.811206467	1009.00732422	38.4350242615	31.21875
150.811206467	1009.00732422	38.4350242615	31.21875
150.811206467	1009.00732422	38.4350242615	31.21875
150.811206467	1009.00732422	38.4350242615	31.21875
150.811206467	1009.00732422	38.4350242615	31.21875
150.811206467	1009.00732422	38.4350242615	31.21875
150.811206468	1009.00732422	38.4350242615	31.21875
150.811206468	1009.00732422	38.4350242615	31.21875
150.811206468	1009.00732422	38.4350242615	31.21875
150.811206468	1009.00610352	38.4350242615	31.21875
150.811206468	1009.00610352	38.4350242615	31.21875
150.811206468	1009.00610352	38.4350242615	31.21875
150.811206469	1009.00610352	38.4350242615	31.21875
150.811206469	1009.00610352	38.4350242615	31.21875
150.811206469	1009.00610352	38.4350242615	31.21875
150.811206469	1009.00610352	38.4350242615	31.21875
150.811206469	1009.00610352	38.4350242615	31.21875
150.811206469	1009.00610352	38.4350242615	31.21875
150.811206469	1009.00610352	38.4350242615	31.21875
150.81120647	1009.00610352	38.4350242615	31.21875
150.81120647	1009.00610352	38.4350242615	31.21875
150.81120647	1009.00610352	38.4350242615	31.21875
150.81120647	1009.00610352	38.4350242615	31.21875
150.81120647	1009.00610352	38.4350242615	31.21875
150.81120647	1009.00610352	38.4350242615	31.21875
150.81120647	1009.00610352	38.4350242615	31.21875
150.811206471	1009.00610352	38.4350242615	31.21875
150.811206471	1009.00610352	38.4350242615	31.21875
150.811206471	1009.00610352	38.4350242615	31.21875
150.811206471	1009.00610352	38.4350242615	31.21875
150.811206471	1009.00610352	38.4350242615	31.21875
150.811206471	1009.00610352	38.4350242615	31.21875
150.811206471	1009.00610352	38.4350242615	31.21875
150.811206472	1009.00610352	38.4350242615	31.21875
150.811206472	1009.00610352	38.4350242615	31.21875
150.811206472	1009.00610352	38.4350242615	31.10887146
150.811206472	1009.00610352	38.4350242615	31.10887146
150.811206472	1009.00244141	38.7656402588	31.10887146
150.811206472	1009.00244141	38.7656402588	31.10887146
150.811206473	1009.00244141	38.7656402588	31.10887146
150.811206473	1009.00244141	38.7656402588	31.10887146
150.811206473	1009.00244141	38.7656402588	31.10887146
150.811206473	1009.00244141	38.7656402588	31.10887146
150.811206473	1009.00244141	38.7656402588	31.10887146
150.811206473	1009.00244141	38.7656402588	31.10887146
150.811206473	1009.00244141	38.7656402588	31.10887146
150.811206474	1009.00244141	38.7656402588	31.10887146
150.811206474	1009.00244141	38.7656402588	31.10887146
150.811206474	1009.00244141	38.7656402588	31.10887146
150.811206474	1009.00244141	38.7656402588	31.10887146
150.811206474	1009.00244141	38.7656402588	31.10887146
150.811206474	1009.00244141	38.7656402588	31.10887146
150.811206474	1009.00244141	38.7656402588	31.10887146
150.811206475	1009.00244141	38.7656402588	31.10887146
150.811206475	1009.00244141	38.7656402588	31.10887146
150.811206475	1009.00244141	38.7656402588	31.10887146
150.811206475	1009.00244141	38.7656402588	31.10887146
150.811206475	1009.00244141	38.7656402588	31.10887146
150.811206475	1009.00244141	38.7656402588	31.10887146
150.811206475	1009.00244141	38.7656402588	31.10887146
150.811206475	1009.00244141	38.7656402588	31.10887146
150.811206476	1009.00244141	38.7656402588	31.10887146
150.811206476	1009.00244141	38.7656402588	31.10887146
150.811206476	1009.00244141	38.7656402588	31.10887146
150.811206476	1009.00244141	38.7656402588	31.10887146
150.811206476	1009.00244141	38.7656402588	31.10887146
150.811206476	1009.0012207	38.7656402588	31.10887146
150.811206477	1009.0012207	38.7656402588	31.10887146
150.811206477	1009.0012207	38.7656402588	31.10887146
150.811206477	1009.0012207	38.7656402588	31.10887146
150.811206477	1009.0012207	38.7656402588	31.10887146
150.811206477	1009.0012207	38.7656402588	31.10887146
150.811206477	1009.0012207	38.7656402588	31.10887146
150.811206477	1009.0012207	38.7656402588	31.10887146
150.811206477	1009.0012207	38.7656402588	31.10887146
150.811206478	1009.0012207	38.7656402588	31.10887146
150.811206478	1009.0012207	38.7656402588	31.10887146
150.811206478	1009.0012207	38.7656402588	31.10887146
150.811206478	1009.0012207	38.7656402588	31.10887146
150.811206478	1009.0012207	38.7656402588	31.10887146
150.811206478	1009.0012207	38.7656402588	31.10887146
150.811206478	1009.0012207	38.7656402588	31.10887146
150.811206479	1009.0012207	38.7656402588	31.10887146
150.811206479	1009.0012207	38.7656402588	31.10887146
150.811206479	1009.0012207	38.7656402588	31.10887146
150.811206479	1009.0012207	38.7656402588	31.10887146
150.811206479	1009.0012207	38.7656402588	31.10887146
150.811206479	1009.0012207	38.7656402588	31.10887146
150.811206479	1009.0012207	38.1466140747	31.2004356384
150.81120648	1009.00439453	38.1466140747	31.2004356384
150.811206481	1009.00439453	38.1466140747	31.2004356384
150.811206481	1009.00439453	38.1466140747	31.2004356384
150.811206481	1009.00439453	38.1466140747	31.2004356384
150.811206481	1009.00439453	38.1466140747	31.2004356384
150.811206481	1009.00439453	38.1466140747	31.2004356384
150.811206481	1009.00439453	38.1466140747	31.2004356384
150.811206482	1009.00439453	38.1466140747	31.2004356384
150.811206482	1009.00439453	38.1466140747	31.2004356384
150.811206482	1009.00439453	38.1466140747	31.2004356384
150.811206482	1009.00439453	38.1466140747	31.2004356384
150.811206482	1009.00439453	38.1466140747	31.2004356384
150.811206482	1009.00439453	38.1466140747	31.2004356384
150.811206482	1009.00439453	38.1466140747	31.2004356384
150.811206482	1009.00439453	38.1466140747	31.2004356384
150.811206483	1009.00439453	38.1466140747	31.2004356384
150.811206483	1009.00439453	38.1466140747	31.2004356384
150.811206483	1009.00439453	38.1466140747	31.2004356384
150.811206483	1009.00439453	38.1466140747	31.2004356384
150.811206483	1009.00439453	38.1466140747	31.2004356384
150.811206483	1009.00439453	38.1466140747	31.2004356384
150.811206483	1009.00439453	38.1466140747	31.2004356384
150.811206484	1009.00439453	38.1466140747	31.2004356384
150.811206484	1009.00439453	38.1466140747	31.2004356384
150.811206484	1009.00439453	38.1466140747	31.2004356384
150.811206484	1009.00439453	38.1466140747	31.2004356384
150.811206484	1009.00439453	38.1466140747	31.2004356384
150.811206484	1009.00439453	38.1466140747	31.2004356384
150.811206484	1009.00512695	38.1466140747	31.2004356384
150.811206485	1009.00512695	38.1466140747	31.2004356384
150.811206485	1009.00512695	38.1466140747	31.2004356384
150.811206485	1009.00512695	38.1466140747	31.2004356384
150.811206485	1009.00512695	38.1466140747	31.2004356384
150.811206485	1009.00512695	38.1466140747	31.2004356384
150.811206485	1009.00512695	38.1466140747	31.2004356384
150.811206486	1009.00512695	38.1466140747	31.2004356384
150.811206486	1009.00512695	38.1466140747	31.2004356384
150.811206486	1009.00512695	38.1466140747	31.2004356384
150.811206486	1009.00512695	38.1466140747	31.2004356384
150.811206486	1009.00512695	38.1466140747	31.2004356384
150.811206486	1009.00512695	38.1466140747	31.2004356384
150.811206486	1009.00512695	38.1466140747	31.2004356384
150.811206487	1009.00512695	38.1466140747	31.2004356384
150.811206487	1009.00512695	38.1466140747	31.2004356384
150.811206487	1009.00512695	38.1466140747	31.2004356384
150.811206487	1009.00512695	38.1466140747	31.2004356384
150.811206487	1009.00512695	38.1466140747	31.2004356384
150.811206487	1009.00512695	38.1466140747	31.2004356384
150.811206487	1009.00512695	38.1466140747	31.2004356384
150.811206487	1009.00512695	38.1466140747	31.2004356384
150.811206488	1009.00512695	38.1466140747	31.2004356384
150.811206488	1009.00512695	38.1466140747	31.2004356384
150.811206488	1009.00512695	38.1466140747	31.2004356384
150.811206488	1009.00512695	38.1466140747	31.2004356384
150.811206488	1009.00512695	39.5781173706	31.2004356384
150.811206488	1009.00537109	39.5781173706	31.2004356384
150.811206489	1009.00537109	39.5781173706	31.2004356384
150.811206489	1009.00537109	39.5781173706	31.2004356384
150.811206489	1009.00537109	39.5781173706	31.2004356384
150.811206489	1009.00537109	39.5781173706	31.2004356384
150.811206489	1009.00537109	39.5781173706	31.2004356384
150.811206489	1009.00537109	39.5781173706	31.2004356384
150.81120649	1009.00537109	39.5781173706	31.2004356384
150.81120649	1009.00537109	39.5781173706	31.2004356384
150.81120649	1009.00537109	39.5781173706	31.2004356384
150.81120649	1009.00537109	39.5781173706	31.2004356384
150.81120649	1009.00537109	39.5781173706	31.2004356384
150.81120649	1009.00537109	39.5781173706	31.2004356384
150.81120649	1009.00537109	39.5781173706	31.2004356384
150.811206491	1009.00537109	39.5781173706	31.2004356384
150.811206491	1009.00537109	39.5781173706	31.2004356384
150.811206491	1009.00537109	39.5781173706	31.2004356384
150.811206491	1009.00537109	39.5781173706	31.2004356384
150.811206491	1009.00537109	39.5781173706	31.2004356384
150.811206491	1009.00537109	39.5781173706	31.2004356384
150.811206491	1009.00537109	39.5781173706	31.2004356384
150.811206492	1009.00537109	39.5781173706	31.2004356384
150.811206492	1009.00537109	39.5781173706	31.2004356384
150.811206492	1009.00537109	39.5781173706	31.2004356384
150.811206492	1009.00537109	39.5781173706	31.2004356384
150.811206492	1009.00537109	39.5781173706	31.2004356384
150.811206492	1009.00537109	39.5781173706	31.2004356384
150.811206492	1009.00537109	39.5781173706	31.2004356384
150.811206492	1009.00830078	39.5781173706	31.2004356384
150.811206493	1009.00830078	39.5781173706	31.2004356384
150.811206493	1009.00830078	39.5781173706	31.2004356384
150.811206493	1009.00830078	39.5781173706	31.2004356384
150.811206493	1009.00830078	39.5781173706	31.2004356384
150.811206493	1009.00830078	39.5781173706	31.2004356384
150.811206493	1009.00830078	39.5781173706	31.2004356384
150.811206494	1009.00830078	39.5781173706	31.2004356384
150.811206494	1009.00830078	39.5781173706	31.2004356384
150.811206494	1009.00830078	39.5781173706	31.2004356384
150.811206494	1009.00830078	39.5781173706	31.2004356384
150.811206494	1009.00830078	39.5781173706	31.2004356384
150.811206494	1009.00830078	39.5781173706	31.2004356384
150.811206494	1009.00830078	39.5781173706	31.2004356384
150.811206495	1009.00830078	39.5781173706	31.2004356384
150.811206495	1009.00830078	39.5781173706	31.2004356384
150.811206495	1009.00830078	39.5781173706	31.2004356384
150.811206495	1009.00830078	39.5781173706	31.2004356384
150.811206495	1009.00830078	39.5781173706	31.2004356384
150.811206495	1009.00830078	39.5781173706	31.2004356384
150.811206495	1009.00830078	39.5781173706	31.2004356384
150.811206495	1009.00830078	39.5781173706	31.2004356384
150.811206496	1009.00830078	39.5781173706	31.2004356384
150.811206496	1009.00830078	39.5781173706	31.2004356384
150.811206496	1009.00830078	39.5781173706	31.2004356384
150.811206496	1009.00830078	39.5781173706	31.21875
150.811206496	1009.00830078	39.5781173706	31.21875
150.811206496	1009.00830078	40.1690101624	31.21875
150.811206497	1009.01074219	40.1690101624	31.21875
150.811206497	1009.01074219	40.1690101624	31.21875
150.811206497	1009.01074219	40.1690101624	31.21875
150.811206497	1009.01074219	40.1690101624	31.21875
150.811206497	1009.01074219	40.1690101624	31.21875
150.811206497	1009.01074219	40.1690101624	31.21875
150.811206497	1009.01074219	40.1690101624	31.21875
150.811206498	1009.01074219	40.1690101624	31.21875
150.811206498	1009.01074219	40.1690101624	31.21875
150.811206498	1009.01074219	40.1690101624	31.21875
150.811206498	1009.01074219	40.1690101624	31.21875
150.811206498	1009.01074219	40.1690101624	31.21875
150.811206498	1009.01074219	40.1690101624	31.21875
150.811206498	1009.01074219	40.1690101624	31.21875
150.811206499	1009.01074219	40.1690101624	31.21875
150.811206499	1009.01074219	40.1690101624	31.21875
150.811206499	1009.01074219	40.1690101624	31.21875
150.811206499	1009.01074219	40.1690101624	31.21875
150.811206499	1009.01074219	40.1690101624	31.21875
150.811206499	1009.01074219	40.1690101624	31.21875
150.811206499	1009.01074219	40.1690101624	31.21875
150.8112065	1009.01074219	40.1690101624	31.21875
150.8112065	1009.01074219	40.1690101624	31.21875
150.8112065	1009.01074219	40.1690101624	31.21875
150.8112065	1009.01074219	40.1690101624	31.21875
150.8112065	1009.01074219	40.1690101624	31.21875
150.8112065	1009.01074219	40.1690101624	31.21875
150.8112065	1009.01074219	40.1690101624	31.21875
150.8112065	1009.01074219	40.1690101624	31.21875
150.811206501	1009.01196289	40.1690101624	31.21875
150.811206501	1009.01196289	40.1690101624	31.21875
150.811206501	1009.01196289	40.1690101624	31.21875
150.811206501	1009.01196289	40.1690101624	31.21875
150.811206501	1009.01196289	40.1690101624	31.21875
150.811206501	1009.01196289	40.1690101624	31.21875
150.811206502	1009.01196289	40.1690101624	31.21875
150.811206502	1009.01196289	40.1690101624	31.21875
150.811206502	1009.01196289	40.1690101624	31.21875
150.811206502	1009.01196289	40.1690101624	31.21875
150.811206502	1009.01196289	40.1690101624	31.21875
150.811206502	1009.01196289	40.1690101624	31.21875
150.811206502	1009.01196289	40.1690101624	31.21875
150.811206503	1009.01196289	40.1690101624	31.21875
150.811206503	1009.01196289	40.1690101624	31.21875
150.811206503	1009.01196289	40.1690101624	31.21875
150.811206503	1009.01196289	40.1690101624	31.21875
150.811206503	1009.01196289	40.1690101624	31.21875
150.811206503	1009.01196289	40.1690101624	31.21875
150.811206503	1009.01196289	40.1690101624	31.21875
150.811206503	1009.01196289	40.1690101624	31.21875
150.811206504	1009.01196289	40.1690101624	31.21875
150.811206504	1009.01196289	40.1690101624	31.21875
150.811206504	1009.01196289	40.1690101624	31.21875
150.811206504	1009.01196289	40.1690101624	31.21875
150.811206504	1009.01196289	40.1690101624	31.1271839142
150.811206504	1009.01196289	40.1690101624	31.1271839142
150.811206505	1009.01196289	39.1032943726	31.1271839142
150.811206505	1009.01196289	39.1032943726	31.1271839142
150.811206505	1009.01391602	39.1032943726	31.1271839142
150.811206505	1009.01391602	39.1032943726	31.1271839142
150.811206505	1009.01391602	39.1032943726	31.1271839142
150.811206505	1009.01391602	39.1032943726	31.1271839142
150.811206505	1009.01391602	39.1032943726	31.1271839142
150.811206506	1009.01391602	39.1032943726	31.1271839142
150.811206506	1009.01391602	39.1032943726	31.1271839142
150.811206506	1009.01391602	39.1032943726	31.1271839142
150.811206506	1009.01391602	39.1032943726	31.1271839142
150.811206506	1009.01391602	39.1032943726	31.1271839142
150.811206506	1009.01391602	39.1032943726	31.1271839142
150.811206506	1009.01391602	39.1032943726	31.1271839142
150.811206507	1009.01391602	39.1032943726	31.1271839142
150.811206507	1009.01391602	39.1032943726	31.1271839142
150.811206507	1009.01391602	39.1032943726	31.1271839142
150.811206507	1009.01391602	39.1032943726	31.1271839142
150.811206507	1009.01391602	39.1032943726	31.1271839142
150.811206507	1009.01391602	39.1032943726	31.1271839142
150.811206507	1009.01391602	39.1032943726	31.1271839142
150.811206507	1009.01391602	39.1032943726	31.1271839142
150.811206508	1009.01391602	39.1032943726	31.1271839142
150.811206508	1009.01391602	39.1032943726	31.1271839142
150.811206508	1009.01391602	39.1032943726	31.1271839142
150.811206508	1009.01391602	39.1032943726	31.1271839142
150.811206508	1009.01391602	39.1032943726	31.1271839142
150.811206508	1009.01391602	39.1032943726	31.1271839142
150.811206508	1009.01391602	39.1032943726	31.1271839142
150.811206509	1009.01391602	39.1032943726	31.1271839142
150.811206509	1009.01391602	39.1032943726	31.1271839142
150.811206509	1009.01098633	39.1032943726	31.1271839142
150.811206509	1009.01098633	39.1032943726	31.1271839142
150.811206509	1009.01098633	39.1032943726	31.1271839142
150.811206509	1009.01098633	39.1032943726	31.1271839142
150.81120651	1009.01098633	39.1032943726	31.1271839142
150.81120651	1009.01098633	39.1032943726	31.1271839142
150.81120651	1009.01098633	39.1032943726	31.1271839142
150.81120651	1009.01098633	39.1032943726	31.1271839142
150.81120651	1009.01098633	39.1032943726	31.1271839142
150.81120651	1009.01098633	39.1032943726	31.1271839142
150.81120651	1009.01098633	39.1032943726	31.1271839142
150.81120651	1009.01098633	39.1032943726	31.1271839142
150.811206511	1009.01098633	39.1032943726	31.1271839142
150.811206511	1009.01098633	39.1032943726	31.1271839142
150.811206511	1009.01098633	39.1032943726	31.1271839142
150.811206511	1009.01098633	39.1032943726	31.1271839142
150.811206511	1009.01098633	39.1032943726	31.1271839142
150.811206511	1009.01098633	39.1032943726	31.1271839142
150.811206511	1009.01098633	39.1032943726	31.1271839142
150.811206512	1009.01098633	39.1032943726	31.1271839142
150.811206512	1009.01098633	39.1032943726	31.1271839142
150.811206512	1009.01098633	39.1032943726	31.1271839142
150.811206512	1009.01098633	39.1032943726	31.1271839142
150.811206512	1009.01098633	39.1032943726	31.2004356384
150.811206512	1009.01098633	39.1032943726	31.2004356384
150.811206512	1009.01098633	38.614402771	31.2004356384
150.811206513	1009.01098633	38.614402771	31.2004356384
150.811206513	1009.01098633	38.614402771	31.2004356384
150.811206513	1009.01098633	38.614402771	31.2004356384
150.811206513	1009.01098633	38.614402771	31.2004356384
150.811206513	1009.01098633	38.614402771	31.2004356384
150.811206513	1009.01098633	38.614402771	31.2004356384
150.811206514	1009.01098633	38.614402771	31.2004356384
150.811206514	1009.01098633	38.614402771	31.2004356384
150.811206514	1009.01098633	38.614402771	31.2004356384
150.811206514	1009.01098633	38.614402771	31.2004356384
150.811206514	1009.01098633	38.614402771	31.2004356384
150.811206515	1009.01098633	38.614402771	31.2004356384
150.811206515	1009.01098633	38.614402771	31.2004356384
150.811206515	1009.01098633	38.614402771	31.2004356384
150.811206515	1009.01098633	38.614402771	31.2004356384
150.811206515	1009.01098633	38.614402771	31.2004356384
150.811206516	1009.01098633	38.614402771	31.2004356384
150.811206516	1009.01098633	38.614402771	31.2004356384
150.811206516	1009.01098633	38.614402771	31.2004356384
150.811206516	1009.01098633	38.614402771	31.2004356384
150.811206517	1009.01098633	38.614402771	31.2004356384
150.811206517	1009.01098633	38.614402771	31.2004356384
150.811206517	1009.01293945	38.614402771	31.2004356384
150.811206517	1009.01293945	38.614402771	31.2004356384
150.811206518	1009.01293945	38.614402771	31.2004356384
150.811206518	1009.01293945	38.614402771	31.2004356384
150.811206518	1009.01293945	38.614402771	31.2004356384
150.811206518	1009.01293945	38.614402771	31.2004356384
150.811206519	1009.01293945	38.614402771	31.2004356384
150.811206519	1009.01293945	38.614402771	31.2004356384
150.811206519	1009.01293945	38.614402771	31.2004356384
150.811206519	1009.01293945	38.614402771	31.2004356384
150.811206519	1009.01293945	38.614402771	31.2004356384
150.81120652	1009.01293945	38.614402771	31.2004356384
150.81120652	1009.01293945	38.614402771	31.2004356384
150.81120652	1009.01293945	38.614402771	31.2004356384
150.81120652	1009.01293945	36.7924842834	31.2004356384
150.811206521	1009.01293945	36.7924842834	31.2004356384
150.811206521	1009.01708984	36.7924842834	31.2004356384
150.811206521	1009.01708984	36.7924842834	31.2004356384
150.811206522	1009.01708984	36.7924842834	31.2004356384
150.811206522	1009.01708984	36.7924842834	31.2004356384
150.811206522	1009.01708984	36.7924842834	31.2004356384
150.811206522	1009.01708984	36.7924842834	31.2004356384
150.811206522	1009.01708984	36.7924842834	31.2004356384
150.811206523	1009.01708984	36.7924842834	31.2004356384
150.811206523	1009.01708984	36.7924842834	31.2004356384
150.811206523	1009.01708984	36.7924842834	31.2004356384
150.811206523	1009.01708984	36.7924842834	31.2004356384
150.811206524	1009.01708984	36.7924842834	31.2004356384
150.811206524	1009.01708984	36.7924842834	31.2004356384
150.811206524	1009.01708984	36.7924842834	31.2004356384
150.811206524	1009.01708984	36.7924842834	31.2004356384
150.811206524	1009.01708984	36.7924842834	31.2004356384
150.811206525	1009.01708984	36.7924842834	31.2004356384
150.811206525	1009.01708984	36.7924842834	31.2004356384
150.811206525	1009.01464844	36.7924842834	31.2004356384
150.811206526	1009.01464844	36.7924842834	31.2004356384
150.811206526	1009.01464844	36.7924842834	31.2004356384
150.811206526	1009.01464844	36.7924842834	31.2004356384
150.811206526	1009.01464844	36.7924842834	31.2004356384
150.811206526	1009.01464844	36.7924842834	31.2004356384
150.811206527	1009.01464844	36.7924842834	31.2004356384
150.811206527	1009.01464844	36.7924842834	31.2004356384
150.811206527	1009.01464844	36.7924842834	31.2004356384
150.811206527	1009.01464844	36.7924842834	31.2004356384
150.811206528	1009.01464844	36.7924842834	31.2004356384
150.811206528	1009.01464844	36.7924842834	31.2004356384
150.811206528	1009.01464844	36.7924842834	31.2004356384
150.811206528	1009.01464844	36.7924842834	31.0356178284
150.811206529	1009.01464844	37.1195831299	31.0356178284
150.811206529	1009.01464844	37.1195831299	31.0356178284
150.811206529	1009.01708984	37.1195831299	31.0356178284
150.81120653	1009.01708984	37.1195831299	31.0356178284
150.81120653	1009.01708984	37.1195831299	31.0356178284
150.81120653	1009.01708984	37.1195831299	31.0356178284
150.81120653	1009.01708984	37.1195831299	31.0356178284
150.811206531	1009.01708984	37.1195831299	31.0356178284
150.811206531	1009.01708984	37.1195831299	31.0356178284
150.811206531	1009.01708984	37.1195831299	31.0356178284
150.811206531	1009.01708984	37.1195831299	31.0356178284
150.811206532	1009.01708984	37.1195831299	31.0356178284
150.811206532	1009.01708984	37.1195831299	31.0356178284
150.811206532	1009.01708984	37.1195831299	31.0356178284
150.811206532	1009.01708984	37.1195831299	31.0356178284
150.811206532	1009.01708984	37.1195831299	31.0356178284
150.811206533	1009.01708984	37.1195831299	31.0356178284
150.811206533	1009.01708984	37.1195831299	31.0356178284
150.811206533	1009.01708984	37.1195831299	31.0356178284
150.811206533	1009.01147461	37.1195831299	31.0356178284
150.811206534	1009.01147461	37.1195831299	31.0356178284
150.811206534	1009.01147461	37.1195831299	31.0356178284
150.811206534	1009.01147461	37.1195831299	31.0356178284
150.811206534	1009.01147461	37.1195831299	31.0356178284
150.811206535	1009.01147461	37.1195831299	31.0356178284
150.811206535	1009.01147461	37.1195831299	31.0356178284
150.811206535	1009.01147461	37.1195831299	31.0356178284
150.811206535	1009.01147461	37.1195831299	31.0356178284
150.811206536	1009.01147461	37.1195831299	31.0356178284
150.811206536	1009.01147461	37.1195831299	31.0356178284
150.811206536	1009.01147461	37.1195831299	31.0356178284
150.811206536	1009.01147461	37.1195831299	31.1821231842
150.811206536	1009.01147461	39.6766014099	31.1821231842
150.811206537	1009.01147461	39.6766014099	31.1821231842
150.811206537	1009.01147461	39.6766014099	31.1821231842
150.811206537	1009.00683594	39.6766014099	31.1821231842
150.811206538	1009.00683594	39.6766014099	31.1821231842
150.811206538	1009.00683594	39.6766014099	31.1821231842
150.811206538	1009.00683594	39.6766014099	31.1821231842
150.811206538	1009.00683594	39.6766014099	31.1821231842
150.811206539	1009.00683594	39.6766014099	31.1821231842
150.811206539	1009.00683594	39.6766014099	31.1821231842
150.811206539	1009.00683594	39.6766014099	31.1821231842
150.811206539	1009.00683594	39.6766014099	31.1821231842
150.811206539	1009.00683594	39.6766014099	31.1821231842
150.81120654	1009.00683594	39.6766014099	31.1821231842
150.81120654	1009.00683594	39.6766014099	31.1821231842
150.81120654	1009.00683594	39.6766014099	31.1821231842
150.81120654	1009.00683594	39.6766014099	31.1821231842
150.811206541	1009.00683594	39.6766014099	31.1821231842
150.811206541	1009.00683594	39.6766014099	31.1821231842
150.811206541	1009.00683594	39.6766014099	31.1821231842
150.811206541	1009.00683594	39.6766014099	31.1821231842
150.811206541	1009.00512695	39.6766014099	31.1821231842
150.811206542	1009.00512695	39.6766014099	31.1821231842
150.811206542	1009.00512695	39.6766014099	31.1821231842
150.811206542	1009.00512695	39.6766014099	31.1821231842
150.811206543	1009.00512695	39.6766014099	31.1821231842
150.811206543	1009.00512695	39.6766014099	31.1821231842
150.811206543	1009.00512695	39.6766014099	31.1821231842
150.811206543	1009.00512695	39.6766014099	31.1821231842
150.811206543	1009.00512695	39.6766014099	31.1821231842
150.811206544	1009.00512695	39.6766014099	31.1821231842
150.811206544	1009.00512695	39.6766014099	31.1821231842
150.811206544	1009.00512695	39.6766014099	31.1821231842
150.811206544	1009.00512695	39.6766014099	31.16381073
150.811206545	1009.00512695	40.0494270325	31.16381073
150.811206545	1009.00512695	40.0494270325	31.16381073
150.811206545	1009.00512695	40.0494270325	31.16381073
150.811206545	1009.00512695	40.0494270325	31.16381073
