5.84077026672	1200
time	pressure	humidity	temperature
150.811204872	1007.80029297	40.4626502991	30.5275878906
150.811204874	1007.80249023	40.4626502991	30.5275878906
150.811204875	1007.80249023	40.4626502991	30.5275878906
150.811204875	1007.80249023	40.4626502991	30.5275878906
150.811204875	1007.80249023	40.4626502991	30.5275878906
150.811204875	1007.80249023	40.4626502991	30.5275878906
150.811204876	1007.80249023	40.4626502991	30.5275878906
150.811204876	1007.80249023	40.4626502991	30.5275878906
150.811204876	1007.80249023	40.4626502991	30.5275878906
150.811204876	1007.80249023	40.4626502991	30.5275878906
150.811204876	1007.80249023	40.4626502991	30.5275878906
150.811204877	1007.80249023	40.4626502991	30.5275878906
150.811204877	1007.80249023	40.4626502991	30.5275878906
150.811204877	1007.80249023	40.4626502991	30.5275878906
150.811204877	1007.80249023	40.4626502991	30.5275878906
150.811204878	1007.80249023	40.4626502991	30.5275878906
150.811204878	1007.80249023	40.4626502991	30.5275878906
150.811204878	1007.8034668	40.4626502991	30.5275878906
150.811204878	1007.8034668	40.4626502991	30.5275878906
150.811204879	1007.8034668	40.4626502991	30.5275878906
150.811204879	1007.8034668	40.4626502991	30.5275878906
150.811204879	1007.8034668	40.4626502991	30.5275878906
150.811204879	1007.8034668	40.4626502991	30.5275878906
150.811204879	1007.8034668	40.4626502991	30.5275878906
150.81120488	1007.8034668	40.4626502991	30.5275878906
150.81120488	1007.8034668	40.4626502991	30.5275878906
150.81120488	1007.8034668	40.4626502991	30.5275878906
150.81120488	1007.8034668	40.4626502991	30.5275878906
150.811204881	1007.8034668	40.4626502991	30.5275878906
150.811204881	1007.8034668	40.4626502991	30.5275878906
150.811204881	1007.8034668	40.4626502991	30.5461521149
150.811204881	1007.8034668	39.8607788086	30.5461521149
150.811204882	1007.8034668	39.8607788086	30.5461521149
150.811204882	1007.8034668	39.8607788086	30.5461521149
150.811204882	1007.81176758	39.8607788086	30.5461521149
150.811204882	1007.81176758	39.8607788086	30.5461521149
150.811204883	1007.81176758	39.8607788086	30.5461521149
150.811204883	1007.81176758	39.8607788086	30.5461521149
150.811204883	1007.81176758	39.8607788086	30.5461521149
150.811204883	1007.81176758	39.8607788086	30.5461521149
150.811204884	1007.81176758	39.8607788086	30.5461521149
150.811204884	1007.81176758	39.8607788086	30.5461521149
150.811204884	1007.81176758	39.8607788086	30.5461521149
150.811204884	1007.81176758	39.8607788086	30.5461521149
150.811204884	1007.81176758	39.8607788086	30.5461521149
150.811204885	1007.81176758	39.8607788086	30.5461521149
150.811204885	1007.81176758	39.8607788086	30.5461521149
150.811204885	1007.81176758	39.8607788086	30.5461521149
150.811204885	1007.81176758	39.8607788086	30.5461521149
150.811204886	1007.81176758	39.8607788086	30.5461521149
150.811204886	1007.81176758	39.8607788086	30.5461521149
150.811204886	1007.81323242	39.8607788086	30.5461521149
150.811204886	1007.81323242	39.8607788086	30.5461521149
150.811204887	1007.81323242	39.8607788086	30.5461521149
150.811204887	1007.81323242	39.8607788086	30.5461521149
150.811204887	1007.81323242	39.8607788086	30.5461521149
150.811204887	1007.81323242	39.8607788086	30.5461521149
150.811204888	1007.81323242	39.8607788086	30.5461521149
150.811204888	1007.81323242	39.8607788086	30.5461521149
150.811204888	1007.81323242	39.8607788086	30.5461521149
150.811204888	1007.81323242	39.8607788086	30.5461521149
150.811204888	1007.81323242	39.8607788086	30.5461521149
150.811204889	1007.81323242	39.8607788086	30.5461521149
150.811204889	1007.81323242	39.8607788086	30.5461521149
150.811204889	1007.81323242	39.8607788086	30.5275878906
150.811204889	1007.81323242	41.909702301	30.5275878906
150.81120489	1007.81323242	41.909702301	30.5275878906
150.81120489	1007.81274414	41.909702301	30.5275878906
150.81120489	1007.81274414	41.909702301	30.5275878906
150.811204891	1007.81274414	41.909702301	30.5275878906
150.811204891	1007.81274414	41.909702301	30.5275878906
150.811204891	1007.81274414	41.909702301	30.5275878906
150.811204891	1007.81274414	41.909702301	30.5275878906
150.811204891	1007.81274414	41.909702301	30.5275878906
150.811204892	1007.81274414	41.909702301	30.5275878906
150.811204892	1007.81274414	41.909702301	30.5275878906
150.811204892	1007.81274414	41.909702301	30.5275878906
150.811204892	1007.81274414	41.909702301	30.5275878906
150.811204893	1007.81274414	41.909702301	30.5275878906
150.811204893	1007.81274414	41.909702301	30.5275878906
150.811204893	1007.81274414	41.909702301	30.5275878906
150.811204893	1007.81274414	41.909702301	30.5275878906
150.811204893	1007.81274414	41.909702301	30.5275878906
150.811204894	1007.81274414	41.909702301	30.5275878906
150.811204894	1007.80932617	41.909702301	30.5275878906
150.811204894	1007.80932617	41.909702301	30.5275878906
150.811204895	1007.80932617	41.909702301	30.5275878906
150.811204895	1007.80932617	41.909702301	30.5275878906
150.811204895	1007.80932617	41.909702301	30.5275878906
150.811204895	1007.80932617	41.909702301	30.5275878906
150.811204895	1007.80932617	41.909702301	30.5275878906
150.811204896	1007.80932617	41.909702301	30.5275878906
150.811204896	1007.80932617	41.909702301	30.5275878906
150.811204896	1007.80932617	41.909702301	30.5275878906
150.811204896	1007.80932617	41.909702301	30.5275878906
150.811204897	1007.80932617	41.909702301	30.5275878906
150.811204897	1007.80932617	41.909702301	30.5275878906
150.811204897	1007.80932617	41.909702301	30.5275878906
150.811204897	1007.80932617	41.909702301	30.3976516724
150.811204898	1007.80932617	39.6782951355	30.3976516724
150.811204898	1007.80688477	39.6782951355	30.3976516724
150.811204898	1007.80688477	39.6782951355	30.3976516724
150.811204898	1007.80688477	39.6782951355	30.3976516724
150.811204899	1007.80688477	39.6782951355	30.3976516724
150.811204899	1007.80688477	39.6782951355	30.3976516724
150.811204899	1007.80688477	39.6782951355	30.3976516724
150.811204899	1007.80688477	39.6782951355	30.3976516724
150.8112049	1007.80688477	39.6782951355	30.3976516724
150.8112049	1007.80688477	39.6782951355	30.3976516724
150.8112049	1007.80688477	39.6782951355	30.3976516724
150.8112049	1007.80688477	39.6782951355	30.3976516724
150.8112049	1007.80688477	39.6782951355	30.3976516724
150.811204901	1007.80688477	39.6782951355	30.3976516724
150.811204901	1007.80688477	39.6782951355	30.3976516724
150.811204901	1007.80688477	39.6782951355	30.3976516724
150.811204901	1007.80688477	39.6782951355	30.3976516724
150.811204902	1007.80688477	39.6782951355	30.3976516724
150.811204902	1007.81054688	39.6782951355	30.3976516724
150.811204902	1007.81054688	39.6782951355	30.3976516724
150.811204902	1007.81054688	39.6782951355	30.3976516724
150.811204903	1007.81054688	39.6782951355	30.3976516724
150.811204903	1007.81054688	39.6782951355	30.3976516724
150.811204903	1007.81054688	39.6782951355	30.3976516724
150.811204903	1007.81054688	39.6782951355	30.3976516724
150.811204904	1007.81054688	39.6782951355	30.3976516724
150.811204904	1007.81054688	39.6782951355	30.3976516724
150.811204904	1007.81054688	39.6782951355	30.3976516724
150.811204904	1007.81054688	39.6782951355	30.3976516724
150.811204904	1007.81054688	39.6782951355	30.3976516724
150.811204905	1007.81054688	39.6782951355	30.3976516724
150.811204905	1007.81054688	39.6782951355	30.3976516724
150.811204905	1007.81054688	39.6782951355	30.3976516724
150.811204905	1007.81054688	39.6782951355	30.3976516724
150.811204906	1007.80615234	38.0103416443	30.3976516724
150.811204906	1007.80615234	38.0103416443	30.3976516724
150.811204906	1007.80615234	38.0103416443	30.3976516724
150.811204907	1007.80615234	38.0103416443	30.3976516724
150.811204907	1007.80615234	38.0103416443	30.3976516724
150.811204907	1007.80615234	38.0103416443	30.3976516724
150.811204907	1007.80615234	38.0103416443	30.3976516724
150.811204907	1007.80615234	38.0103416443	30.3976516724
150.811204908	1007.80615234	38.0103416443	30.3976516724
150.811204908	1007.80615234	38.0103416443	30.3976516724
150.811204908	1007.80615234	38.0103416443	30.3976516724
150.811204908	1007.80615234	38.0103416443	30.3976516724
150.811204909	1007.80615234	38.0103416443	30.3976516724
150.811204909	1007.80615234	38.0103416443	30.3976516724
150.811204909	1007.80615234	38.0103416443	30.3976516724
150.811204909	1007.80615234	38.0103416443	30.3976516724
150.811204909	1007.80615234	38.0103416443	30.3976516724
150.81120491	1007.80078125	38.0103416443	30.3976516724
150.81120491	1007.80078125	38.0103416443	30.3976516724
150.81120491	1007.80078125	38.0103416443	30.3976516724
150.81120491	1007.80078125	38.0103416443	30.3976516724
150.811204911	1007.80078125	38.0103416443	30.3976516724
150.811204911	1007.80078125	38.0103416443	30.3976516724
150.811204911	1007.80078125	38.0103416443	30.3976516724
150.811204911	1007.80078125	38.0103416443	30.3976516724
150.811204912	1007.80078125	38.0103416443	30.3976516724
150.811204912	1007.80078125	38.0103416443	30.3976516724
150.811204912	1007.80078125	38.0103416443	30.3976516724
150.811204912	1007.80078125	38.0103416443	30.3976516724
150.811204912	1007.80078125	38.0103416443	30.3976516724
150.811204913	1007.80078125	38.0103416443	30.3976516724
150.811204913	1007.80078125	38.0103416443	30.3976516724
150.811204913	1007.80078125	38.0103416443	30.3976516724
150.811204913	1007.80078125	38.0103416443	30.5275878906
150.811204914	1007.80151367	39.7295188904	30.5275878906
150.811204914	1007.80151367	39.7295188904	30.5275878906
150.811204914	1007.80151367	39.7295188904	30.5275878906
150.811204915	1007.80151367	39.7295188904	30.5275878906
150.811204915	1007.80151367	39.7295188904	30.5275878906
150.811204915	1007.80151367	39.7295188904	30.5275878906
150.811204915	1007.80151367	39.7295188904	30.5275878906
150.811204915	1007.80151367	39.7295188904	30.5275878906
150.811204916	1007.80151367	39.7295188904	30.5275878906
150.811204916	1007.80151367	39.7295188904	30.5275878906
150.811204916	1007.80151367	39.7295188904	30.5275878906
150.811204916	1007.80151367	39.7295188904	30.5275878906
150.811204917	1007.80151367	39.7295188904	30.5275878906
150.811204917	1007.80151367	39.7295188904	30.5275878906
150.811204917	1007.80151367	39.7295188904	30.5275878906
150.811204917	1007.80151367	39.7295188904	30.5275878906
150.811204917	1007.80297852	39.7295188904	30.5275878906
150.811204918	1007.80297852	39.7295188904	30.5275878906
150.811204918	1007.80297852	39.7295188904	30.5275878906
150.811204918	1007.80297852	39.7295188904	30.5275878906
150.811204919	1007.80297852	39.7295188904	30.5275878906
150.811204919	1007.80297852	39.7295188904	30.5275878906
150.811204919	1007.80297852	39.7295188904	30.5275878906
150.811204919	1007.80297852	39.7295188904	30.5275878906
150.811204919	1007.80297852	39.7295188904	30.5275878906
150.81120492	1007.80297852	39.7295188904	30.5275878906
150.81120492	1007.80297852	39.7295188904	30.5275878906
150.81120492	1007.80297852	39.7295188904	30.5275878906
150.81120492	1007.80297852	39.7295188904	30.5275878906
150.811204921	1007.80297852	39.7295188904	30.5275878906
150.811204921	1007.80297852	39.7295188904	30.5275878906
150.811204921	1007.80297852	39.7295188904	30.5275878906
150.811204921	1007.80297852	39.7295188904	30.5275878906
150.811204921	1007.80566406	39.7295188904	30.453338623
150.811204922	1007.80566406	40.1873245239	30.453338623
150.811204922	1007.80566406	40.1873245239	30.453338623
150.811204922	1007.80566406	40.1873245239	30.453338623
150.811204923	1007.80566406	40.1873245239	30.453338623
150.811204923	1007.80566406	40.1873245239	30.453338623
150.811204923	1007.80566406	40.1873245239	30.453338623
150.811204923	1007.80566406	40.1873245239	30.453338623
150.811204924	1007.80566406	40.1873245239	30.453338623
150.811204924	1007.80566406	40.1873245239	30.453338623
150.811204924	1007.80566406	40.1873245239	30.453338623
150.811204924	1007.80566406	40.1873245239	30.453338623
150.811204924	1007.80566406	40.1873245239	30.453338623
150.811204925	1007.80566406	40.1873245239	30.453338623
150.811204925	1007.80566406	40.1873245239	30.453338623
150.811204925	1007.80566406	40.1873245239	30.453338623
150.811204925	1007.81005859	40.1873245239	30.453338623
150.811204926	1007.81005859	40.1873245239	30.453338623
150.811204926	1007.81005859	40.1873245239	30.453338623
150.811204926	1007.81005859	40.1873245239	30.453338623
150.811204926	1007.81005859	40.1873245239	30.453338623
150.811204927	1007.81005859	40.1873245239	30.453338623
150.811204927	1007.81005859	40.1873245239	30.453338623
150.811204927	1007.81005859	40.1873245239	30.453338623
150.811204927	1007.81005859	40.1873245239	30.453338623
150.811204928	1007.81005859	40.1873245239	30.453338623
150.811204928	1007.81005859	40.1873245239	30.453338623
150.811204928	1007.81005859	40.1873245239	30.453338623
150.811204928	1007.81005859	40.1873245239	30.453338623
150.811204928	1007.81005859	40.1873245239	30.453338623
150.811204929	1007.81005859	40.1873245239	30.453338623
150.811204929	1007.81005859	40.1873245239	30.453338623
150.811204929	1007.80957031	40.1873245239	30.453338623
150.81120493	1007.80957031	40.1873245239	30.453338623
150.81120493	1007.80957031	40.1873245239	30.5461521149
150.81120493	1007.80957031	41.1349525452	30.5461521149
150.81120493	1007.80957031	41.1349525452	30.5461521149
150.811204931	1007.80957031	41.1349525452	30.5461521149
150.811204931	1007.80957031	41.1349525452	30.5461521149
150.811204931	1007.80957031	41.1349525452	30.5461521149
150.811204931	1007.80957031	41.1349525452	30.5461521149
150.811204931	1007.80957031	41.1349525452	30.5461521149
150.811204932	1007.80957031	41.1349525452	30.5461521149
150.811204932	1007.80957031	41.1349525452	30.5461521149
150.811204932	1007.80957031	41.1349525452	30.5461521149
150.811204932	1007.80957031	41.1349525452	30.5461521149
150.811204933	1007.80957031	41.1349525452	30.5461521149
150.811204933	1007.80957031	41.1349525452	30.5461521149
150.811204933	1007.80957031	41.1349525452	30.5461521149
150.811204933	1007.81054688	41.1349525452	30.5461521149
150.811204934	1007.81054688	41.1349525452	30.5461521149
150.811204934	1007.81054688	41.1349525452	30.5461521149
150.811204934	1007.81054688	41.1349525452	30.5461521149
150.811204934	1007.81054688	41.1349525452	30.5461521149
150.811204935	1007.81054688	41.1349525452	30.5461521149
150.811204935	1007.81054688	41.1349525452	30.5461521149
150.811204935	1007.81054688	41.1349525452	30.5461521149
150.811204935	1007.81054688	41.1349525452	30.5461521149
150.811204935	1007.81054688	41.1349525452	30.5461521149
150.811204936	1007.81054688	41.1349525452	30.5461521149
150.811204936	1007.81054688	41.1349525452	30.5461521149
150.811204936	1007.81054688	41.1349525452	30.5461521149
150.811204936	1007.81054688	41.1349525452	30.5461521149
150.811204937	1007.81054688	41.1349525452	30.5461521149
150.811204937	1007.81054688	41.1349525452	30.5461521149
150.811204937	1007.8125	41.1349525452	30.5461521149
150.811204937	1007.8125	41.1349525452	30.5461521149
150.811204938	1007.8125	41.1349525452	30.5461521149
150.811204938	1007.8125	41.1349525452	30.4904632568
150.811204938	1007.8125	41.672794342	30.4904632568
150.811204938	1007.8125	41.672794342	30.4904632568
150.811204939	1007.8125	41.672794342	30.4904632568
150.811204939	1007.8125	41.672794342	30.4904632568
150.811204939	1007.8125	41.672794342	30.4904632568
150.811204939	1007.8125	41.672794342	30.4904632568
150.81120494	1007.8125	41.672794342	30.4904632568
150.81120494	1007.8125	41.672794342	30.4904632568
150.81120494	1007.8125	41.672794342	30.4904632568
150.81120494	1007.8125	41.672794342	30.4904632568
150.81120494	1007.8125	41.672794342	30.4904632568
150.811204941	1007.8125	41.672794342	30.4904632568
150.811204941	1007.8125	41.672794342	30.4904632568
150.811204941	1007.81152344	41.672794342	30.4904632568
150.811204941	1007.81152344	41.672794342	30.4904632568
150.811204942	1007.81152344	41.672794342	30.4904632568
150.811204942	1007.81152344	41.672794342	30.4904632568
150.811204942	1007.81152344	41.672794342	30.4904632568
150.811204942	1007.81152344	41.672794342	30.4904632568
150.811204943	1007.81152344	41.672794342	30.4904632568
150.811204943	1007.81152344	41.672794342	30.4904632568
150.811204943	1007.81152344	41.672794342	30.4904632568
150.811204943	1007.81152344	41.672794342	30.4904632568
150.811204943	1007.81152344	41.672794342	30.4904632568
150.811204944	1007.81152344	41.672794342	30.4904632568
150.811204944	1007.81152344	41.672794342	30.4904632568
150.811204944	1007.81152344	41.672794342	30.4904632568
150.811204944	1007.81152344	41.672794342	30.4904632568
150.811204945	1007.81152344	41.672794342	30.4904632568
150.811204945	1007.80981445	41.672794342	30.4904632568
150.811204945	1007.80981445	41.672794342	30.4904632568
150.811204945	1007.80981445	41.672794342	30.4904632568
150.811204946	1007.80981445	41.672794342	30.4904632568
150.811204946	1007.80981445	41.672794342	30.6760902405
150.811204946	1007.80981445	39.8127555847	30.6760902405
150.811204946	1007.80981445	39.8127555847	30.6760902405
150.811204947	1007.80981445	39.8127555847	30.6760902405
150.811204947	1007.80981445	39.8127555847	30.6760902405
150.811204947	1007.80981445	39.8127555847	30.6760902405
150.811204947	1007.80981445	39.8127555847	30.6760902405
150.811204948	1007.80981445	39.8127555847	30.6760902405
150.811204948	1007.80981445	39.8127555847	30.6760902405
150.811204948	1007.80981445	39.8127555847	30.6760902405
150.811204948	1007.80981445	39.8127555847	30.6760902405
150.811204949	1007.80981445	39.8127555847	30.6760902405
150.811204949	1007.80981445	39.8127555847	30.6760902405
150.811204949	1007.80664062	39.8127555847	30.6760902405
150.811204949	1007.80664062	39.8127555847	30.6760902405
150.81120495	1007.80664062	39.8127555847	30.6760902405
150.81120495	1007.80664062	39.8127555847	30.6760902405
150.81120495	1007.80664062	39.8127555847	30.6760902405
150.81120495	1007.80664062	39.8127555847	30.6760902405
150.81120495	1007.80664062	39.8127555847	30.6760902405
150.811204951	1007.80664062	39.8127555847	30.6760902405
150.811204951	1007.80664062	39.8127555847	30.6760902405
150.811204951	1007.80664062	39.8127555847	30.6760902405
150.811204951	1007.80664062	39.8127555847	30.6760902405
150.811204952	1007.80664062	39.8127555847	30.6760902405
150.811204952	1007.80664062	39.8127555847	30.6760902405
150.811204952	1007.80664062	39.8127555847	30.6760902405
150.811204952	1007.80664062	39.8127555847	30.6760902405
150.811204952	1007.80664062	39.8127555847	30.6760902405
150.811204953	1007.80688477	39.8127555847	30.6760902405
150.811204953	1007.80688477	39.8127555847	30.6760902405
150.811204953	1007.80688477	39.8127555847	30.6760902405
150.811204954	1007.80688477	39.8127555847	30.6760902405
150.811204954	1007.80688477	39.8127555847	30.6760902405
150.811204954	1007.80688477	39.8127555847	30.6018409729
150.811204954	1007.80688477	39.9632263184	30.6018409729
150.811204955	1007.80688477	39.9632263184	30.6018409729
150.811204955	1007.80688477	39.9632263184	30.6018409729
150.811204955	1007.80688477	39.9632263184	30.6018409729
150.811204955	1007.80688477	39.9632263184	30.6018409729
150.811204955	1007.80688477	39.9632263184	30.6018409729
150.811204956	1007.80688477	39.9632263184	30.6018409729
150.811204956	1007.80688477	39.9632263184	30.6018409729
150.811204956	1007.80688477	39.9632263184	30.6018409729
150.811204956	1007.80688477	39.9632263184	30.6018409729
150.811204957	1007.80688477	39.9632263184	30.6018409729
150.811204957	1007.80004883	39.9632263184	30.6018409729
150.811204957	1007.80004883	39.9632263184	30.6018409729
150.811204957	1007.80004883	39.9632263184	30.6018409729
150.811204958	1007.80004883	39.9632263184	30.6018409729
150.811204958	1007.80004883	39.9632263184	30.6018409729
150.811204958	1007.80004883	39.9632263184	30.6018409729
150.811204958	1007.80004883	39.9632263184	30.6018409729
150.811204959	1007.80004883	39.9632263184	30.6018409729
150.811204959	1007.80004883	39.9632263184	30.6018409729
150.811204959	1007.80004883	39.9632263184	30.6018409729
150.811204959	1007.80004883	39.9632263184	30.6018409729
150.811204959	1007.80004883	39.9632263184	30.6018409729
150.81120496	1007.80004883	39.9632263184	30.6018409729
150.81120496	1007.80004883	39.9632263184	30.6018409729
150.81120496	1007.80004883	39.9632263184	30.6018409729
150.81120496	1007.80004883	39.9632263184	30.6018409729
150.811204961	1007.80004883	39.9632263184	30.6018409729
150.811204961	1007.7956543	39.9632263184	30.6018409729
150.811204961	1007.7956543	39.9632263184	30.6018409729
150.811204961	1007.7956543	39.9632263184	30.6018409729
150.811204962	1007.7956543	39.9632263184	30.6018409729
150.811204962	1007.7956543	39.9632263184	30.6018409729
150.811204962	1007.7956543	39.9632263184	30.5090255737
150.811204962	1007.7956543	42.4699554443	30.5090255737
150.811204963	1007.7956543	42.4699554443	30.5090255737
150.811204963	1007.7956543	42.4699554443	30.5090255737
150.811204963	1007.7956543	42.4699554443	30.5090255737
150.811204963	1007.7956543	42.4699554443	30.5090255737
150.811204964	1007.7956543	42.4699554443	30.5090255737
150.811204964	1007.7956543	42.4699554443	30.5090255737
150.811204964	1007.7956543	42.4699554443	30.5090255737
150.811204964	1007.7956543	42.4699554443	30.5090255737
150.811204964	1007.7956543	42.4699554443	30.5090255737
150.811204965	1007.79736328	42.4699554443	30.5090255737
150.811204965	1007.79736328	42.4699554443	30.5090255737
150.811204965	1007.79736328	42.4699554443	30.5090255737
150.811204965	1007.79736328	42.4699554443	30.5090255737
150.811204966	1007.79736328	42.4699554443	30.5090255737
150.811204966	1007.79736328	42.4699554443	30.5090255737
150.811204966	1007.79736328	42.4699554443	30.5090255737
150.811204966	1007.79736328	42.4699554443	30.5090255737
150.811204967	1007.79736328	42.4699554443	30.5090255737
150.811204967	1007.79736328	42.4699554443	30.5090255737
150.811204967	1007.79736328	42.4699554443	30.5090255737
150.811204967	1007.79736328	42.4699554443	30.5090255737
150.811204967	1007.79736328	42.4699554443	30.5090255737
150.811204968	1007.79736328	42.4699554443	30.5090255737
150.811204968	1007.79736328	42.4699554443	30.5090255737
150.811204968	1007.79736328	42.4699554443	30.5090255737
150.811204968	1007.79736328	42.4699554443	30.5090255737
150.811204969	1007.79882812	42.4699554443	30.5090255737
150.811204969	1007.79882812	42.4699554443	30.5090255737
150.811204969	1007.79882812	42.4699554443	30.5090255737
150.811204969	1007.79882812	42.4699554443	30.5090255737
150.81120497	1007.79882812	42.4699554443	30.5090255737
150.81120497	1007.79882812	42.4699554443	30.5090255737
150.81120497	1007.79882812	42.4699554443	30.5832767487
150.81120497	1007.79882812	43.4015769958	30.5832767487
150.811204971	1007.79882812	43.4015769958	30.5832767487
150.811204971	1007.79882812	43.4015769958	30.5832767487
150.811204971	1007.79882812	43.4015769958	30.5832767487
150.811204971	1007.79882812	43.4015769958	30.5832767487
150.811204972	1007.79882812	43.4015769958	30.5832767487
150.811204972	1007.79882812	43.4015769958	30.5832767487
150.811204972	1007.79882812	43.4015769958	30.5832767487
150.811204972	1007.79882812	43.4015769958	30.5832767487
150.811204972	1007.80419922	43.4015769958	30.5832767487
150.811204973	1007.80419922	43.4015769958	30.5832767487
150.811204973	1007.80419922	43.4015769958	30.5832767487
150.811204973	1007.80419922	43.4015769958	30.5832767487
150.811204974	1007.80419922	43.4015769958	30.5832767487
150.811204974	1007.80419922	43.4015769958	30.5832767487
150.811204974	1007.80419922	43.4015769958	30.5832767487
150.811204974	1007.80419922	43.4015769958	30.5832767487
150.811204974	1007.80419922	43.4015769958	30.5832767487
150.811204975	1007.80419922	43.4015769958	30.5832767487
150.811204975	1007.80419922	43.4015769958	30.5832767487
150.811204975	1007.80419922	43.4015769958	30.5832767487
150.811204975	1007.80419922	43.4015769958	30.5832767487
150.811204976	1007.80419922	43.4015769958	30.5832767487
150.811204976	1007.80419922	43.4015769958	30.5832767487
150.811204976	1007.80419922	43.4015769958	30.5832767487
150.811204976	1007.80419922	43.4015769958	30.5832767487
150.811204976	1007.80517578	43.4015769958	30.5832767487
150.811204977	1007.80517578	43.4015769958	30.5832767487
150.811204977	1007.80517578	43.4015769958	30.5832767487
150.811204977	1007.80517578	43.4015769958	30.5832767487
150.811204978	1007.80517578	43.4015769958	30.5832767487
150.811204978	1007.80517578	43.4015769958	30.5832767487
150.811204978	1007.80517578	43.4015769958	30.5832767487
150.811204978	1007.80517578	43.4015769958	30.5647144318
150.811204978	1007.80517578	40.1809234619	30.5647144318
150.811204979	1007.80517578	40.1809234619	30.5647144318
150.811204979	1007.80517578	40.1809234619	30.5647144318
150.811204979	1007.80517578	40.1809234619	30.5647144318
150.811204979	1007.80517578	40.1809234619	30.5647144318
150.81120498	1007.80517578	40.1809234619	30.5647144318
150.81120498	1007.80517578	40.1809234619	30.5647144318
150.81120498	1007.80517578	40.1809234619	30.5647144318
150.81120498	1007.8059082	40.1809234619	30.5647144318
150.811204981	1007.8059082	40.1809234619	30.5647144318
150.811204981	1007.8059082	40.1809234619	30.5647144318
150.811204981	1007.8059082	40.1809234619	30.5647144318
150.811204981	1007.8059082	40.1809234619	30.5647144318
150.811204982	1007.8059082	40.1809234619	30.5647144318
150.811204982	1007.8059082	40.1809234619	30.5647144318
150.811204982	1007.8059082	40.1809234619	30.5647144318
150.811204982	1007.8059082	40.1809234619	30.5647144318
150.811204982	1007.8059082	40.1809234619	30.5647144318
150.811204983	1007.8059082	40.1809234619	30.5647144318
150.811204983	1007.8059082	40.1809234619	30.5647144318
150.811204983	1007.8059082	40.1809234619	30.5647144318
150.811204983	1007.8059082	40.1809234619	30.5647144318
150.811204984	1007.8059082	40.1809234619	30.5647144318
150.811204984	1007.8059082	40.1809234619	30.5647144318
150.811204984	1007.8059082	40.1809234619	30.5647144318
150.811204984	1007.80322266	40.1809234619	30.5647144318
150.811204985	1007.80322266	40.1809234619	30.5647144318
150.811204985	1007.80322266	40.1809234619	30.5647144318
150.811204985	1007.80322266	40.1809234619	30.5647144318
150.811204985	1007.80322266	40.1809234619	30.5647144318
150.811204986	1007.80322266	40.1809234619	30.5647144318
150.811204986	1007.80322266	40.1809234619	30.5647144318
150.811204986	1007.80322266	40.1809234619	30.5647144318
150.811204986	1007.80322266	40.1809234619	30.6018409729
150.811204987	1007.80322266	42.5595970154	30.6018409729
150.811204987	1007.80322266	42.5595970154	30.6018409729
150.811204987	1007.80322266	42.5595970154	30.6018409729
150.811204987	1007.80322266	42.5595970154	30.6018409729
150.811204988	1007.80322266	42.5595970154	30.6018409729
150.811204988	1007.80322266	42.5595970154	30.6018409729
150.811204988	1007.80322266	42.5595970154	30.6018409729
150.811204988	1007.79956055	42.5595970154	30.6018409729
150.811204989	1007.79956055	42.5595970154	30.6018409729
150.811204989	1007.79956055	42.5595970154	30.6018409729
150.811204989	1007.79956055	42.5595970154	30.6018409729
150.811204989	1007.79956055	42.5595970154	30.6018409729
150.811204989	1007.79956055	42.5595970154	30.6018409729
150.81120499	1007.79956055	42.5595970154	30.6018409729
150.81120499	1007.79956055	42.5595970154	30.6018409729
150.81120499	1007.79956055	42.5595970154	30.6018409729
150.81120499	1007.79956055	42.5595970154	30.6018409729
150.811204991	1007.79956055	42.5595970154	30.6018409729
150.811204991	1007.79956055	42.5595970154	30.6018409729
150.811204991	1007.79956055	42.5595970154	30.6018409729
150.811204991	1007.79956055	42.5595970154	30.6018409729
150.811204991	1007.79956055	42.5595970154	30.6018409729
150.811204992	1007.79956055	42.5595970154	30.6018409729
150.811204992	1007.79956055	42.5595970154	30.6018409729
150.811204992	1007.79882812	42.5595970154	30.6018409729
150.811204993	1007.79882812	42.5595970154	30.6018409729
150.811204993	1007.79882812	42.5595970154	30.6018409729
150.811204993	1007.79882812	42.5595970154	30.6018409729
150.811204993	1007.79882812	42.5595970154	30.6018409729
150.811204993	1007.79882812	42.5595970154	30.6018409729
150.811204994	1007.79882812	42.5595970154	30.6018409729
150.811204994	1007.79882812	42.5595970154	30.6018409729
150.811204994	1007.79882812	42.5595970154	30.6018409729
150.811204994	1007.79882812	42.5595970154	30.453338623
150.811204995	1007.79882812	42.156211853	30.453338623
150.811204995	1007.79882812	42.156211853	30.453338623
150.811204995	1007.79882812	42.156211853	30.453338623
150.811204995	1007.79882812	42.156211853	30.453338623
150.811204996	1007.79882812	42.156211853	30.453338623
150.811204996	1007.79882812	42.156211853	30.453338623
150.811204996	1007.80078125	42.156211853	30.453338623
150.811204996	1007.80078125	42.156211853	30.453338623
150.811204997	1007.80078125	42.156211853	30.453338623
150.811204997	1007.80078125	42.156211853	30.453338623
150.811204997	1007.80078125	42.156211853	30.453338623
150.811204997	1007.80078125	42.156211853	30.453338623
150.811204998	1007.80078125	42.156211853	30.453338623
150.811204998	1007.80078125	42.156211853	30.453338623
150.811204998	1007.80078125	42.156211853	30.453338623
150.811204998	1007.80078125	42.156211853	30.453338623
150.811204998	1007.80078125	42.156211853	30.453338623
150.811204999	1007.80078125	42.156211853	30.453338623
150.811204999	1007.80078125	42.156211853	30.453338623
150.811204999	1007.80078125	42.156211853	30.453338623
150.811204999	1007.80078125	42.156211853	30.453338623
150.811205	1007.80078125	42.156211853	30.453338623
150.811205	1007.80078125	42.156211853	30.453338623
150.811205	1007.80175781	42.156211853	30.453338623
150.811205	1007.80175781	42.156211853	30.453338623
150.811205001	1007.80175781	42.156211853	30.453338623
150.811205001	1007.80175781	42.156211853	30.453338623
150.811205001	1007.80175781	42.156211853	30.453338623
150.811205001	1007.80175781	42.156211853	30.453338623
150.811205002	1007.80175781	42.156211853	30.453338623
150.811205002	1007.80175781	42.156211853	30.453338623
150.811205002	1007.80175781	42.156211853	30.453338623
150.811205002	1007.80175781	42.156211853	30.453338623
150.811205002	1007.80175781	42.156211853	30.5090255737
150.811205003	1007.80175781	39.3005256653	30.5090255737
150.811205003	1007.80175781	39.3005256653	30.5090255737
150.811205003	1007.80175781	39.3005256653	30.5090255737
150.811205003	1007.80175781	39.3005256653	30.5090255737
150.811205004	1007.80175781	39.3005256653	30.5090255737
150.811205004	1007.80126953	39.3005256653	30.5090255737
150.811205004	1007.80126953	39.3005256653	30.5090255737
150.811205005	1007.80126953	39.3005256653	30.5090255737
150.811205005	1007.80126953	39.3005256653	30.5090255737
150.811205005	1007.80126953	39.3005256653	30.5090255737
150.811205005	1007.80126953	39.3005256653	30.5090255737
150.811205005	1007.80126953	39.3005256653	30.5090255737
150.811205006	1007.80126953	39.3005256653	30.5090255737
150.811205006	1007.80126953	39.3005256653	30.5090255737
150.811205006	1007.80126953	39.3005256653	30.5090255737
150.811205006	1007.80126953	39.3005256653	30.5090255737
150.811205007	1007.80126953	39.3005256653	30.5090255737
150.811205007	1007.80126953	39.3005256653	30.5090255737
150.811205007	1007.80126953	39.3005256653	30.5090255737
150.811205007	1007.80126953	39.3005256653	30.5090255737
150.811205007	1007.80126953	39.3005256653	30.5090255737
150.811205008	1007.80126953	39.3005256653	30.5090255737
150.811205008	1007.79956055	39.3005256653	30.5090255737
150.811205008	1007.79956055	39.3005256653	30.5090255737
150.811205008	1007.79956055	39.3005256653	30.5090255737
150.811205009	1007.79956055	39.3005256653	30.5090255737
150.811205009	1007.79956055	39.3005256653	30.5090255737
150.811205009	1007.79956055	39.3005256653	30.5090255737
150.811205009	1007.79956055	39.3005256653	30.5090255737
150.81120501	1007.79956055	39.3005256653	30.5090255737
150.81120501	1007.79956055	39.3005256653	30.5090255737
150.81120501	1007.79956055	39.3005256653	30.5090255737
150.81120501	1007.79956055	39.3005256653	30.5090255737
150.81120501	1007.79956055	39.3005256653	30.5832767487
150.811205011	1007.79956055	39.3005256653	30.5832767487
150.811205011	1007.79956055	43.7633399963	30.5832767487
150.811205011	1007.79956055	43.7633399963	30.5832767487
150.811205012	1007.79956055	43.7633399963	30.5832767487
150.811205012	1007.80273438	43.7633399963	30.5832767487
150.811205012	1007.80273438	43.7633399963	30.5832767487
150.811205012	1007.80273438	43.7633399963	30.5832767487
150.811205013	1007.80273438	43.7633399963	30.5832767487
150.811205013	1007.80273438	43.7633399963	30.5832767487
150.811205013	1007.80273438	43.7633399963	30.5832767487
150.811205013	1007.80273438	43.7633399963	30.5832767487
150.811205013	1007.80273438	43.7633399963	30.5832767487
150.811205014	1007.80273438	43.7633399963	30.5832767487
150.811205014	1007.80273438	43.7633399963	30.5832767487
150.811205014	1007.80273438	43.7633399963	30.5832767487
150.811205014	1007.80273438	43.7633399963	30.5832767487
150.811205015	1007.80273438	43.7633399963	30.5832767487
150.811205015	1007.80273438	43.7633399963	30.5832767487
150.811205015	1007.80273438	43.7633399963	30.5832767487
150.811205015	1007.80273438	43.7633399963	30.5832767487
150.811205015	1007.80273438	43.7633399963	30.5832767487
150.811205016	1007.80249023	43.7633399963	30.5832767487
150.811205016	1007.80249023	43.7633399963	30.5832767487
150.811205016	1007.80249023	43.7633399963	30.5832767487
150.811205017	1007.80249023	43.7633399963	30.5832767487
150.811205819	1009.21484375	40.2416915894	30.1485519409
150.811205823	1009.21362305	40.2416915894	30.1485519409
150.811205824	1009.21362305	40.2416915894	30.1485519409
150.811205824	1009.21362305	40.2416915894	30.1485519409
150.811205824	1009.21362305	40.2416915894	30.1485519409
150.811205824	1009.21362305	40.2416915894	30.1485519409
150.811205825	1009.21362305	40.2416915894	30.1485519409
150.811205825	1009.21362305	40.2416915894	30.1485519409
150.811205825	1009.21362305	40.2416915894	30.1485519409
150.811205825	1009.21362305	40.2416915894	30.1485519409
150.811205825	1009.21191406	38.7393951416	30.1304359436
150.811205826	1009.21191406	38.7393951416	30.1304359436
150.811205826	1009.21191406	38.7393951416	30.1304359436
150.811205826	1009.21191406	38.7393951416	30.1304359436
150.811205827	1009.21191406	38.7393951416	30.1304359436
150.811205827	1009.21191406	38.7393951416	30.1304359436
150.811205827	1009.21191406	38.7393951416	30.1304359436
150.811205827	1009.21191406	38.7393951416	30.1304359436
150.811205828	1009.21191406	38.7393951416	30.1304359436
150.811205828	1009.21191406	38.7393951416	30.1304359436
150.811205828	1009.21191406	38.7393951416	30.1304359436
150.811205828	1009.21191406	38.7393951416	30.1304359436
150.811205828	1009.21191406	38.7393951416	30.1304359436
150.811205829	1009.21191406	38.7393951416	30.1304359436
150.811205829	1009.21191406	38.7393951416	30.1304359436
150.811205829	1009.21191406	38.7393951416	30.1304359436
150.811205829	1009.21386719	38.7393951416	30.1304359436
150.81120583	1009.21386719	38.7393951416	30.1304359436
150.81120583	1009.21386719	38.7393951416	30.1304359436
150.81120583	1009.21386719	38.7393951416	30.1304359436
150.81120583	1009.21386719	38.7393951416	30.1304359436
150.811205831	1009.21386719	38.7393951416	30.1304359436
150.811205831	1009.21386719	38.7393951416	30.1304359436
150.811205831	1009.21386719	38.7393951416	30.1304359436
150.811205831	1009.21386719	38.7393951416	30.1304359436
150.811205832	1009.21386719	38.7393951416	30.1304359436
150.811205832	1009.21386719	38.7393951416	30.1304359436
150.811205832	1009.21386719	38.7393951416	30.1304359436
150.811205832	1009.21386719	38.7393951416	30.1304359436
150.811205832	1009.21386719	38.7393951416	30.1304359436
150.811205833	1009.21386719	38.7393951416	30.1304359436
150.811205833	1009.21386719	38.7393951416	30.1304359436
150.811205833	1009.21386719	38.7393951416	30.1304359436
150.811205833	1009.21386719	38.7393951416	30.2028999329
150.811205834	1009.20996094	41.7865371704	30.2028999329
150.811205834	1009.20996094	41.7865371704	30.2028999329
150.811205834	1009.20996094	41.7865371704	30.2028999329
150.811205835	1009.20996094	41.7865371704	30.2028999329
150.811205835	1009.20996094	41.7865371704	30.2028999329
150.811205835	1009.20996094	41.7865371704	30.2028999329
150.811205835	1009.20996094	41.7865371704	30.2028999329
150.811205835	1009.20996094	41.7865371704	30.2028999329
150.811205836	1009.20996094	41.7865371704	30.2028999329
150.811205836	1009.20996094	41.7865371704	30.2028999329
150.811205836	1009.20996094	41.7865371704	30.2028999329
150.811205836	1009.20996094	41.7865371704	30.2028999329
150.811205837	1009.20996094	41.7865371704	30.2028999329
150.811205837	1009.20996094	41.7865371704	30.2028999329
150.811205837	1009.20996094	41.7865371704	30.2028999329
150.811205837	1009.20996094	41.7865371704	30.2028999329
150.811205838	1009.21044922	41.7865371704	30.2028999329
150.811205838	1009.21044922	41.7865371704	30.2028999329
150.811205838	1009.21044922	41.7865371704	30.2028999329
150.811205838	1009.21044922	41.7865371704	30.2028999329
150.811205839	1009.21044922	41.7865371704	30.2028999329
150.811205839	1009.21044922	41.7865371704	30.2028999329
150.811205839	1009.21044922	41.7865371704	30.2028999329
150.811205839	1009.21044922	41.7865371704	30.2028999329
150.811205839	1009.21044922	41.7865371704	30.2028999329
150.81120584	1009.21044922	41.7865371704	30.2028999329
150.81120584	1009.21044922	41.7865371704	30.2028999329
150.81120584	1009.21044922	41.7865371704	30.2028999329
150.81120584	1009.21044922	41.7865371704	30.2028999329
150.811205841	1009.21044922	41.7865371704	30.2028999329
150.811205841	1009.21044922	41.7865371704	30.2028999329
150.811205841	1009.21044922	41.7865371704	30.2028999329
150.811205841	1009.21044922	41.7865371704	30.1485519409
150.811205842	1009.20654297	39.2368888855	30.1485519409
150.811205842	1009.20654297	39.2368888855	30.1485519409
150.811205842	1009.20654297	39.2368888855	30.1485519409
150.811205843	1009.20654297	39.2368888855	30.1485519409
150.811205843	1009.20654297	39.2368888855	30.1485519409
150.811205843	1009.20654297	39.2368888855	30.1485519409
150.811205843	1009.20654297	39.2368888855	30.1485519409
150.811205843	1009.20654297	39.2368888855	30.1485519409
150.811205844	1009.20654297	39.2368888855	30.1485519409
150.811205844	1009.20654297	39.2368888855	30.1485519409
150.811205844	1009.20654297	39.2368888855	30.1485519409
150.811205844	1009.20654297	39.2368888855	30.1485519409
150.811205845	1009.20654297	39.2368888855	30.1485519409
150.811205845	1009.20654297	39.2368888855	30.1485519409
150.811205845	1009.20654297	39.2368888855	30.1485519409
150.811205845	1009.20654297	39.2368888855	30.1485519409
150.811205845	1009.20654297	39.2368888855	30.1485519409
150.811205846	1009.20385742	39.2368888855	30.1485519409
150.811205846	1009.20385742	39.2368888855	30.1485519409
150.811205846	1009.20385742	39.2368888855	30.1485519409
150.811205846	1009.20385742	39.2368888855	30.1485519409
150.811205847	1009.20385742	39.2368888855	30.1485519409
150.811205847	1009.20385742	39.2368888855	30.1485519409
150.811205847	1009.20385742	39.2368888855	30.1485519409
150.811205847	1009.20385742	39.2368888855	30.1485519409
150.811205848	1009.20385742	39.2368888855	30.1485519409
150.811205848	1009.20385742	39.2368888855	30.1485519409
150.811205848	1009.20385742	39.2368888855	30.1485519409
150.811205848	1009.20385742	39.2368888855	30.1485519409
150.811205848	1009.20385742	39.2368888855	30.1485519409
150.811205849	1009.20385742	39.2368888855	30.1485519409
150.811205849	1009.20385742	39.2368888855	30.1485519409
150.811205849	1009.20385742	39.2368888855	30.1304359436
150.811205849	1009.20385742	39.4561767578	30.1304359436
150.81120585	1009.20776367	39.4561767578	30.1304359436
150.81120585	1009.20776367	39.4561767578	30.1304359436
150.81120585	1009.20776367	39.4561767578	30.1304359436
150.811205851	1009.20776367	39.4561767578	30.1304359436
150.811205851	1009.20776367	39.4561767578	30.1304359436
150.811205851	1009.20776367	39.4561767578	30.1304359436
150.811205851	1009.20776367	39.4561767578	30.1304359436
150.811205852	1009.20776367	39.4561767578	30.1304359436
150.811205852	1009.20776367	39.4561767578	30.1304359436
150.811205852	1009.20776367	39.4561767578	30.1304359436
150.811205852	1009.20776367	39.4561767578	30.1304359436
150.811205852	1009.20776367	39.4561767578	30.1304359436
150.811205853	1009.20776367	39.4561767578	30.1304359436
150.811205853	1009.20776367	39.4561767578	30.1304359436
150.811205853	1009.20776367	39.4561767578	30.1304359436
150.811205853	1009.20776367	39.4561767578	30.1304359436
150.811205854	1009.20776367	39.4561767578	30.1304359436
150.811205854	1009.20751953	39.4561767578	30.1304359436
150.811205854	1009.20751953	39.4561767578	30.1304359436
150.811205854	1009.20751953	39.4561767578	30.1304359436
150.811205855	1009.20751953	39.4561767578	30.1304359436
150.811205855	1009.20751953	39.4561767578	30.1304359436
150.811205855	1009.20751953	39.4561767578	30.1304359436
150.811205855	1009.20751953	39.4561767578	30.1304359436
150.811205856	1009.20751953	39.4561767578	30.1304359436
150.811205856	1009.20751953	39.4561767578	30.1304359436
150.811205856	1009.20751953	39.4561767578	30.1304359436
150.811205856	1009.20751953	39.4561767578	30.1304359436
150.811205856	1009.20751953	39.4561767578	30.1304359436
150.811205857	1009.20751953	39.4561767578	30.1304359436
150.811205857	1009.20751953	39.4561767578	30.1304359436
150.811205857	1009.20751953	39.4561767578	30.2210159302
150.811205857	1009.20751953	40.3333358765	30.2210159302
150.811205858	1009.20727539	40.3333358765	30.2210159302
150.811205858	1009.20727539	40.3333358765	30.2210159302
150.811205858	1009.20727539	40.3333358765	30.2210159302
150.811205859	1009.20727539	40.3333358765	30.2210159302
150.811205859	1009.20727539	40.3333358765	30.2210159302
150.811205859	1009.20727539	40.3333358765	30.2210159302
150.811205859	1009.20727539	40.3333358765	30.2210159302
150.811205859	1009.20727539	40.3333358765	30.2210159302
150.81120586	1009.20727539	40.3333358765	30.2210159302
150.81120586	1009.20727539	40.3333358765	30.2210159302
150.81120586	1009.20727539	40.3333358765	30.2210159302
150.81120586	1009.20727539	40.3333358765	30.2210159302
150.811205861	1009.20727539	40.3333358765	30.2210159302
150.811205861	1009.20727539	40.3333358765	30.2210159302
150.811205861	1009.20727539	40.3333358765	30.2210159302
150.811205861	1009.20727539	40.3333358765	30.2210159302
150.811205861	1009.20727539	40.3333358765	30.2210159302
150.811205862	1009.20727539	40.3333358765	30.2210159302
150.811205862	1009.2109375	40.3333358765	30.2210159302
150.811205862	1009.2109375	40.3333358765	30.2210159302
150.811205863	1009.2109375	40.3333358765	30.2210159302
150.811205863	1009.2109375	40.3333358765	30.2210159302
150.811205863	1009.2109375	40.3333358765	30.2210159302
150.811205863	1009.2109375	40.3333358765	30.2210159302
150.811205863	1009.2109375	40.3333358765	30.2210159302
150.811205864	1009.2109375	40.3333358765	30.2210159302
150.811205864	1009.2109375	40.3333358765	30.2210159302
150.811205864	1009.2109375	40.3333358765	30.2210159302
150.811205864	1009.2109375	40.3333358765	30.2210159302
150.811205865	1009.2109375	40.3333358765	30.2210159302
150.811205865	1009.2109375	40.3333358765	30.2210159302
150.811205865	1009.2109375	40.3333358765	30.1304359436
150.811205865	1009.2109375	40.2187805176	30.1304359436
150.811205866	1009.2109375	40.2187805176	30.1304359436
150.811205866	1009.2121582	40.2187805176	30.1304359436
150.811205866	1009.2121582	40.2187805176	30.1304359436
150.811205866	1009.2121582	40.2187805176	30.1304359436
150.811205867	1009.2121582	40.2187805176	30.1304359436
150.811205867	1009.2121582	40.2187805176	30.1304359436
150.811205867	1009.2121582	40.2187805176	30.1304359436
150.811205867	1009.2121582	40.2187805176	30.1304359436
150.811205868	1009.2121582	40.2187805176	30.1304359436
150.811205868	1009.2121582	40.2187805176	30.1304359436
150.811205868	1009.2121582	40.2187805176	30.1304359436
150.811205868	1009.2121582	40.2187805176	30.1304359436
150.811205868	1009.2121582	40.2187805176	30.1304359436
150.811205869	1009.2121582	40.2187805176	30.1304359436
150.811205869	1009.2121582	40.2187805176	30.1304359436
150.811205869	1009.2121582	40.2187805176	30.1304359436
150.811205869	1009.2121582	40.2187805176	30.1304359436
150.81120587	1009.2121582	40.2187805176	30.1304359436
150.81120587	1009.21166992	40.2187805176	30.1304359436
150.81120587	1009.21166992	40.2187805176	30.1304359436
150.81120587	1009.21166992	40.2187805176	30.1304359436
150.811205871	1009.21166992	40.2187805176	30.1304359436
150.811205871	1009.21166992	40.2187805176	30.1304359436
150.811205871	1009.21166992	40.2187805176	30.1304359436
150.811205871	1009.21166992	40.2187805176	30.1304359436
150.811205872	1009.21166992	40.2187805176	30.1304359436
150.811205872	1009.21166992	40.2187805176	30.1304359436
150.811205872	1009.21166992	40.2187805176	30.1304359436
150.811205872	1009.21166992	40.2187805176	30.1304359436
150.811205872	1009.21166992	40.2187805176	30.1304359436
150.811205873	1009.21166992	40.2187805176	30.1304359436
150.811205873	1009.21166992	40.2187805176	30.1847839355
150.811205873	1009.21166992	40.693359375	30.1847839355
150.811205873	1009.21166992	40.693359375	30.1847839355
150.811205874	1009.21166992	40.693359375	30.1847839355
150.811205874	1009.2097168	40.693359375	30.1847839355
150.811205874	1009.2097168	40.693359375	30.1847839355
150.811205875	1009.2097168	40.693359375	30.1847839355
150.811205875	1009.2097168	40.693359375	30.1847839355
150.811205875	1009.2097168	40.693359375	30.1847839355
150.811205875	1009.2097168	40.693359375	30.1847839355
150.811205875	1009.2097168	40.693359375	30.1847839355
150.811205876	1009.2097168	40.693359375	30.1847839355
150.811205876	1009.2097168	40.693359375	30.1847839355
150.811205876	1009.2097168	40.693359375	30.1847839355
150.811205876	1009.2097168	40.693359375	30.1847839355
150.811205877	1009.2097168	40.693359375	30.1847839355
150.811205877	1009.2097168	40.693359375	30.1847839355
150.811205877	1009.2097168	40.693359375	30.1847839355
150.811205877	1009.2097168	40.693359375	30.1847839355
150.811205877	1009.2097168	40.693359375	30.1847839355
150.811205878	1009.2097168	40.693359375	30.1847839355
150.811205878	1009.21118164	40.693359375	30.1847839355
150.811205878	1009.21118164	40.693359375	30.1847839355
150.811205879	1009.21118164	40.693359375	30.1847839355
150.811205879	1009.21118164	40.693359375	30.1847839355
150.811205879	1009.21118164	40.693359375	30.1847839355
150.811205879	1009.21118164	40.693359375	30.1847839355
150.811205879	1009.21118164	40.693359375	30.1847839355
150.81120588	1009.21118164	40.693359375	30.1847839355
150.81120588	1009.21118164	40.693359375	30.1847839355
150.81120588	1009.21118164	40.693359375	30.1847839355
150.81120588	1009.21118164	40.693359375	30.1847839355
150.811205881	1009.21118164	40.693359375	30.1847839355
150.811205881	1009.21118164	40.693359375	30.1847839355
150.811205881	1009.21118164	44.1496200562	30.1847839355
150.811205881	1009.21118164	44.1496200562	30.1847839355
150.811205882	1009.21118164	44.1496200562	30.1847839355
150.811205882	1009.21118164	44.1496200562	30.1847839355
150.811205882	1009.21459961	44.1496200562	30.1847839355
150.811205882	1009.21459961	44.1496200562	30.1847839355
150.811205883	1009.21459961	44.1496200562	30.1847839355
150.811205883	1009.21459961	44.1496200562	30.1847839355
150.811205883	1009.21459961	44.1496200562	30.1847839355
150.811205883	1009.21459961	44.1496200562	30.1847839355
150.811205884	1009.21459961	44.1496200562	30.1847839355
150.811205884	1009.21459961	44.1496200562	30.1847839355
150.811205884	1009.21459961	44.1496200562	30.1847839355
150.811205884	1009.21459961	44.1496200562	30.1847839355
150.811205884	1009.21459961	44.1496200562	30.1847839355
150.811205885	1009.21459961	44.1496200562	30.1847839355
150.811205885	1009.21459961	44.1496200562	30.1847839355
150.811205885	1009.21459961	44.1496200562	30.1847839355
150.811205885	1009.21459961	44.1496200562	30.1847839355
150.811205886	1009.21459961	44.1496200562	30.1847839355
150.811205886	1009.21459961	44.1496200562	30.1847839355
150.811205886	1009.2175293	44.1496200562	30.1847839355
150.811205886	1009.2175293	44.1496200562	30.1847839355
150.811205887	1009.2175293	44.1496200562	30.1847839355
150.811205887	1009.2175293	44.1496200562	30.1847839355
150.811205887	1009.2175293	44.1496200562	30.1847839355
150.811205887	1009.2175293	44.1496200562	30.1847839355
150.811205888	1009.2175293	44.1496200562	30.1847839355
150.811205888	1009.2175293	44.1496200562	30.1847839355
150.811205888	1009.2175293	44.1496200562	30.1847839355
150.811205888	1009.2175293	44.1496200562	30.1847839355
150.811205888	1009.2175293	44.1496200562	30.1847839355
150.811205889	1009.2175293	44.1496200562	30.2210159302
150.811205889	1009.2175293	40.7915496826	30.2210159302
150.811205889	1009.2175293	40.7915496826	30.2210159302
150.81120589	1009.2175293	40.7915496826	30.2210159302
150.81120589	1009.2175293	40.7915496826	30.2210159302
150.81120589	1009.2175293	40.7915496826	30.2210159302
150.81120589	1009.22045898	40.7915496826	30.2210159302
150.811205891	1009.22045898	40.7915496826	30.2210159302
150.811205891	1009.22045898	40.7915496826	30.2210159302
150.811205891	1009.22045898	40.7915496826	30.2210159302
150.811205891	1009.22045898	40.7915496826	30.2210159302
150.811205891	1009.22045898	40.7915496826	30.2210159302
150.811205892	1009.22045898	40.7915496826	30.2210159302
150.811205892	1009.22045898	40.7915496826	30.2210159302
150.811205892	1009.22045898	40.7915496826	30.2210159302
150.811205892	1009.22045898	40.7915496826	30.2210159302
150.811205893	1009.22045898	40.7915496826	30.2210159302
150.811205893	1009.22045898	40.7915496826	30.2210159302
150.811205893	1009.22045898	40.7915496826	30.2210159302
150.811205893	1009.22045898	40.7915496826	30.2210159302
150.811205893	1009.22045898	40.7915496826	30.2210159302
150.811205894	1009.22045898	40.7915496826	30.2210159302
150.811205894	1009.22045898	40.7915496826	30.2210159302
150.811205894	1009.21948242	40.7915496826	30.2210159302
150.811205895	1009.21948242	40.7915496826	30.2210159302
150.811205895	1009.21948242	40.7915496826	30.2210159302
150.811205895	1009.21948242	40.7915496826	30.2210159302
150.811205895	1009.21948242	40.7915496826	30.2210159302
150.811205895	1009.21948242	40.7915496826	30.2210159302
150.811205896	1009.21948242	40.7915496826	30.2210159302
150.811205896	1009.21948242	40.7915496826	30.2210159302
150.811205896	1009.21948242	40.7915496826	30.2210159302
150.811205896	1009.21948242	40.7915496826	30.2210159302
150.811205897	1009.21948242	40.7915496826	30.1123199463
150.811205897	1009.21948242	42.7847900391	30.1123199463
150.811205897	1009.21948242	42.7847900391	30.1123199463
150.811205897	1009.21948242	42.7847900391	30.1123199463
150.811205898	1009.21948242	42.7847900391	30.1123199463
150.811205898	1009.21948242	42.7847900391	30.1123199463
150.811205898	1009.21948242	42.7847900391	30.1123199463
150.811205898	1009.21704102	42.7847900391	30.1123199463
150.811205899	1009.21704102	42.7847900391	30.1123199463
150.811205899	1009.21704102	42.7847900391	30.1123199463
150.811205899	1009.21704102	42.7847900391	30.1123199463
150.811205899	1009.21704102	42.7847900391	30.1123199463
150.8112059	1009.21704102	42.7847900391	30.1123199463
150.8112059	1009.21704102	42.7847900391	30.1123199463
150.8112059	1009.21704102	42.7847900391	30.1123199463
150.8112059	1009.21704102	42.7847900391	30.1123199463
150.811205901	1009.21704102	42.7847900391	30.1123199463
150.811205901	1009.21704102	42.7847900391	30.1123199463
150.811205901	1009.21704102	42.7847900391	30.1123199463
150.811205901	1009.21704102	42.7847900391	30.1123199463
150.811205901	1009.21704102	42.7847900391	30.1123199463
150.811205902	1009.21704102	42.7847900391	30.1123199463
150.811205902	1009.21704102	42.7847900391	30.1123199463
150.811205902	1009.21704102	42.7847900391	30.1123199463
150.811205902	1009.21801758	42.7847900391	30.1123199463
150.811205903	1009.21801758	42.7847900391	30.1123199463
150.811205903	1009.21801758	42.7847900391	30.1123199463
150.811205903	1009.21801758	42.7847900391	30.1123199463
150.811205903	1009.21801758	42.7847900391	30.1123199463
150.811205904	1009.21801758	42.7847900391	30.1123199463
150.811205904	1009.21801758	42.7847900391	30.1123199463
150.811205904	1009.21801758	42.7847900391	30.1123199463
150.811205904	1009.21801758	42.7847900391	30.1123199463
150.811205904	1009.21801758	42.7847900391	30.1485519409
150.811205905	1009.21801758	41.2006721497	30.1485519409
150.811205905	1009.21801758	41.2006721497	30.1485519409
150.811205905	1009.21801758	41.2006721497	30.1485519409
150.811205906	1009.21801758	41.2006721497	30.1485519409
150.811205906	1009.21801758	41.2006721497	30.1485519409
150.811205906	1009.21801758	41.2006721497	30.1485519409
150.811205906	1009.21801758	41.2006721497	30.1485519409
150.811205907	1009.21508789	41.2006721497	30.1485519409
150.811205907	1009.21508789	41.2006721497	30.1485519409
150.811205907	1009.21508789	41.2006721497	30.1485519409
150.811205907	1009.21508789	41.2006721497	30.1485519409
150.811205908	1009.21508789	41.2006721497	30.1485519409
150.811205908	1009.21508789	41.2006721497	30.1485519409
150.811205908	1009.21508789	41.2006721497	30.1485519409
150.811205908	1009.21508789	41.2006721497	30.1485519409
150.811205908	1009.21508789	41.2006721497	30.1485519409
150.811205909	1009.21508789	41.2006721497	30.1485519409
150.811205909	1009.21508789	41.2006721497	30.1485519409
150.811205909	1009.21508789	41.2006721497	30.1485519409
150.811205909	1009.21508789	41.2006721497	30.1485519409
150.81120591	1009.21508789	41.2006721497	30.1485519409
150.81120591	1009.21508789	41.2006721497	30.1485519409
150.81120591	1009.21508789	41.2006721497	30.1485519409
150.81120591	1009.21508789	41.2006721497	30.1485519409
150.81120591	1009.21899414	41.2006721497	30.1485519409
150.811205911	1009.21899414	41.2006721497	30.1485519409
150.811205911	1009.21899414	41.2006721497	30.1485519409
150.811205911	1009.21899414	41.2006721497	30.1485519409
150.811205911	1009.21899414	41.2006721497	30.1485519409
150.811205912	1009.21899414	41.2006721497	30.1485519409
150.811205912	1009.21899414	41.2006721497	30.1485519409
150.811205912	1009.21899414	41.2006721497	30.1485519409
150.811205912	1009.21899414	41.2006721497	30.3115940094
150.811205913	1009.21899414	39.587097168	30.3115940094
150.811205913	1009.21899414	39.587097168	30.3115940094
150.811205913	1009.21899414	39.587097168	30.3115940094
150.811205913	1009.21899414	39.587097168	30.3115940094
150.811205914	1009.21899414	39.587097168	30.3115940094
150.811205914	1009.21899414	39.587097168	30.3115940094
150.811205914	1009.21899414	39.587097168	30.3115940094
150.811205914	1009.21020508	39.587097168	30.3115940094
150.811205915	1009.21020508	39.587097168	30.3115940094
150.811205915	1009.21020508	39.587097168	30.3115940094
150.811205915	1009.21020508	39.587097168	30.3115940094
150.811205915	1009.21020508	39.587097168	30.3115940094
150.811205916	1009.21020508	39.587097168	30.3115940094
150.811205916	1009.21020508	39.587097168	30.3115940094
150.811205916	1009.21020508	39.587097168	30.3115940094
150.811205916	1009.21020508	39.587097168	30.3115940094
150.811205917	1009.21020508	39.587097168	30.3115940094
150.811205917	1009.21020508	39.587097168	30.3115940094
150.811205917	1009.21020508	39.587097168	30.3115940094
150.811205917	1009.21020508	39.587097168	30.3115940094
150.811205917	1009.21020508	39.587097168	30.3115940094
150.811205918	1009.21020508	39.587097168	30.3115940094
150.811205918	1009.21020508	39.587097168	30.3115940094
150.811205918	1009.21020508	39.587097168	30.3115940094
150.811205918	1009.21020508	39.587097168	30.3115940094
150.811205919	1009.20800781	39.587097168	30.3115940094
150.811205919	1009.20800781	39.587097168	30.3115940094
150.811205919	1009.20800781	39.587097168	30.3115940094
150.811205919	1009.20800781	39.587097168	30.3115940094
150.81120592	1009.20800781	39.587097168	30.3115940094
150.81120592	1009.20800781	39.587097168	30.3115940094
150.81120592	1009.20800781	39.587097168	30.3115940094
150.81120592	1009.20800781	39.587097168	30.094203949
150.811205921	1009.20800781	43.8485107422	30.094203949
150.811205921	1009.20800781	43.8485107422	30.094203949
150.811205921	1009.20800781	43.8485107422	30.094203949
150.811205921	1009.20800781	43.8485107422	30.094203949
150.811205922	1009.20800781	43.8485107422	30.094203949
150.811205922	1009.20800781	43.8485107422	30.094203949
150.811205922	1009.20800781	43.8485107422	30.094203949
150.811205922	1009.20800781	43.8485107422	30.094203949
150.811205922	1009.21069336	43.8485107422	30.094203949
150.811205923	1009.21069336	43.8485107422	30.094203949
150.811205923	1009.21069336	43.8485107422	30.094203949
150.811205923	1009.21069336	43.8485107422	30.094203949
150.811205924	1009.21069336	43.8485107422	30.094203949
150.811205924	1009.21069336	43.8485107422	30.094203949
150.811205924	1009.21069336	43.8485107422	30.094203949
150.811205924	1009.21069336	43.8485107422	30.094203949
150.811205924	1009.21069336	43.8485107422	30.094203949
150.811205925	1009.21069336	43.8485107422	30.094203949
150.811205925	1009.21069336	43.8485107422	30.094203949
150.811205925	1009.21069336	43.8485107422	30.094203949
150.811205925	1009.21069336	43.8485107422	30.094203949
150.811205926	1009.21069336	43.8485107422	30.094203949
150.811205926	1009.21069336	43.8485107422	30.094203949
150.811205926	1009.21069336	43.8485107422	30.094203949
150.811205926	1009.21069336	43.8485107422	30.094203949
150.811205926	1009.21069336	43.8485107422	30.094203949
150.811205927	1009.20874023	43.8485107422	30.094203949
150.811205927	1009.20874023	43.8485107422	30.094203949
150.811205927	1009.20874023	43.8485107422	30.094203949
150.811205928	1009.20874023	43.8485107422	30.094203949
150.811205928	1009.20874023	43.8485107422	30.094203949
150.811205928	1009.20874023	43.8485107422	30.094203949
150.811205928	1009.20874023	43.8485107422	30.1304359436
150.811205928	1009.20874023	41.3414115906	30.1304359436
150.811205929	1009.20874023	41.3414115906	30.1304359436
150.811205929	1009.20874023	41.3414115906	30.1304359436
150.811205929	1009.20874023	41.3414115906	30.1304359436
150.811205929	1009.20874023	41.3414115906	30.1304359436
150.81120593	1009.20874023	41.3414115906	30.1304359436
150.81120593	1009.20874023	41.3414115906	30.1304359436
150.81120593	1009.20874023	41.3414115906	30.1304359436
150.81120593	1009.20874023	41.3414115906	30.1304359436
150.811205931	1009.20507812	41.3414115906	30.1304359436
150.811205931	1009.20507812	41.3414115906	30.1304359436
150.811205931	1009.20507812	41.3414115906	30.1304359436
150.811205931	1009.20507812	41.3414115906	30.1304359436
150.811205932	1009.20507812	41.3414115906	30.1304359436
150.811205932	1009.20507812	41.3414115906	30.1304359436
150.811205932	1009.20507812	41.3414115906	30.1304359436
150.811205932	1009.20507812	41.3414115906	30.1304359436
150.811205933	1009.20507812	41.3414115906	30.1304359436
150.811205933	1009.20507812	41.3414115906	30.1304359436
150.811205933	1009.20507812	41.3414115906	30.1304359436
150.811205933	1009.20507812	41.3414115906	30.1304359436
150.811205933	1009.20507812	41.3414115906	30.1304359436
150.811205934	1009.20507812	41.3414115906	30.1304359436
150.811205934	1009.20507812	41.3414115906	30.1304359436
150.811205934	1009.20507812	41.3414115906	30.1304359436
150.811205934	1009.20507812	41.3414115906	30.1304359436
150.811205935	1009.20263672	41.3414115906	30.1304359436
150.811205935	1009.20263672	41.3414115906	30.1304359436
150.811205935	1009.20263672	41.3414115906	30.1304359436
150.811205935	1009.20263672	41.3414115906	30.1304359436
150.811205936	1009.20263672	41.3414115906	30.1304359436
150.811205936	1009.20263672	41.3414115906	30.1304359436
150.811205936	1009.20263672	41.3414115906	30.1666679382
150.811205936	1009.20263672	39.5772781372	30.1666679382
150.811205937	1009.20263672	39.5772781372	30.1666679382
150.811205937	1009.20263672	39.5772781372	30.1666679382
150.811205937	1009.20263672	39.5772781372	30.1666679382
150.811205937	1009.20263672	39.5772781372	30.1666679382
150.811205938	1009.20263672	39.5772781372	30.1666679382
150.811205938	1009.20263672	39.5772781372	30.1666679382
150.811205938	1009.20263672	39.5772781372	30.1666679382
150.811205938	1009.20263672	39.5772781372	30.1666679382
150.811205939	1009.20263672	39.5772781372	30.1666679382
150.811205939	1009.20092773	39.5772781372	30.1666679382
150.811205939	1009.20092773	39.5772781372	30.1666679382
150.811205939	1009.20092773	39.5772781372	30.1666679382
150.81120594	1009.20092773	39.5772781372	30.1666679382
150.81120594	1009.20092773	39.5772781372	30.1666679382
150.81120594	1009.20092773	39.5772781372	30.1666679382
150.81120594	1009.20092773	39.5772781372	30.1666679382
150.81120594	1009.20092773	39.5772781372	30.1666679382
150.811205941	1009.20092773	39.5772781372	30.1666679382
150.811205941	1009.20092773	39.5772781372	30.1666679382
150.811205941	1009.20092773	39.5772781372	30.1666679382
150.811205941	1009.20092773	39.5772781372	30.1666679382
150.811205942	1009.20092773	39.5772781372	30.1666679382
150.811205942	1009.20092773	39.5772781372	30.1666679382
150.811205942	1009.20092773	39.5772781372	30.1666679382
150.811205942	1009.20092773	39.5772781372	30.1666679382
150.811205942	1009.20092773	39.5772781372	30.1666679382
150.811205943	1009.19726562	39.5772781372	30.1666679382
150.811205943	1009.19726562	39.5772781372	30.1666679382
150.811205943	1009.19726562	39.5772781372	30.1666679382
150.811205944	1009.19726562	39.5772781372	30.1666679382
150.811205944	1009.19726562	39.5772781372	30.1666679382
150.811205944	1009.19726562	39.5772781372	30.094203949
150.811205944	1009.19726562	36.2650260925	30.094203949
150.811205945	1009.19726562	36.2650260925	30.094203949
150.811205945	1009.19726562	36.2650260925	30.094203949
150.811205945	1009.19726562	36.2650260925	30.094203949
150.811205945	1009.19726562	36.2650260925	30.094203949
150.811205946	1009.19726562	36.2650260925	30.094203949
150.811205946	1009.19726562	36.2650260925	30.094203949
150.811205946	1009.19726562	36.2650260925	30.094203949
150.811205946	1009.19726562	36.2650260925	30.094203949
150.811205946	1009.19726562	36.2650260925	30.094203949
150.811205947	1009.19726562	36.2650260925	30.094203949
150.811205947	1009.20288086	36.2650260925	30.094203949
150.811205947	1009.20288086	36.2650260925	30.094203949
150.811205947	1009.20288086	36.2650260925	30.094203949
150.811205948	1009.20288086	36.2650260925	30.094203949
150.811205948	1009.20288086	36.2650260925	30.094203949
150.811205948	1009.20288086	36.2650260925	30.094203949
150.811205948	1009.20288086	36.2650260925	30.094203949
150.811205949	1009.20288086	36.2650260925	30.094203949
150.811205949	1009.20288086	36.2650260925	30.094203949
150.811205949	1009.20288086	36.2650260925	30.094203949
150.811205949	1009.20288086	36.2650260925	30.094203949
150.811205949	1009.20288086	36.2650260925	30.094203949
150.81120595	1009.20288086	36.2650260925	30.094203949
150.81120595	1009.20288086	36.2650260925	30.094203949
150.81120595	1009.20288086	36.2650260925	30.094203949
150.81120595	1009.20288086	36.2650260925	30.094203949
150.811205951	1009.20288086	36.2650260925	30.094203949
150.811205951	1009.20019531	36.2650260925	30.094203949
150.811205951	1009.20019531	36.2650260925	30.094203949
150.811205951	1009.20019531	36.2650260925	30.094203949
150.811205952	1009.20019531	36.2650260925	30.094203949
150.811205952	1009.20019531	36.2650260925	30.1485519409
150.811205952	1009.20019531	40.6606292725	30.1485519409
150.811205953	1009.20019531	40.6606292725	30.1485519409
150.811205953	1009.20019531	40.6606292725	30.1485519409
150.811205953	1009.20019531	40.6606292725	30.1485519409
150.811205953	1009.20019531	40.6606292725	30.1485519409
150.811205953	1009.20019531	40.6606292725	30.1485519409
150.811205954	1009.20019531	40.6606292725	30.1485519409
150.811205954	1009.20019531	40.6606292725	30.1485519409
150.811205954	1009.20019531	40.6606292725	30.1485519409
150.811205954	1009.20019531	40.6606292725	30.1485519409
150.811205955	1009.20019531	40.6606292725	30.1485519409
150.811205955	1009.20019531	40.6606292725	30.1485519409
150.811205955	1009.19873047	40.6606292725	30.1485519409
150.811205955	1009.19873047	40.6606292725	30.1485519409
150.811205956	1009.19873047	40.6606292725	30.1485519409
150.811205956	1009.19873047	40.6606292725	30.1485519409
150.811205956	1009.19873047	40.6606292725	30.1485519409
150.811205956	1009.19873047	40.6606292725	30.1485519409
150.811205957	1009.19873047	40.6606292725	30.1485519409
150.811205957	1009.19873047	40.6606292725	30.1485519409
150.811205957	1009.19873047	40.6606292725	30.1485519409
150.811205957	1009.19873047	40.6606292725	30.1485519409
150.811205957	1009.19873047	40.6606292725	30.1485519409
150.811205958	1009.19873047	40.6606292725	30.1485519409
150.811205958	1009.19873047	40.6606292725	30.1485519409
150.811205958	1009.19873047	40.6606292725	30.1485519409
150.811205958	1009.19873047	40.6606292725	30.1485519409
150.811205959	1009.19873047	40.6606292725	30.1485519409
150.811205959	1009.19873047	40.6606292725	30.1485519409
150.811205959	1009.1953125	40.6606292725	30.1485519409
150.811205959	1009.1953125	40.6606292725	30.1485519409
150.81120596	1009.1953125	40.6606292725	30.1485519409
150.81120596	1009.1953125	40.6606292725	30.1304359436
150.81120596	1009.1953125	41.0042953491	30.1304359436
150.81120596	1009.1953125	41.0042953491	30.1304359436
150.811205961	1009.1953125	41.0042953491	30.1304359436
150.811205961	1009.1953125	41.0042953491	30.1304359436
150.811205961	1009.1953125	41.0042953491	30.1304359436
150.811205961	1009.1953125	41.0042953491	30.1304359436
150.811205962	1009.1953125	41.0042953491	30.1304359436
150.811205962	1009.1953125	41.0042953491	30.1304359436
150.811205962	1009.1953125	41.0042953491	30.1304359436
150.811205962	1009.1953125	41.0042953491	30.1304359436
150.811205962	1009.1953125	41.0042953491	30.1304359436
150.811205963	1009.1953125	41.0042953491	30.1304359436
150.811205963	1009.1953125	41.0042953491	30.1304359436
150.811205963	1009.19482422	41.0042953491	30.1304359436
150.811205964	1009.19482422	41.0042953491	30.1304359436
150.811205964	1009.19482422	41.0042953491	30.1304359436
150.811205964	1009.19482422	41.0042953491	30.1304359436
150.811205964	1009.19482422	41.0042953491	30.1304359436
150.811205964	1009.19482422	41.0042953491	30.1304359436
150.811205965	1009.19482422	41.0042953491	30.1304359436
150.811205965	1009.19482422	41.0042953491	30.1304359436
150.811205965	1009.19482422	41.0042953491	30.1304359436
150.811205965	1009.19482422	41.0042953491	30.1304359436
150.811205966	1009.19482422	41.0042953491	30.1304359436
150.811205966	1009.19482422	41.0042953491	30.1304359436
150.811205966	1009.19482422	41.0042953491	30.1304359436
150.811205966	1009.19482422	41.0042953491	30.1304359436
150.811205966	1009.19482422	41.0042953491	30.1304359436
